0.439	0.486	0.51	0.417	0.374	0.386	0.374	0.452	0.432	0.398
0.518	0.593	0.576	0.41	0.376	0.391	0.386	0.532	0.42	0.4
0.664	0.796	0.598	0.41	0.376	0.41	0.398	0.703	0.503	0.396
0.872	1.003	0.647	0.42	0.388	0.403	0.405	0.918	0.72	0.415
1.072	1.057	0.706	0.413	0.398	0.496	0.4	0.901	0.952	0.403
1.089	1.045	0.73	0.427	0.386	0.603	0.483	0.806	1.003	0.427
1.086	1.128	0.779	0.417	0.439	0.781	0.64	0.92	1.045	0.5
1.094	1.287	0.835	0.442	0.505	1.001	0.745	1.238	1.082	0.603
1.118	1.416	0.847	0.503	0.667	1.16	0.959	1.504	1.196	0.732
1.099	1.504	0.889	0.598	0.811	1.252	1.057	1.797	1.423	0.916
1.189	1.528	0.933	0.698	0.923	1.277	1.125	1.902	1.541	0.911
1.282	1.553	0.979	0.742	0.986	1.194	1.187	2.041	1.65	0.906
1.355	1.543	1.001	0.754	1.025	1.111	1.16	2.209	1.807	0.986
1.357	1.523	1.006	0.764	1.067	1.05	1.116	2.266	1.829	1.13
1.367	1.497	1.028	0.779	1.047	1.013	1.172	2.317	1.853	1.204
1.404	1.487	1.016	0.801	1.096	0.999	1.248	2.324	1.912	1.208
1.416	1.526	1.04	0.869	1.167	1.011	1.318	2.317	1.948	1.187
1.399	1.541	1.018	0.911	1.157	1.016	1.34	2.297	1.997	1.162
1.357	1.501	1.025	0.942	1.16	1.047	1.35	2.292	1.985	1.152
1.338	1.616	1.038	0.969	1.14	1.06	1.392	2.258	2.039	1.191
1.338	1.663	1.045	0.999	1.121	1.045	1.406	2.224	2.012	1.265
1.306	1.694	1.121	1.021	1.113	1.052	1.406	2.136	1.98	1.294
1.299	1.694	1.223	1.021	1.123	1.05	1.36	1.978	2.014	1.326
1.282	1.67	1.326	0.996	1.167	1.03	1.375	1.816	2.085	1.362
1.287	1.55	1.384	0.999	1.169	0.991	1.328	1.66	1.975	1.306
1.316	1.375	1.436	0.999	1.155	1.003	1.287	1.497	1.812	1.226
1.313	1.206	1.333	1.023	1.145	0.999	1.257	1.333	1.592	1.106
1.301	1.101	1.101	1.05	1.128	0.959	1.226	1.211	1.299	0.894
1.304	1.013	1.052	1.099	1.079	0.903	1.208	1.047	1.094	0.75
1.296	1.028	1.084	1.174	1.047	0.801	1.211	0.918	1.008	0.781
1.294	1.067	1.055	1.147	0.911	0.754	1.172	0.85	0.898	0.779
1.282	1.042	1.082	1.179	0.862	0.725	1.155	0.879	0.764	0.784
1.267	1.057	1.096	1.143	0.815	0.701	1.143	0.857	0.747	0.835
1.257	1.055	1.106	1.008	0.791	0.674	1.15	0.869	0.703	0.876
1.262	1.064	1.099	0.884	0.71	0.657	1.084	0.867	0.688	0.862
1.277	1.086	1.101	0.825	0.671	0.63	1.062	0.776	0.715	0.884
1.274	1.116	1.116	0.793	0.637	0.662	1.023	0.698	0.732	0.889
1.262	1.116	1.123	0.767	0.603	0.664	0.984	0.703	0.72	0.891
1.252	1.123	1.101	0.798	0.64	0.669	0.93	0.703	0.718	0.911
1.221	1.118	1.057	0.789	0.623	0.659	0.898	0.667	0.725	0.92
1.201	1.125	0.933	0.789	0.601	0.657	0.837	0.625	0.732	0.908
1.196	1.111	0.862	0.776	0.605	0.659	0.837	0.598	0.735	0.889
1.189	1.111	0.774	0.764	0.605	0.662	0.74	0.601	0.74	0.881
1.189	1.113	0.754	0.762	0.596	0.664	0.759	0.62	0.742	0.886
1.213	1.104	0.754	0.752	0.596	0.667	0.798	0.647	0.745	0.901
1.179	1.094	0.72	0.754	0.598	0.667	0.779	0.64	0.75	0.906
1.072	1.077	0.745	0.764	0.596	0.662	0.776	0.63	0.754	0.906
1.06	1.038	0.757	0.762	0.598	0.652	0.82	0.632	0.759	0.886
1.106	0.957	0.752	0.759	0.596	0.627	0.813	0.645	0.718	0.881
1.162	0.916	0.674	0.754	0.593	0.605	0.908	0.642	0.698	0.876
1.187	0.881	0.615	0.747	0.601	0.576	1.013	0.647	0.686	0.864
1.084	0.854	0.588	0.742	0.598	0.552	1.104	0.654	0.659	0.842
1.05	0.874	0.583	0.71	0.603	0.527	1.274	0.654	0.642	0.793
0.964	0.859	0.574	0.688	0.601	0.53	1.296	0.649	0.623	0.732
0.903	0.786	0.549	0.686	0.586	0.525	1.355	0.649	0.62	0.686
0.891	0.74	0.54	0.669	0.579	0.52	1.399	0.659	0.518	0.657
0.891	0.703	0.535	0.637	0.579	0.535	1.426	0.657	0.479	0.605
0.94	0.654	0.498	0.615	0.569	0.562	1.453	0.635	0.496	0.535
0.957	0.649	0.452	0.615	0.564	0.479	1.475	0.627	0.481	0.537
0.981	0.62	0.427	0.603	0.469	0.415	1.506	0.649	0.452	0.525
0.967	0.627	0.427	0.535	0.427	0.391	1.558	0.635	0.4	0.5
0.969	0.605	0.427	0.503	0.481	0.388	1.587	0.62	0.383	0.449
0.972	0.54	0.425	0.481	0.505	0.393	1.587	0.562	0.383	0.43
0.986	0.466	0.42	0.5	0.513	0.393	1.531	0.488	0.381	0.403
0.986	0.432	0.417	0.518	0.508	0.391	1.465	0.439	0.383	0.393
0.964	0.425	0.425	0.51	0.508	0.391	1.394	0.408	0.386	0.391
0.916	0.425	0.422	0.432	0.435	0.388	1.355	0.398	0.383	0.393
0.85	0.42	0.422	0.42	0.388	0.388	1.289	0.396	0.383	0.396
0.798	0.417	0.425	0.415	0.381	0.388	1.196	0.396	0.381	0.393
0.732	0.417	0.42	0.41	0.383	0.391	1.082	0.391	0.381	0.393
0.679	0.42	0.417	0.413	0.383	0.386	0.967	0.393	0.383	0.388
0.703	0.425	0.42	0.417	0.381	0.381	0.916	0.391	0.386	0.388
0.579	0.457	0.42	0.413	0.376	0.381	0.84	0.393	0.388	0.391
0.522	0.515	0.42	0.41	0.371	0.381	0.774	0.396	0.386	0.393
0.513	0.569	0.42	0.408	0.376	0.383	0.74	0.396	0.381	0.393
0.488	0.674	0.417	0.41	0.381	0.386	0.747	0.393	0.381	0.391
0.466	0.815	0.415	0.415	0.378	0.386	0.701	0.391	0.386	0.388
0.452	1.104	0.415	0.449	0.383	0.383	0.691	0.391	0.386	0.388
0.449	1.453	0.417	0.54	0.374	0.408	0.669	0.393	0.381	0.393
0.422	1.729	0.417	0.679	0.374	0.457	0.596	0.396	0.386	0.393
0.41	2.046	0.417	0.806	0.376	0.515	0.542	0.403	0.381	0.396
0.408	2.437	0.415	0.911	0.378	0.562	0.518	0.396	0.381	0.391
0.405	2.842	0.413	1.016	0.381	0.588	0.476	0.393	0.383	0.391
0.408	3.125	0.417	1.267	0.378	0.618	0.476	0.393	0.386	0.422
0.408	3.247	0.435	1.602	0.376	0.62	0.432	0.396	0.386	0.471
0.413	3.269	0.435	1.821	0.376	0.613	0.398	0.396	0.383	0.527
0.408	3.191	0.439	1.975	0.381	0.625	0.391	0.396	0.381	0.574
0.403	3.076	0.461	2.051	0.422	0.652	0.386	0.396	0.413	0.615
0.405	2.847	0.471	2.048	0.476	0.652	0.383	0.391	0.43	0.64
0.41	2.551	0.503	2.063	0.537	0.642	0.381	0.391	0.449	0.693
0.405	2.234	0.557	1.997	0.574	0.64	0.381	0.393	0.569	0.754
0.405	1.785	0.581	1.77	0.691	0.647	0.386	0.393	0.615	0.869
0.403	1.418	0.596	1.379	0.75	0.649	0.388	0.393	0.637	0.908
0.405	1.155	0.61	1.057	0.833	0.654	0.386	0.393	0.684	0.903
0.408	1.016	0.605	0.806	0.881	0.649	0.383	0.398	0.759	0.894
0.41	0.864	0.61	0.596	0.911	0.635	0.383	0.444	0.857	0.879
0.408	0.732	0.61	0.542	0.916	0.627	0.383	0.476	0.969	0.793
0.408	0.647	0.61	0.52	0.947	0.615	0.386	0.525	1.023	0.718
0.405	0.559	0.613	0.496	0.947	0.608	0.388	0.537	1.047	0.657
0.403	0.52	0.603	0.488	0.911	0.588	0.386	0.559	1.072	0.61
0.405	0.491	0.601	0.459	0.847	0.559	0.386	0.569	1.104	0.544
0.408	0.481	0.596	0.447	0.75	0.5	0.383	0.64	1.111	0.515
0.417	0.457	0.579	0.417	0.669	0.439	0.383	0.771	1.086	0.51
0.408	0.43	0.549	0.41	0.583	0.422	0.386	0.83	0.986	0.481
0.405	0.417	0.513	0.405	0.554	0.413	0.386	0.862	0.864	0.435
0.408	0.413	0.488	0.41	0.518	0.388	0.383	0.864	0.764	0.408
0.413	0.415	0.479	0.413	0.457	0.391	0.381	0.862	0.669	0.398
0.413	0.415	0.459	0.415	0.435	0.393	0.378	0.896	0.625	0.391
0.41	0.41	0.437	0.408	0.417	0.381	0.383	0.923	0.581	0.393
0.408	0.408	0.427	0.403	0.396	0.378	0.383	0.925	0.54	0.396
0.405	0.405	0.425	0.4	0.381	0.381	0.386	0.911	0.483	0.396
0.41	0.403	0.42	0.403	0.383	0.383	0.386	0.842	0.452	0.396
0.415	0.408	0.42	0.408	0.383	0.383	0.381	0.664	0.452	0.388
0.415	0.41	0.42	0.408	0.378	0.383	0.378	0.586	0.437	0.391
0.415	0.413	0.422	0.4	0.378	0.381	0.381	0.549	0.432	0.391
0.413	0.41	0.425	0.4	0.374	0.378	0.396	0.5	0.442	0.396
0.41	0.408	0.425	0.4	0.376	0.383	0.388	0.464	0.4	0.398
0.413	0.405	0.422	0.403	0.381	0.381	0.386	0.42	0.388	0.393
0.413	0.408	0.42	0.413	0.383	0.381	0.383	0.408	0.388	0.393
0.415	0.413	0.42	0.41	0.378	0.378	0.422	0.391	0.391	0.396
0.415	0.413	0.425	0.408	0.378	0.376	0.459	0.391	0.393	0.396
0.41	0.408	0.427	0.403	0.376	0.381	0.486	0.393	0.391	0.4
0.408	0.405	0.427	0.41	0.381	0.381	0.503	0.393	0.388	0.4
0.41	0.403	0.422	0.41	0.383	0.383	0.537	0.386	0.388	0.396
0.413	0.408	0.42	0.413	0.386	0.381	0.564	0.386	0.388	0.393
0.413	0.408	0.422	0.417	0.383	0.378	0.576	0.386	0.391	0.396
0.415	0.413	0.427	0.417	0.381	0.378	0.576	0.391	0.391	0.396
0.413	0.415	0.43	0.413	0.378	0.378	0.576	0.393	0.386	0.4
0.41	0.41	0.425	0.415	0.381	0.381	0.601	0.388	0.386	0.4
0.413	0.41	0.422	0.417	0.383	0.383	0.613	0.391	0.386	0.396
0.413	0.413	0.42	0.42	0.381	0.386	0.61	0.386	0.386	0.393
0.415	0.413	0.42	0.425	0.381	0.383	0.596	0.386	0.388	0.398
0.41	0.413	0.422	0.417	0.378	0.381	0.579	0.391	0.388	0.396
0.413	0.41	0.425	0.408	0.374	0.381	0.544	0.393	0.388	0.4
0.41	0.405	0.425	0.405	0.376	0.381	0.496	0.391	0.383	0.4
0.415	0.405	0.422	0.408	0.378	0.386	0.474	0.388	0.381	0.396
0.41	0.41	0.42	0.415	0.386	0.388	0.417	0.388	0.388	0.393
0.415	0.41	0.422	0.413	0.381	0.383	0.408	0.386	0.391	0.393
0.417	0.413	0.425	0.413	0.376	0.381	0.388	0.391	0.393	0.396
0.413	0.41	0.427	0.41	0.376	0.383	0.386	0.393	0.391	0.4
0.415	0.408	0.425	0.408	0.378	0.383	0.386	0.393	0.386	0.4
0.449	0.405	0.422	0.405	0.383	0.386	0.383	0.391	0.383	0.4
0.535	0.41	0.42	0.415	0.391	0.386	0.381	0.388	0.386	0.396
0.737	0.413	0.425	0.415	0.388	0.386	0.376	0.388	0.388	0.391
0.776	0.413	0.425	0.417	0.386	0.381	0.376	0.391	0.391	0.391
0.747	0.417	0.427	0.415	0.383	0.383	0.378	0.393	0.386	0.396
0.742	0.41	0.427	0.415	0.388	0.386	0.381	0.393	0.383	0.396
0.75	0.408	0.422	0.415	0.391	0.388	0.378	0.391	0.381	0.393
0.754	0.41	0.422	0.415	0.393	0.386	0.381	0.388	0.388	0.391
0.747	0.41	0.422	0.413	0.391	0.388	0.376	0.388	0.391	0.391
0.713	0.413	0.425	0.413	0.386	0.383	0.376	0.391	0.388	0.391
0.698	0.415	0.427	0.405	0.386	0.386	0.378	0.393	0.388	0.393
0.703	0.408	0.427	0.403	0.388	0.383	0.386	0.396	0.383	0.396
0.667	0.41	0.422	0.408	0.388	0.388	0.383	0.388	0.378	0.393
0.566	0.415	0.42	0.408	0.383	0.386	0.378	0.388	0.383	0.393
0.505	0.415	0.422	0.413	0.381	0.383	0.376	0.391	0.386	0.391
0.481	0.415	0.425	0.41	0.381	0.381	0.378	0.391	0.386	0.393
0.471	0.415	0.427	0.405	0.383	0.378	0.381	0.393	0.386	0.396
0.457	0.413	0.43	0.403	0.386	0.383	0.386	0.393	0.381	0.396
0.454	0.408	0.425	0.408	0.388	0.386	0.383	0.391	0.378	0.396
0.42	0.408	0.422	0.41	0.391	0.383	0.381	0.388	0.381	0.393
0.415	0.415	0.427	0.413	0.388	0.383	0.376	0.388	0.386	0.393
0.413	0.415	0.427	0.41	0.383	0.381	0.376	0.391	0.386	0.396
0.408	0.413	0.427	0.408	0.381	0.378	0.381	0.391	0.383	0.398
0.405	0.408	0.427	0.41	0.386	0.383	0.383	0.388	0.383	0.398
0.403	0.408	0.427	0.408	0.388	0.386	0.383	0.388	0.381	0.396
0.408	0.408	0.422	0.413	0.393	0.386	0.381	0.386	0.386	0.391
0.41	0.415	0.425	0.415	0.391	0.383	0.378	0.386	0.386	0.388
0.41	0.415	0.427	0.408	0.386	0.381	0.378	0.388	0.388	0.393
0.408	0.413	0.427	0.405	0.383	0.378	0.381	0.391	0.386	0.396
0.408	0.413	0.425	0.408	0.386	0.383	0.383	0.388	0.383	0.396
0.408	0.413	0.425	0.41	0.388	0.386	0.383	0.386	0.383	0.393
0.41	0.415	0.422	0.415	0.386	0.386	0.381	0.386	0.386	0.391
0.413	0.417	0.422	0.413	0.386	0.383	0.378	0.383	0.388	0.391
0.41	0.422	0.425	0.41	0.383	0.381	0.381	0.388	0.386	0.393
0.408	0.415	0.427	0.408	0.381	0.381	0.383	0.391	0.388	0.396
0.405	0.413	0.427	0.408	0.383	0.383	0.383	0.388	0.381	0.396
0.408	0.413	0.422	0.41	0.388	0.386	0.386	0.391	0.383	0.393
0.41	0.415	0.42	0.41	0.388	0.383	0.381	0.386	0.386	0.388
0.413	0.417	0.42	0.41	0.388	0.386	0.378	0.383	0.388	0.391
0.413	0.42	0.422	0.41	0.383	0.378	0.378	0.388	0.391	0.391
0.41	0.415	0.425	0.408	0.383	0.378	0.381	0.391	0.386	0.396
0.408	0.41	0.425	0.405	0.393	0.381	0.383	0.388	0.383	0.396
0.41	0.408	0.422	0.41	0.391	0.383	0.383	0.388	0.381	0.393
0.41	0.413	0.42	0.41	0.393	0.383	0.381	0.388	0.386	0.388
0.415	0.413	0.422	0.41	0.391	0.381	0.378	0.388	0.388	0.391
0.413	0.413	0.422	0.408	0.383	0.378	0.381	0.393	0.391	0.391
0.41	0.413	0.425	0.408	0.381	0.376	0.381	0.393	0.383	0.396
0.408	0.41	0.425	0.408	0.386	0.381	0.383	0.393	0.386	0.396
0.41	0.408	0.422	0.408	0.391	0.383	0.383	0.393	0.388	0.391
0.41	0.41	0.42	0.41	0.391	0.381	0.381	0.388	0.393	0.391
0.413	0.413	0.42	0.41	0.386	0.381	0.378	0.388	0.393	0.386
0.41	0.413	0.422	0.405	0.383	0.378	0.378	0.391	0.396	0.391
0.408	0.408	0.425	0.403	0.381	0.376	0.383	0.393	0.393	0.398
0.408	0.405	0.422	0.405	0.386	0.381	0.383	0.396	0.388	0.398
0.408	0.405	0.42	0.405	0.391	0.383	0.383	0.391	0.388	0.396
0.41	0.408	0.417	0.41	0.388	0.383	0.378	0.388	0.391	0.391
0.41	0.452	0.417	0.41	0.391	0.381	0.378	0.388	0.396	0.398
0.413	0.601	0.422	0.408	0.386	0.381	0.378	0.388	0.393	0.393
0.405	1.587	0.422	0.405	0.383	0.381	0.383	0.393	0.391	0.396
0.405	1.96	0.425	0.398	0.388	0.383	0.383	0.391	0.388	0.4
0.408	1.501	0.422	0.405	0.388	0.386	0.381	0.388	0.386	0.396
0.41	1.25	0.42	0.408	0.388	0.398	0.378	0.383	0.388	0.393
0.415	1.257	0.422	0.41	0.388	0.518	0.376	0.381	0.388	0.393
0.415	1.331	0.425	0.408	0.388	1.299	0.376	0.386	0.391	0.396
0.41	1.387	0.427	0.403	0.391	2.109	0.378	0.388	0.388	0.398
0.408	1.418	0.425	0.403	0.391	2.095	0.381	0.388	0.383	0.396
0.408	1.428	0.422	0.403	0.393	1.953	0.381	0.383	0.381	0.396
0.41	1.399	0.42	0.405	0.393	1.924	0.378	0.383	0.383	0.393
0.413	1.321	0.422	0.408	0.393	1.924	0.376	0.383	0.388	0.391
0.413	1.213	0.422	0.405	0.388	1.975	0.378	0.386	0.386	0.396
0.41	1.128	0.427	0.403	0.388	1.953	0.378	0.391	0.381	0.398
0.405	1.047	0.459	0.403	0.391	1.946	0.383	0.391	0.383	0.4
0.41	0.886	0.627	0.403	0.396	1.936	0.383	0.391	0.383	0.391
0.413	0.725	1.34	0.405	0.396	1.907	0.378	0.386	0.386	0.391
0.415	0.659	1.68	0.408	0.393	1.843	0.376	0.386	0.391	0.393
0.415	0.649	1.409	0.405	0.391	1.575	0.376	0.388	0.396	0.393
0.413	0.515	1.228	0.405	0.388	1.323	0.378	0.393	0.388	0.398
0.41	0.474	1.267	0.405	0.391	1.24	0.383	0.396	0.386	0.396
0.41	0.43	1.394	0.41	0.396	1.091	0.383	0.393	0.386	0.391
0.413	0.427	1.504	0.408	0.396	0.918	0.381	0.388	0.386	0.391
0.415	0.442	1.55	0.413	0.393	0.715	0.378	0.391	0.391	0.393
0.415	0.432	1.548	0.41	0.391	0.603	0.378	0.391	0.391	0.479
0.413	0.413	1.516	0.405	0.388	0.498	0.381	0.393	0.388	1.301
0.41	0.405	1.418	0.405	0.388	0.439	0.383	0.396	0.386	2.515
0.41	0.405	1.311	0.408	0.393	0.43	0.381	0.391	0.386	2.769
0.413	0.408	1.252	0.408	0.393	0.403	0.381	0.391	0.391	2.81
0.415	0.41	1.194	0.41	0.393	0.408	0.376	0.388	0.393	2.834
0.413	0.41	1.086	0.408	0.391	0.415	0.378	0.393	0.393	2.832
0.41	0.408	0.881	0.403	0.388	0.391	0.381	0.396	0.391	2.856
0.41	0.408	0.764	0.405	0.391	0.383	0.383	0.396	0.391	2.856
0.413	0.408	0.698	0.408	0.391	0.383	0.383	0.396	0.391	2.832
0.413	0.413	0.679	0.41	0.393	0.383	0.381	0.391	0.391	2.803
0.417	0.417	0.623	0.413	0.391	0.383	0.378	0.388	0.391	2.783
0.417	0.417	0.518	0.413	0.391	0.381	0.378	0.391	0.388	2.756
0.413	0.415	0.479	0.408	0.388	0.378	0.381	0.393	0.393	2.629
0.41	0.413	0.454	0.405	0.391	0.383	0.383	0.396	0.386	2.263
0.415	0.41	0.449	0.403	0.396	0.383	0.383	0.393	0.381	1.694
0.417	0.413	0.449	0.405	0.4	0.386	0.381	0.391	0.391	1.399
0.42	0.413	0.447	0.405	0.398	0.381	0.378	0.388	0.393	1.338
0.42	0.41	0.43	0.405	0.391	0.378	0.378	0.393	0.396	1.169
0.417	0.405	0.427	0.405	0.391	0.376	0.381	0.396	0.393	0.903
0.415	0.405	0.425	0.403	0.393	0.381	0.386	0.396	0.391	0.684
0.442	0.403	0.422	0.405	0.396	0.386	0.383	0.393	0.388	0.652
0.42	0.405	0.42	0.408	0.393	0.386	0.381	0.388	0.391	0.557
0.42	0.408	0.42	0.408	0.393	0.383	0.378	0.388	0.393	0.461
0.42	0.41	0.422	0.405	0.391	0.381	0.376	0.393	0.393	0.427
0.417	0.408	0.422	0.4	0.391	0.381	0.381	0.393	0.391	0.405
0.415	0.403	0.42	0.396	0.393	0.381	0.383	0.393	0.391	0.417
0.413	0.403	0.417	0.396	0.396	0.383	0.386	0.393	0.386	0.422
0.42	0.405	0.417	0.405	0.396	0.381	0.381	0.391	0.391	0.408
0.42	0.41	0.422	0.41	0.393	0.383	0.378	0.391	0.393	0.391
0.42	0.41	0.422	0.413	0.393	0.378	0.381	0.391	0.393	0.391
0.417	0.405	0.425	0.432	0.393	0.378	0.381	0.393	0.391	0.393
0.413	0.403	0.422	0.586	0.393	0.386	0.383	0.393	0.388	0.391
0.413	0.398	0.422	1.887	0.398	0.383	0.383	0.391	0.386	0.391
0.417	0.398	0.422	2.212	0.4	0.386	0.378	0.391	0.386	0.391
0.42	0.405	0.422	1.606	0.398	0.381	0.381	0.388	0.391	0.391
0.417	0.405	0.425	1.389	0.396	0.378	0.381	0.393	0.391	0.396
0.417	0.405	0.427	1.411	0.396	0.378	0.388	0.393	0.391	0.398
0.413	0.405	0.427	1.504	0.396	0.383	0.388	0.396	0.388	0.396
0.413	0.403	0.422	1.55	0.398	0.383	0.388	0.393	0.388	0.393
0.417	0.386	0.422	1.575	0.4	0.383	0.386	0.388	0.388	0.391
0.417	0.41	0.42	1.582	0.396	0.383	0.383	0.388	0.388	0.391
0.417	0.41	0.425	1.58	0.391	0.378	0.381	0.393	0.391	0.393
0.415	0.408	0.427	1.58	0.393	0.378	0.386	0.393	0.388	0.396
0.413	0.405	0.427	1.484	0.393	0.383	0.388	0.396	0.383	0.396
0.415	0.403	0.422	1.35	0.396	0.383	0.388	0.391	0.383	0.393
0.417	0.403	0.422	1.228	0.398	0.383	0.386	0.388	0.386	0.391
0.417	0.405	0.425	1.074	0.393	0.381	0.383	0.393	0.388	0.388
0.42	0.405	0.425	0.884	0.393	0.378	0.381	0.391	0.391	0.393
0.415	0.41	0.427	0.708	0.391	0.376	0.386	0.403	0.391	0.396
0.415	0.405	0.425	0.64	0.388	0.381	0.386	0.442	0.388	0.396
0.413	0.403	0.422	0.637	0.398	0.383	0.386	0.459	0.386	0.393
0.417	0.403	0.42	0.54	0.4	0.386	0.408	0.676	0.388	0.391
0.42	0.408	0.42	0.476	0.4	0.386	0.591	0.815	0.393	0.388
0.452	0.408	0.425	0.452	0.396	0.376	1.238	1.06	0.391	0.391
0.625	0.41	0.427	0.422	0.393	0.376	1.646	1.15	0.391	0.396
1.372	0.408	0.427	0.415	0.396	0.376	1.499	1.174	0.386	0.396
1.892	0.408	0.422	0.427	0.398	0.381	1.394	1.199	0.388	0.393
1.787	0.41	0.417	0.437	0.398	0.378	1.392	1.221	0.393	0.391
1.575	0.413	0.422	0.417	0.398	0.376	1.423	1.238	0.393	0.388
1.475	0.413	0.425	0.41	0.393	0.376	1.438	1.248	0.393	0.391
1.431	0.413	0.427	0.405	0.396	0.378	1.433	1.23	0.391	0.393
1.382	0.408	0.425	0.405	0.393	0.378	1.418	1.233	0.388	0.398
1.353	0.41	0.422	0.405	0.398	0.383	1.367	1.196	0.386	0.396
1.321	0.41	0.42	0.41	0.4	0.381	1.257	1.135	0.386	0.393
1.287	0.413	0.422	0.41	0.398	0.381	1.14	1.042	0.388	0.393
1.199	0.413	0.422	0.405	0.396	0.378	0.986	0.923	0.393	0.396
1.055	0.41	0.425	0.4	0.393	0.376	0.85	0.796	0.388	0.398
0.813	0.408	0.422	0.4	0.396	0.378	0.835	0.676	0.386	0.4
0.72	0.408	0.422	0.405	0.4	0.381	0.708	0.583	0.386	0.398
0.664	0.413	0.42	0.408	0.4	0.381	0.696	0.527	0.388	0.396
0.569	0.413	0.42	0.408	0.396	0.378	0.645	0.461	0.459	0.391
0.491	0.41	0.422	0.408	0.393	0.376	0.618	0.449	0.654	0.391
0.442	0.413	0.425	0.403	0.393	0.376	0.554	0.417	1.97	0.396
0.432	0.408	0.422	0.403	0.396	0.376	0.449	0.422	2.38	0.396
0.442	0.408	0.422	0.405	0.398	0.378	0.422	0.417	2.078	0.393
0.442	0.41	0.42	0.405	0.4	0.381	0.396	0.408	1.924	0.393
0.427	0.415	0.42	0.405	0.403	0.378	0.403	0.391	1.97	0.393
0.422	0.415	0.422	0.405	0.393	0.376	0.41	0.391	2.07	0.398
0.417	0.413	0.425	0.398	0.391	0.376	0.398	0.391	2.131	0.4
0.417	0.41	0.422	0.4	0.41	0.376	0.393	0.393	2.141	0.4
0.417	0.408	0.42	0.403	0.439	0.378	0.393	0.388	2.17	0.398
0.422	0.41	0.42	0.408	0.715	0.383	0.388	0.386	2.18	0.393
0.422	0.413	0.42	0.41	1.365	0.381	0.386	0.386	2.18	0.393
0.422	0.413	0.422	0.408	1.489	0.376	0.386	0.388	2.144	0.396
0.42	0.413	0.425	0.4	1.323	0.374	0.388	0.391	2.039	0.4
0.417	0.41	0.422	0.396	1.206	0.376	0.391	0.393	1.785	0.4
0.415	0.41	0.417	0.396	1.204	0.381	0.388	0.388	1.453	0.4
0.417	0.413	0.417	0.4	1.228	0.381	0.388	0.386	1.326	0.393
0.422	0.415	0.42	0.403	1.243	0.376	0.388	0.388	1.128	0.396
0.42	0.415	0.422	0.4	1.24	0.376	0.386	0.391	0.967	0.398
0.422	0.413	0.425	0.398	1.24	0.376	0.388	0.396	0.774	0.4
0.415	0.41	0.422	0.396	1.226	0.374	0.393	0.396	0.649	0.403
0.417	0.41	0.42	0.4	1.189	0.381	0.391	0.393	0.63	0.398
0.42	0.41	0.42	0.403	1.135	0.383	0.386	0.391	0.574	0.393
0.422	0.417	0.42	0.408	1.042	0.381	0.383	0.388	0.513	0.393
0.422	0.415	0.415	0.405	0.955	0.376	0.383	0.391	0.454	0.396
0.42	0.413	0.425	0.403	0.881	0.376	0.391	0.396	0.43	0.4
0.417	0.41	0.427	0.4	0.803	0.378	0.391	0.396	0.41	0.4
0.417	0.408	0.425	0.403	0.715	0.381	0.388	0.393	0.388	0.398
0.422	0.408	0.42	0.405	0.696	0.383	0.386	0.388	0.383	0.393
0.425	0.415	0.42	0.403	0.652	0.381	0.383	0.386	0.403	0.393
0.425	0.415	0.422	0.403	0.598	0.381	0.386	0.391	0.393	0.398
0.422	0.417	0.427	0.398	0.5	0.474	0.388	0.396	0.391	0.4
0.42	0.415	0.425	0.396	0.444	0.898	0.391	0.393	0.388	0.4
0.42	0.415	0.42	0.4	0.427	1.133	0.391	0.391	0.388	0.398
0.42	0.415	0.417	0.403	0.405	1.101	0.386	0.388	0.386	0.396
0.425	0.415	0.42	0.403	0.417	0.981	0.383	0.388	0.391	0.396
0.425	0.417	0.422	0.408	0.422	0.959	0.386	0.391	0.386	0.396
0.422	0.417	0.425	0.4	0.403	0.933	0.386	0.393	0.386	0.4
0.42	0.415	0.425	0.4	0.398	0.913	0.388	0.391	0.386	0.4
0.415	0.415	0.42	0.4	0.4	0.884	0.388	0.391	0.383	0.398
0.422	0.413	0.417	0.405	0.4	0.815	0.388	0.388	0.383	0.393
0.425	0.417	0.417	0.405	0.398	0.684	0.386	0.388	0.388	0.393
0.417	0.42	0.422	0.403	0.396	0.669	0.386	0.391	0.391	0.396
0.42	0.417	0.425	0.4	0.393	0.657	0.388	0.393	0.381	0.41
0.42	0.415	0.425	0.398	0.396	0.601	0.391	0.396	0.381	0.547
0.417	0.413	0.422	0.4	0.398	0.54	0.391	0.388	0.378	0.811
0.422	0.417	0.42	0.403	0.4	0.471	0.386	0.388	0.386	0.962
0.425	0.417	0.422	0.405	0.396	0.459	0.383	0.388	0.386	1.057
0.425	0.42	0.422	0.398	0.393	0.403	0.386	0.391	0.386	1.111
0.422	0.417	0.422	0.396	0.393	0.381	0.386	0.393	0.383	1.143
0.42	0.415	0.432	0.398	0.388	0.378	0.391	0.391	0.383	1.138
0.417	0.413	0.684	0.4	0.4	0.381	0.388	0.388	0.378	1.091
0.422	0.415	1.37	0.4	0.4	0.383	0.388	0.386	0.381	1.013
0.425	0.415	1.646	0.393	0.398	0.381	0.383	0.386	0.386	0.942
0.422	0.417	1.68	0.398	0.393	0.376	0.381	0.383	0.391	0.82
0.422	0.422	1.677	0.393	0.391	0.374	0.386	0.388	0.386	0.75
0.417	0.505	1.677	0.398	0.396	0.376	0.388	0.393	0.383	0.686
0.42	1.641	1.665	0.4	0.4	0.381	0.388	0.388	0.383	0.591
0.42	1.978	1.641	0.403	0.4	0.381	0.386	0.383	0.386	0.518
0.422	1.531	1.624	0.4	0.398	0.376	0.381	0.383	0.388	0.503
0.422	1.389	1.589	0.4	0.396	0.371	0.381	0.388	0.388	0.435
0.42	1.299	1.453	0.396	0.393	0.371	0.386	0.393	0.388	0.435
0.417	1.267	1.218	0.476	0.398	0.366	0.376	0.393	0.386	0.41
0.417	1.257	1.03	0.784	0.398	0.371	0.388	0.393	0.383	0.396
0.42	1.284	0.864	1.028	0.4	0.374	0.386	0.388	0.386	0.393
0.42	1.309	0.806	1.074	0.398	0.374	0.383	0.386	0.388	0.391
0.417	1.277	0.762	1.04	0.393	0.371	0.381	0.388	0.386	0.393
0.417	1.135	0.64	1.011	0.393	0.371	0.386	0.391	0.386	0.393
0.415	1.006	0.579	1.001	0.393	0.374	0.388	0.388	0.386	0.393
0.415	0.879	0.486	0.999	0.396	0.376	0.388	0.391	0.383	0.393
0.417	0.813	0.439	0.991	0.4	0.378	0.386	0.386	0.386	0.391
0.42	0.806	0.413	0.935	0.396	0.376	0.383	0.381	0.388	0.391
0.417	0.676	0.417	0.847	0.393	0.371	0.383	0.383	0.391	0.393
0.417	0.593	0.42	0.764	0.393	0.371	0.386	0.386	0.383	0.393
0.413	0.5	0.417	0.627	0.396	0.371	0.391	0.388	0.383	0.393
0.415	0.457	0.415	0.593	0.398	0.374	0.391	0.388	0.383	0.396
0.415	0.42	0.413	0.588	0.4	0.376	0.386	0.383	0.386	0.391
0.417	0.415	0.41	0.549	0.398	0.374	0.381	0.383	0.388	0.388
0.417	0.415	0.415	0.459	0.396	0.374	0.383	0.386	0.388	0.396
0.417	0.413	0.42	0.432	0.393	0.371	0.386	0.388	0.383	0.4
0.415	0.41	0.422	0.403	0.393	0.371	0.388	0.391	0.383	0.4
0.415	0.41	0.42	0.398	0.398	0.374	0.388	0.386	0.386	0.396
0.417	0.408	0.417	0.403	0.398	0.376	0.454	0.388	0.388	0.396
0.42	0.408	0.417	0.408	0.398	0.376	0.972	0.383	0.391	0.388
0.42	0.408	0.42	0.41	0.396	0.371	1.296	0.383	0.391	0.391
0.417	0.408	0.422	0.408	0.396	0.374	1.338	0.386	0.388	0.393
0.415	0.403	0.422	0.405	0.398	0.371	1.299	0.388	0.386	0.396
0.415	0.4	0.42	0.408	0.403	0.378	1.289	0.386	0.386	0.391
0.417	0.408	0.417	0.413	0.4	0.376	1.289	0.383	0.386	0.388
0.42	0.405	0.417	0.417	0.396	0.374	1.274	0.383	0.391	0.391
0.42	0.408	0.42	0.415	0.393	0.371	1.199	0.413	0.391	0.391
0.415	0.41	0.422	0.41	0.393	0.374	1.038	0.459	0.388	0.393
0.415	0.405	0.422	0.408	0.393	0.374	0.852	0.544	0.386	0.393
0.415	0.405	0.42	0.413	0.4	0.376	0.713	0.63	0.386	0.393
0.42	0.408	0.415	0.413	0.4	0.378	0.664	0.632	0.388	0.388
0.42	0.408	0.415	0.41	0.4	0.374	0.608	0.618	0.391	0.388
0.42	0.41	0.42	0.413	0.396	0.371	0.535	0.61	0.391	0.391
0.42	0.41	0.422	0.41	0.396	0.369	0.439	0.618	0.391	0.396
0.42	0.405	0.417	0.41	0.396	0.371	0.43	0.627	0.386	0.396
0.415	0.405	0.417	0.41	0.4	0.376	0.396	0.618	0.386	0.393
0.422	0.405	0.415	0.415	0.4	0.376	0.386	0.596	0.388	0.391
0.422	0.408	0.417	0.417	0.4	0.376	0.381	0.581	0.391	0.391
0.42	0.413	0.422	0.415	0.396	0.374	0.381	0.583	0.391	0.393
0.42	0.41	0.422	0.405	0.391	0.369	0.383	0.537	0.391	0.4
0.417	0.405	0.422	0.403	0.396	0.376	0.388	0.503	0.388	0.4
0.417	0.403	0.422	0.403	0.396	0.376	0.383	0.447	0.386	0.4
0.42	0.403	0.422	0.41	0.393	0.378	0.381	0.447	0.388	0.396
0.422	0.405	0.422	0.41	0.388	0.378	0.378	0.415	0.391	0.396
0.422	0.408	0.425	0.408	0.391	0.371	0.378	0.391	0.391	0.398
0.42	0.405	0.427	0.403	0.388	0.371	0.381	0.393	0.388	0.4
0.417	0.4	0.427	0.403	0.393	0.374	0.383	0.393	0.386	0.4
0.42	0.4	0.422	0.403	0.396	0.378	0.383	0.391	0.386	0.398
0.42	0.396	0.42	0.405	0.396	0.381	0.378	0.388	0.388	0.398
0.422	0.403	0.422	0.408	0.393	0.378	0.378	0.386	0.391	0.398
0.422	0.405	0.425	0.408	0.388	0.376	0.378	0.388	0.398	0.4
0.417	0.403	0.425	0.405	0.388	0.376	0.381	0.391	0.393	0.403
0.417	0.403	0.425	0.405	0.388	0.381	0.383	0.393	0.386	0.405
0.417	0.403	0.425	0.405	0.391	0.383	0.383	0.391	0.383	0.4
0.422	0.405	0.417	0.41	0.391	0.386	0.378	0.388	0.391	0.396
0.425	0.408	0.415	0.41	0.391	0.383	0.376	0.383	0.393	0.391
0.422	0.41	0.417	0.41	0.388	0.381	0.378	0.393	0.391	0.396
0.42	0.408	0.42	0.41	0.391	0.381	0.381	0.391	0.393	0.4
0.417	0.41	0.42	0.405	0.388	0.383	0.383	0.393	0.386	0.4
0.417	0.408	0.415	0.41	0.393	0.386	0.381	0.391	0.386	0.396
0.42	0.405	0.41	0.413	0.393	0.383	0.378	0.388	0.388	0.396
0.422	0.408	0.41	0.413	0.391	0.383	0.378	0.388	0.391	0.393
0.422	0.408	0.415	0.413	0.388	0.381	0.378	0.388	0.393	0.398
0.417	0.405	0.415	0.41	0.386	0.378	0.378	0.393	0.388	0.396
0.417	0.403	0.413	0.405	0.388	0.378	0.383	0.393	0.388	0.4
0.415	0.4	0.41	0.405	0.393	0.381	0.383	0.391	0.386	0.398
0.42	0.405	0.408	0.41	0.391	0.383	0.381	0.386	0.386	0.396
0.422	0.408	0.413	0.41	0.393	0.383	0.378	0.386	0.391	0.391
0.422	0.41	0.41	0.41	0.388	0.378	0.378	0.388	0.391	0.396
0.422	0.408	0.41	0.408	0.383	0.378	0.383	0.391	0.388	0.4
0.417	0.405	0.408	0.408	0.403	0.381	0.383	0.391	0.386	0.4
0.417	0.403	0.405	0.408	0.549	0.383	0.383	0.386	0.386	0.393
0.42	0.403	0.405	0.41	0.808	0.405	0.378	0.383	0.386	0.396
0.425	0.408	0.408	0.415	0.889	0.383	0.378	0.381	0.388	0.391
0.425	0.408	0.41	0.413	0.823	0.381	0.378	0.386	0.393	0.4
0.42	0.408	0.413	0.408	0.762	0.378	0.381	0.388	0.388	0.4
0.42	0.403	0.413	0.408	0.747	0.381	0.386	0.388	0.386	0.405
0.417	0.403	0.41	0.408	0.75	0.386	0.383	0.388	0.391	0.4
0.422	0.403	0.408	0.415	0.74	0.386	0.381	0.386	0.449	0.396
0.422	0.41	0.41	0.417	0.701	0.383	0.378	0.383	0.503	0.396
0.422	0.41	0.41	0.413	0.591	0.378	0.381	0.386	0.623	0.4
0.42	0.41	0.415	0.405	0.54	0.378	0.381	0.388	0.652	0.4
0.417	0.408	0.41	0.405	0.518	0.381	0.383	0.391	0.647	0.405
0.42	0.408	0.41	0.405	0.486	0.383	0.381	0.388	0.64	0.396
0.42	0.408	0.408	0.408	0.444	0.457	0.378	0.388	0.647	0.396
0.422	0.408	0.405	0.408	0.439	0.466	0.376	0.386	0.642	0.396
0.42	0.41	0.413	0.408	0.413	0.479	0.378	0.388	0.637	0.396
0.42	0.408	0.413	0.403	0.388	0.559	0.381	0.391	0.596	0.4
0.417	0.405	0.41	0.4	0.386	0.632	0.383	0.391	0.554	0.4
0.417	0.403	0.405	0.405	0.391	0.667	0.383	0.391	0.532	0.398
0.42	0.403	0.4	0.408	0.391	0.667	0.381	0.388	0.515	0.413
0.422	0.41	0.4	0.408	0.391	0.667	0.378	0.386	0.496	0.396
0.422	0.41	0.408	0.405	0.388	0.669	0.376	0.383	0.469	0.393
0.417	0.41	0.413	0.4	0.386	0.664	0.378	0.388	0.43	0.4
0.417	0.408	0.41	0.398	0.386	0.674	0.383	0.388	0.398	0.42
0.422	0.408	0.408	0.4	0.388	0.681	0.381	0.388	0.417	0.42
0.466	0.405	0.408	0.405	0.391	0.662	0.381	0.386	0.413	0.454
0.825	0.41	0.405	0.405	0.388	0.623	0.378	0.383	0.398	0.522
1.23	0.413	0.41	0.403	0.386	0.588	0.376	0.383	0.396	0.559
1.248	0.415	0.413	0.4	0.383	0.535	0.381	0.386	0.393	0.576
1.089	0.41	0.413	0.4	0.381	0.498	0.383	0.388	0.388	0.583
1.042	0.408	0.41	0.403	0.388	0.464	0.383	0.386	0.388	0.576
1.062	0.41	0.41	0.408	0.391	0.464	0.381	0.383	0.391	0.574
1.05	0.415	0.41	0.408	0.391	0.439	0.378	0.383	0.396	0.571
1.045	0.417	0.413	0.405	0.386	0.415	0.378	0.388	0.393	0.571
1.04	0.413	0.415	0.403	0.386	0.381	0.381	0.388	0.396	0.559
1.03	0.41	0.413	0.4	0.388	0.381	0.386	0.388	0.388	0.498
0.986	0.41	0.41	0.4	0.391	0.381	0.383	0.391	0.388	0.464
0.85	0.413	0.405	0.403	0.391	0.383	0.383	0.383	0.391	0.449
0.784	0.413	0.405	0.403	0.391	0.383	0.381	0.383	0.393	0.437
0.784	0.415	0.41	0.403	0.388	0.378	0.378	0.386	0.393	0.415
0.762	0.413	0.41	0.391	0.388	0.378	0.383	0.388	0.393	0.408
0.664	0.41	0.41	0.383	0.391	0.376	0.383	0.391	0.388	0.405
0.615	0.408	0.408	0.381	0.393	0.378	0.386	0.388	0.388	0.4
0.586	0.408	0.408	0.376	0.396	0.376	0.383	0.383	0.391	0.398
0.525	0.413	0.408	0.374	0.393	0.374	0.378	0.383	0.393	0.396
0.481	0.415	0.41	0.359	0.386	0.376	0.376	0.383	0.393	0.4
0.444	0.415	0.417	0.334	0.386	0.378	0.378	0.386	0.391	0.403
0.425	0.413	0.415	0.347	0.386	0.378	0.381	0.388	0.391	0.403
0.422	0.408	0.415	0.349	0.388	0.381	0.381	0.386	0.391	0.4
0.415	0.408	0.408	0.356	0.391	0.381	0.378	0.383	0.393	0.4
0.417	0.41	0.41	0.356	0.391	0.378	0.376	0.381	0.396	0.396
0.417	0.413	0.413	0.359	0.388	0.376	0.378	0.383	0.396	0.4
0.417	0.41	0.415	0.356	0.386	0.376	0.378	0.386	0.396	0.396
0.415	0.408	0.415	0.354	0.386	0.381	0.381	0.388	0.393	0.398
0.413	0.408	0.413	0.361	0.391	0.383	0.383	0.388	0.393	0.393
0.42	0.405	0.408	0.361	0.391	0.388	0.378	0.383	0.396	0.388
0.42	0.41	0.41	0.361	0.396	0.381	0.376	0.383	0.396	0.391
0.42	0.413	0.413	0.359	0.386	0.381	0.378	0.383	0.398	0.396
0.415	0.41	0.415	0.359	0.386	0.378	0.383	0.388	0.396	0.393
0.415	0.405	0.415	0.356	0.381	0.381	0.383	0.391	0.393	0.393
0.413	0.405	0.413	0.359	0.393	0.383	0.383	0.388	0.391	0.393
0.415	0.408	0.41	0.361	0.398	0.383	0.381	0.383	0.393	0.383
0.42	0.408	0.552	0.361	0.396	0.383	0.378	0.383	0.396	0.383
0.42	0.408	0.703	0.369	0.393	0.381	0.376	0.386	0.396	0.391
0.417	0.405	0.662	0.444	0.388	0.383	0.381	0.388	0.393	0.391
0.415	0.405	0.73	0.732	0.391	0.381	0.383	0.388	0.391	0.391
0.417	0.405	0.796	0.715	0.393	0.386	0.383	0.388	0.393	0.388
0.417	0.408	0.835	0.681	0.393	0.388	0.378	0.386	0.393	0.386
0.42	0.41	0.854	0.662	0.391	0.386	0.378	0.383	0.396	0.386
0.42	0.41	0.85	0.652	0.391	0.381	0.376	0.383	0.398	0.386
0.417	0.41	0.874	0.642	0.391	0.378	0.381	0.388	0.396	0.386
0.415	0.41	0.854	0.645	0.391	0.383	0.381	0.388	0.393	0.388
0.417	0.41	0.825	0.649	0.393	0.383	0.386	0.381	0.393	0.386
0.417	0.413	0.818	0.647	0.393	0.383	0.376	0.378	0.391	0.383
0.422	0.415	0.82	0.647	0.391	0.378	0.378	0.383	0.396	0.383
0.422	0.415	0.808	0.608	0.391	0.381	0.378	0.383	0.396	0.383
0.42	0.41	0.823	0.544	0.388	0.378	0.381	0.388	0.396	0.393
0.415	0.413	0.82	0.525	0.388	0.381	0.383	0.391	0.393	0.393
0.417	0.557	0.801	0.498	0.393	0.383	0.383	0.386	0.393	0.391
0.42	0.588	0.798	0.459	0.396	0.383	0.386	0.386	0.393	0.388
0.42	0.649	0.779	0.427	0.398	0.381	0.376	0.383	0.396	0.383
0.42	0.684	0.776	0.427	0.388	0.378	0.376	0.383	0.398	0.386
0.42	0.762	0.73	0.383	0.388	0.378	0.378	0.386	0.396	0.391
0.417	0.686	0.688	0.374	0.383	0.381	0.381	0.388	0.393	0.391
0.417	0.662	0.569	0.371	0.393	0.383	0.383	0.386	0.393	0.388
0.417	0.652	0.493	0.374	0.396	0.383	0.381	0.383	0.393	0.391
0.42	0.654	0.464	0.374	0.393	0.383	0.378	0.386	0.396	0.41
0.422	0.654	0.452	0.374	0.391	0.381	0.376	0.383	0.398	0.442
0.42	0.654	0.43	0.371	0.388	0.378	0.378	0.391	0.396	0.576
0.415	0.684	0.415	0.374	0.388	0.381	0.383	0.388	0.393	0.903
0.417	0.645	0.408	0.369	0.393	0.413	0.381	0.388	0.391	1.357
0.417	0.63	0.405	0.371	0.396	0.623	0.376	0.383	0.391	1.099
0.42	0.63	0.405	0.371	0.391	0.706	0.376	0.383	0.396	0.93
0.42	0.667	0.41	0.369	0.388	1.03	0.376	0.381	0.396	0.884
0.417	0.684	0.41	0.369	0.386	1.448	0.381	0.386	0.393	0.879
0.415	0.664	0.41	0.366	0.386	1.499	0.381	0.388	0.391	0.876
0.417	0.667	0.408	0.366	0.391	1.406	0.381	0.386	0.393	0.867
0.42	0.627	0.403	0.371	0.391	1.372	0.381	0.383	0.396	0.842
0.42	0.525	0.405	0.374	0.391	1.367	0.378	0.383	0.396	0.82
0.417	0.481	0.405	0.374	0.388	1.365	0.378	0.383	0.393	0.75
0.417	0.449	0.408	0.374	0.388	1.36	0.378	0.386	0.393	0.703
0.415	0.439	0.408	0.371	0.386	1.328	0.383	0.388	0.391	0.657
0.415	0.41	0.405	0.371	0.391	1.196	0.383	0.388	0.388	0.605
0.417	0.403	0.403	0.374	0.393	1.057	0.383	0.383	0.393	0.596
0.42	0.403	0.405	0.378	0.391	0.979	0.449	0.381	0.393	0.596
0.42	0.41	0.41	0.374	0.388	0.862	0.559	0.383	0.393	0.535
0.417	0.408	0.41	0.369	0.388	0.73	0.857	0.386	0.393	0.474
0.415	0.405	0.41	0.366	0.388	0.625	1.194	0.388	0.391	0.444
0.415	0.405	0.408	0.366	0.391	0.547	1.255	0.388	0.388	0.427
0.417	0.4	0.403	0.369	0.393	0.491	1.27	0.383	0.393	0.417
0.422	0.398	0.403	0.374	0.391	0.452	1.287	0.383	0.393	0.417
0.42	0.398	0.408	0.371	0.388	0.427	1.299	0.383	0.396	0.4
0.42	0.396	0.413	0.374	0.386	0.415	1.301	0.422	0.393	0.398
0.417	0.393	0.413	0.374	0.391	0.391	1.294	0.562	0.391	0.396
0.413	0.393	0.413	0.374	0.391	0.383	1.287	0.657	0.388	0.393
0.42	0.4	0.413	0.374	0.393	0.386	1.262	1.006	0.393	0.391
0.42	0.408	0.41	0.374	0.391	0.381	1.23	1.069	0.396	0.391
0.422	0.388	0.41	0.371	0.388	0.374	1.155	0.981	0.396	0.391
0.417	0.41	0.413	0.374	0.386	0.371	1.064	1.082	0.396	0.396
0.415	0.408	0.413	0.371	0.391	0.374	0.867	1.26	0.391	0.398
0.415	0.405	0.41	0.376	0.393	0.376	0.696	1.328	0.391	0.398
0.417	0.408	0.413	0.376	0.393	0.378	0.532	1.387	0.393	0.393
0.42	0.41	0.415	0.378	0.393	0.376	0.461	1.511	0.396	0.391
0.422	0.41	0.417	0.374	0.386	0.374	0.427	1.646	0.396	0.393
0.415	0.408	0.42	0.371	0.386	0.374	0.427	1.755	0.393	0.396
0.415	0.408	0.417	0.369	0.388	0.374	0.403	1.75	0.391	0.398
0.413	0.408	0.415	0.371	0.391	0.376	0.386	1.738	0.391	0.396
0.417	0.41	0.415	0.398	0.391	0.381	0.374	1.646	0.391	0.393
0.42	0.413	0.415	0.469	0.393	0.378	0.369	1.37	0.396	0.388
0.42	0.415	0.417	0.791	0.391	0.376	0.366	1.033	0.396	0.391
0.417	0.415	0.42	1.885	0.388	0.374	0.369	0.864	0.393	0.393
0.415	0.41	0.422	2.029	0.388	0.376	0.374	0.796	0.391	0.393
0.415	0.41	0.415	1.697	0.391	0.378	0.374	0.72	0.391	0.393
0.417	0.41	0.413	1.558	0.391	0.381	0.378	0.652	0.391	0.388
0.42	0.415	0.413	1.528	0.393	0.378	0.374	0.596	0.396	0.388
0.42	0.417	0.415	1.531	0.388	0.376	0.371	0.479	0.396	0.388
0.42	0.415	0.417	1.528	0.388	0.374	0.374	0.442	0.393	0.391
0.415	0.415	0.417	1.519	0.388	0.376	0.376	0.425	0.391	0.396
0.415	0.413	0.415	1.516	0.393	0.378	0.376	0.393	0.391	0.388
0.417	0.413	0.413	1.497	0.393	0.378	0.376	0.381	0.386	0.388
0.422	0.417	0.413	1.465	0.393	0.376	0.371	0.378	0.393	0.386
0.42	0.42	0.417	1.179	0.391	0.374	0.371	0.381	0.396	0.388
0.417	0.417	0.42	0.867	0.388	0.371	0.374	0.383	0.393	0.391
0.415	0.415	0.415	0.784	0.391	0.376	0.378	0.391	0.388	0.391
0.415	0.413	0.415	0.698	0.393	0.378	0.378	0.391	0.386	0.391
0.417	0.413	0.415	0.632	0.396	0.378	0.374	0.386	0.391	0.388
0.42	0.417	0.415	0.574	0.393	0.376	0.369	0.383	0.393	0.386
0.42	0.42	0.417	0.505	0.388	0.374	0.369	0.383	0.449	0.391
0.417	0.417	0.417	0.447	0.383	0.374	0.371	0.386	0.469	0.391
0.415	0.415	0.417	0.413	0.386	0.374	0.374	0.388	0.574	0.391
0.415	0.413	0.417	0.43	0.388	0.376	0.376	0.386	0.911	0.391
0.417	0.413	0.417	0.439	0.391	0.378	0.374	0.383	1.174	0.388
0.42	0.425	0.417	0.42	0.41	0.376	0.374	0.383	1.228	0.386
0.42	0.471	0.42	0.378	0.386	0.374	0.374	0.381	1.233	0.391
0.417	0.498	0.42	0.378	0.383	0.374	0.371	0.388	1.235	0.391
0.413	0.664	0.42	0.369	0.386	0.378	0.374	0.391	1.221	0.391
0.413	0.984	0.417	0.369	0.391	0.376	0.376	0.386	1.208	0.388
0.417	1.094	0.415	0.371	0.391	0.376	0.371	0.386	1.179	0.386
0.42	1.108	0.417	0.374	0.391	0.371	0.371	0.386	1.162	0.383
0.42	1.118	0.417	0.374	0.386	0.371	0.374	0.386	1.14	0.386
0.417	1.116	0.42	0.371	0.381	0.371	0.376	0.388	1.128	0.391
0.415	1.116	0.42	0.371	0.381	0.374	0.376	0.391	1.113	0.388
0.41	1.118	0.417	0.371	0.386	0.376	0.378	0.391	1.042	0.388
0.417	1.121	0.376	0.374	0.388	0.378	0.376	0.386	0.818	0.386
0.42	1.116	0.415	0.371	0.383	0.378	0.371	0.383	0.713	0.386
0.42	1.121	0.417	0.374	0.383	0.371	0.371	0.388	0.625	0.388
0.42	1.082	0.42	0.371	0.381	0.371	0.374	0.388	0.515	0.391
0.415	0.942	0.42	0.369	0.381	0.376	0.376	0.388	0.476	0.391
0.413	0.801	0.415	0.369	0.386	0.376	0.376	0.386	0.427	0.388
0.417	0.854	0.413	0.374	0.388	0.378	0.374	0.383	0.393	0.386
0.42	0.857	0.415	0.374	0.386	0.378	0.371	0.381	0.393	0.383
0.42	0.764	0.417	0.374	0.381	0.371	0.371	0.383	0.398	0.383
0.415	0.647	0.417	0.369	0.381	0.371	0.374	0.386	0.393	0.391
0.415	0.603	0.415	0.369	0.381	0.374	0.376	0.386	0.391	0.391
0.415	0.53	0.415	0.364	0.383	0.378	0.376	0.386	0.383	0.393
0.417	0.476	0.41	0.369	0.386	0.378	0.374	0.383	0.386	0.388
0.42	0.442	0.413	0.371	0.386	0.378	0.374	0.381	0.393	0.386
0.42	0.471	0.415	0.374	0.381	0.374	0.371	0.383	0.393	0.393
0.417	0.483	0.417	0.369	0.381	0.371	0.374	0.388	0.393	0.396
0.415	0.474	0.417	0.369	0.383	0.376	0.378	0.388	0.391	0.396
0.415	0.425	0.415	0.369	0.388	0.378	0.378	0.386	0.388	0.398
0.417	0.425	0.413	0.374	0.391	0.378	0.376	0.388	0.388	0.393
0.42	0.42	0.41	0.374	0.391	0.376	0.371	0.386	0.393	0.391
0.42	0.417	0.41	0.371	0.388	0.374	0.371	0.386	0.396	0.393
0.417	0.415	0.413	0.371	0.388	0.374	0.374	0.386	0.393	0.396
0.415	0.413	0.413	0.369	0.386	0.374	0.376	0.449	0.391	0
0.415	0.41	0.41	0.366	0.391	0.376	0.383	0.503	0.388	0
0.417	0.41	0.41	0.371	0.391	0.381	0.374	0.681	0.391	0
0.42	0.415	0.413	0.371	0.391	0.374	0.369	1.562	0.396	0
0.42	0.415	0.415	0.371	0.383	0.376	0.371	2.136	0.396	0
0.417	0.41	0.417	0.369	0.386	0.374	0.369	2.236	0.393	0
0.415	0.41	0.417	0.366	0.386	0.376	0.376	2.246	0.391	0
0.415	0.41	0.417	0.369	0.388	0.378	0.444	2.214	0.391	0
0.415	0.41	0.498	0.369	0.391	0.378	0.464	2.2	0.393	0
0.42	0.413	0.654	0.371	0.388	0.378	0.557	2.219	0.396	0
0.42	0.417	1.152	0.371	0.442	0.376	0.984	2.209	0.4	0
0.42	0.415	1.646	0.369	0.479	0.376	1.504	2.17	0.396	0
0.415	0.413	1.553	0.369	0.789	0.376	1.633	2.114	0.393	0
0.413	0.41	1.316	0.366	1.003	0.381	1.66	1.902	0.391	0
0.417	0.41	1.184	0.369	0.876	0.381	1.658	1.75	0.393	0
0.422	0.413	1.152	0.371	0.801	0.378	1.672	1.421	0.396	0
0.422	0.415	1.147	0.371	0.796	0.376	1.692	1.084	0.4	0
0.437	0.417	1.15	0.366	0.796	0.374	1.682	0.979	0.398	0
0.454	0.413	1.045	0.364	0.796	0.376	1.694	0.867	0.396	0
0.469	0.413	0.872	0.366	0.793	0.381	1.66	0.752	0.393	0
0.537	0.41	0.813	0.371	0.759	0.381	1.555	0.63	0.393	0
0.598	0.415	0.754	0.374	0.737	0.376	1.34	0.508	0.398	0
0.615	0.417	0.691	0.369	0.737	0.374	1.165	0.454	0.4	0
0.613	0.415	0.603	0.364	0.723	0.374	0.933	0.41	0.393	0
0.613	0.413	0.54	0.361	0.669	0.376	0.781	0.413	0.393	0
0.613	0.41	0.481	0.364	0.615	0.381	0.698	0.413	0.391	0
0.615	0.41	0.471	0.366	0.576	0.383	0.664	0.393	0.391	0
0.637	0.413	0.496	0.369	0.547	0.378	0.579	0.388	0.393	0
0.654	0.417	0.474	0.366	0.469	0.378	0.488	0.388	0.396	0
0.654	0.42	0.427	0.364	0.447	0.378	0.435	0.391	0.396	0
0.652	0.413	0.417	0.364	0.4	0.378	0.449	0.393	0.403	0
0.645	0.41	0.413	0.366	0.391	0.381	0.461	0.393	0.461	0
0.559	0.413	0.405	0.369	0.386	0.383	0.447	0.388	0.974	0
0.5	0.413	0.4	0.371	0.391	0.381	0.417	0.386	2.012	0
0.483	0.415	0.403	0.371	0.381	0.378	0.378	0.383	2.109	0
0.449	0.417	0.405	0.366	0.378	0.376	0.374	0.388	1.682	0
0.427	0.413	0.405	0.364	0.381	0.378	0.381	0.386	1.499	0
0.422	0.413	0.398	0.366	0.383	0.381	0.376	0.381	1.458	0
0.42	0.413	0.393	0.371	0.386	0.386	0.374	0.381	1.443	0
0.42	0.417	0.391	0.374	0.383	0.386	0.371	0.378	1.443	0
0.42	0.417	0.4	0.371	0.383	0.381	0.369	0.378	1.45	0
0.417	0.42	0.403	0.369	0.383	0.378	0.371	0.383	1.453	0
0.415	0.415	0.403	0.369	0.383	0.378	0.374	0.383	1.453	0
0.415	0.415	0.398	0.371	0.388	0.383	0.374	0.388	1.423	0
0.42	0.415	0.398	0.371	0.391	0.386	0.371	0.381	1.213	0
0.422	0.417	0.398	0.376	0.388	0.381	0.371	0.381	0.935	0
0.422	0.42	0.403	0.371	0.386	0.378	0.369	0.381	0.781	0
0.417	0.415	0.405	0.369	0.386	0.378	0.376	0.383	0.73	0
0.417	0.415	0.405	0.369	0.388	0.381	0.378	0.386	0.688	0
0.417	0.41	0.403	0.371	0.391	0.383	0.378	0.386	0.613	0
0.42	0.415	0.4	0.374	0.391	0.383	0.374	0.381	0.547	0
0.422	0.415	0.398	0.376	0.388	0.388	0.369	0.381	0.491	0
0.422	0.417	0.405	0.374	0.386	0.378	0.371	0.378	0.444	0
0.42	0.417	0.41	0.374	0.383	0.376	0.374	0.383	0.43	0
0.417	0.415	0.408	0.369	0.386	0.378	0.376	0.386	0.444	0
0.417	0.413	0.403	0.366	0.391	0.381	0.376	0.386	0.447	0
0.42	0.415	0.4	0.369	0.391	0.378	0.374	0.381	0.415	0
0.422	0.417	0.403	0.371	0.388	0.381	0.376	0.383	0.403	0
0.425	0.42	0.408	0	0.386	0.378	0.371	0.383	0.4	0
0.42	0	0.41	0	0.383	0.376	0.374	0.386	0.396	0
0.42	0	0.41	0	0.386	0.376	0.376	0.391	0.388	0
0.417	0	0.408	0	0.388	0.383	0.378	0.388	0.383	0
0.42	0	0.405	0	0.391	0.383	0.374	0.383	0.386	0
0.422	0	0.403	0	0.391	0.381	0.371	0.383	0.391	0
0.422	0	0.408	0	0.386	0.378	0.369	0.383	0.393	0
0.42	0	0.41	0	0.383	0.376	0.371	0.386	0.393	0
0.417	0	0.408	0	0.383	0.378	0.374	0.391	0.393	0
0.415	0	0.4	0	0.388	0.381	0.376	0.388	0.391	0
0.417	0	0.398	0	0.391	0.381	0.376	0.386	0.396	0
0.42	0	0.4	0	0.393	0.381	0.369	0.383	0.396	0
0.425	0	0.405	0	0.388	0.376	0.374	0.386	0.4	0
0.422	0	0.408	0	0.386	0.374	0.374	0.388	0.396	0
0.42	0	0.408	0	0.388	0	0.376	0.388	0.393	0
0.422	0	0.405	0	0.391	0	0.376	0.388	0.388	0
0.42	0	0.4	0	0.391	0	0.376	0.386	0.391	0
0.425	0	0.403	0	0.393	0	0.374	0.383	0.396	0
0.427	0	0.408	0	0.388	0	0.371	0.383	0.398	0
0.43	0	0.41	0	0.388	0	0.374	0.388	0.396	0
0.474	0	0.408	0	0.386	0	0.376	0.391	0.393	0
0.586	0	0.408	0	0.388	0	0.376	0.388	0.391	0
1.284	0	0.405	0	0.388	0	0.371	0.388	0.393	0
2.119	0	0.408	0	0.386	0	0.371	0.386	0.396	0
1.921	0	0.408	0	0.417	0	0.371	0.386	0.4	0
1.719	0	0.413	0	0.449	0	0.374	0.388	0.398	0
1.675	0	0.415	0	0.679	0	0.376	0.391	0.393	0
1.66	0	0.41	0	1.914	0	0.376	0.388	0.393	0
1.658	0	0.405	0	2.402	0	0.374	0.388	0.396	0
1.658	0	0.41	0	2.456	0	0.371	0.386	0.396	0
1.66	0	0.408	0	2.456	0	0.371	0.388	0.4	0
1.636	0	0.417	0	2.458	0	0.374	0.388	0.398	0
1.538	0	0.415	0	2.468	0	0.376	0.391	0.393	0
1.265	0	0.42	0	2.466	0	0.376	0.386	0.393	0
0.962	0	0.42	0	2.458	0	0.376	0.386	0.391	0
0.867	0	0.417	0	2.441	0	0.371	0.383	0.396	0
0.84	0	0.422	0	2.383	0	0.369	0.386	0.398	0
0.764	0	0.425	0	2.207	0	0.371	0.388	0.396	0
0.61	0	0.422	0	1.904	0	0.376	0.388	0.393	0
0.51	0	0.422	0	1.689	0	0.376	0.391	0.391	0
0.488	0	0.42	0	1.353	0	0.374	0.386	0.396	0
0.486	0	0.42	0	1.077	0	0.371	0.383	0.396	0
0.493	0	0	0	0.977	0	0.371	0.383	0.396	0
0.457	0	0	0	0.825	0	0.374	0.388	0.391	0
0.437	0	0	0	0.686	0	0.378	0.391	0.391	0
0.43	0	0	0	0.557	0	0.376	0.388	0.391	0
0.422	0	0	0	0.476	0	0	0.386	0.391	0
0.422	0	0	0	0.422	0	0	0.386	0.396	0
0.422	0	0	0	0.442	0	0	0.386	0.396	0
0.422	0	0	0	0.452	0	0	0.391	0.393	0
0.42	0	0	0	0.413	0	0	0	0.391	0
0.42	0	0	0	0.413	0	0	0	0.388	0
0.422	0	0	0	0.398	0	0	0	0.386	0
0.425	0	0	0	0.388	0	0	0	0.391	0
0.425	0	0	0	0.381	0	0	0	0.393	0
0.42	0	0	0	0.378	0	0	0	0.396	0
0.42	0	0	0	0.383	0	0	0	0.393	0
0.42	0	0	0	0.386	0	0	0	0.391	0
0.42	0	0	0	0.388	0	0	0	0.388	0
0.425	0	0	0	0.388	0	0	0	0.391	0
0.425	0	0	0	0.383	0	0	0	0.393	0
0.422	0	0	0	0.383	0	0	0	0.396	0
0.42	0	0	0	0.383	0	0	0	0.391	0
0.42	0	0	0	0.386	0	0	0	0.388	0
0.422	0	0	0	0.388	0	0	0	0.391	0
0.425	0	0	0	0.388	0	0	0	0.393	0
0.425	0	0	0	0.383	0	0	0	0.396	0
0.422	0	0	0	0.381	0	0	0	0.393	0
0.42	0	0	0	0.383	0	0	0	0.388	0
0.417	0	0	0	0.386	0	0	0	0.386	0
0.42	0	0	0	0.388	0	0	0	0.386	0
0.422	0	0	0	0.386	0	0	0	0.391	0
0.422	0	0	0	0.383	0	0	0	0.437	0
0.422	0	0	0	0.383	0	0	0	0.476	0
0.42	0	0	0	0.386	0	0	0	0.703	0
0.427	0	0	0	0.388	0	0	0	0	0
0.422	0	0	0	0.388	0	0	0	0	0
0.422	0	0	0	0.388	0	0	0	0	0
0.425	0	0	0	0.386	0	0	0	0	0
0.42	0	0	0	0.383	0	0	0	0	0
0.417	0	0	0	0.386	0	0	0	0	0
0.417	0	0	0	0.388	0	0	0	0	0
0.42	0	0	0	0.391	0	0	0	0	0
0.415	0	0	0	0.388	0	0	0	0	0
0.422	0	0	0	0.383	0	0	0	0	0
0.42	0	0	0	0.378	0	0	0	0	0
0.417	0	0	0	0.381	0	0	0	0	0
0.415	0	0	0	0.383	0	0	0	0	0
0.417	0	0	0	0.383	0	0	0	0	0
0.422	0	0	0	0.383	0	0	0	0	0
0.42	0	0	0	0.381	0	0	0	0	0
0.417	0	0	0	0.381	0	0	0	0	0
0.415	0	0	0	0.378	0	0	0	0	0
0.413	0	0	0	0.378	0	0	0	0	0
0.415	0	0	0	0.386	0	0	0	0	0
0.42	0	0	0	0.386	0	0	0	0	0
0.42	0	0	0	0.381	0	0	0	0	0
0.417	0	0	0	0.378	0	0	0	0	0
0.415	0	0	0	0.376	0	0	0	0	0
0.417	0	0	0	0.386	0	0	0	0	0
0.417	0	0	0	0.386	0	0	0	0	0
0.42	0	0	0	0.383	0	0	0	0	0
0.42	0	0	0	0.383	0	0	0	0	0
0.417	0	0	0	0.383	0	0	0	0	0
0.415	0	0	0	0.383	0	0	0	0	0
0.413	0	0	0	0.386	0	0	0	0	0
0.415	0	0	0	0.391	0	0	0	0	0
0.42	0	0	0	0.388	0	0	0	0	0
0.422	0	0	0	0.386	0	0	0	0	0
0.42	0	0	0	0.386	0	0	0	0	0
0.415	0	0	0	0.386	0	0	0	0	0
0.415	0	0	0	0.388	0	0	0	0	0
0.417	0	0	0	0.388	0	0	0	0	0
0.42	0	0	0	0.383	0	0	0	0	0
0.417	0	0	0	0.383	0	0	0	0	0
0.417	0	0	0	0.378	0	0	0	0	0
0.413	0	0	0	0.378	0	0	0	0	0
0.413	0	0	0	0.378	0	0	0	0	0
0.415	0	0	0	0.381	0	0	0	0	0
0.417	0	0	0	0.381	0	0	0	0	0
0.417	0	0	0	0.376	0	0	0	0	0
0.415	0	0	0	0.374	0	0	0	0	0
0.413	0	0	0	0.376	0	0	0	0	0
0.413	0	0	0	0.381	0	0	0	0	0
0.417	0	0	0	0.381	0	0	0	0	0
0.417	0	0	0	0.376	0	0	0	0	0
0.42	0	0	0	0.378	0	0	0	0	0
0.417	0	0	0	0.376	0	0	0	0	0
0.415	0	0	0	0.374	0	0	0	0	0
0.415	0	0	0	0.381	0	0	0	0	0
0.417	0	0	0	0.383	0	0	0	0	0
0.42	0	0	0	0.383	0	0	0	0	0
0.42	0	0	0	0.378	0	0	0	0	0
0.417	0	0	0	0.376	0	0	0	0	0
0.413	0	0	0	0.378	0	0	0	0	0
0.41	0	0	0	0.381	0	0	0	0	0
0.415	0	0	0	0.383	0	0	0	0	0
0	0	0	0	0.383	0	0	0	0	0
0	0	0	0	0.378	0	0	0	0	0
0	0	0	0	0.376	0	0	0	0	0
0	0	0	0	0.378	0	0	0	0	0
0	0	0	0	0.381	0	0	0	0	0
0	0	0	0	0.383	0	0	0	0	0
0	0	0	0	0.383	0	0	0	0	0
