0.321	0.334	0.317	0.332	0.352	0.347	0.347	0.334	0.347	0.53
0.316	0.332	0.317	0.337	0.381	0.344	0.364	0.334	0.354	0.54
0.315	0.391	0.315	0.339	0.449	0.347	0.391	0.337	0.417	0.547
0.315	0.425	0.312	0.422	0.557	0.344	0.464	0.339	0.557	0.549
0.319	0.508	0.317	0.513	0.625	0.361	0.491	0.342	0.625	0.542
0.335	0.498	0.322	0.447	0.596	0.403	0.554	0.366	0.615	0.525
0.363	0.505	0.337	0.459	0.593	0.447	0.564	0.366	0.615	0.513
0.401	0.496	0.417	0.503	0.613	0.547	0.557	0.408	0.62	0.491
0.511	0.513	0.461	0.52	0.642	0.588	0.601	0.486	0.752	0.444
0.577	0.54	0.483	0.527	0.664	0.574	0.642	0.61	0.776	0.425
0.591	0.583	0.491	0.525	0.684	0.562	0.637	0.63	0.82	0.396
0.592	0.635	0.439	0.525	0.667	0.598	0.659	0.618	0.803	0.396
0.604	0.662	0.403	0.525	0.642	0.645	0.662	0.579	0.776	0.383
0.612	0.64	0.4	0.53	0.613	0.671	0.64	0.596	0.759	0.366
0.608	0.613	0.403	0.525	0.598	0.676	0.605	0.603	0.735	0.352
0.608	0.586	0.405	0.527	0.564	0.674	0.591	0.627	0.698	0.342
0.602	0.547	0.403	0.522	0.53	0.679	0.588	0.637	0.649	0.337
0.6	0.527	0.405	0.518	0.488	0.691	0.571	0.635	0.532	0.337
0.601	0.479	0.403	0.505	0.479	0.691	0.503	0.63	0.449	0.33
0.601	0.43	0.4	0.479	0.5	0.676	0.43	0.627	0.43	0.332
0.581	0.41	0.393	0.41	0.474	0.662	0.41	0.62	0.481	0.33
0.543	0.422	0.386	0.396	0.444	0.642	0.41	0.63	0.496	0.334
0.535	0.447	0.391	0.417	0.459	0.61	0.396	0.579	0.469	0.33
0.484	0.422	0.398	0.376	0.432	0.535	0.376	0.457	0.391	0.337
0.432	0.422	0.403	0.339	0.388	0.435	0.366	0.449	0.356	0.339
0.432	0.413	0.383	0.32	0.366	0.398	0.359	0.425	0.339	0.344
0.378	0.369	0.356	0.317	0.366	0.413	0.352	0.41	0.344	0.347
0.383	0.334	0.393	0.32	0.366	0.398	0.352	0.393	0.347	0.344
0.378	0.33	0.359	0.322	0.388	0.4	0.342	0.383	0.356	0.342
0.339	0.332	0.33	0.317	0.376	0.371	0.342	0.369	0.344	0.342
0.33	0.33	0.322	0.315	0.364	0.356	0.349	0.349	0.339	0.339
0.322	0.327	0.32	0.317	0.359	0.349	0.352	0.349	0.342	0.347
0.315	0.327	0.317	0.322	0.359	0.347	0.354	0.349	0.349	0.347
0.33	0.325	0.315	0.325	0.361	0.349	0.354	0.352	0.352	0.344
0.339	0.332	0.317	0.327	0.371	0.349	0.349	0.352	0.349	0.349
0.347	0.334	0.317	0.322	0.361	0.352	0.347	0.349	0.342	0.381
0.332	0.337	0.32	0.322	0.356	0.347	0.347	0.347	0.339	0.381
0.322	0.352	0.317	0.32	0.361	0.349	0.349	0.347	0.342	0.369
0.317	0.396	0.312	0.322	0.388	0.349	0.352	0.347	0.347	0.364
0.32	0.464	0.312	0.327	0.405	0.354	0.352	0.352	0.347	0.4
0.322	0.527	0.315	0.359	0.459	0.352	0.347	0.352	0.344	0.408
0.327	0.566	0.32	0.417	0.481	0.354	0.388	0.352	0.354	0.403
0.327	0.547	0.322	0.396	0.493	0.349	0.413	0.352	0.347	0.41
0.325	0.527	0.317	0.376	0.491	0.349	0.452	0.349	0.356	0.427
0.322	0.566	0.31	0.376	0.476	0.347	0.54	0.366	0.403	0.432
0.32	0.649	0.312	0.415	0.459	0.349	0.535	0.366	0.464	0.437
0.322	0.732	0.312	0.442	0.488	0.359	0.554	0.476	0.537	0.43
0.327	0.815	0.315	0.454	0.496	0.374	0.571	0.527	0.5	0.432
0.325	0.876	0.317	0.476	0.513	0.393	0.552	0.564	0.483	0.437
0.322	0.93	0.317	0.549	0.505	0.405	0.576	0.586	0.481	0.444
0.322	0.962	0.317	0.601	0.496	0.408	0.581	0.593	0.471	0.454
0.347	0.981	0.315	0.618	0.51	0.41	0.593	0.579	0.498	0.452
0.42	0.991	0.32	0.625	0.518	0.413	0.623	0.596	0.535	0.449
0.491	1.008	0.322	0.647	0.513	0.42	0.625	0.586	0.554	0.447
0.532	0.999	0.322	0.659	0.508	0.466	0.623	0.608	0.574	0.444
0.525	0.979	0.32	0.669	0.51	0.53	0.627	0.637	0.586	0.442
0.527	0.974	0.315	0.674	0.51	0.583	0.647	0.684	0.61	0.417
0.552	0.95	0.315	0.676	0.498	0.613	0.649	0.718	0.623	0.408
0.586	0.889	0.32	0.674	0.488	0.625	0.649	0.74	0.625	0.4
0.659	0.845	0.322	0.669	0.486	0.618	0.64	0.745	0.627	0.381
0.698	0.776	0.317	0.659	0.479	0.608	0.637	0.732	0.615	0.374
0.762	0.703	0.317	0.645	0.479	0.615	0.63	0.737	0.598	0.371
0.825	0.608	0.312	0.625	0.461	0.61	0.623	0.745	0.579	0.361
0.845	0.54	0.312	0.596	0.464	0.603	0.613	0.737	0.566	0.339
0.891	0.532	0.317	0.549	0.483	0.613	0.605	0.725	0.537	0.332
0.903	0.493	0.32	0.505	0.452	0.615	0.593	0.701	0.5	0.342
0.908	0.442	0.339	0.469	0.439	0.61	0.596	0.679	0.461	0.339
0.913	0.408	0.33	0.417	0.41	0.598	0.566	0.652	0.466	0.325
0.886	0.386	0.344	0.4	0.42	0.581	0.51	0.615	0.457	0.315
0.852	0.349	0.393	0.403	0.393	0.549	0.444	0.559	0.415	0.334
0.825	0.339	0.415	0.354	0.374	0.486	0.415	0.549	0.378	0.337
0.811	0.337	0.435	0.334	0.369	0.476	0.396	0.552	0.41	0.332
0.796	0.334	0.469	0.339	0.361	0.474	0.391	0.52	0.381	0.339
0.764	0.332	0.437	0.33	0.356	0.444	0.364	0.454	0.359	0.342
0.696	0.33	0.435	0.332	0.356	0.415	0.354	0.422	0.356	0.332
0.608	0.332	0.474	0.332	0.361	0.41	0.354	0.376	0.356	0.325
0.569	0.334	0.596	0.332	0.364	0.396	0.347	0.369	0.354	0.322
0.525	0.334	0.713	0.33	0.359	0.371	0.352	0.359	0.354	0.33
0.513	0.33	0.786	0.325	0.359	0.356	0.352	0.352	0.352	0.327
0.43	0.327	0.82	0.322	0.356	0.354	0.352	0.349	0.354	0.327
0.403	0.325	0.828	0.327	0.359	0.356	0.354	0.349	0.352	0.327
0.339	0.325	0.835	0.33	0.361	0.352	0.352	0.352	0.354	0.322
0.33	0.327	0.833	0.327	0.361	0.356	0.349	0.354	0.356	0.322
0.325	0.33	0.82	0.322	0.359	0.356	0.347	0.354	0.381	0.317
0.32	0.327	0.806	0.322	0.356	0.352	0.347	0.352	0.476	0.322
0.32	0.325	0.779	0.325	0.356	0.347	0.349	0.349	0.454	0.327
0.315	0.334	0.759	0.325	0.359	0.347	0.356	0.352	0.469	0.33
0.317	0.347	0.715	0.327	0.364	0.342	0.352	0.354	0.518	0.325
0.317	0.356	0.691	0.325	0.364	0.347	0.347	0.364	0.52	0.325
0.325	0.371	0.642	0.325	0.361	0.352	0.342	0.359	0.52	0.322
0.325	0.371	0.618	0.322	0.361	0.349	0.339	0.354	0.53	0.325
0.325	0.364	0.579	0.325	0.359	0.347	0.344	0.347	0.54	0.325
0.325	0.366	0.532	0.327	0.356	0.344	0.347	0.371	0.547	0.327
0.325	0.378	0.496	0.327	0.361	0.352	0.344	0.435	0.547	0.327
0.325	0.391	0.491	0.325	0.361	0.354	0.344	0.488	0.532	0.325
0.33	0.396	0.459	0.325	0.359	0.356	0.342	0.505	0.476	0.315
0.332	0.388	0.437	0.327	0.359	0.354	0.498	0.513	0.447	0.32
0.325	0.374	0.41	0.43	0.437	0.354	0.457	0.51	0.432	0.33
0.322	0.366	0.374	0.469	0.452	0.349	0.437	0.51	0.417	0.327
0.322	0.359	0.361	0.435	0.378	0.352	0.449	0.513	0.376	0.325
0.325	0.359	0.337	0.442	0.369	0.349	0.459	0.515	0.359	0.325
0.327	0.361	0.327	0.483	0.388	0.349	0.449	0.493	0.352	0.325
0.325	0.352	0.325	0.474	0.422	0.352	0.457	0.4	0.349	0.33
0.325	0.332	0.315	0.479	0.449	0.349	0.464	0.354	0.352	0.334
0.322	0.325	0.312	0.483	0.447	0.347	0.469	0.349	0.354	0.332
0.33	0.327	0.315	0.483	0.454	0.342	0.471	0.347	0.356	0.327
0.332	0.33	0.317	0.486	0.457	0.371	0.474	0.347	0.356	0.32
0.334	0.33	0.32	0.479	0.454	0.374	0.474	0.344	0.352	0.31
0.337	0.33	0.317	0.474	0.427	0.378	0.442	0.342	0.347	0.322
0.332	0.325	0.315	0.464	0.41	0.386	0.415	0.342	0.349	0.332
0.33	0.325	0.312	0.439	0.369	0.383	0.417	0.342	0.349	0.33
0.332	0.322	0.315	0.386	0.361	0.383	0.366	0.349	0.354	0.337
0.332	0.327	0.312	0.359	0.359	0.388	0.344	0.354	0.352	0.332
0.334	0.33	0.315	0.339	0.356	0.391	0.339	0.349	0.349	0.327
0.337	0.325	0.312	0.327	0.354	0.388	0.342	0.347	0.344	0.334
0.332	0.322	0.31	0.33	0.349	0.361	0.347	0.344	0.349	0.337
0.337	0.327	0.308	0.332	0.347	0.344	0.347	0.347	0.359	0.337
0.471	0.327	0.31	0.332	0.354	0.347	0.347	0.352	0.364	0.337
0.515	0.332	0.31	0.332	0.356	0.344	0.344	0.349	0.361	0.334
0.53	0.334	0.312	0.327	0.354	0.347	0.344	0.352	0.356	0.332
0.522	0.334	0.312	0.327	0.352	0.342	0.342	0.347	0.356	0.337
0.598	0.33	0.315	0.327	0.352	0.342	0.347	0.347	0.356	0.339
0.654	0.327	0.317	0.332	0.352	0.339	0.344	0.354	0.359	0.334
0.684	0.33	0.31	0.332	0.359	0.339	0.344	0.354	0.359	0.334
0.715	0.334	0.32	0.332	0.361	0.342	0.344	0.356	0.361	0.332
0.718	0.334	0.325	0.327	0.359	0.344	0.344	0.352	0.356	0.33
0.718	0.332	0.322	0.322	0.354	0.342	0.347	0.352	0.356	0.33
0.718	0.33	0.322	0.32	0.354	0.339	0.352	0.349	0.356	0.334
0.701	0.327	0.32	0.325	0.354	0.337	0.352	0.354	0.359	0.332
0.674	0.33	0.322	0.327	0.359	0.342	0.352	0.354	0.361	0.332
0.635	0.332	0.32	0.325	0.361	0.347	0.347	0.354	0.361	0.327
0.559	0.334	0.325	0.322	0.359	0.349	0.347	0.352	0.356	0.325
0.515	0.332	0.325	0.32	0.356	0.347	0.347	0.349	0.354	0.332
0.425	0.327	0.322	0.322	0.354	0.344	0.352	0.349	0.356	0.342
0.391	0.327	0.317	0.317	0.356	0.342	0.354	0.354	0.359	0.337
0.334	0.332	0.315	0.322	0.359	0.347	0.349	0.354	0.361	0.334
0.32	0.332	0.322	0.32	0.361	0.349	0.347	0.354	0.361	0.337
0.317	0.332	0.327	0.317	0.359	0.354	0.344	0.352	0.356	0.339
0.32	0.332	0.325	0.312	0.356	0.354	0.344	0.347	0.354	0.342
0.317	0.327	0.322	0.312	0.354	0.352	0.352	0.347	0.354	0.352
0.317	0.327	0.322	0.315	0.356	0.347	0.352	0.349	0.356	0.356
0.32	0.33	0.325	0.317	0.361	0.347	0.352	0.349	0.356	0.52
0.322	0.334	0.322	0.317	0.361	0.352	0.347	0.354	0.356	0.691
0.325	0.334	0.325	0.315	0.364	0.354	0.347	0.352	0.354	0.886
0.322	0.332	0.327	0.315	0.352	0.354	0.349	0.349	0.352	0.718
0.32	0.334	0.339	0.315	0.349	0.352	0.349	0.349	0.354	0.715
0.315	0.327	0.33	0.317	0.352	0.349	0.352	0.349	0.356	0.767
0.312	0.33	0.322	0.327	0.354	0.349	0.352	0.354	0.359	0.793
0.315	0.332	0.322	0.327	0.359	0.354	0.347	0.354	0.359	0.808
0.32	0.332	0.332	0.325	0.354	0.366	0.347	0.352	0.356	0.823
0.322	0.332	0.337	0.332	0.352	0.378	0.349	0.352	0.354	0.842
0.317	0.33	0.33	0.327	0.352	0.591	0.352	0.349	0.354	0.862
0.312	0.33	0.327	0.33	0.356	1.448	0.354	0.349	0.356	0.852
0.312	0.327	0.325	0.332	0.354	1.533	0.354	0.352	0.356	0.85
0.315	0.332	0.327	0.332	0.359	1.262	0.347	0.352	0.359	0.852
0.315	0.33	0.332	0.327	0.356	1.15	0.347	0.349	0.349	0.874
0.315	0.33	0.334	0.322	0.354	1.35	0.349	0.347	0.354	0.859
0.31	0.327	0.325	0.325	0.352	1.499	0.349	0.344	0.354	0.796
0.31	0.327	0.33	0.33	0.356	1.531	0.349	0.344	0.359	0.679
0.31	0.33	0.325	0.33	0.356	1.587	0.344	0.352	0.359	0.61
0.315	0.332	0.322	0.327	0.359	1.643	0.352	0.352	0.361	0.598
0.317	0.337	0.322	0.337	0.356	1.753	0.381	0.352	0.356	0.598
0.317	0.337	0.322	0.381	0.349	1.897	0.615	0.347	0.354	0.513
0.312	0.33	0.317	0.515	0.349	1.936	0.884	0.347	0.356	0.474
0.312	0.33	0.315	1.345	0.344	1.919	0.986	0.352	0.383	0.479
0.31	0.33	0.312	1.602	0.352	1.865	0.823	0.352	0.408	0.444
0.312	0.334	0.317	1.099	0.352	1.709	0.732	0.354	0.601	0.435
0.317	0.334	0.32	0.964	0.352	1.511	0.935	0.354	1.284	0.415
0.317	0.33	0.317	1.465	0.349	1.331	1.14	0.349	1.428	0.391
0.315	0.327	0.312	1.702	0.347	1.04	1.221	0.371	1.399	0.349
0.315	0.33	0.312	1.704	0.352	0.757	1.27	0.413	1.501	0.334
0.312	0.332	0.315	1.699	0.352	0.674	1.323	0.535	1.707	0.332
0.315	0.334	0.317	1.675	0.352	0.657	1.387	1.223	1.851	0.322
0.315	0.378	0.322	1.633	0.352	0.574	1.421	1.516	1.917	0.31
0.317	0.447	0.322	1.582	0.393	0.52	1.45	1.067	1.97	0.308
0.312	0.942	0.317	1.499	0.43	0.515	1.436	0.957	1.963	0.315
0.308	1.819	0.315	1.36	0.828	0.508	1.357	1.255	1.929	0.315
0.308	1.484	0.312	1.201	1.724	0.449	1.279	1.416	1.899	0.312
0.315	1.306	0.317	1.04	1.372	0.454	1.179	1.455	1.816	0.315
0.312	1.572	0.317	0.869	1.104	0.383	1.113	1.543	1.699	0.322
0.317	1.897	0.32	0.762	1.267	0.359	0.94	1.655	1.521	0.322
0.317	2.009	0.317	0.667	1.619	0.352	0.781	1.707	1.379	0.327
0.315	2.053	0.31	0.566	1.699	0.354	0.688	1.741	1.252	0.33
0.312	2.078	0.312	0.525	1.707	0.354	0.669	1.741	1.135	0.327
0.315	2.085	0.32	0.51	1.631	0.349	0.642	1.763	0.979	0.325
0.32	2.083	0.325	0.486	1.587	0.347	0.569	1.736	0.796	0.325
0.32	2.061	0.322	0.491	1.565	0.349	0.552	1.626	0.698	0.325
0.317	2.017	0.322	0.479	1.545	0.347	0.515	1.506	0.627	0.327
0.315	1.953	0.317	0.417	1.521	0.347	0.493	1.335	0.564	0.33
0.317	1.868	0.317	0.42	1.423	0.347	0.498	1.194	0.552	0.327
0.32	1.748	0.322	0.374	1.289	0.352	0.474	1.011	0.574	0.325
0.317	1.526	0.327	0.342	1.133	0.354	0.444	0.823	0.532	0.317
0.32	1.252	0.332	0.334	0.999	0.354	0.383	0.674	0.459	0.32
0.312	0.94	0.325	0.334	0.823	0.349	0.364	0.627	0.442	0.327
0.31	0.737	0.317	0.337	0.718	0.349	0.361	0.571	0.425	0.325
0.31	0.632	0.315	0.344	0.62	0.352	0.369	0.535	0.381	0.32
0.312	0.549	0.322	0.344	0.562	0.354	0.352	0.549	0.364	0.317
0.315	0.518	0.322	0.339	0.525	0.354	0.344	0.54	0.359	0.322
0.317	0.508	0.322	0.327	0.515	0.354	0.347	0.481	0.356	0.327
0.312	0.481	0.317	0.325	0.496	0.352	0.347	0.437	0.359	0.33
0.31	0.447	0.315	0.33	0.437	0.349	0.349	0.43	0.361	0.33
0.308	0.435	0.315	0.327	0.457	0.349	0.344	0.378	0.364	0.325
0.312	0.427	0.32	0.327	0.386	0.354	0.344	0.364	0.361	0.317
0.315	0.359	0.32	0.322	0.371	0.356	0.342	0.356	0.364	0.322
0.315	0.347	0.317	0.325	0.356	0.356	0.344	0.354	0.361	0.325
0.312	0.339	0.32	0.325	0.354	0.352	0.349	0.349	0.364	0.327
0.312	0.334	0.315	0.327	0.356	0.349	0.349	0.349	0.369	0.325
0.317	0.332	0.317	0.33	0.369	0.352	0.347	0.354	0.366	0.325
0.317	0.337	0.322	0.332	0.364	0.356	0.342	0.354	0.364	0.32
0.317	0.339	0.325	0.327	0.359	0.356	0.344	0.354	0.361	0.322
0.317	0.337	0.322	0.325	0.354	0.354	0.352	0.347	0.361	0.327
0.315	0.327	0.317	0.325	0.354	0.349	0.356	0.344	0.364	0.325
0.312	0.325	0.312	0.327	0.354	0.349	0.356	0.339	0.369	0.325
0.312	0.327	0.312	0.33	0.359	0.347	0.352	0.347	0.371	0.317
0.315	0.327	0.317	0.33	0.359	0.352	0.356	0.344	0.364	0.312
0.317	0.334	0.32	0.322	0.359	0.354	0.352	0.344	0.361	0.315
0.325	0.33	0.317	0.317	0.354	0.354	0.352	0.339	0.359	0.322
0.32	0.325	0.315	0.322	0.352	0.352	0.356	0.339	0.364	0.325
0.437	0.325	0.31	0.327	0.356	0.349	0.356	0.342	0.366	0.32
0.552	0.327	0.312	0.327	0.359	0.352	0.352	0.347	0.369	0.317
0.75	0.332	0.317	0.33	0.356	0.354	0.352	0.347	0.364	0.312
0.767	0.334	0.32	0.327	0.356	0.354	0.349	0.344	0.359	0.315
0.715	0.332	0.315	0.325	0.354	0.352	0.352	0.342	0.359	0.317
0.811	0.325	0.317	0.325	0.352	0.349	0.354	0.339	0.359	0.317
1.028	0.327	0.317	0.327	0.354	0.347	0.356	0.344	0.364	0.32
1.243	0.33	0.317	0.33	0.359	0.349	0.352	0.347	0.366	0.327
1.372	0.332	0.317	0.325	0.356	0.352	0.347	0.347	0.361	0.322
1.519	0.33	0.32	0.325	0.356	0.354	0.347	0.344	0.356	0.322
1.646	0.327	0.32	0.325	0.354	0.352	0.349	0.342	0.354	0.322
1.707	0.32	0.315	0.322	0.354	0.347	0.352	0.342	0.354	0.332
1.768	0.32	0.312	0.327	0.352	0.347	0.349	0.342	0.356	0.332
1.775	0.32	0.315	0.327	0.359	0.347	0.339	0.347	0.359	0.327
1.75	0.325	0.315	0.325	0.359	0.349	0.337	0.347	0.354	0.322
1.697	0.32	0.317	0.325	0.356	0.352	0.337	0.347	0.354	0.315
1.511	0.325	0.32	0.322	0.366	0.349	0.339	0.342	0.356	0.317
1.255	0.32	0.312	0.325	0.352	0.354	0.344	0.342	0.359	0.327
0.935	0.317	0.308	0.33	0.354	0.371	0.349	0.339	0.364	0.325
0.701	0.32	0.31	0.332	0.359	0.52	0.347	0.347	0.364	0.327
0.581	0.322	0.308	0.332	0.356	1.216	0.342	0.344	0.361	0.322
0.508	0.325	0.312	0.33	0.356	1.145	0.339	0.344	0.361	0.325
0.479	0.325	0.31	0.33	0.354	0.881	0.337	0.339	0.361	0.322
0.464	0.317	0.308	0.332	0.352	0.847	0.339	0.339	0.364	0.33
0.466	0.317	0.308	0.334	0.349	1.003	0.344	0.342	0.366	0.33
0.449	0.32	0.308	0.334	0.354	1.05	0.339	0.344	0.369	0.325
0.413	0.322	0.312	0.337	0.359	1.062	0.332	0.342	0.364	0.32
0.376	0.325	0.315	0.33	0.359	1.062	0.332	0.344	0.359	0.344
0.337	0.32	0.315	0.327	0.354	1.047	0.332	0.342	0.378	0.356
0.337	0.32	0.312	0.332	0.352	0.981	0.337	0.342	0.684	0.771
0.332	0.315	0.31	0.334	0.352	0.928	0.339	0.344	1.101	1.216
0.32	0.32	0.312	0.334	0.356	0.852	0.339	0.344	0.769	1.211
0.325	0.325	0.317	0.332	0.361	0.786	0.337	0.347	0.623	1.221
0.33	0.325	0.339	0.339	0.359	0.671	0.371	0.342	0.623	1.238
0.325	0.322	0.449	0.361	0.352	0.525	0.642	0.339	0.64	1.24
0.322	0.322	0.776	0.371	0.352	0.479	1.824	0.337	0.635	1.245
0.317	0.32	1.208	0.5	0.352	0.43	1.377	0.344	0.647	1.24
0.322	0.317	1.028	0.798	0.354	0.43	1.189	0.347	0.659	1.233
0.325	0.322	0.779	0.796	0.356	0.435	1.296	0.349	0.662	1.248
0.325	0.361	0.779	0.801	0.356	0.449	1.414	0.344	0.652	1.187
0.327	0.671	0.913	0.842	0.354	0.464	1.453	0.342	0.654	1.155
0.322	1.331	1.001	0.867	0.352	0.444	1.477	0.339	0.654	1.045
0.322	1.477	1.018	0.872	0.352	0.408	1.489	0.342	0.649	0.837
0.322	1.577	0.999	0.864	0.354	0.386	1.482	0.344	0.652	0.64
0.327	1.692	0.986	0.857	0.354	0.386	1.482	0.347	0.627	0.486
0.325	1.733	0.986	0.859	0.354	0.383	1.406	0.371	0.571	0.466
0.322	1.731	0.977	0.854	0.352	0.378	1.255	0.386	0.498	0.43
0.32	1.724	0.937	0.842	0.349	0.361	1.135	1.196	0.474	0.447
0.32	1.707	0.901	0.835	0.352	0.364	1.018	1.453	0.486	0.427
0.325	1.663	0.864	0.811	0.356	0.356	0.83	1.235	0.469	0.398
0.322	1.643	0.818	0.786	0.356	0.359	0.596	1.338	0.442	0.41
0.325	1.628	0.742	0.737	0.354	0.361	0.505	1.465	0.447	0.374
0.325	1.577	0.696	0.706	0.352	0.359	0.466	1.509	0.447	0.364
0.32	1.479	0.654	0.61	0.352	0.352	0.471	1.543	0.444	0.347
0.317	1.292	0.535	0.559	0.352	0.349	0.459	1.56	0.43	0.334
0.317	1.038	0.491	0.493	0.354	0.354	0.469	1.56	0.405	0.325
0.322	0.779	0.483	0.471	0.359	0.359	0.457	1.572	0.393	0.325
0.322	0.642	0.525	0.439	0.383	0.359	0.417	1.56	0.381	0.325
0.325	0.518	0.447	0.408	0.481	0.356	0.408	1.506	0.361	0.337
0.32	0.437	0.398	0.4	0.845	0.352	0.398	1.372	0.361	0.332
0.317	0.391	0.356	0.393	0.776	0.352	0.381	1.213	0.364	0.334
0.32	0.364	0.317	0.4	0.676	0.352	0.376	0.986	0.364	0.332
0.325	0.356	0.315	0.376	0.674	0.354	0.378	0.811	0.366	0.33
0.325	0.347	0.33	0.364	0.684	0.359	0.386	0.62	0.364	0.33
0.325	0.327	0.337	0.354	0.681	0.356	0.378	0.505	0.364	0.33
0.322	0.315	0.327	0.349	0.686	0.354	0.378	0.469	0.366	0.332
0.322	0.312	0.317	0.337	0.693	0.354	0.378	0.461	0.369	0.337
0.322	0.32	0.312	0.334	0.698	0.354	0.376	0.464	0.366	0.334
0.325	0.325	0.308	0.342	0.698	0.354	0.374	0.474	0.361	0.327
0.327	0.317	0.31	0.356	0.696	0.354	0.374	0.461	0.356	0.332
0.327	0.315	0.312	0.337	0.686	0.352	0.378	0.427	0.356	0.332
0.325	0.317	0.308	0.33	0.637	0.349	0.381	0.41	0.359	0.334
0.322	0.317	0.3	0.332	0.542	0.349	0.378	0.403	0.366	0.337
0.322	0.327	0.3	0.334	0.488	0.352	0.374	0.393	0.366	0.332
0.325	0.332	0.305	0.332	0.469	0.356	0.371	0.383	0.366	0.33
0.327	0.33	0.305	0.327	0.461	0.386	0.369	0.378	0.361	0.33
0.327	0.33	0.308	0.325	0.471	0.354	0.376	0.376	0.361	0.334
0.325	0.325	0.305	0.327	0.459	0.352	0.378	0.403	0.366	0.334
0.322	0.322	0.305	0.327	0.417	0.352	0.376	0.386	0.371	0.334
0.322	0.325	0.303	0.327	0.4	0.352	0.374	0.381	0.369	0.33
0.325	0.327	0.305	0.327	0.393	0.356	0.371	0.381	0.364	0.327
0.327	0.33	0.308	0.322	0.386	0.356	0.371	0.376	0.359	0.327
0.327	0.322	0.31	0.325	0.364	0.354	0.376	0.374	0.359	0.325
0.317	0.32	0.308	0.327	0.359	0.349	0.378	0.371	0.361	0.327
0.315	0.32	0.305	0.327	0.371	0.349	0.376	0.374	0.366	0.327
0.317	0.325	0.308	0.33	0.376	0.354	0.369	0.378	0.369	0.327
0.322	0.33	0.315	0.327	0.366	0.356	0.366	0.378	0.366	0.322
0.325	0.327	0.32	0.325	0.359	0.359	0.369	0.376	0.361	0.327
0.325	0.325	0.32	0.325	0.354	0.359	0.366	0.374	0.361	0.332
0.317	0.32	0.32	0.327	0.354	0.352	0.371	0.371	0.364	0.334
0.315	0.322	0.315	0.327	0.356	0.349	0.374	0.376	0.364	0.334
0.315	0.325	0.312	0.332	0.356	0.352	0.369	0.381	0.366	0.332
0.317	0.325	0.317	0.33	0.361	0.356	0.369	0.378	0.364	0.33
0.322	0.325	0.317	0.327	0.354	0.356	0.364	0.376	0.361	0.33
0.325	0.325	0.317	0.325	0.352	0.354	0.366	0.374	0.356	0.332
0.325	0.322	0.317	0.327	0.349	0.352	0.369	0.374	0.364	0.334
0.32	0.317	0.312	0.332	0.352	0.349	0.369	0.374	0.366	0.332
0.317	0.325	0.312	0.334	0.356	0.352	0.369	0.378	0.369	0.33
0.315	0.325	0.317	0.332	0.356	0.352	0.366	0.374	0.369	0.327
0.315	0.327	0.32	0.327	0.354	0.352	0.366	0.374	0.366	0.33
0.32	0.325	0.315	0.325	0.352	0.352	0.364	0.371	0.361	0.334
0.322	0.32	0.315	0.327	0.349	0.349	0.371	0.371	0.366	0.337
0.33	0.32	0.312	0.332	0.352	0.352	0.371	0.371	0.369	0.332
0.327	0.322	0.315	0.332	0.354	0.352	0.366	0.374	0.369	0.33
0.356	0.325	0.315	0.33	0.354	0.356	0.364	0.374	0.366	0.33
0.359	0.325	0.32	0.325	0.354	0.359	0.366	0.371	0.364	0.33
0.432	0.322	0.317	0.325	0.352	0.356	0.366	0.369	0.364	0.334
0.571	0.322	0.315	0.327	0.352	0.352	0.371	0.366	0.371	0.334
0.593	0.317	0.312	0.33	0.352	0.352	0.374	0.369	0.371	0.332
0.608	0.322	0.315	0.33	0.356	0.352	0.369	0.374	0.369	0.327
0.632	0.325	0.332	0.332	0.356	0.356	0.369	0.374	0.364	0.332
0.696	0.325	0.493	0.327	0.356	0.356	0.366	0.371	0.366	0.334
0.72	0.322	0.864	0.325	0.352	0.354	0.366	0.369	0.364	0.337
0.732	0.32	0.815	0.327	0.349	0.349	0.369	0.364	0.366	0.337
0.767	0.32	0.781	0.33	0.352	0.347	0.369	0.369	0.369	0.334
0.798	0.325	0.791	0.33	0.356	0.352	0.366	0.369	0.369	0.332
0.815	0.33	0.806	0.327	0.359	0.354	0.361	0.369	0.369	0.33
0.823	0.332	0.803	0.325	0.354	0.354	0.364	0.364	0.364	0.332
0.818	0.327	0.801	0.325	0.352	0.352	0.366	0.359	0.364	0.439
0.801	0.325	0.793	0.325	0.349	0.352	0.369	0.361	0.364	0.466
0.774	0.322	0.798	0.327	0.354	0.349	0.374	0.364	0.366	0.454
0.759	0.327	0.796	0.327	0.356	0.352	0.374	0.366	0.369	0.498
0.728	0.33	0.754	0.327	0.359	0.354	0.374	0.366	0.366	0.569
0.63	0.327	0.676	0.322	0.356	0.356	0.376	0.366	0.364	0.637
0.537	0.327	0.588	0.32	0.354	0.354	0.474	0.361	0.361	0.662
0.491	0.325	0.53	0.32	0.352	0.352	0.5	0.359	0.364	0.649
0.474	0.325	0.535	0.325	0.354	0.354	0.513	0.364	0.366	0.63
0.469	0.325	0.469	0.327	0.359	0.354	0.618	0.366	0.481	0.63
0.444	0.33	0.442	0.327	0.359	0.359	0.635	0.366	0.493	0.676
0.422	0.33	0.417	0.322	0.356	0.361	0.61	0.364	0.581	0.698
0.403	0.327	0.408	0.315	0.352	0.359	0.635	0.361	0.676	0.701
0.376	0.32	0.391	0.325	0.352	0.354	0.693	0.361	0.688	0.71
0.347	0.32	0.381	0.327	0.354	0.352	0.713	0.366	0.627	0.71
0.334	0.32	0.347	0.33	0.354	0.354	0.72	0.371	0.64	0.73
0.334	0.339	0.33	0.33	0.356	0.356	0.742	0.371	0.654	0.73
0.349	0.371	0.312	0.327	0.354	0.356	0.762	0.366	0.73	0.74
0.339	0.354	0.31	0.322	0.349	0.354	0.774	0.366	0.774	0.74
0.339	0.364	0.308	0.33	0.349	0.352	0.793	0.364	0.815	0.723
0.33	0.376	0.305	0.371	0.354	0.352	0.798	0.369	0.864	0.684
0.332	0.537	0.308	0.417	0.356	0.354	0.803	0.371	0.918	0.642
0.332	0.674	0.31	0.393	0.356	0.356	0.801	0.371	0.933	0.574
0.334	0.691	0.31	0.408	0.354	0.356	0.781	0.369	0.94	0.435
0.334	0.662	0.31	0.571	0.352	0.352	0.735	0.364	0.937	0.347
0.327	0.688	0.303	0.496	0.352	0.352	0.679	0.361	0.94	0.327
0.325	0.776	0.298	0.51	0.347	0.349	0.588	0.366	0.955	0.315
0.327	0.774	0.298	0.588	0.352	0.352	0.481	0.369	0.957	0.312
0.332	0.801	0.305	0.596	0.352	0.354	0.432	0.366	0.95	0.31
0.334	0.786	0.305	0.591	0.349	0.354	0.383	0.366	0.906	0.305
0.33	0.781	0.305	0.605	0.344	0.349	0.366	0.364	0.85	0.305
0.327	0.779	0.3	0.583	0.403	0.364	0.366	0.366	0.786	0.31
0.325	0.789	0.295	0.574	0.374	0.369	0.361	0.369	0.706	0.31
0.325	0.786	0.298	0.564	0.398	0.364	0.366	0.371	0.557	0.305
0.33	0.798	0.298	0.542	0.381	0.486	0.366	0.371	0.471	0.308
0.33	0.769	0.298	0.518	0.371	0.872	0.366	0.366	0.481	0.303
0.322	0.708	0.298	0.505	0.364	0.862	0.374	0.364	0.427	0.308
0.322	0.64	0.298	0.491	0.366	0.879	0.371	0.361	0.405	0.312
0.32	0.544	0.295	0.452	0.366	0.957	0.369	0.364	0.364	0.312
0.317	0.469	0.295	0.427	0.369	1.001	0.366	0.369	0.352	0.31
0.325	0.464	0.3	0.386	0.371	0.999	0.361	0.364	0.347	0.31
0.327	0.388	0.3	0.364	0.369	1.018	0.369	0.361	0.344	0.308
0.325	0.361	0.3	0.327	0.366	1.018	0.376	0.361	0.342	0.31
0.322	0.339	0.293	0.322	0.359	1.025	0.378	0.359	0.347	0.308
0.322	0.327	0.293	0.327	0.356	1.013	0.376	0.364	0.349	0.305
0.322	0.317	0.293	0.339	0.361	0.989	0.376	0.369	0.349	0.303
0.327	0.32	0.298	0.332	0.361	0.928	0.371	0.371	0.347	0.3
0.327	0.32	0.303	0.322	0.361	0.82	0.374	0.366	0.339	0.298
0.325	0.317	0.308	0.322	0.356	0.696	0.378	0.366	0.342	0.305
0.322	0.312	0.3	0.322	0.354	0.552	0.383	0.366	0.347	0.305
0.322	0.312	0.298	0.325	0.359	0.444	0.386	0.371	0.349	0.305
0.322	0.315	0.298	0.327	0.369	0.388	0.376	0.374	0.349	0.3
0.325	0.317	0.305	0.325	0.364	0.383	0.371	0.378	0.349	0.3
0.327	0.317	0.305	0.322	0.359	0.398	0.374	0.376	0.347	0.303
0.325	0.31	0.303	0.317	0.359	0.376	0.376	0.371	0.344	0.308
0.32	0.312	0.303	0.325	0.349	0.352	0.378	0.371	0.347	0.308
0.317	0.315	0.3	0.327	0.344	0.347	0.378	0.376	0.354	0.308
0.317	0.317	0.303	0.325	0.349	0.344	0.374	0.378	0.352	0.305
0.325	0.317	0.305	0.322	0.347	0.344	0.371	0.378	0.349	0.3
0.325	0.315	0.305	0.32	0.344	0.344	0.371	0.374	0.352	0.303
0.325	0.312	0.303	0.317	0.342	0.344	0.374	0.371	0.352	0.31
0.322	0.31	0.303	0.322	0.339	0.342	0.374	0.371	0.354	0.312
0.32	0.31	0.3	0.325	0.339	0.342	0.378	0.374	0.354	0.317
0.325	0.317	0.308	0.325	0.347	0.344	0.369	0.376	0.356	0.31
0.325	0.322	0.308	0.325	0.352	0.347	0.366	0.376	0.354	0.305
0.327	0.33	0.31	0.32	0.352	0.342	0.364	0.374	0.352	0.308
0.325	0.32	0.312	0.322	0.347	0.337	0.361	0.369	0.352	0.31
0.32	0.32	0.308	0.327	0.352	0.334	0.369	0.366	0.349	0.312
0.317	0.317	0.305	0.332	0.349	0.334	0.369	0.374	0.349	0.315
0.322	0.31	0.308	0.327	0.349	0.342	0.369	0.374	0.349	0.31
0.325	0.315	0.305	0.325	0.349	0.337	0.366	0.374	0.347	0.31
0.325	0.315	0.308	0.322	0.344	0.339	0.369	0.374	0.342	0.312
0.327	0.315	0.305	0.32	0.339	0.337	0.369	0.371	0.344	0.315
0.32	0.312	0.3	0.325	0.342	0.334	0.371	0.371	0.349	0.317
0.332	0.312	0.298	0.33	0.342	0.332	0.374	0.371	0.352	0.315
0.371	0.315	0.3	0.327	0.349	0.334	0.369	0.376	0.347	0.308
0.388	0.317	0.303	0.327	0.344	0.342	0.369	0.374	0.349	0.305
0.381	0.315	0.305	0.325	0.334	0.342	0.366	0.369	0.347	0.305
0.366	0.312	0.305	0.322	0.337	0.342	0.364	0.366	0.349	0.312
0.349	0.312	0.3	0.327	0.337	0.337	0.366	0.369	0.352	0.312
0.405	0.312	0.295	0.332	0.342	0.337	0.369	0.369	0.356	0.31
0.503	0.32	0.298	0.33	0.344	0.344	0.364	0.374	0.356	0.305
0.693	0.327	0.303	0.325	0.347	0.347	0.361	0.374	0.354	0.303
0.764	0.325	0.305	0.32	0.347	0.347	0.359	0.371	0.352	0.308
0.791	0.32	0.308	0.322	0.342	0.344	0.364	0.366	0.349	0.31
0.793	0.32	0.303	0.325	0.339	0.344	0.366	0.366	0.352	0.312
0.779	0.32	0.3	0.332	0.337	0.344	0.364	0.369	0.354	0.312
0.762	0.325	0.305	0.334	0.342	0.347	0.364	0.376	0.354	0.31
0.735	0.327	0.305	0.332	0.347	0.347	0.369	0.376	0.352	0.308
0.757	0.327	0.308	0.33	0.344	0.349	0.371	0.371	0.349	0.31
0.767	0.325	0.305	0.327	0.339	0.347	0.374	0.366	0.349	0.312
0.759	0.317	0.303	0.327	0.334	0.339	0.374	0.366	0.352	0.317
0.759	0.315	0.3	0.332	0.337	0.334	0.371	0.369	0.354	0.315
0.774	0.322	0.3	0.332	0.342	0.339	0.369	0.371	0.356	0.334
0.774	0.322	0.305	0.332	0.344	0.339	0.361	0.371	0.352	0.378
0.774	0.32	0.342	0.327	0.339	0.342	0.369	0.369	0.352	0.393
0.767	0.317	0.339	0.327	0.337	0.342	0.369	0.408	0.352	0.41
0.732	0.312	0.33	0.33	0.337	0.339	0.374	0.427	0.356	0.413
0.674	0.32	0.325	0.337	0.339	0.332	0.374	0.466	0.361	0.454
0.559	0.32	0.332	0.334	0.339	0.339	0.369	0.627	0.361	0.527
0.439	0.322	0.405	0.332	0.339	0.342	0.364	1.172	0.356	0.596
0.398	0.32	0.481	0.327	0.334	0.342	0.364	0.991	0.349	0.767
0.386	0.317	0.471	0.325	0.337	0.344	0.364	0.991	0.352	0.862
0.352	0.315	0.408	0.325	0.337	0.339	0.364	1.191	0.415	0.898
0.317	0.317	0.393	0.332	0.339	0.342	0.366	1.255	0.632	0.981
0.315	0.32	0.405	0.332	0.342	0.347	0.366	1.279	0.654	1.057
0.317	0.322	0.42	0.327	0.342	0.349	0.361	1.326	0.615	1.091
0.32	0.322	0.444	0.322	0.339	0.391	0.364	1.333	0.632	1.104
0.308	0.322	0.457	0.325	0.339	0.435	0.364	1.331	0.671	1.099
0.3	0.325	0.461	0.327	0.339	0.43	0.364	1.333	0.779	1.082
0.298	0.33	0.464	0.327	0.339	0.43	0.359	1.294	0.994	1.055
0.308	0.374	0.459	0.327	0.342	0.432	0.356	1.233	1.138	0.969
0.312	0.449	0.444	0.322	0.342	0.432	0.383	1.121	1.196	0.879
0.312	0.571	0.42	0.317	0.339	0.439	0.425	0.967	1.228	0.789
0.308	0.605	0.405	0.317	0.337	0.452	0.466	0.876	1.248	0.676
0.308	0.632	0.359	0.322	0.337	0.469	0.52	0.776	1.243	0.53
0.308	0.757	0.371	0.325	0.342	0.479	0.544	0.674	1.233	0.435
0.312	0.972	0.337	0.325	0.344	0.488	0.576	0.527	1.213	0.405
0.317	1.172	0.322	0.327	0.344	0.493	0.647	0.43	1.206	0.405
0.31	1.24	0.312	0.322	0.342	0.486	0.703	0.403	1.182	0.415
0.31	1.277	0.308	0.325	0.339	0.481	0.757	0.388	1.169	0.413
0.308	1.299	0.305	0.332	0.342	0.479	0.862	0.371	1.086	0.403
0.303	1.292	0.303	0.334	0.342	0.476	0.92	0.371	0.967	0.396
0.303	1.299	0.305	0.332	0.344	0.471	0.972	0.371	0.762	0.374
0.305	1.296	0.308	0.327	0.347	0.457	0.996	0.369	0.605	0.322
0.308	1.289	0.308	0.325	0.347	0.452	1.013	0.364	0.51	0.327
0.308	1.277	0.3	0.327	0.344	0.444	1.025	0.361	0.476	0.332
0.303	1.216	0.303	0.33	0.342	0.439	1.025	0.361	0.461	0.337
0.3	1.013	0.305	0.332	0.344	0.437	1.023	0.371	0.454	0.337
0.3	0.808	0.308	0.33	0.356	0.442	0.942	0.371	0.449	0.334
0.305	0.691	0.312	0.332	0.41	0.439	0.864	0.374	0.435	0.334
0.305	0.559	0.315	0.33	0.427	0.415	0.835	0.369	0.43	0.334
0.303	0.515	0.312	0.33	0.427	0.369	0.774	0.366	0.388	0.337
0.303	0.493	0.308	0.334	0.43	0.347	0.62	0.369	0.364	0.337
0.303	0.476	0.308	0.332	0.444	0.342	0.557	0.369	0.359	0.337
0.303	0.466	0.312	0.339	0.469	0.344	0.537	0.371	0.354	0.334
0.305	0.464	0.317	0.354	0.488	0.349	0.53	0.374	0.352	0.332
0.305	0.435	0.317	0.359	0.481	0.354	0.503	0.371	0.349	0.337
0.305	0.364	0.315	0.364	0.547	0.352	0.491	0.371	0.349	0.337
0.303	0.33	0.31	0.366	0.586	0.344	0.461	0.369	0.352	0.339
0.303	0.325	0.308	0.369	0.63	0.349	0.393	0.371	0.359	0.337
0.305	0.325	0.31	0.381	0.645	0.344	0.366	0.371	0.356	0.334
0.31	0.327	0.32	0.374	0.652	0.349	0.359	0.371	0.356	0.339
0.31	0.325	0.322	0.371	0.652	0.342	0.354	0.369	0.356	0.337
0.31	0.325	0.322	0.364	0.659	0.344	0.356	0.366	0.354	0.339
0.308	0.332	0.315	0.369	0.659	0.342	0.359	0.371	0.359	0.342
0.305	0.339	0.312	0.374	0.662	0.339	0.359	0.374	0.361	0.337
0.308	0.325	0.312	0.381	0.632	0.342	0.354	0.374	0.364	0.334
0.31	0.325	0.315	0.376	0.581	0.347	0.349	0.374	0.359	0.334
0.312	0.327	0.315	0.376	0.505	0.342	0.349	0.366	0.359	0.339
0.31	0.32	0.315	0.376	0.483	0.344	0.354	0.361	0.361	0.339
0.308	0.315	0.308	0.376	0.479	0.339	0.356	0.361	0.361	0.342
0.308	0.322	0.308	0.388	0.481	0.344	0.361	0.371	0.364	0.337
0.308	0.327	0.31	0.393	0.481	0.344	0.356	0.369	0.364	0.334
0.308	0.33	0.31	0.4	0.464	0.344	0.354	0.366	0.359	0.334
0.31	0.327	0.31	0.403	0.459	0.344	0.354	0.366	0.354	0.33
0.31	0.332	0.305	0.432	0.449	0.344	0.356	0.364	0.356	0.342
0.308	0.33	0.3	0.481	0.41	0.342	0.361	0.364	0.361	0.342
0.305	0.33	0.303	0.574	0.366	0.344	0.359	0.366	0.364	0.337
0.31	0.33	0.305	0.625	0.356	0.344	0.359	0.371	0.361	0.334
0.312	0.334	0.31	0.659	0.354	0.349	0.359	0.369	0.359	0.334
0.312	0.332	0.308	0.669	0.349	0.352	0.361	0.366	0.356	0.337
0.308	0.327	0.303	0.664	0.347	0.347	0.359	0.364	0.356	0
0.305	0.325	0.303	0.691	0.344	0.342	0.364	0.366	0.361	0
0.305	0.327	0.3	0.715	0.352	0.342	0.364	0.369	0.366	0
0.308	0.33	0.3	0.742	0.356	0.342	0.359	0.374	0.361	0
0.31	0.332	0.305	0.789	0.352	0.349	0.354	0.366	0.359	0
0.315	0.332	0.305	0.84	0.347	0.349	0.356	0.364	0.356	0
0.32	0.327	0.303	0.903	0.347	0.344	0.361	0.366	0.352	0
0.317	0.325	0.3	0.957	0.339	0.352	0.364	0.366	0.356	0
0.315	0.322	0.298	0.977	0.347	0.342	0.364	0.371	0.359	0
0.32	0.327	0.303	0.952	0.349	0.344	0.361	0.374	0.361	0
0.317	0.327	0.305	0.942	0.352	0.347	0.354	0.374	0.354	0
0.317	0.327	0.31	0.869	0.347	0.349	0.354	0.369	0.352	0
0.312	0.325	0.308	0.793	0.344	0.344	0.356	0.366	0.352	0
0.308	0.325	0.305	0.701	0.344	0.344	0.361	0.366	0.356	0
0.31	0.327	0.303	0.627	0.344	0.339	0.361	0.369	0.356	0
0.356	0.332	0.303	0.557	0.347	0.347	0.359	0.371	0.354	0
0.439	0.332	0.31	0.476	0.349	0.347	0.356	0.374	0.354	0
0.471	0.332	0.308	0.432	0.347	0.347	0.356	0.369	0.349	0
0.476	0.327	0.308	0.425	0.342	0.344	0.356	0.366	0.349	0
0.483	0.327	0.3	0.41	0.342	0.342	0	0.366	0.354	0
0.54	0.325	0.3	0.4	0.347	0.342	0	0.369	0.359	0
0.586	0.327	0.303	0.374	0.347	0.342	0	0.371	0.356	0
0.625	0.332	0.31	0.347	0.347	0.344	0	0.361	0.359	0
0.642	0.33	0.31	0.327	0.347	0.344	0	0.356	0.359	0
0.657	0.33	0.303	0.327	0.344	0.342	0	0.354	0.359	0
0.684	0.327	0.303	0.327	0.344	0.337	0	0.405	0.364	0
0.693	0.332	0.303	0.332	0.347	0.337	0	0.432	0.364	0
0.698	0	0.3	0.33	0.349	0.342	0	0.442	0.364	0
0.679	0	0.305	0.325	0.349	0.344	0	0.444	0.361	0
0.627	0	0.308	0.32	0.347	0.347	0	0.447	0.359	0
0.566	0	0.312	0.317	0.342	0.344	0	0.464	0.364	0
0.52	0	0.308	0.325	0.342	0.347	0	0.479	0.366	0
0.469	0	0.308	0.33	0.344	0	0	0.508	0.369	0
0.43	0	0.31	0.33	0.349	0	0	0.544	0.369	0
0.42	0	0.31	0.325	0.347	0	0	0.574	0.366	0
0.41	0	0.308	0.322	0.347	0	0	0.598	0.364	0
0.403	0	0.349	0.322	0.342	0	0	0.652	0.364	0
0.403	0	0.625	0.325	0.344	0	0	0.676	0.371	0
0.386	0	0.774	0.327	0.344	0	0	0.693	0.371	0
0.349	0	0.52	0.325	0.347	0	0	0.691	0.366	0
0.32	0	0.474	0.322	0.347	0	0	0.686	0.361	0
0.31	0	0.562	0.312	0.344	0	0	0.686	0.359	0
0.308	0	0.706	0.312	0	0	0	0.657	0.356	0
0.303	0	0.884	0.317	0	0	0	0.593	0.378	0
0.305	0	1.011	0.322	0	0	0	0.53	0.393	0
0.303	0	1.064	0.325	0	0	0	0.496	0.391	0
0.305	0	1.089	0.317	0	0	0	0.491	0.386	0
0.312	0	1.089	0.315	0	0	0	0.496	0.374	0
0.305	0	1.084	0.315	0	0	0	0.483	0.422	0
0.308	0	1.069	0.32	0	0	0	0.479	0.466	0
0.31	0	1.021	0.317	0	0	0	0.454	0.457	0
0.31	0	0.923	0.322	0	0	0	0.43	0	0
0.315	0	0.806	0.325	0	0	0	0.381	0	0
0.312	0	0.71	0.322	0	0	0	0.361	0	0
0.31	0	0.605	0.32	0	0	0	0.359	0	0
0.31	0	0.481	0.322	0	0	0	0.361	0	0
0.312	0	0.449	0.325	0	0	0	0.364	0	0
0.312	0	0.439	0.325	0	0	0	0.366	0	0
0.312	0	0.437	0.322	0	0	0	0.366	0	0
0.315	0	0.437	0.32	0	0	0	0.366	0	0
0.312	0	0.432	0.32	0	0	0	0.364	0	0
0.31	0	0.42	0.32	0	0	0	0.364	0	0
0.312	0	0.369	0.325	0	0	0	0.366	0	0
0.315	0	0.325	0.325	0	0	0	0.369	0	0
0.315	0	0.317	0.322	0	0	0	0.369	0	0
0.322	0	0.317	0.32	0	0	0	0.366	0	0
0.32	0	0.315	0.322	0	0	0	0.364	0	0
0.315	0	0.312	0.322	0	0	0	0.366	0	0
0.31	0	0.308	0.327	0	0	0	0.369	0	0
0.312	0	0.308	0.327	0	0	0	0.371	0	0
0.315	0	0.31	0.325	0	0	0	0.366	0	0
0.315	0	0.315	0.33	0	0	0	0.364	0	0
0.312	0	0.312	0.332	0	0	0	0.364	0	0
0.31	0	0.31	0.464	0	0	0	0.366	0	0
0.31	0	0.312	0.659	0	0	0	0.364	0	0
0.31	0	0.31	0	0	0	0	0.361	0	0
0.312	0	0.312	0	0	0	0	0.361	0	0
0.315	0	0.31	0	0	0	0	0.354	0	0
0.308	0	0.305	0	0	0	0	0.356	0	0
0.308	0	0.303	0	0	0	0	0.359	0	0
0.308	0	0.305	0	0	0	0	0.361	0	0
0.308	0	0.305	0	0	0	0	0.366	0	0
0.31	0	0.312	0	0	0	0	0.371	0	0
0.31	0	0.31	0	0	0	0	0.364	0	0
0.308	0	0.31	0	0	0	0	0.361	0	0
0.305	0	0.308	0	0	0	0	0.364	0	0
0.305	0	0.31	0	0	0	0	0.366	0	0
0.308	0	0.31	0	0	0	0	0.369	0	0
0.31	0	0.315	0	0	0	0	0.371	0	0
0.31	0	0.317	0	0	0	0	0.366	0	0
0.308	0	0.312	0	0	0	0	0.361	0	0
0.3	0	0.31	0	0	0	0	0.364	0	0
0.303	0	0.31	0	0	0	0	0.366	0	0
0.308	0	0.312	0	0	0	0	0.369	0	0
0.31	0	0.312	0	0	0	0	0.369	0	0
0.315	0	0.312	0	0	0	0	0.366	0	0
0.31	0	0.312	0	0	0	0	0.364	0	0
0.303	0	0.305	0	0	0	0	0	0	0
0.308	0	0.308	0	0	0	0	0	0	0
0.31	0	0.31	0	0	0	0	0	0	0
0.312	0	0.31	0	0	0	0	0	0	0
0.308	0	0.31	0	0	0	0	0	0	0
0.31	0	0.308	0	0	0	0	0	0	0
0.352	0	0.305	0	0	0	0	0	0	0
0.364	0	0.305	0	0	0	0	0	0	0
0	0	0.31	0	0	0	0	0	0	0
0	0	0.312	0	0	0	0	0	0	0
