0.232	0.149	0.151	0.151	0.151	0.305	0.208	0.188	0.596	0.168
0.439	0.149	0.156	0.151	0.151	0.43	0.21	0.19	0.581	0.166
0.471	0.151	0.154	0.159	0.151	0.457	0.305	0.19	0.564	0.168
0.449	0.154	0.154	0.166	0.146	0.459	0.613	0.19	0.562	0.171
0.408	0.154	0.159	0.281	0.186	0.447	0.825	0.193	0.571	0.178
0.403	0.161	0.369	0.481	0.283	0.432	0.823	0.383	0.576	0.283
0.466	0.19	0.703	0.586	0.388	0.43	0.818	0.791	0.583	0.383
0.576	0.381	0.767	0.613	0.413	0.442	0.818	0.759	0.591	0.42
0.547	0.522	0.779	0.61	0.371	0.479	0.83	0.62	0.591	0.41
0.53	0.547	0.764	0.603	0.339	0.491	0.916	0.566	0.591	0.41
0.549	0.481	0.793	0.591	0.342	0.5	1.016	0.562	0.591	0.415
0.562	0.439	0.896	0.591	0.381	0.491	1.111	0.588	0.593	0.417
0.571	0.444	1.057	0.605	0.41	0.486	1.179	0.635	0.598	0.457
0.61	0.493	1.221	0.62	0.42	0.452	1.267	0.671	0.603	0.493
0.63	0.525	1.396	0.63	0.42	0.447	1.367	0.674	0.618	0.503
0.637	0.547	1.445	0.64	0.42	0.403	1.362	0.674	0.623	0.515
0.625	0.557	1.406	0.647	0.417	0.366	1.311	0.671	0.62	0.518
0.62	0.547	1.338	0.662	0.427	0.359	1.248	0.674	0.62	0.52
0.623	0.554	1.299	0.657	0.442	0.366	1.184	0.669	0.618	0.52
0.632	0.53	1.248	0.627	0.396	0.41	1.13	0.662	0.586	0.527
0.632	0.518	1.16	0.583	0.371	0.417	1.111	0.654	0.593	0.535
0.627	0.518	1.05	0.583	0.359	0.422	1.099	0.654	0.576	0.552
0.63	0.505	0.933	0.542	0.371	0.42	1.096	0.649	0.544	0.552
0.625	0.505	0.808	0.479	0.405	0.42	1.111	0.627	0.505	0.515
0.635	0.481	0.776	0.459	0.417	0.42	0.999	0.613	0.432	0.444
0.637	0.476	0.801	0.447	0.376	0.413	0.896	0.571	0.386	0.42
0.642	0.5	0.784	0.439	0.364	0.403	0.803	0.508	0.325	0.408
0.62	0.483	0.725	0.447	0.364	0.396	0.801	0.454	0.227	0.364
0.571	0.481	0.662	0.442	0.339	0.381	0.784	0.364	0.198	0.364
0.442	0.481	0.591	0.41	0.315	0.305	0.742	0.332	0.193	0.32
0.366	0.488	0.569	0.371	0.298	0.293	0.676	0.286	0.195	0.396
0.298	0.496	0.566	0.403	0.344	0.303	0.642	0.256	0.195	0.374
0.342	0.476	0.557	0.315	0.251	0.269	0.569	0.239	0.19	0.356
0.315	0.471	0.508	0.283	0.198	0.222	0.486	0.22	0.186	0.337
0.256	0.466	0.483	0.208	0.186	0.186	0.476	0.198	0.183	0.359
0.212	0.464	0.383	0.205	0.173	0.193	0.322	0.19	0.188	0.295
0.176	0.454	0.293	0.186	0.161	0.181	0.251	0.19	0.193	0.234
0.159	0.4	0.237	0.166	0.156	0.164	0.22	0.193	0.195	0.19
0.154	0.386	0.217	0.156	0.154	0.154	0.212	0.193	0.19	0.178
0.154	0.393	0.193	0.151	0.149	0.154	0.208	0.19	0.188	0.176
0.156	0.315	0.168	0.151	0.154	0.154	0.21	0.188	0.188	0.173
0.151	0.3	0.154	0.149	0.151	0.156	0.203	0.186	0.19	0.171
0.149	0.229	0.154	0.146	0.156	0.156	0.203	0.186	0.193	0.168
0.149	0.188	0.154	0.149	0.154	0.156	0.205	0.19	0.193	0.168
0.154	0.181	0.154	0.151	0.151	0.151	0.205	0.193	0.193	0.168
0.154	0.161	0.151	0.151	0.151	0.154	0.205	0.19	0.19	0.171
0.154	0.154	0.149	0.149	0.151	0.156	0.203	0.186	0.19	0.173
0.151	0.149	0.151	0.149	0.151	0.159	0.205	0.183	0.19	0.171
0.149	0.146	0.154	0.149	0.151	0.159	0.203	0.183	0.195	0.168
0.149	0.146	0.154	0.151	0.154	0.156	0.208	0.186	0.193	0.168
0.151	0.149	0.154	0.154	0.151	0.154	0.208	0.186	0.193	0.171
0.154	0.151	0.151	0.154	0.149	0.154	0.205	0.183	0.19	0.173
0.154	0.151	0.151	0.149	0.151	0.156	0.205	0.176	0.19	0.173
0.151	0.149	0.149	0.146	0.151	0.159	0.203	0.168	0.193	0.171
0.149	0.146	0.151	0.149	0.154	0.156	0.205	0.168	0.193	0.168
0.151	0.149	0.156	0.149	0.154	0.156	0.205	0.173	0.195	0.166
0.151	0.149	0.154	0.151	0.154	0.154	0.208	0.173	0.19	0.168
0.154	0.151	0.151	0.151	0.149	0.154	0.205	0.171	0.188	0.178
0.154	0.154	0.151	0.149	0.149	0.156	0.22	0.168	0.19	0.217
0.151	0.149	0.151	0.146	0.151	0.159	0.249	0.176	0.193	0.205
0.149	0.146	0.154	0.144	0.154	0.176	0.254	0.188	0.195	0.217
0.149	0.146	0.164	0.146	0.154	0.193	0.286	0.193	0.195	0.249
0.154	0.151	0.178	0.151	0.195	0.188	0.308	0.193	0.193	0.276
0.154	0.151	0.195	0.151	0.188	0.225	0.32	0.193	0.256	0.291
0.154	0.151	0.215	0.186	0.203	0.327	0.33	0.19	0.32	0.295
0.151	0.149	0.234	0.193	0.569	0.361	0.33	0.19	0.471	0.291
0.149	0.146	0.242	0.198	0.671	0.376	0.32	0.193	0.791	0.286
0.151	0.149	0.249	0.217	0.684	0.366	0.352	0.195	0.842	0.312
0.151	0.151	0.247	0.249	0.664	0.361	0.388	0.195	0.825	0.349
0.154	0.154	0.261	0.261	0.652	0.361	0.4	0.193	0.83	0.376
0.176	0.154	0.291	0.269	0.659	0.366	0.398	0.225	0.852	0.422
0.188	0.151	0.283	0.266	0.696	0.403	0.4	0.227	0.852	0.449
0.178	0.149	0.295	0.264	0.708	0.41	0.403	0.215	0.82	0.471
0.19	0.146	0.303	0.312	0.725	0.41	0.403	0.22	0.815	0.493
0.203	0.151	0.308	0.334	0.737	0.422	0.415	0.232	0.815	0.496
0.215	0.154	0.3	0.334	0.745	0.422	0.42	0.239	0.813	0.505
0.242	0.151	0.295	0.33	0.779	0.417	0.435	0.249	0.808	0.513
0.254	0.151	0.295	0.33	0.801	0.422	0.442	0.254	0.82	0.518
0.259	0.149	0.295	0.337	0.803	0.432	0.444	0.256	0.825	0.522
0.259	0.146	0.298	0.352	0.801	0.435	0.452	0.264	0.823	0.525
0.261	0.151	0.293	0.356	0.801	0.432	0.449	0.273	0.823	0.518
0.317	0.154	0.286	0.359	0.808	0.43	0.437	0.273	0.835	0.51
0.332	0.154	0.283	0.376	0.813	0.435	0.42	0.276	0.845	0.496
0.337	0.151	0.288	0.391	0.813	0.437	0.391	0.286	0.85	0.449
0.334	0.146	0.291	0.4	0.818	0.422	0.388	0.317	0.854	0.388
0.364	0.149	0.293	0.408	0.813	0.405	0.393	0.344	0.864	0.376
0.376	0.151	0.291	0.413	0.828	0.393	0.393	0.33	0.867	0.381
0.383	0.154	0.293	0.405	0.818	0.391	0.347	0.32	0.854	0.383
0.383	0.154	0.295	0.403	0.791	0.391	0.315	0.308	0.835	0.359
0.386	0.151	0.278	0.408	0.767	0.381	0.303	0.312	0.808	0.354
0.386	0.164	0.269	0.415	0.742	0.364	0.303	0.32	0.757	0.308
0.386	0.181	0.261	0.417	0.703	0.32	0.303	0.325	0.706	0.273
0.386	0.205	0.251	0.415	0.637	0.298	0.288	0.33	0.679	0.264
0.391	0.229	0.249	0.381	0.564	0.283	0.293	0.325	0.627	0.22
0.403	0.264	0.249	0.354	0.493	0.269	0.3	0.327	0.593	0.249
0.398	0.281	0.251	0.334	0.464	0.273	0.305	0.32	0.576	0.266
0.398	0.283	0.261	0.31	0.41	0.239	0.286	0.317	0.5	0.3
0.396	0.276	0.266	0.273	0.366	0.227	0.288	0.327	0.432	0.288
0.408	0.308	0.259	0.261	0.327	0.225	0.286	0.339	0.369	0.264
0.405	0.337	0.251	0.254	0.271	0.239	0.271	0.342	0.325	0.259
0.396	0.347	0.237	0.251	0.247	0.237	0.264	0.337	0.3	0.254
0.393	0.339	0.237	0.242	0.229	0.212	0.251	0.33	0.288	0.234
0.391	0.342	0.249	0.256	0.227	0.208	0.249	0.291	0.283	0.229
0.364	0.364	0.281	0.298	0.237	0.208	0.249	0.269	0.278	0.232
0.349	0.366	0.249	0.264	0.222	0.205	0.251	0.256	0.269	0.234
0.332	0.376	0.234	0.249	0.215	0.203	0.242	0.247	0.254	0.234
0.327	0.371	0.232	0.261	0.2	0.203	0.232	0.264	0.242	0.217
0.317	0.378	0.212	0.251	0.19	0.203	0.229	0.281	0.254	0.2
0.317	0.381	0.21	0.244	0.186	0.193	0.234	0.256	0.237	0.181
0.261	0.388	0.208	0.232	0.181	0.183	0.239	0.251	0.222	0.164
0.242	0.391	0.2	0.203	0.176	0.171	0.239	0.264	0.198	0.161
0.239	0.393	0.195	0.188	0.156	0.156	0.237	0.261	0.176	0.164
0.244	0.4	0.195	0.188	0.151	0.156	0.232	0.261	0.168	0.164
0.242	0.396	0.193	0.176	0.151	0.156	0.234	0.261	0.166	0.161
0.239	0.393	0.188	0.176	0.154	0.156	0.232	0.237	0.171	0.161
0.232	0.396	0.186	0.176	0.154	0.154	0.217	0.232	0.171	0.159
0.229	0.396	0.186	0.168	0.151	0.154	0.317	0.229	0.168	0.161
0.234	0.364	0.178	0.156	0.149	0.154	0.327	0.229	0.166	0.164
0.244	0.347	0.171	0.151	0.149	0.154	0.305	0.229	0.166	0.164
0.217	0.339	0.168	0.149	0.149	0.156	0.3	0.222	0.168	0.164
0.2	0.337	0.359	0.146	0.154	0.156	0.298	0.22	0.168	0.161
0.193	0.344	0.457	0.149	0.154	0.154	0.3	0.212	0.168	0.161
0.188	0.31	0.317	0.151	0.151	0.151	0.303	0.22	0.166	0.161
0.186	0.273	0.286	0.151	0.149	0.151	0.298	0.222	0.164	0.166
0.178	0.259	0.288	0.149	0.149	0.154	0.298	0.215	0.164	0.164
0.159	0.249	0.327	0.173	0.21	0.156	0.293	0.21	0.166	0.164
0.151	0.244	0.349	0.491	0.4	0.193	0.295	0.203	0.168	0.164
0.151	0.242	0.378	0.898	0.393	0.229	0.3	0.203	0.173	0.19
0.154	0.239	0.396	0.559	0.366	0.261	0.298	0.2	0.186	1.572
0.154	0.251	0.388	0.488	0.349	0.264	0.295	0.2	0.32	1.055
0.154	0.256	0.386	0.454	0.334	0.269	0.295	0.198	0.405	0.51
0.151	0.256	0.381	0.432	0.327	0.278	0.293	0.195	0.352	0.378
0.149	0.244	0.383	0.415	0.317	0.281	0.295	0.195	0.356	0.349
0.151	0.234	0.386	0.415	0.315	0.276	0.298	0.2	0.359	0.347
0.151	0.217	0.371	0.408	0.327	0.278	0.295	0.198	0.361	0.342
0.154	0.2	0.33	0.391	0.332	0.276	0.269	0.198	0.364	0.359
0.154	0.19	0.32	0.383	0.325	0.273	0.249	0.195	0.369	0.359
0.151	0.186	0.312	0.378	0.334	0.273	0.251	0.193	0.376	0.359
0.151	0.181	0.312	0.369	0.347	0.273	0.276	0.195	0.381	0.356
0.149	0.176	0.305	0.366	0.349	0.271	0.308	0.198	0.378	0.352
0.154	0.159	0.293	0.361	0.339	0.261	0.312	0.2	0.381	0.352
0.154	0.156	0.293	0.359	0.334	0.259	0.251	0.195	0.374	0.342
0.154	0.154	0.288	0.366	0.334	0.251	0.222	0.195	0.364	0.332
0.151	0.151	0.276	0.364	0.315	0.259	0.217	0.195	0.361	0.332
0.149	0.149	0.261	0.339	0.288	0.291	0.212	0.198	0.359	0.322
0.151	0.146	0.256	0.291	0.276	0.286	0.208	0.2	0.352	0.325
0.151	0.151	0.239	0.283	0.247	0.271	0.205	0.2	0.342	0.32
0.156	0.154	0.181	0.273	0.178	0.251	0.203	0.2	0.334	0.312
0.154	0.151	0.164	0.215	0.159	0.181	0.2	0.198	0.32	0.278
0.195	0.151	0.161	0.161	0.154	0.164	0.203	0.195	0.317	0.217
0.403	0.149	0.159	0.151	0.156	0.156	0.203	0.195	0.308	0.183
0.4	0.149	0.159	0.149	0.156	0.154	0.205	0.2	0.271	0.166
0.366	0.151	0.156	0.154	0.149	0.151	0.205	0.203	0.212	0.164
0.361	0.154	0.154	0.151	0.149	0.154	0.205	0.503	0.186	0.164
0.374	0.156	0.151	0.149	0.149	0.156	0.203	1.116	0.171	0.166
0.41	0.151	0.151	0.146	0.149	0.156	0.203	0.613	0.168	0.164
0.483	0.149	0.151	0.146	0.154	0.156	0.203	0.439	0.171	0.161
0.547	0.149	0.154	0.149	0.154	0.154	0.205	0.383	0.171	0.161
0.576	0.151	0.154	0.151	0.151	0.151	0.205	0.359	0.171	0.164
0.588	0.154	0.151	0.151	0.149	0.151	0.205	0.352	0.171	0.164
0.601	0.154	0.149	0.149	0.149	0.154	0.203	0.366	0.171	0.164
0.603	0.149	0.151	0.146	0.154	0.156	0.203	0.371	0.171	0.161
0.598	0.146	0.151	0.146	0.154	0.156	0.203	0.366	0.176	0.159
0.596	0.146	0.156	0.149	0.154	0.154	0.205	0.369	0.176	0.161
0.596	0.151	0.154	0.151	0.151	0.151	0.205	0.386	0.173	0.161
0.593	0.151	0.154	0.151	0.149	0.151	0.205	0.393	0.171	0.164
0.593	0.159	0.149	0.149	0.151	0.154	0.2	0.396	0.171	0.166
0.559	0.242	0.149	0.146	0.151	0.156	0.203	0.393	0.171	0.164
0.527	0.645	0.151	0.146	0.151	0.159	0.205	0.391	0.173	0.161
0.476	0.603	0.154	0.149	0.154	0.154	0.208	0.383	0.173	0.161
0.417	0.415	0.154	0.151	0.151	0.151	0.205	0.347	0.173	0.161
0.374	0.369	0.154	0.151	0.149	0.151	0.205	0.325	0.168	0.166
0.354	0.381	0.151	0.149	0.149	0.154	0.203	0.327	0.168	0.168
0.361	0.442	0.151	0.146	0.151	0.156	0.2	0.347	0.171	0.164
0.342	0.476	0.154	0.146	0.154	0.156	0.2	0.322	0.176	0.164
0.337	0.496	0.156	0.149	0.154	0.154	0.203	0.247	0.176	0.164
0.352	0.52	0.156	0.151	0.156	0.154	0.205	0.227	0.173	0.164
0.327	0.552	0.154	0.154	0.164	0.151	0.203	0.217	0.171	0.166
0.288	0.593	0.154	0.149	0.164	0.154	0.2	0.203	0.173	0.168
0.254	0.632	0.154	0.146	0.171	0.156	0.2	0.195	0.171	0.166
0.176	0.623	0.156	0.146	0.181	0.156	0.2	0.198	0.173	0.164
0.154	0.618	0.156	0.149	0.208	0.154	0.203	0.2	0.173	0.166
0.151	0.603	0.156	0.151	0.278	0.151	0.205	0.2	0.173	0.166
0.151	0.574	0.154	0.151	0.347	0.151	0.203	0.198	0.173	0.171
0.154	0.549	0.151	0.181	0.454	0.154	0.2	0.193	0.176	0.186
0.151	0.491	0.154	0.259	0.53	0.156	0.2	0.188	0.19	0.215
0.149	0.413	0.178	0.303	0.566	0.159	0.203	0.19	0.22	0.293
0.149	0.369	0.193	0.41	0.583	0.154	0.205	0.195	0.286	0.317
0.149	0.398	0.188	0.476	0.583	0.151	0.205	0.195	0.303	0.349
0.151	0.41	0.198	0.496	0.598	0.151	0.205	0.193	0.347	0.432
0.149	0.4	0.278	0.503	0.618	0.164	0.198	0.188	0.425	0.476
0.146	0.378	0.293	0.525	0.63	0.164	0.198	0.188	0.466	0.493
0.146	0.332	0.33	0.549	0.618	0.317	0.2	0.19	0.508	0.496
0.146	0.332	0.398	0.613	0.63	0.53	0.203	0.193	0.527	0.498
0.146	0.312	0.454	0.642	0.635	0.688	0.203	0.193	0.542	0.525
0.149	0.3	0.498	0.63	0.645	0.728	0.2	0.19	0.527	0.562
0.151	0.288	0.518	0.615	0.659	0.732	0.198	0.19	0.552	0.581
0.149	0.266	0.515	0.647	0.649	0.735	0.2	0.186	0.586	0.593
0.146	0.186	0.527	0.674	0.654	0.728	0.2	0.188	0.603	0.583
0.149	0.159	0.552	0.679	0.654	0.784	0.203	0.193	0.603	0.562
0.149	0.156	0.566	0.701	0.654	0.845	0.203	0.195	0.593	0.566
0.151	0.154	0.574	0.725	0.652	0.918	0.2	0.19	0.581	0.566
0.151	0.154	0.591	0.73	0.647	1.018	0.198	0.188	0.571	0.571
0.149	0.151	0.61	0.715	0.649	1.074	0.198	0.186	0.569	0.576
0.146	0.149	0.618	0.696	0.649	1.116	0.198	0.193	0.574	0.576
0.146	0.149	0.61	0.698	0.645	1.162	0.203	0.195	0.581	0.571
0.149	0.151	0.618	0.701	0.64	1.199	0.205	0.195	0.588	0.576
0.154	0.154	0.632	0.693	0.627	1.201	0.2	0.193	0.581	0.581
0.151	0.154	0.625	0.679	0.615	1.208	0.2	0.193	0.581	0.586
0.149	0.151	0.623	0.645	0.593	1.216	0.198	0.193	0.579	0.588
0.149	0.146	0.623	0.62	0.591	1.233	0.198	0.19	0.583	0.581
0.151	0.149	0.625	0.601	0.559	1.233	0.2	0.193	0.569	0.566
0.151	0.151	0.632	0.588	0.496	1.223	0.2	0.195	0.549	0.547
0.151	0.154	0.632	0.576	0.413	1.206	0.198	0.195	0.537	0.54
0.151	0.151	0.63	0.569	0.386	1.191	0.198	0.193	0.51	0.505
0.149	0.149	0.627	0.544	0.32	1.143	0.198	0.193	0.464	0.444
0.146	0.146	0.627	0.513	0.283	1.108	0.2	0.195	0.42	0.371
0.149	0.149	0.625	0.491	0.256	1.021	0.2	0.195	0.366	0.334
0.151	0.149	0.625	0.469	0.234	0.964	0.2	0.2	0.32	0.273
0.151	0.151	0.62	0.405	0.217	0.867	0.203	0.205	0.283	0.3
0.151	0.151	0.588	0.383	0.173	0.789	0.198	0.222	0.295	0.288
0.149	0.149	0.571	0.337	0.159	0.757	0.198	0.303	0.261	0.249
0.146	0.146	0.525	0.291	0.164	0.725	0.2	0.374	0.247	0.229
0.149	0.146	0.461	0.271	0.156	0.72	0.22	0.476	0.232	0.227
0.164	0.149	0.398	0.251	0.151	0.671	0.237	0.525	0.234	0.227
0.19	0.151	0.364	0.227	0.149	0.586	0.237	0.552	0.19	0.21
0.281	0.151	0.349	0.203	0.149	0.488	0.229	0.562	0.176	0.186
0.286	0.149	0.288	0.198	0.151	0.42	0.259	0.574	0.176	0.178
0.308	0.146	0.276	0.21	0.156	0.344	0.349	0.605	0.178	0.173
0.349	0.149	0.239	0.193	0.154	0.308	0.403	0.618	0.176	0.166
0.413	0.151	0.217	0.168	0.151	0.288	0.435	0.598	0.171	0.166
0.449	0.151	0.2	0.156	0.149	0.261	0.532	0.605	0.168	0.168
0.476	0.151	0.166	0.156	0.149	0.234	0.583	0.62	0.168	0.168
0.508	0.164	0.159	0.154	0.151	0.21	0.608	0.61	0.171	0.166
0.542	0.173	0.166	0.149	0.154	0.215	0.62	0.603	0.173	0.166
0.583	0.247	0.161	0.151	0.154	0.183	0.647	0.605	0.171	0.164
0.608	0.325	0.159	0.151	0.151	0.159	0.659	0.608	0.171	0.166
0.608	0.422	0.154	0.151	0.149	0.156	0.676	0.608	0.168	0.168
0.601	0.474	0.151	0.149	0.146	0.154	0.686	0.613	0.168	0.168
0.618	0.488	0.154	0.149	0.151	0.159	0.708	0.62	0.168	0.166
0.627	0.513	0.154	0.146	0.154	0.159	0.725	0.623	0.171	0.164
0.647	0.52	0.156	0.149	0.154	0.154	0.723	0.627	0.171	0.164
0.662	0.544	0.156	0.154	0.151	0.154	0.718	0.62	0.171	0.164
0.671	0.564	0.154	0.156	0.149	0.154	0.715	0.615	0.168	0.164
0.674	0.605	0.151	0.151	0.151	0.156	0.713	0.61	0.166	0.166
0.671	0.627	0.149	0.151	0.151	0.156	0.72	0.613	0.168	0.166
0.654	0.618	0.156	0.146	0.154	0.156	0.74	0.608	0.171	0.164
0.642	0.605	0.156	0.149	0.154	0.154	0.747	0.605	0.171	0.164
0.652	0.61	0.156	0.151	0.151	0.151	0.752	0.598	0.171	0.164
0.657	0.642	0.154	0.151	0.149	0.154	0.73	0.574	0.168	0.166
0.664	0.664	0.151	0.149	0.149	0.154	0.706	0.535	0.166	0.166
0.667	0.669	0.154	0.146	0.154	0.159	0.698	0.479	0.166	0.166
0.654	0.674	0.156	0.146	0.154	0.159	0.691	0.432	0.168	0.161
0.654	0.681	0.156	0.149	0.156	0.156	0.681	0.396	0.168	0.159
0.654	0.684	0.156	0.151	0.154	0.151	0.647	0.352	0.168	0.164
0.662	0.686	0.154	0.151	0.149	0.154	0.583	0.325	0.166	0.166
0.659	0.686	0.151	0.149	0.151	0.154	0.542	0.303	0.164	0.166
0.652	0.674	0.154	0.146	0.151	0.156	0.51	0.259	0.166	0.164
0.642	0.662	0.154	0.146	0.154	0.159	0.496	0.242	0.168	0.164
0.64	0.652	0.156	0.149	0.156	0.156	0.486	0.229	0.168	0.164
0.635	0.64	0.156	0.151	0.151	0.154	0.403	0.193	0.168	0.164
0.618	0.63	0.154	0.154	0.151	0.154	0.332	0.181	0.166	0.168
0.586	0.603	0.159	0.149	0.151	0.154	0.278	0.178	0.164	0.168
0.513	0.588	0.161	0.146	0.154	0.159	0.254	0.178	0.166	0.168
0.41	0.618	0.156	0.146	0.154	0.159	0.22	0.176	0.168	0.166
0.398	0.601	0.159	0.149	0.156	0.154	0.215	0.178	0.171	0.166
0.317	0.552	0.159	0.154	0.154	0.154	0.212	0.176	0.168	0.166
0.298	0.513	0.154	0.151	0.151	0.154	0.205	0.176	0.166	0.168
0.234	0.466	0.151	0.149	0.149	0.156	0.203	0.176	0.166	0.168
0.2	0.452	0.151	0.146	0.154	0.159	0.2	0.176	0.168	0.168
0.166	0.437	0.154	0.146	0.156	0.159	0.203	0.166	0.171	0.166
0.156	0.422	0.156	0.149	0.154	0.154	0.205	0.166	0.173	0.164
0.154	0.366	0.154	0.151	0.151	0.154	0.205	0.173	0.171	0.166
0.156	0.305	0.154	0.151	0.151	0.151	0.205	0.178	0.168	0.166
0.156	0.291	0.151	0.149	0.203	0.154	0.203	0.171	0.166	0.168
0.151	0.225	0.149	0.146	0.535	0.156	0.203	0.171	0.171	0.166
0.149	0.205	0.151	0.146	0.669	0.159	0.203	0.173	0.173	0.164
0.151	0.168	0.154	0.149	0.627	0.156	0.205	0.176	0.173	0.168
0.154	0.166	0.154	0.151	0.615	0.154	0.208	0.171	0.171	0.168
0.151	0.159	0.154	0.151	0.613	0.154	0.205	0.176	0.168	0.168
0.151	0.156	0.151	0.149	0.62	0.154	0.2	0.176	0.168	0.171
0.151	0.154	0.151	0.146	0.667	0.159	0.198	0.176	0.171	0.168
0.149	0.151	0.154	0.146	0.72	0.159	0.2	0.176	0.173	0.166
0.146	0.149	0.156	0.149	0.73	0.156	0.205	0.176	0.173	0.166
0.149	0.154	0.154	0.151	0.732	0.154	0.205	0.176	0.171	0.168
0.151	0.156	0.154	0.151	0.735	0.154	0.203	0.173	0.168	0.171
0.154	0.154	0.151	0.149	0.74	0.166	0.198	0.173	0.166	0.171
0.151	0.151	0.151	0.146	0.745	0.168	0.2	0.176	0.168	0.171
0.149	0.149	0.154	0.146	0.74	0.232	0.203	0.176	0.171	0.166
0.151	0.151	0.156	0.149	0.732	0.249	0.205	0.176	0.176	0.168
0.151	0.154	0.156	0.151	0.693	0.295	0.205	0.178	0.171	0.171
0.151	0.156	0.154	0.151	0.654	0.317	0.203	0.178	0.217	0.183
0.151	0.154	0.151	0.149	0.625	0.332	0.2	0.176	0.686	0.339
0.151	0.154	0.151	0.146	0.544	0.356	0.2	0.176	0.779	0.51
0.149	0.149	0.154	0.173	0.461	0.476	0.203	0.178	0.671	0.557
0.149	0.151	0.156	0.266	0.374	0.537	0.205	0.181	0.627	0.564
0.151	0.151	0.156	0.308	0.291	0.564	0.205	0.178	0.645	0.583
0.154	0.156	0.154	0.32	0.21	0.576	0.203	0.178	0.703	0.576
0.154	0.154	0.151	0.322	0.181	0.598	0.2	0.176	0.723	0.569
0.151	0.151	0.151	0.322	0.161	0.61	0.2	0.173	0.725	0.574
0.149	0.149	0.154	0.288	0.159	0.62	0.203	0.173	0.742	0.576
0.151	0.151	0.156	0.317	0.156	0.62	0.203	0.178	0.754	0.576
0.151	0.154	0.156	0.381	0.154	0.608	0.205	0.176	0.759	0.579
0.154	0.154	0.151	0.417	0.151	0.601	0.203	0.173	0.762	0.579
0.154	0.154	0.151	0.422	0.151	0.581	0.2	0.161	0.747	0.581
0.151	0.151	0.151	0.42	0.151	0.571	0.2	0.159	0.745	0.576
0.149	0.149	0.154	0.415	0.154	0.562	0.203	0.166	0.725	0.542
0.149	0.149	0.156	0.413	0.154	0.54	0.203	0.173	0.674	0.525
0.151	0.154	0.156	0.415	0.154	0.53	0.205	0.176	0.664	0.51
0.154	0.154	0.154	0.41	0.151	0.53	0.203	0.173	0.645	0.483
0.154	0.154	0.151	0.413	0.149	0.527	0.2	0.171	0.61	0.459
0.151	0.151	0.151	0.408	0.151	0.483	0.198	0.173	0.51	0.422
0.149	0.151	0.154	0.386	0.156	0.469	0.2	0.176	0.461	0.386
0.151	0.151	0.159	0.352	0.154	0.408	0.203	0.178	0.354	0.32
0.151	0.154	0.156	0.276	0.154	0.337	0.205	0.181	0.249	0.259
0.154	0.156	0.156	0.232	0.151	0.269	0.208	0.176	0.203	0.215
0.154	0.154	0.151	0.21	0.149	0.229	0.205	0.171	0.181	0.186
0.151	0.151	0.154	0.183	0.151	0.203	0.205	0.171	0.176	0.168
0.149	0.151	0.154	0.168	0.154	0.168	0.205	0.173	0.176	0.164
0.149	0.149	0.156	0.159	0.154	0.159	0.208	0.178	0.176	0.164
0.151	0.154	0.156	0.154	0.151	0.154	0.208	0.181	0.173	0.164
0.151	0.154	0.154	0.151	0.151	0.151	0.205	0.176	0.168	0.166
0.154	0.154	0.151	0.151	0.149	0.154	0.205	0.176	0.168	0.166
0.151	0.151	0.151	0.146	0.151	0.156	0.2	0.178	0.168	0.166
0.151	0.151	0.154	0.149	0.154	0.156	0.2	0.181	0.171	0.164
0.149	0.149	0.156	0.146	0.154	0.156	0.198	0.181	0.173	0.164
0.151	0.154	0.159	0.151	0.151	0.154	0.2	0.181	0.171	0.166
0.154	0.156	0.205	0.151	0.149	0.154	0.2	0.181	0.166	0.168
0.154	0.151	0.344	0.146	0.151	0.156	0.195	0.178	0.166	0.168
0.151	0.151	0.64	0.146	0.151	0.156	0.195	0.176	0.171	0.168
0.149	0.149	0.691	0.146	0.156	0.156	0.195	0.178	0.171	0.164
0.149	0.151	0.662	0.149	0.154	0.154	0.198	0.178	0.173	0.164
0.151	0.154	0.654	0.151	0.151	0.154	0.2	0.181	0.171	0.164
0.154	0.154	0.649	0.151	0.149	0.151	0.198	0.178	0.168	0.166
0.154	0.156	0.662	0.149	0.151	0.154	0.195	0.176	0.168	0.166
0.151	0.151	0.688	0.146	0.151	0.156	0.19	0.176	0.171	0.166
0.151	0.151	0.715	0.146	0.154	0.156	0.193	0.176	0.176	0.164
0.151	0.149	0.73	0.149	0.154	0.154	0.198	0.181	0.173	0.164
0.151	0.151	0.735	0.149	0.151	0.151	0.198	0.178	0.171	0.164
0.154	0.154	0.737	0.151	0.149	0.151	0.195	0.176	0.171	0.164
0.154	0.154	0.735	0.149	0.151	0.151	0.193	0.171	0.171	0.164
0.151	0.154	0.745	0.146	0.151	0.154	0.19	0.171	0.171	0.161
0.149	0.151	0.75	0.146	0.154	0.154	0.195	0.173	0.173	0.159
0.149	0.151	0.754	0.149	0.154	0.154	0.198	0.178	0.176	0.159
0.151	0.154	0.74	0.154	0.151	0.151	0.198	0.176	0.171	0.161
0.154	0.156	0.698	0.151	0.151	0.151	0.195	0.173	0.168	0.164
0.154	0.154	0.642	0.151	0.149	0.154	0.193	0.171	0.168	0.164
0.151	0.151	0.586	0.146	0.151	0.156	0.193	0.171	0.168	0.164
0.149	0.149	0.527	0.146	0.154	0.156	0.198	0.173	0.171	0.164
0.146	0.149	0.488	0.151	0.154	0.154	0.198	0.176	0.173	0.161
0.151	0.151	0.442	0.151	0.151	0.149	0.2	0.176	0.171	0.164
0.154	0.154	0.337	0.154	0.154	0.151	0.198	0.173	0.168	0.166
0.156	0.156	0.266	0.149	0.19	0.151	0.195	0.171	0.166	0.166
0.151	0.154	0.21	0.149	0.388	0.154	0.195	0.188	0.171	0.164
0.149	0.151	0.186	0.149	0.662	0.154	0.198	0.305	0.171	0.161
0.149	0.149	0.183	0.149	0.576	0.151	0.2	0.613	0.171	0.161
0.151	0.151	0.164	0.154	0.527	0.149	0.203	0.574	0.171	0.164
0.154	0.156	0.156	0.151	0.525	0.151	0.261	0.598	0.166	0.164
0.154	0.156	0.151	0.151	0.559	0.151	0.332	0.603	0.168	0.166
0.156	0.151	0.151	0.146	0.618	0.154	0.457	0.64	0.168	0.164
0.151	0.149	0.154	0.146	0.652	0.154	0.493	0.698	0.173	0.161
0.161	0.151	0.159	0.149	0.669	0.154	0.505	0.713	0.173	0.161
0.2	0.154	0.154	0.151	0.676	0.151	0.515	0.701	0.173	0.161
0.249	0.154	0.154	0.151	0.684	0.151	0.542	0.691	0.168	0.166
0.269	0.154	0.151	0.149	0.679	0.151	0.586	0.691	0.168	0.164
0.283	0.149	0.154	0.146	0.676	0.154	0.671	0.703	0.171	0.164
0.339	0.149	0.156	0.146	0.688	0.154	0.74	0.691	0.171	0.161
0.361	0.149	0.159	0.149	0.698	0.151	0.764	0.696	0.173	0.161
0.393	0.151	0.156	0.151	0.706	0.151	0.771	0.686	0.171	0.161
0.488	0.154	0.154	0.151	0.715	0.149	0.781	0.647	0.171	0.164
0.535	0.151	0.154	0.149	0.718	0.154	0.784	0.618	0.168	0.164
0.537	0.151	0.154	0.146	0.686	0.156	0.786	0.559	0.168	0.19
0.557	0.149	0.156	0.159	0.659	0.186	0.786	0.513	0.176	0.31
0.574	0.149	0.156	0.225	0.608	0.273	0.776	0.432	0.183	0.73
0.601	0.149	0.159	0.488	0.564	0.454	0.759	0.425	0.3	0.811
0.605	0.154	0.151	0.53	0.496	0.662	0.703	0.325	0.549	0.596
0.615	0.154	0.154	0.505	0.342	0.642	0.654	0.271	0.483	0.569
0.618	0.156	0.154	0.508	0.247	0.63	0.605	0.212	0.486	0.574
0.615	0.168	0.154	0.54	0.198	0.674	0.566	0.193	0.549	0.588
0.615	0.176	0.156	0.586	0.188	0.654	0.53	0.183	0.579	0.62
0.608	0.181	0.159	0.557	0.2	0.647	0.522	0.171	0.615	0.649
0.588	0.186	0.154	0.615	0.168	0.708	0.488	0.168	0.596	0.659
0.554	0.195	0.154	0.574	0.156	0.786	0.447	0.166	0.564	0.647
0.518	0.232	0.151	0.632	0.151	0.859	0.405	0.166	0.557	0.635
0.496	0.361	0.156	0.684	0.154	0.955	0.295	0.164	0.583	0.63
0.476	0.444	0.156	0.718	0.154	1.025	0.254	0.164	0.608	0.627
0.442	0.479	0.156	0.73	0.154	1.035	0.229	0.164	0.61	0.627
0.369	0.5	0.156	0.742	0.149	1.04	0.215	0.161	0.613	0.623
0.293	0.488	0.154	0.754	0.149	1.04	0.2	0.156	0.61	0.618
0.244	0.496	0.154	0.715	0.151	0.979	0.195	0.156	0.603	0.596
0.205	0.496	0.156	0.645	0.156	0.854	0.198	0.154	0.571	0.535
0.173	0.503	0.159	0.615	0.154	0.73	0.2	0.159	0.51	0.459
0.164	0.518	0.156	0.571	0.151	0.627	0.2	0.159	0.466	0.466
0.159	0.525	0.156	0.544	0.149	0.579	0.198	0.156	0.447	0.486
0.156	0.525	0.154	0.491	0.149	0.483	0.195	0.154	0.352	0.408
0.151	0.513	0.154	0.479	0.151	0.476	0.195	0.154	0.325	0.339
0.149	0.493	0.156	0.393	0.154	0.466	0.198	0.159	0.273	0.273
0.146	0.43	0.159	0.312	0.154	0.442	0.2	0.159	0.256	0.198
0.146	0.33	0.156	0.273	0.154	0.322	0.203	0.161	0.21	0.183
0.149	0.281	0.154	0.225	0.149	0.251	0.2	0.161	0.193	0.173
0.149	0.261	0.154	0.173	0.151	0.208	0.198	0.156	0.195	0.171
0.146	0.244	0.156	0.164	0.151	0.171	0.195	0.156	0.217	0.168
0.146	0.234	0.156	0.173	0.154	0.164	0.195	0.159	0.195	0.166
0.146	0.232	0.156	0.161	0.154	0.156	0.198	0.164	0.188	0.166
0.149	0.229	0.156	0.156	0.151	0.154	0.198	0.166	0.186	0.168
0.151	0.22	0.156	0.154	0.149	0.154	0.198	0.166	0.178	0.168
0.151	0.186	0.154	0.151	0.149	0.156	0.195	0.164	0.176	0.168
0.149	0.173	0.154	0.149	0.151	0.159	0.193	0.164	0.176	0.168
0.146	0.156	0.166	0.146	0.154	0.159	0.195	0.166	0.178	0.166
0.146	0.151	0.156	0.149	0.154	0.156	0.2	0.166	0.186	0.164
0.149	0.151	0.156	0.151	0.151	0.154	0.2	0.166	0.183	0.166
0.154	0.151	0.156	0.151	0.151	0.154	0.195	0.164	0.176	0.168
0.154	0.151	0.154	0.149	0.151	0.156	0.195	0.164	0.168	0.171
0.151	0.149	0.154	0.146	0.151	0.159	0.195	0.164	0.168	0.168
0.149	0.149	0.156	0.146	0.154	0.159	0.195	0.164	0.171	0.164
0.151	0.146	0.164	0.149	0.232	0.156	0.198	0.168	0.171	0.166
0.154	0.151	0.168	0.151	0.303	0.154	0.2	0.166	0.168	0.168
0.156	0.154	0.325	0.151	0.449	0.156	0.2	0.164	0.168	0.171
0.154	0.154	0.498	0.149	0.696	0.156	0.195	0.161	0.168	0.171
0.151	0.151	0.444	0.146	0.698	0.159	0.195	0.161	0.168	0.168
0.149	0.151	0.408	0.146	0.684	0.159	0.198	0.164	0.171	0.166
0.151	0.149	0.393	0.149	0.684	0.156	0.203	0.166	0.173	0.164
0.151	0.151	0.449	0.154	0.688	0.156	0.203	0.168	0.171	0.164
0.156	0.154	0.483	0.151	0.688	0.154	0.2	0.168	0.166	0.166
0.154	0.151	0.496	0.149	0.715	0.156	0.198	0.164	0.168	0.168
0.151	0.151	0.51	0.146	0.725	0.159	0.195	0.166	0.168	0.166
0.149	0.146	0.532	0.146	0.735	0.159	0.195	0.164	0.171	0.164
0.151	0.149	0.537	0.149	0.75	0.156	0.2	0.168	0.171	0.164
0.154	0.149	0.554	0.151	0.742	0.154	0.203	0.168	0.171	0.166
0.154	0.154	0.571	0.151	0.75	0.154	0.198	0.166	0.166	0.168
0.154	0.154	0.583	0.149	0.752	0.156	0.195	0.168	0.166	0.168
0.151	0.151	0.627	0.146	0.754	0.159	0.195	0.164	0.171	0.166
0.149	0.149	0.669	0.146	0.764	0.159	0.195	0.166	0.171	0.166
0.151	0.149	0.681	0.149	0.767	0.156	0.195	0.168	0.171	0.164
0.154	0.151	0.681	0.154	0.754	0.156	0.198	0.166	0.168	0.166
0.154	0.154	0.667	0.151	0.747	0.154	0.195	0.168	0.166	0.166
0.156	0.151	0.627	0.149	0.728	0.156	0.195	0.164	0.164	0.168
0.151	0.154	0.613	0.146	0.681	0.159	0.193	0.166	0.166	0.166
0.151	0.151	0.574	0.146	0.654	0.156	0.198	0.166	0.168	0.166
0.149	0.149	0.525	0.149	0.593	0.156	0.198	0.168	0.168	0.161
0.151	0.151	0.444	0.149	0.537	0.154	0.198	0.168	0.168	0.164
0.154	0.154	0.4	0.151	0.515	0.154	0.195	0.166	0.164	0.168
0.156	0.154	0.354	0.149	0.498	0.156	0.193	0.164	0.166	0.166
0.151	0.154	0.327	0.146	0.469	0.161	0.193	0.161	0.168	0.168
0.151	0.149	0.305	0.146	0.432	0.291	0.195	0.161	0.176	0.166
0.149	0.149	0.244	0.146	0.374	0.442	0.198	0.164	0.374	0.166
0.154	0.151	0.222	0.151	0.305	0.325	0.2	0.166	0.435	0.166
0.154	0.154	0.21	0.151	0.229	0.303	0.198	0.161	0.334	0.171
0.154	0.154	0.171	0.149	0.19	0.33	0.195	0.159	0.327	0.237
0.151	0.151	0.159	0.146	0.188	0.344	0.193	0.159	0.361	0.369
0.149	0.149	0.156	0.146	0.195	0.356	0.195	0.159	0.391	0.278
0.149	0.149	0.159	0.166	0.176	0.369	0.198	0.164	0.415	0.261
0.154	0.151	0.156	0.259	0.159	0.376	0.198	0.164	0.427	0.271
0.156	0.154	0.154	0.254	0.173	0.376	0.198	0.161	0.425	0.291
0.154	0.154	0.154	0.315	0.195	0.386	0.195	0.159	0.422	0.298
0.149	0.151	0.154	0.352	0.208	0.391	0.193	0.159	0.427	0.303
0.149	0.149	0.154	0.422	0.349	0.383	0.193	0.164	0.437	0.305
0.151	0.149	0.159	0.474	0	0.381	0.198	0.168	0.437	0.31
0.154	0.151	0.156	0.564	0	0.383	0.198	0.19	0.435	0.325
0.156	0.154	0.154	0.645	0	0.386	0.195	0.293	0.435	0.332
0.154	0.156	0.154	0.676	0	0.376	0.193	1.294	0.41	0.334
0.151	0.151	0.151	0.693	0	0.359	0.193	0.881	0.391	0.33
0.164	0.151	0.154	0.696	0	0.339	0.195	0.579	0.376	0.325
0.244	0.151	0.156	0.693	0	0.315	0.198	0.483	0.374	0.315
0.281	0.154	0.156	0.698	0	0.298	0.198	0.483	0.374	0.305
0.376	0.154	0.154	0.698	0	0.344	0.195	0.542	0.354	0.303
0.5	0.156	0.151	0.698	0	0.352	0.193	0.554	0.349	0.291
0.549	0.151	0.151	0.671	0	0.337	0.193	0.547	0.334	0.283
0.557	0.151	0.154	0.61	0	0.312	0.195	0.588	0.315	0.261
0.554	0.149	0.156	0.547	0	0.293	0.198	0.591	0.298	0.251
0.518	0.151	0.156	0.503	0	0.273	0.198	0.581	0.271	0.247
0.508	0.154	0.154	0.471	0	0.259	0.198	0.579	0.217	0.222
0.522	0.156	0.151	0.435	0	0.229	0.198	0.576	0.19	0.171
0.598	0.151	0.151	0.408	0	0.176	0.195	0.579	0.188	0.159
0.691	0.149	0.154	0.393	0	0.164	0.195	0.579	0.19	0.156
0.74	0.149	0.156	0.361	0	0.164	0.195	0.562	0.19	0.154
0.771	0.151	0.156	0.337	0	0.159	0.198	0.52	0.188	0.159
0.735	0.154	0.154	0.244	0	0.159	0.195	0.513	0.183	0.161
0.735	0.154	0.151	0.171	0	0.164	0.193	0.498	0.181	0.161
0.715	0.151	0.151	0.154	0	0	0.193	0.454	0.176	0.164
0.696	0.149	0.154	0.151	0	0	0.195	0.359	0.178	0.159
0.657	0.151	0.156	0.151	0	0	0.2	0.288	0.173	0.168
0.608	0.178	0.156	0.154	0	0	0.2	0.227	0.171	0.173
0.608	0.164	0.154	0.154	0	0	0.195	0.198	0.166	0.168
0.598	0.251	0.151	0.151	0	0	0.195	0.19	0.166	0.164
0.601	0.461	0.151	0.156	0	0	0.244	0.183	0.168	0.161
0.591	0.53	0.154	0.149	0	0	0.708	0.183	0.186	0.161
0.566	0.527	0.156	0.149	0	0	0.762	0.186	0.186	0.159
0.559	0.527	0.156	0.151	0	0	0.574	0.176	0.217	0.164
0.549	0.557	0.154	0.149	0	0	0.515	0.168	0	0.164
0.549	0.557	0.151	0.146	0	0	0.503	0.171	0	0.164
0.491	0.535	0.154	0.144	0	0	0.583	0.171	0	0.161
0.474	0.586	0.156	0.144	0	0	0.632	0.171	0	0.161
0.459	0.625	0.159	0.146	0	0	0.627	0.173	0	0.159
0.352	0.659	0.156	0.149	0	0	0.623	0.173	0	0.161
0.339	0.676	0.156	0.149	0	0	0.625	0.176	0	0.164
0.256	0.659	0.151	0.146	0	0	0.637	0.176	0	0.164
0.193	0.625	0.151	0.144	0	0	0.642	0.173	0	0.166
0.166	0.637	0.154	0.183	0	0	0.637	0.171	0	0.181
0.151	0.61	0.156	0.176	0	0	0.632	0.176	0	0.183
0.151	0.608	0.22	0.186	0	0	0.613	0.178	0	0
0.154	0.605	0.298	0.203	0	0	0.583	0.176	0	0
0.154	0.593	0.706	0.205	0	0	0.505	0.173	0	0
0.151	0.588	0.537	0.195	0	0	0.486	0.171	0	0
0.149	0.566	0.33	0.217	0	0	0.432	0.168	0	0
0.151	0.544	0.295	0	0	0	0.334	0.168	0	0
0.154	0.542	0.291	0	0	0	0.281	0.168	0	0
0.156	0.498	0.288	0	0	0	0.276	0.166	0	0
0.156	0.408	0.303	0	0	0	0.22	0.161	0	0
0.154	0.354	0.317	0	0	0	0.2	0.161	0	0
0.151	0.31	0.322	0	0	0	0.193	0.168	0	0
0.151	0.205	0.327	0	0	0	0.193	0.173	0	0
0.154	0.173	0.332	0	0	0	0.193	0.176	0	0
0.156	0.164	0.337	0	0	0	0.188	0.176	0	0
0.156	0.156	0.339	0	0	0	0.188	0.173	0	0
0.156	0.151	0.337	0	0	0	0.188	0.168	0	0
0.151	0.149	0.342	0	0	0	0.188	0.171	0	0
0.151	0.149	0.344	0	0	0	0.193	0.173	0	0
0.154	0.151	0.344	0	0	0	0.193	0.176	0	0
0.156	0.154	0.334	0	0	0	0.19	0.178	0	0
0.156	0.154	0.298	0	0	0	0.186	0.171	0	0
0.154	0.151	0.356	0	0	0	0.188	0.171	0	0
0.151	0.149	0.432	0	0	0	0.188	0.176	0	0
0.151	0.149	0.469	0	0	0	0.19	0.181	0	0
0.154	0.151	0.476	0	0	0	0.19	0.183	0	0
0.156	0.154	0.461	0	0	0	0.19	0.178	0	0
0.156	0.154	0.41	0	0	0	0.19	0.176	0	0
0.154	0.151	0.383	0	0	0	0.19	0.178	0	0
0.154	0.149	0.322	0	0	0	0.19	0.178	0	0
0.151	0.149	0.251	0	0	0	0.19	0.181	0	0
0.156	0.151	0.178	0	0	0	0.193	0.183	0	0
0.156	0.149	0.159	0	0	0	0.19	0.178	0	0
0.159	0.154	0.154	0	0	0	0.186	0.176	0	0
0.154	0.151	0.151	0	0	0	0.186	0.178	0	0
0.151	0.149	0.154	0	0	0	0.188	0.178	0	0
0.151	0.146	0.156	0	0	0	0.188	0.178	0	0
0.154	0.149	0.156	0	0	0	0.19	0.181	0	0
0.156	0.154	0.151	0	0	0	0.188	0.181	0	0
0.156	0.154	0.149	0	0	0	0.183	0.176	0	0
0.154	0.151	0.149	0	0	0	0.186	0.178	0	0
0.151	0.151	0.151	0	0	0	0.188	0.178	0	0
0.151	0.149	0.154	0	0	0	0.19	0.183	0	0
0.154	0.151	0.154	0	0	0	0.193	0.181	0	0
0.156	0.156	0.151	0	0	0	0.193	0.181	0	0
0.156	0.154	0.146	0	0	0	0.188	0.181	0	0
0.154	0.154	0.149	0	0	0	0.212	0.181	0	0
0.154	0.149	0.151	0	0	0	0.286	0.173	0	0
0.154	0.149	0.154	0	0	0	0.337	0.173	0	0
0.154	0.151	0.149	0	0	0	0.303	0.176	0	0
0.156	0.154	0.149	0	0	0	0.295	0.181	0	0
0.156	0.154	0.146	0	0	0	0.295	0.183	0	0
0.154	0.151	0.146	0	0	0	0.295	0.183	0	0
0.151	0.151	0.149	0	0	0	0.3	0.186	0	0
0.154	0.151	0.151	0	0	0	0.308	0.193	0	0
0.154	0.154	0.154	0	0	0	0.31	0.193	0	0
0.156	0.154	0.149	0	0	0	0.31	0.188	0	0
0.215	0.156	0	0	0	0	0.308	0.188	0	0
0.247	0.154	0	0	0	0	0.305	0.188	0	0
0.344	0.151	0	0	0	0	0.31	0.195	0	0
0.386	0.151	0	0	0	0	0.312	1.614	0	0
0.41	0.154	0	0	0	0	0.312	0.964	0	0
0.422	0.154	0	0	0	0	0.312	0.452	0	0
0.432	0.154	0	0	0	0	0.31	0.327	0	0
0.427	0.151	0	0	0	0	0.305	0.295	0	0
0.437	0.159	0	0	0	0	0.303	0.295	0	0
0.496	0.208	0	0	0	0	0.298	0.298	0	0
0.53	0.278	0	0	0	0	0.293	0.305	0	0
0.557	0.212	0	0	0	0	0.291	0.303	0	0
0.586	0.225	0	0	0	0	0.283	0.298	0	0
0.596	0.229	0	0	0	0	0.278	0.3	0	0
0.61	0.242	0	0	0	0	0.264	0.3	0	0
0.613	0.264	0	0	0	0	0.215	0.303	0	0
0.613	0.312	0	0	0	0	0.2	0.3	0	0
0.608	0.352	0	0	0	0	0.195	0.298	0	0
0.591	0.386	0	0	0	0	0.19	0.291	0	0
0.571	0.4	0	0	0	0	0.193	0.273	0	0
0.525	0.408	0	0	0	0	0.193	0.271	0	0
0.469	0.425	0	0	0	0	0.195	0.266	0	0
0.447	0.439	0	0	0	0	0.195	0.256	0	0
0.391	0.43	0	0	0	0	0.193	0.283	0	0
0.381	0.413	0	0	0	0	0.19	0.298	0	0
0.371	0.359	0	0	0	0	0.188	0.242	0	0
0.337	0.356	0	0	0	0	0.193	0.2	0	0
0.31	0.422	0	0	0	0	0.193	0.193	0	0
0.291	0.41	0	0	0	0	0.195	0.19	0	0
0.276	0.396	0	0	0	0	0.195	0.19	0	0
0.254	0.4	0	0	0	0	0.193	0.188	0	0
0.203	0.396	0	0	0	0	0.19	0.183	0	0
0.161	0.364	0	0	0	0	0.193	0.183	0	0
0.154	0.349	0	0	0	0	0.195	0.193	0	0
0.156	0.325	0	0	0	0	0.195	0.193	0	0
0.159	0.312	0	0	0	0	0.193	0.19	0	0
0.156	0.276	0	0	0	0	0.19	0.188	0	0
0.151	0.19	0	0	0	0	0.193	0.188	0	0
0.151	0.161	0	0	0	0	0.19	0.188	0	0
0.151	0.154	0	0	0	0	0.193	0.188	0	0
0.154	0.154	0	0	0	0	0.195	0.183	0	0
0.156	0.156	0	0	0	0	0.193	0.183	0	0
0.159	0.156	0	0	0	0	0.193	0.181	0	0
0.154	0.151	0	0	0	0	0.188	0	0	0
0.151	0.149	0	0	0	0	0.19	0	0	0
0.151	0.151	0	0	0	0	0.193	0	0	0
0.156	0.154	0	0	0	0	0.195	0	0	0
0.156	0.156	0	0	0	0	0.193	0	0	0
0.156	0.154	0	0	0	0	0.19	0	0	0
0.154	0.151	0	0	0	0	0	0	0	0
0.151	0.149	0	0	0	0	0	0	0	0
0.154	0.149	0	0	0	0	0	0	0	0
0.154	0.151	0	0	0	0	0	0	0	0
0.156	0.154	0	0	0	0	0	0	0	0
0.159	0.154	0	0	0	0	0	0	0	0
0.154	0.151	0	0	0	0	0	0	0	0
0.151	0.149	0	0	0	0	0	0	0	0
0.154	0.149	0	0	0	0	0	0	0	0
0.154	0.151	0	0	0	0	0	0	0	0
0.156	0.154	0	0	0	0	0	0	0	0
0.154	0.154	0	0	0	0	0	0	0	0
0.154	0.151	0	0	0	0	0	0	0	0
0	0.149	0	0	0	0	0	0	0	0
0	0.149	0	0	0	0	0	0	0	0
0	0.149	0	0	0	0	0	0	0	0
0	0.154	0	0	0	0	0	0	0	0
0	0.154	0	0	0	0	0	0	0	0
