0.544	0.64	0.371	0.432	0.425	0.449	0.354	0.437	0.464	3.186
0.547	1.533	0.408	0.435	0.92	0.549	0.354	0.518	0.464	2.505
0.544	2.17	0.461	0.435	1.975	1.565	0.378	0.864	0.464	2.312
0.552	2.158	0.735	0.435	1.802	2.498	0.652	1.162	0.459	2.51
0.552	2.1	1.323	0.435	1.699	2.39	1.135	1.218	0.466	2.715
0.798	2.021	1.365	0.469	1.758	2.295	1.438	1.201	0.508	2.776
1.245	1.973	1.309	0.774	1.948	2.312	1.526	1.184	0.73	2.91
1.433	1.975	1.387	2.598	2.117	2.314	1.57	1.15	1.13	2.964
1.47	1.98	1.655	2.686	2.214	2.329	1.558	1.165	1.316	2.952
1.487	1.98	1.926	2.51	2.358	2.385	1.543	1.172	1.355	2.939
1.602	1.973	2.175	2.441	2.412	2.346	1.565	1.172	1.353	2.891
1.758	1.987	2.305	2.373	2.432	2.295	1.553	1.121	1.362	2.791
1.76	1.987	2.388	2.38	2.434	2.263	1.565	1.135	1.396	2.556
1.912	1.98	2.378	2.395	2.424	2.224	1.584	1.152	1.445	2.139
2.036	1.968	2.38	2.38	2.366	2.173	1.594	1.152	1.462	1.694
2.104	1.975	2.39	2.361	2.197	2.08	1.587	1.155	1.506	1.296
2.17	1.953	2.336	2.327	1.855	1.865	1.582	1.155	1.492	0.991
2.205	1.902	2.178	2.317	1.519	1.499	1.589	1.145	1.499	0.747
2.227	1.699	1.777	2.288	1.24	1.177	1.587	1.086	1.506	0.615
2.217	1.36	1.401	2.253	1.008	0.862	1.565	1.018	1.497	0.532
2.031	1.028	0.964	2.18	0.725	0.74	1.501	0.889	1.406	0.503
1.772	0.835	0.759	2.078	0.61	0.615	1.27	0.75	1.218	0.5
1.55	0.676	0.601	1.899	0.508	0.503	0.989	0.63	0.937	0.486
1.323	0.547	0.518	1.536	0.403	0.471	0.767	0.574	0.774	0.498
1.16	0.498	0.42	1.167	0.366	0.471	0.559	0.522	0.667	0.51
1.042	0.479	0.378	0.833	0.364	0.464	0.486	0.452	0.588	0.52
0.879	0.474	0.374	0.623	0.361	0.454	0.4	0.417	0.522	0.527
0.811	0.476	0.369	0.481	0.359	0.454	0.352	0.415	0.513	0.53
0.701	0.479	0.366	0.422	0.361	0.457	0.339	0.425	0.498	0.527
0.662	0.481	0.369	0.396	0.359	0.457	0.339	0.413	0.486	0.52
0.596	0.476	0.369	0.4	0.356	0.461	0.339	0.405	0.481	0.518
0.554	0.476	0.369	0.371	0.356	0.461	0.339	0.408	0.479	0.518
0.535	0.476	0.361	0.366	0.361	0.466	0.337	0.408	0.476	0.525
0.515	0.476	0.359	0.366	0.361	0.459	0.337	0.415	0.479	0.527
0.503	0.479	0.359	0.361	0.364	0.457	0.337	0.415	0.479	0.518
0.5	0.479	0.364	0.364	0.359	0.459	0.337	0.41	0.483	0.51
0.51	0.488	0.366	0.361	0.356	0.461	0.342	0.408	0.483	0.508
0.518	0.493	0.369	0.359	0.359	0.471	0.344	0.408	0.479	0.508
0.518	0.498	0.364	0.359	0.359	0.452	0.342	0.408	0.474	0.503
0.513	0.503	0.361	0.359	0.361	0.437	0.339	0.41	0.476	0.51
0.513	0.503	0.364	0.354	0.361	0.435	0.337	0.413	0.474	0.513
0.518	0.5	0.366	0.354	0.359	0.435	0.337	0.408	0.474	0.508
0.525	0.496	0.369	0.356	0.356	0.444	0.344	0.408	0.476	0.505
0.525	0.493	0.369	0.359	0.359	0.449	0.349	0.408	0.476	0.508
0.52	0.493	0.366	0.356	0.359	0.452	0.349	0.413	0.471	0.51
0.522	0.496	0.366	0.361	0.364	0.449	0.349	0.41	0.471	0.513
0.522	0.5	0.364	0.364	0.364	0.444	0.349	0.41	0.474	0.513
0.522	0.498	0.369	0.364	0.359	0.442	0.354	0.405	0.471	0.513
0.522	0.496	0.371	0.376	0.364	0.442	0.356	0.408	0.471	0.515
0.53	0.498	0.371	0.378	0.422	0.513	0.361	0.408	0.464	0.515
0.525	0.503	0.386	0.378	0.522	0.613	0.366	0.408	0.466	0.608
0.525	0.503	0.417	0.376	0.764	0.801	0.427	0.41	0.466	0.811
0.52	0.51	0.417	0.374	1.377	1.558	0.491	0.41	0.466	2.822
0.525	0.569	0.576	0.396	1.628	1.863	0.703	0.408	0.469	3.823
0.532	0.583	0.737	0.427	1.687	1.851	1.169	0.405	0.474	3.975
0.535	0.801	1.021	0.452	2.158	1.968	1.252	0.403	0.505	4.302
0.53	1.221	1.101	0.635	2.798	2.332	1.206	0.405	0.591	4.871
0.527	1.511	1.299	0.881	3.208	2.717	1.499	0.408	0.784	5.222
0.525	1.538	1.995	1.304	3.32	3.022	1.941	0.41	1.135	5.461
0.53	1.936	2.288	1.594	3.56	3.301	2.317	0.408	1.296	5.671
0.586	2.566	2.339	1.892	3.777	3.459	2.571	0.405	1.387	5.715
0.632	2.903	2.446	2.183	3.796	3.533	2.834	0.403	1.433	5.698
0.632	3.198	2.578	2.378	3.787	3.56	3.12	0.403	1.824	5.635
0.901	3.645	2.673	2.559	3.762	3.547	3.345	0.405	2.08	5.557
1.321	3.994	2.71	2.891	3.684	3.511	3.437	0.405	2.175	5.41
1.924	4.248	2.722	3.186	3.513	3.459	3.481	0.405	2.383	5.078
2.144	4.414	2.744	3.401	3.137	3.325	3.494	0.435	2.478	4.412
2.236	4.434	2.725	3.511	2.659	2.993	3.481	0.481	2.466	3.533
2.642	4.399	2.693	3.474	2.166	2.451	3.479	0.542	2.441	2.888
2.983	4.316	2.681	3.352	1.733	1.985	3.469	0.757	2.395	2.202
3.264	4.141	2.629	3.152	1.223	1.68	3.484	1.184	2.397	1.655
3.54	3.943	2.537	2.788	1.084	1.433	3.428	1.409	2.349	1.252
3.667	3.796	2.3	2.341	0.906	1.194	3.228	1.423	2.124	1.169
3.765	3.621	2.004	1.926	0.718	1.033	2.896	1.819	1.821	1.038
3.774	3.281	1.733	1.545	0.61	0.903	2.551	2.356	1.665	0.85
3.728	2.93	1.462	1.301	0.564	0.732	2.231	3.052	1.448	0.759
3.672	2.568	1.267	1.189	0.525	0.674	1.98	3.43	1.265	0.742
3.611	2.327	1.187	1.104	0.417	0.596	1.707	3.767	1.189	0.674
3.567	2.078	1.125	0.869	0.366	0.525	1.382	4.116	1.147	0.598
3.467	1.824	1.057	0.769	0.366	0.5	1.216	4.37	1.016	0.513
3.152	1.575	0.864	0.657	0.405	0.505	1.106	4.468	0.894	0.508
2.671	1.426	0.757	0.596	0.374	0.5	0.923	4.531	0.791	0.522
2.231	1.367	0.664	0.593	0.361	0.488	0.757	4.546	0.676	0.508
1.877	1.265	0.603	0.588	0.356	0.483	0.618	4.622	0.623	0.496
1.638	1.162	0.588	0.535	0.354	0.476	0.562	4.634	0.63	0.493
1.482	1.091	0.562	0.442	0.356	0.481	0.547	4.597	0.632	0.491
1.421	0.955	0.535	0.4	0.356	0.483	0.547	4.58	0.605	0.488
1.365	0.847	0.464	0.393	0.361	0.488	0.5	4.487	0.544	0.488
1.199	0.752	0.403	0.425	0.364	0.481	0.405	4.185	0.486	0.493
1.106	0.693	0.393	0.396	0.361	0.461	0.371	3.684	0.474	0.493
0.952	0.662	0.403	0.386	0.359	0.452	0.388	3.284	0.481	0.493
0.869	0.566	0.427	0.386	0.356	0.461	0.41	3.022	0.486	0.491
0.781	0.527	0.398	0.386	0.356	0.457	0.388	2.747	0.466	0.498
0.737	0.53	0.393	0.381	0.361	0.457	0.369	2.502	0.466	0.496
0.72	0.542	0.393	0.378	0.361	0.449	0.364	2.219	0.466	0.496
0.657	0.527	0.4	0.378	0.356	0.444	0.364	1.895	0.469	0.491
0.593	0.496	0.403	0.383	0.356	0.447	0.364	1.462	0.466	0.493
0.569	0.488	0.405	0.386	0.359	0.457	0.347	1.213	0.464	0.488
0.574	0.479	0.403	0.383	0.364	0.459	0.337	1.121	0.464	0.491
0.608	0.479	0.405	0.381	0.369	0.464	0.332	0.933	0.466	0.491
0.62	0.479	0.408	0.381	0.366	0.452	0.33	0.732	0.466	0.491
0.574	0.476	0.413	0.381	0.361	0.449	0.33	0.603	0.466	0.491
0.559	0.476	0.417	0.381	0.361	0.447	0.334	0.554	0.464	0.493
0.542	0.476	0.449	0.381	0.361	0.454	0.339	0.469	0.457	0.493
0.53	0.476	0.452	0.393	0.364	0.459	0.337	0.413	0.457	0.493
0.527	0.479	0.452	0.386	0.364	0.459	0.334	0.41	0.457	0.496
0.53	0.479	0.457	0.376	0.366	0.454	0.332	0.425	0.461	0.496
0.54	0.476	0.461	0.376	0.366	0.452	0.339	0.4	0.459	0.493
0.547	0.471	0.466	0.381	0.359	0.454	0.334	0.388	0.457	0.491
0.542	0.466	0.459	0.381	0.356	0.459	0.337	0.388	0.454	0.486
0.535	0.464	0.449	0.381	0.359	0.461	0.334	0.383	0.454	0.491
0.527	0.469	0.452	0.378	0.359	0.459	0.33	0.391	0.459	0.496
0.527	0.474	0.459	0.376	0.356	0.457	0.334	0.393	0.464	0.498
0.527	0.476	0.464	0.376	0.359	0.457	0.337	0.393	0.466	0.496
0.53	0.481	0.466	0.376	0.356	0.454	0.339	0.391	0.464	0.488
0.53	0.479	0.466	0.378	0.354	0.457	0.339	0.388	0.459	0.488
0.527	0.469	0.469	0.378	0.361	0.459	0.339	0.386	0.457	0.493
0.525	0.464	0.471	0.376	0.361	0.454	0.334	0.393	0.457	0.496
0.525	0.464	0.466	0.378	0.361	0.459	0.334	0.393	0.461	0.496
0.527	0.464	0.461	0.4	0.359	0.562	0.337	0.393	0.464	0.51
0.532	0.461	0.464	0.828	0.356	2.249	0.339	0.388	0.464	0.598
0.532	0.464	0.464	2.666	0.361	3.057	0.339	0.386	0.459	2.576
0.544	0.466	0.469	2.532	0.361	2.029	0.339	0.386	0.459	3.313
1.055	0.469	0.464	2.288	0.361	1.709	0.332	0.391	0.461	2.073
3.704	0.471	0.464	2.212	0.361	1.719	0.327	0.391	0.459	1.799
2.808	0.471	0.449	2.209	0.359	1.785	0.332	0.388	0.464	1.807
2.107	0.464	0.413	2.175	0.359	1.877	0.334	0.386	0.466	1.919
1.975	0.464	0.393	2.163	0.356	1.965	0.337	0.361	0.461	1.943
1.941	0.469	0.388	2.156	0.361	1.995	0.332	0.352	0.461	2.034
1.96	0.469	0.391	2.131	0.361	2.017	0.334	0.352	0.464	2.109
2.039	0.471	0.391	2.078	0.361	2.046	0.334	0.349	0.469	2.119
2.122	0.469	0.398	2.031	0.359	2.107	0.339	0.344	0.469	2.051
2.136	0.466	0.4	1.75	0.356	2.112	0.339	0.344	0.471	1.885
2.097	0.466	0.4	1.421	0.356	2.063	0.337	0.344	0.469	1.572
1.956	0.466	0.398	1.274	0.359	1.838	0.337	0.349	0.469	1.326
1.699	0.469	0.398	1.084	0.361	1.567	0.337	0.349	0.471	1.272
1.511	0.474	0.403	0.967	0.364	1.362	0.334	0.352	0.479	1.123
1.357	0.474	0.405	0.762	0.359	1.162	0.337	0.349	0.488	1.008
1.26	0.54	0.408	0.654	0.356	1.055	0.339	0.349	0.488	0.916
1.125	1.938	0.408	0.554	0.356	0.854	0.337	0.347	0.474	0.737
0.957	3.169	0.405	0.486	0.356	0.737	0.334	0.349	0.469	0.61
0.793	2.363	0.408	0.449	0.361	0.625	0.332	0.349	0.461	0.527
0.676	1.907	0.403	0.371	0.361	0.552	0.334	0.354	0.471	0.469
0.698	1.802	0.4	0.364	0.359	0.535	0.339	0.349	0.474	0.444
0.647	1.814	0.398	0.374	0.359	0.476	0.425	0.344	0.471	0.437
0.618	1.836	0.398	0.361	0.359	0.444	0.713	0.342	0.469	0.432
0.601	1.838	0.398	0.349	0.361	0.447	1.13	0.344	0.466	0.469
0.559	1.843	0.396	0.344	0.364	0.454	1.292	0.344	0.469	0.488
0.513	1.846	0.393	0.342	0.361	0.444	1.304	0.347	0.471	0.491
0.5	1.824	0.398	0.337	0.359	0.43	1.465	0.342	0.469	0.491
0.508	1.799	0.403	0.339	0.356	0.42	1.831	0.337	0.469	0.486
0.513	1.67	0.403	0.342	0.359	0.422	1.953	0.386	0.469	0.488
0.498	1.467	0.461	0.342	0.366	0.425	2.046	1.265	0.469	0.486
0.476	1.289	0.535	0.339	0.437	0.425	2.166	2.39	0.471	0.483
0.469	1.138	0.62	0.339	2.073	0.422	2.261	2.288	0.471	0.486
0.474	0.933	0.742	0.339	3.296	0.425	2.212	2.202	0.476	0.486
0.474	0.754	0.798	0.344	2.893	0.43	2.126	2.146	0.474	0.486
0.474	0.659	0.828	0.347	2.715	0.43	2.065	2.097	0.474	0.488
0.471	0.583	0.815	0.347	2.695	0.432	2.039	2.061	0.474	0.491
0.466	0.559	0.862	0.342	2.659	0.435	1.987	2.056	0.474	0.491
0.464	0.52	0.854	0.342	2.661	0.432	1.917	2.029	0.474	0.498
0.464	0.505	0.881	0.339	2.695	0.427	1.836	2.014	0.479	0.498
0.466	0.496	0.894	0.344	2.688	0.43	1.621	1.953	0.481	0.496
0.471	0.496	0.911	0.344	2.688	0.432	1.328	1.936	0.474	0.498
0.471	0.491	0.916	0.344	2.688	0.437	1.147	1.768	0.474	0.503
0.471	0.488	0.906	0.342	2.629	0.442	1.006	1.479	0.474	0.503
0.474	0.488	0.825	0.339	2.388	0.439	0.911	1.218	0.474	0.505
0.474	0.486	0.725	0.339	2.021	0.435	0.83	1.064	0.474	0.5
0.479	0.483	0.64	0.342	1.582	0.432	0.703	0.906	0.474	0.498
0.479	0.486	0.596	0.339	1.299	0.437	0.605	0.742	0.471	0.498
0.476	0.488	0.527	0.342	1.218	0.437	0.471	0.608	0.469	0.496
0.476	0.491	0.491	0.339	1.03	0.437	0.4	0.503	0.469	0.5
0.476	0.488	0.474	0.337	0.925	0.43	0.383	0.403	0.471	0.503
0.476	0.483	0.442	0.337	0.725	0.43	0.374	0.359	0.471	0.505
0.479	0.479	0.41	0.342	0.632	0.427	0.364	0.347	0.476	0.503
0.481	0.479	0.403	0.342	0.544	0.43	0.364	0.354	0.474	0.503
0.476	0.476	0.396	0.339	0.476	0.43	0.339	0.325	0.471	0.498
0.474	0.476	0.388	0.339	0.432	0.43	0.327	0.332	0.471	0.5
0.476	0.479	0.388	0.337	0.378	0.427	0.32	0.349	0.471	0.498
0.476	0.479	0.388	0.334	0.334	0.427	0.322	0.354	0.476	0.503
0.479	0.476	0.391	0.337	0.322	0.43	0.325	0.325	0.476	0.503
0.476	0.474	0.391	0.339	0.349	0.43	0.325	0.317	0.476	0.5
0.479	0.471	0.388	0.342	0.332	0.435	0.325	0.315	0.476	0.498
0.474	0.476	0.388	0.342	0.33	0.432	0.322	0.317	0.471	0.5
0.476	0.479	0.391	0.342	0.327	0.43	0.322	0.315	0.476	0.503
0.476	0.476	0.388	0.342	0.325	0.425	0.325	0.317	0.476	0.505
0.479	0.476	0.393	0.347	0.322	0.422	0.325	0.315	0.479	0.503
0.476	0.474	0.391	0.347	0.33	0.427	0.327	0.315	0.476	0.5
0.474	0.474	0.386	0.344	0.33	0.43	0.327	0.317	0.476	0.505
0.471	0.476	0.383	0.339	0.33	0.432	0.325	0.317	0.471	0.508
0.474	0.479	0.381	0.337	0.33	0.43	0.322	0.322	0.474	0.505
0.469	0.483	0.386	0.337	0.33	0.425	0.322	0.317	0.476	0.5
0.469	0.481	0.386	0.354	0.327	0.422	0.327	0.315	0.476	0.498
0.471	0.474	0.381	0.359	0.327	0.425	0.325	0.315	0.474	0.498
0.471	0.474	0.381	0.352	0.33	0.427	0.325	0.312	0.474	0.503
0.469	0.476	0.378	0.356	0.332	0.427	0.325	0.317	0.474	0.505
0.471	0.476	0.378	0.354	0.332	0.425	0.325	0.317	0.476	0.503
0.466	0.474	0.378	0.359	0.33	0.425	0.322	0.315	0.476	0.503
0.469	0.471	0.378	0.359	0.327	0.422	0.327	0.312	0.476	0.496
0.474	0.469	0.381	0.359	0.327	0.427	0.327	0.312	0.474	0.498
0.476	0.471	0.376	0.356	0.327	0.43	0.327	0.317	0.476	0.498
0.476	0.471	0.376	0.356	0.332	0.43	0.325	0.317	0.642	0.505
0.479	0.474	0.378	0.356	0.332	0.43	0.325	0.32	4.785	0.508
0.481	0.474	0.383	0.359	0.33	0.43	0.325	0.317	3.972	0.508
0.483	0.471	0.383	0.364	0.327	0.432	0.327	0.315	3.184	0.508
0.483	0.471	0.388	0.366	0.327	0.437	0.325	0.312	3.386	0.508
0.479	0.474	0.393	0.366	0.33	0.439	0.322	0.317	3.586	0.515
0.474	0.476	0.391	0.364	0.33	0.435	0.32	0.32	3.757	0.515
0.471	0.479	0.391	0.364	0.332	0.432	0.32	0.322	4.048	0.518
0.471	0.479	0.391	0.361	0.33	0.43	0.325	0.322	4.326	0.515
0.476	0.476	0.408	0.364	0.327	0.43	0.327	0.317	4.49	0.51
0.479	0.474	0.427	0.364	0.327	0.432	0.327	0.315	4.512	0.508
0.476	0.474	0.437	0.359	0.33	0.432	0.327	0.315	4.443	0.51
0.476	0.476	0.435	0.359	0.334	0.432	0.325	0.322	4.324	0.51
0.474	0.479	0.447	0.356	0.332	0.43	0.325	0.325	4.011	0.513
0.474	0.479	0.439	0.359	0.332	0.427	0.322	0.322	3.54	0.51
0.476	0.474	0.442	0.361	0.327	0.427	0.327	0.322	3.018	0.503
0.479	0.476	0.447	0.361	0.33	0.432	0.327	0.322	2.454	0.503
0.474	0.479	0.447	0.361	0.332	0.435	0.32	0.322	2.024	0.503
0.471	0.481	0.437	0.361	0.33	0.432	0.317	0.322	1.682	0.505
0.471	0.483	0.435	0.361	0.327	0.43	0.32	0.325	1.255	0.505
0.474	0.481	0.442	0.369	0.325	0.43	0.325	0.32	1.033	0.508
0.476	0.479	0.452	0.364	0.327	0.43	0.33	0.317	0.876	0.5
0.476	0.476	0.444	0.366	0.33	0.437	0.327	0.317	0.723	0.5
0.471	0.479	0.442	0.364	0.332	0.442	0.325	0.317	0.588	0.503
0.474	0.481	0.439	0.364	0.332	0.442	0.32	0.322	0.486	0.503
0.474	0.479	0.442	0.364	0.332	0.437	0.32	0.32	0.464	0.505
0.476	0.479	0.452	0.359	0.327	0.437	0.32	0.32	0.437	0.503
0.479	0.476	0.454	0.366	0.327	0.437	0.322	0.32	0.43	0.498
0.483	0.479	0.454	0.366	0.33	0.439	0.322	0.322	0.435	0.498
0.486	0.474	0.454	0.366	0.337	0.442	0.325	0.325	0.442	0.5
0.486	0.479	0.449	0.361	0.337	0.439	0.32	0.33	0.43	0.505
0.483	0.481	0.454	0.361	0.337	0.437	0.317	0.327	0.427	0.505
0.488	0.481	0.452	0.359	0.334	0.437	0.322	0.327	0.427	0.503
0.488	0.479	0.449	0.364	0.334	0.437	0.325	0.322	0.432	0.5
0.488	0.479	0.437	0.364	0.337	0.439	0.327	0.325	0.43	0.498
0.486	0.479	0.427	0.361	0.342	0.442	0.325	0.325	0.43	0.5
0.483	0.483	0.427	0.359	0.344	0.442	0.327	0.325	0.43	0.505
0.483	0.483	0.432	0.359	0.342	0.505	0.325	0.325	0.427	0.508
0.488	0.483	0.435	0.356	0.339	0.713	0.327	0.322	0.425	0.5
0.488	0.481	0.432	0.361	0.339	1.541	0.33	0.317	0.422	0.5
0.491	0.481	0.43	0.364	0.339	2.161	0.33	0.32	0.417	0.5
0.493	0.483	0.43	0.361	0.342	2.332	0.325	0.322	0.417	0.503
0.488	0.486	0.43	0.359	0.342	2.432	0.325	0.322	0.415	0.581
0.488	0.488	0.427	0.359	0.339	2.83	0.325	0.322	0.417	1.289
0.488	0.488	0.43	0.364	0.339	3.135	0.327	0.322	0.42	3.818
0.488	0.483	0.432	0.366	0.337	3.601	0.33	0.32	0.425	3.906
0.493	0.483	0.43	0.369	0.337	3.879	0.33	0.317	0.42	3.804
0.488	0.483	0.43	0.369	0.339	4.153	0.325	0.32	0.417	3.933
0.486	0.483	0.43	0.364	0.342	4.343	0.322	0.322	0.413	4.355
0.481	0.483	0.43	0.364	0.342	4.512	0.322	0.322	0.413	4.7
0.483	0.481	0.432	0.366	0.342	4.604	0.325	0.315	0.415	4.846
0.483	0.479	0.444	0.369	0.339	4.626	0.327	0.317	0.417	5.034
0.486	0.479	0.449	0.369	0.342	4.668	0.327	0.315	0.415	5.168
0.486	0.476	0.454	0.4	0.342	4.658	0.327	0.32	0.415	5.227
0.481	0.476	0.449	0.457	0.342	4.612	0.327	0.322	0.417	5.203
0.481	0.479	0.452	0.945	0.339	4.429	0.325	0.32	0.415	5.105
0.481	0.479	0.447	2.422	0.337	4.189	0.325	0.32	0.415	4.79
0.483	0.476	0.442	2.876	0.337	3.806	0.33	0.315	0.413	4.221
0.483	0.479	0.439	2.959	0.337	3.198	0.332	0.312	0.408	3.54
0.481	0.476	0.43	3.047	0.342	2.607	0.334	0.317	0.403	2.935
0.481	0.481	0.415	3.335	0.344	1.87	0.327	0.322	0.408	2.192
0.481	0.483	0.41	3.821	0.342	1.604	0.325	0.32	0.41	1.621
0.483	0.483	0.396	4.187	0.339	1.357	0.325	0.317	0.415	1.321
0.483	0.481	0.391	4.468	0.337	1.184	0.33	0.315	0.413	1.145
0.481	0.476	0.386	4.683	0.337	1.021	0.327	0.31	0.41	1.069
0.481	0.476	0.381	4.771	0.339	0.92	0.327	0.315	0.408	0.959
0.479	0.476	0.371	4.778	0.342	0.754	0.32	0.317	0.408	0.762
0.479	0.479	0.374	4.792	0.342	0.559	0.322	0.322	0.41	0.522
0.481	0.483	0.378	4.8	0.339	0.474	0.322	0.325	0.41	0.466
0.486	0.476	0.386	4.792	0.339	0.454	0.325	0.32	0.376	0.454
0.486	0.474	0.391	4.778	0.342	0.457	0.322	0.317	0.393	0.483
0.483	0.474	0.391	4.673	0.344	0.459	0.325	0.317	0.393	0.479
0.481	0.476	0.391	4.314	0.344	0.442	0.322	0.32	0.396	0.461
0.481	0.479	0.393	3.672	0.347	0.43	0.322	0.317	0.403	0.459
0.483	0.479	0.396	2.947	0.342	0.425	0.322	0.315	0.403	0.459
0.486	0.474	0.396	2.07	0.339	0.425	0.325	0.315	0.405	0.452
0.488	0.471	0.396	1.582	0.339	0.43	0.327	0.312	0.4	0.452
0.486	0.471	0.396	1.25	0.344	0.43	0.327	0.315	0.396	0.457
0.483	0.476	0.393	0.928	0.347	0.432	0.325	0.317	0.396	0.461
0.481	0.476	0.393	0.803	0.344	0.427	0.322	0.32	0.4	0.464
0.481	0.481	0.398	0.713	0.342	0.427	0.322	0.317	0.403	0.461
0.483	0.479	0.403	0.483	0.342	0.427	0.325	0.315	0.403	0.459
0.483	0.479	0.403	0.344	0.342	0.43	0.327	0.315	0.4	0.461
0.481	0.481	0.4	0.315	0.349	0.43	0.322	0.317	0.403	0.464
0.476	0.481	0.396	0.32	0.522	0.43	0.317	0.32	0.405	0.464
0.476	0.483	0.396	0.3	2.954	0.425	0.315	0.32	0.408	0.464
0.481	0.483	0.398	0.295	4.802	0.425	0.317	0.317	0.41	0.464
0.483	0.483	0.403	0.295	4.709	0.427	0.322	0.315	0.408	0.461
0.486	0.481	0.398	0.305	4.734	0.427	0.327	0.315	0.41	0.461
0.605	0.481	0.398	0.308	5.347	0.43	0.325	0.317	0.408	0.464
2.395	0.483	0.396	0.305	5.974	0.43	0.32	0.32	0.396	0.469
3.958	0.483	0.396	0.305	6.768	0.427	0.322	0.325	0.408	0.469
2.893	0.479	0.398	0.308	7.637	0.43	0.322	0.317	0.408	0.469
2.49	0.474	0.4	0.312	8.154	0.43	0.327	0.317	0.408	0.466
2.717	0.466	0.4	0.312	8.323	0.435	0.325	0.315	0.408	0.464
3.03	0.459	0.393	0.312	8.435	0.435	0.322	0.32	0.405	0.461
3.289	0.459	0.393	0.312	8.506	0.437	0.322	0.322	0.405	0.459
3.618	0.459	0.396	0.31	8.535	0.43	0.322	0.322	0.405	0.454
3.755	0.459	0.4	0.312	8.516	0.43	0.325	0.317	0.408	0.452
3.789	0.459	0.4	0.315	8.484	0.427	0.33	0.317	0.408	0.452
3.809	0.457	0.403	0.317	8.296	0.432	0.332	0.317	0.405	0.449
3.818	0.459	0.4	0.315	7.976	0.432	0.325	0.317	0.405	0.454
3.831	0.461	0.398	0.315	7.358	0.435	0.325	0.322	0.405	0.457
3.718	0.461	0.4	0.312	6.606	0.427	0.322	0.322	0.408	0.459
3.464	0.457	0.403	0.312	5.71	0.425	0.327	0.322	0.413	0.461
3.04	0.454	0.405	0.315	4.866	0.425	0.33	0.317	0.415	0.464
2.446	0.457	0.403	0.317	4.148	0.427	0.332	0.315	0.413	0.461
1.707	0.459	0.4	0.315	3.318	0.427	0.33	0.312	0.41	0.464
1.265	0.459	0.393	0.312	2.583	0.427	0.33	0.32	0.41	0.471
1.074	0.459	0.388	0.31	1.992	0.427	0.33	0.317	0.415	0.469
0.918	0.457	0.391	0.31	1.387	0.425	0.332	0.315	0.417	0.466
0.801	0.454	0.393	0.312	1.15	0.425	0.334	0.312	0.417	0.461
0.605	0.452	0.393	0.317	0.996	0.425	0.334	0.312	0.413	0.464
0.547	0.449	0.391	0.315	0.862	0.427	0.334	0.317	0.413	0.464
0.549	0.454	0.386	0.315	0.779	0.427	0.332	0.32	0.413	0.469
0.496	0.461	0.388	0.312	0.662	0.427	0.332	0.322	0.415	0.474
0.491	0.461	0.391	0.312	0.476	0.427	0.332	0.317	0.415	0.469
0.476	0.457	0.391	0.315	0.344	0.43	0.334	0.315	0.41	0.469
0.483	0.457	0.391	0.32	0.31	0.437	0.337	0.317	0.415	0.466
0.476	0.457	0.388	0.317	0.322	0.437	0.334	0.337	0.413	0.466
0.466	0.457	0.386	0.312	0.334	0.435	0.332	0.574	0.41	0.469
0.471	0.459	0.386	0.312	0.31	0.427	0.332	3.337	0.41	0.469
0.466	0.459	0.391	0.315	0.305	0.425	0.332	3.32	0.41	0.469
0.469	0.457	0.393	0.317	0.298	0.427	0.337	2.981	0.413	0.466
0.469	0.457	0.393	0.322	0.295	0.43	0.337	3.037	0.408	0.461
0.469	0.457	0.388	0.32	0.303	0.43	0.339	3.389	0.403	0.464
0.466	0.459	0.386	0.317	0.308	0.43	0.347	3.655	0.405	0.466
0.466	0.461	0.386	0.315	0.308	0.427	0.415	3.848	0.41	0.469
0.466	0.459	0.388	0.315	0.303	0.427	0.774	4.075	0.415	0.471
0.469	0.457	0.391	0.32	0.303	0.43	1.331	4.309	0.415	0.469
0.469	0.454	0.388	0.317	0.3	0.432	1.526	4.351	0.41	0.466
0.466	0.454	0.386	0.32	0.303	0.435	1.511	4.399	0.408	0.471
0.466	0.459	0.386	0.315	0.303	0.432	1.699	4.404	0.408	0.471
0.466	0.461	0.386	0.312	0.3	0.43	2.798	4.365	0.417	0.474
0.471	0.459	0.388	0.315	0.303	0.427	3.325	4.272	0.413	0.469
0.474	0.457	0.391	0.317	0.3	0.43	3.528	4.185	0.41	0.466
0.474	0.454	0.388	0.317	0.3	0.43	3.596	3.938	0.41	0.466
0.471	0.457	0.386	0.315	0.305	0.43	3.599	3.481	0.413	0.466
0.471	0.459	0.383	0.312	0.303	0.43	3.555	3.005	0.413	0.471
0.469	0.461	0.383	0.312	0.305	0.427	3.55	2.644	0.413	0.471
0.471	0.459	0.388	0.31	0.298	0.425	3.523	1.904	0.415	0.554
0.474	0.459	0.391	0.31	0.295	0.425	3.508	1.355	0.415	1.943
0.474	0.457	0.391	0.31	0.295	0.427	3.518	1.167	0.41	2.825
0.471	0.457	0.386	0.315	0.3	0.43	3.423	0.974	0.415	2.615
0.471	0.459	0.383	0.308	0.303	0.427	3.184	0.847	0.413	2.1
0.469	0.459	0.386	0.305	0.298	0.427	2.568	0.715	0.42	1.99
0.469	0.461	0.388	0.308	0.295	0.425	1.853	0.461	0.417	2
0.476	0.457	0.388	0.308	0.295	0.425	1.489	0.344	0.417	1.968
0.476	0.457	0.388	0.31	0.298	0.427	1.228	0.317	0.417	1.931
0.471	0.459	0.391	0.308	0.303	0.427	1.067	0.327	0.417	1.899
0.469	0.461	0.391	0.305	0.303	0.53	0.959	0.327	0.415	1.868
0.469	0.461	0.391	0.303	0.303	1.074	0.776	0.322	0.417	1.841
0.469	0.461	0.391	0.303	0.303	1.816	0.642	0.32	0.415	1.77
0.474	0.466	0.391	0.303	0.3	1.846	0.496	0.317	0.415	1.494
0.474	0.476	0.391	0.305	0.3	1.741	0.447	0.315	0.41	1.221
0.476	0.481	0.388	0.305	0.308	1.765	0.417	0.317	0.408	1.094
0.471	0.488	0.386	0.308	0.305	1.768	0.378	0.32	0.41	0.845
0.464	0.496	0.393	0.305	0.305	1.758	0.378	0.317	0.413	0.64
0.469	0.508	0.391	0.308	0.303	1.763	0.352	0.317	0.417	0.562
0.466	0.518	0.393	0.31	0.3	1.77	0.344	0.315	0.417	0.52
0.466	0.525	0.391	0.308	0.3	1.809	0.339	0.315	0.415	0.505
0.469	0.52	0.388	0.308	0.303	1.819	0.339	0.315	0.415	0.493
0.474	0.53	0.391	0.303	0.308	1.814	0.334	0.317	0.415	0.498
0.466	0.527	0.391	0.303	0.308	1.797	0.334	0.32	0.415	0.491
0.469	0.53	0.396	0.303	0.305	1.755	0.334	0.317	0.42	0.488
0.469	0.532	0.398	0.305	0.303	1.721	0.337	0.315	0.42	0.481
0.471	0.54	0.4	0.31	0.303	1.602	0.337	0.315	0.417	0.488
0.469	0.54	0.393	0.303	0.308	1.221	0.334	0.317	0.415	0.488
0.464	0.54	0.393	0.305	0.308	1.052	0.33	0.322	0.415	0.493
0.464	0.544	0.393	0.303	0.305	0.828	0.33	0.322	0.415	0.496
0.466	0.535	0.396	0.305	0.305	0.698	0.33	0.32	0.415	0.493
0.471	0.522	0.4	0.305	0.303	0.654	0.332	0.317	0.415	0.486
0.471	0.681	0.398	0.308	0.305	0.603	0.334	0.32	0.408	0.483
0.466	1.016	0.396	0.305	0.31	0.588	0.339	0.32	0.405	0.479
0.464	1.616	0.393	0.303	0.312	0.518	0.332	0.322	0.403	0.483
0.464	1.885	0.393	0.305	0.308	0.483	0.33	0.325	0.408	0.483
0.469	1.982	0.398	0.303	0.308	0.466	0.332	0.327	0.41	0.479
0.469	2.397	0.398	0.308	0.305	0.476	0.334	0.322	0.413	0.476
0.469	2.898	0.4	0.31	0.305	0.476	0.337	0.317	0.41	0.476
0.469	3.276	0.396	0.31	0.308	0.469	0.334	0.32	0.41	0.479
0.466	3.623	0.396	0.305	0.308	0.459	0.339	0.325	0.41	0.483
0.469	4.133	0.396	0.305	0.305	0.454	0.33	0.327	0.413	0.488
0.469	4.412	0.396	0.303	0.305	0.452	0.33	0.325	0.415	0.483
0.471	4.612	0.398	0.308	0.303	0.452	0.332	0.322	0.413	0.479
0.471	4.807	0.396	0.308	0.303	0.454	0.332	0.322	0.41	0.476
0.469	4.963	0.393	0.308	0.303	0.452	0.332	0.325	0.413	0.479
0.466	5.051	0.393	0.305	0.305	0.447	0.327	0.325	0.415	0.481
0.466	5.071	0.393	0.305	0.305	0.447	0.33	0.327	0.413	0.488
0.469	5.037	0.4	0.303	0.303	0.444	0.332	0.327	0.415	0.488
0.471	4.998	0.398	0.31	0.303	0.444	0.334	0.322	0.413	0.486
0.474	4.873	0.422	0.315	0.303	0.449	0.334	0.322	0.413	0.486
0.471	4.558	0.488	0.315	0.305	0.449	0.334	0.322	0.41	0.486
0.469	4.058	0.71	0.31	0.308	0.449	0.33	0.325	0.408	0.488
0.469	3.511	1.077	0.308	0.305	0.442	0.327	0.327	0.408	0.493
0.471	2.932	1.777	0.31	0.303	0.442	0.332	0.325	0.41	0.493
0.471	2.17	2.571	0.31	0.303	0.442	0.332	0.325	0.41	0.491
0.474	1.714	2.8	0.344	0.308	0.444	0.332	0.32	0.408	0.488
0.471	1.421	3.047	0.479	0.308	0.449	0.334	0.325	0.408	0.488
0.469	1.165	3.489	0.713	0.308	0.442	0.33	0.325	0.405	0.493
0.471	0.974	3.955	1.47	0.308	0.442	0.327	0.327	0.41	0.496
0.474	0.918	4.216	1.675	0.303	0.439	0.33	0.322	0.415	0.493
0.476	0.759	4.468	1.672	0.3	0.439	0.332	0.322	0.42	0.488
0.476	0.54	4.624	1.689	0.3	0.444	0.332	0.322	0.417	0.486
0.476	0.457	4.739	1.665	0.303	0.447	0.327	0.322	0.417	0.493
0.474	0.459	4.758	1.638	0.349	0.449	0.332	0.325	0.415	0.498
0.469	0.466	4.78	1.641	1.028	0.442	0.332	0.322	0.422	0.498
0.471	0.464	4.824	1.653	2.239	0.439	0.334	0.32	0.422	0.491
0.476	0.488	4.839	1.631	2.09	0.442	0.334	0.315	0.417	0.481
0.476	0.498	4.8	1.624	1.963	0.442	0.337	0.315	0.415	0.479
0.476	0.503	4.678	1.589	2	0.444	0.332	0.322	0.413	0.481
0.471	0.508	4.353	1.57	2.07	0.442	0.327	0.32	0.415	0.483
0.471	0.508	3.711	1.555	2.07	0.444	0.327	0.325	0.413	0.483
0.474	0.505	2.991	1.536	2.08	0.442	0.33	0.322	0.415	0.481
0.479	0.505	2.139	1.509	2.063	0.444	0.332	0.32	0.413	0.476
0.479	0.5	1.636	1.482	2.031	0.449	0.332	0.32	0.444	0.479
0.476	0.498	1.372	1.396	1.985	0.449	0.332	0.325	0.669	0.481
0.471	0.503	1.145	1.189	1.89	0.447	0.327	0.322	3.25	0.481
0.471	0.503	0.906	0.974	1.494	0.444	0.325	0.322	4.016	0.486
0.471	0.503	0.703	0.793	1.018	0.444	0.33	0.322	3.916	0.488
0.474	0.496	0.515	0.596	0.798	0.447	0.703	0.322	3.962	0.483
0.474	0.5	0.449	0.564	0.61	0.452	2.561	0.32	4.019	0.486
0.469	0.498	0.432	0.518	0.518	0.454	2.991	0.322	4.116	0.481
0.471	0.503	0.371	0.471	0.474	0.454	2.175	0.325	4.28	0.486
0.471	0.505	0.354	0.396	0.496	0.454	1.848	0.325	4.395	0.488
0.474	0.5	0.349	0.371	0.474	0.452	1.775	0.325	4.517	0.488
0.476	0.491	0.347	0.356	0.408	0.452	1.777	0.322	4.641	0.483
0.479	0.488	0.344	0.388	0.371	0.457	1.77	0.32	4.692	0.481
0.474	0.486	0.344	0.356	0.369	0.459	1.743	0.322	4.68	0.483
0.471	0.491	0.342	0.347	0.391	0.459	1.729	0.327	4.68	0.486
0.469	0.493	0.342	0.352	0.393	0.454	1.709	0.327	4.648	0.486
0.471	0.491	0.347	0.354	0.381	0.454	1.702	0.32	4.614	0.486
0.474	0.491	0.347	0.359	0.378	0.454	1.631	0.317	4.531	0.488
0.476	0.491	0.349	0.361	0.378	0.452	1.46	0.317	4.417	0.488
0.471	0.491	0.344	0.356	0.381	0.454	1.221	0.322	4.121	0.5
0.469	0.491	0.342	0.352	0.381	0.449	0.981	0.325	3.494	0.62
0.466	0.493	0.342	0.349	0.376	0.444	0.715	0.322	2.695	2.595
0.469	0.5	0.347	0.352	0.376	0.444	0.645	0.322	1.804	2.114
0.471	0.496	0.349	0.352	0.376	0.444	0.542	0.317	1.289	1.667
0.471	0.493	0.349	0.354	0.376	0.447	0.491	0.322	1.067	1.562
0.469	0.498	0.344	0.354	0.376	0.449	0.435	0.325	0.872	1.606
0.464	0.498	0.344	0.352	0.378	0.449	0.398	0.322	0.786	1.616
0.464	0.498	0.344	0.349	0.378	0.447	0.386	0.322	0.62	1.621
0.464	0.496	0.349	0.349	0.378	0.442	0.386	0.315	0.464	1.604
0.471	0.488	0.352	0.352	0.378	0.442	0.386	0.325	0.415	1.665
0.474	0.488	0.352	0.352	0.378	0.452	0.378	0.498	0.425	1.702
0.469	0.491	0.347	0.349	0.378	0.457	0.371	3.464	0.403	1.687
0.469	0.496	0.342	0.349	0.383	0.454	0.364	3.94	0.41	1.536
0.466	0.5	0.344	0.347	0.383	0.452	0.369	1.912	0.41	1.318
0.469	0.498	0.349	0.352	0.381	0.452	0.371	1.326	0.41	1.069
0.474	0.496	0.349	0.352	0.381	0.452	0.376	1.487	0.408	0.918
0.476	0.496	0.347	0.352	0.381	0.452	0.378	1.658	0.408	0.801
0.474	0.496	0.342	0.352	0.381	0.457	0.376	1.738	0.417	0.635
0.471	0.498	0.342	0.349	0.383	0.459	0.371	1.985	0.422	0.53
0.479	0.5	0.342	0.347	0.381	0.449	0.371	2.195	0.425	0.493
0.93	0.498	0.344	0.347	0.381	0.447	0.371	2.234	0.43	0.491
3.13	0.498	0.349	0.352	0.378	0.452	0.374	2.18	0.425	0.471
3.208	0.496	0.349	0.352	0.383	0.454	0.374	1.909	0.417	0.476
2.131	0.488	0.344	0.352	0.378	0.457	0.374	1.584	0.408	0.483
1.875	0.471	0.344	0.349	0.374	0.457	0.371	1.26	0.405	0.491
1.897	0.469	0.344	0.347	0.378	0.452	0.369	1.055	0.403	0.496
1.934	0.474	0.347	0.347	0.374	0.452	0.366	0.964	0.408	0.496
1.965	0.466	0.349	0.347	0.374	0.457	0.371	0.747	0.405	0.496
1.992	0.464	0.349	0.347	0.378	0.454	0.371	0.671	0.403	0.488
1.987	0.464	0.352	0.347	0.381	0.457	0.369	0.632	0.405	0.479
1.904	0.464	0.349	0.344	0.383	0.457	0.366	0.615	0.405	0.479
1.592	0.466	0.349	0.344	0.383	0.454	0.366	0.591	0.41	0.471
1.196	0.466	0.361	0.347	0.378	0.449	0.366	0.505	0.413	0.471
0.84	0.461	0.349	0.349	0.378	0.447	0.371	0.474	0.41	0.466
0.691	0.461	0.349	0.349	0.381	0.452	0.366	0.454	0.405	0.474
0.62	0.461	0.349	0.352	0.381	0.457	0.366	0.444	0.405	0.479
0.625	0.464	0.347	0.349	0.383	0.457	0.361	0.442	0.408	0.483
0.574	0.469	0.347	0.344	0.386	0.449	0.361	0.432	0.41	0.483
0.515	0.469	0.352	0.347	0.386	0.444	0.366	0.437	0.41	0.479
0.5	0.466	0.354	0.349	0.386	0.447	0.364	0.437	0.41	0.479
0.498	0.461	0.354	0.352	0.383	0.454	0.366	0.435	0.408	0.479
0.493	0.464	0.352	0.349	0.388	0.452	0.361	0.444	0.405	0.476
0.496	0.469	0.349	0.349	0.393	0.452	0.364	0.442	0.405	0.488
0.498	0.469	0.352	0.349	0.391	0.449	0.369	0.432	0.408	0.486
0.503	0.469	0.352	0.347	0.388	0.454	0.366	0.432	0.41	0.479
0.508	0.469	0.352	0.352	0.386	0.459	0.369	0.435	0.41	0.476
0.505	0.464	0.349	0.356	0.388	0.461	0.369	0.427	0.41	0.476
0.505	0.464	0.347	0.359	0.393	0.461	0.364	0.43	0.41	0.479
0.508	0.469	0.347	0.354	0.396	0.459	0.361	0.435	0.408	0.481
0.505	0.469	0.349	0.352	0.398	0.457	0.356	0.435	0.408	0.479
0.505	0.469	0.352	0.356	0.393	0.457	0.354	0.435	0.408	0.481
0.505	0.464	0.354	0.354	0.386	0.459	0.352	0.43	0.408	0.483
0.513	0.464	0.354	0.356	0.383	0.461	0.352	0.435	0.405	0.488
0.515	0.461	0.352	0.356	0.388	0.466	0.349	0.442	0.403	0.491
0.51	0.466	0.349	0.352	0.386	0.464	0.344	0.447	0.408	0.498
0.513	0.469	0.349	0.349	0.388	0.461	0.344	0.447	0.408	0.498
0.513	0.464	0.352	0.349	0.383	0.459	0.347	0.442	0.408	0.498
0.515	0.459	0.352	0.352	0.381	0.457	0.352	0.444	0.408	0.496
0.522	0.457	0.352	0.356	0.381	0.461	0.352	0.452	0.408	0.496
0.52	0.459	0.347	0.356	0.386	0.461	0.349	0.452	0.408	0.493
0.518	0.461	0.347	0.354	0.388	0.459	0.347	0.457	0.413	0.498
0.52	0.464	0.349	0.349	0.388	0.449	0.347	0.454	0.415	0.5
0.522	0.469	0.352	0.349	0.383	0.452	0.347	0.452	0.415	0.496
0.525	0.471	0.352	0.352	0.383	0.452	0.352	0.449	0.415	0.488
0.53	0.474	0.354	0.354	0.383	0.452	0.354	0.447	0.415	0.488
0.527	0.476	0.347	0.352	0.388	0.452	0.356	0.452	0.413	0.493
0.525	0.479	0.347	0.347	0.391	0.449	0.356	0.459	0.41	0.5
0.522	0.479	0.349	0.349	0.388	0.459	0.356	0.457	0.413	0.498
0.527	0.476	0.354	0.349	0.383	0.811	0.356	0.454	0.413	0.498
0.532	0.476	0.354	0.354	0.383	2.422	0.359	0.452	0.41	0.493
0.532	0.474	0.354	0.356	0.386	1.733	0.356	0.447	0.408	0.488
0.53	0.476	0.349	0.354	0.391	1.487	0.354	0.454	0.41	0.486
0.527	0.476	0.344	0.356	0.391	1.416	0.354	0.457	0.41	0.493
0.525	0.479	0.342	0.354	0.391	1.414	0.354	0.459	0.413	0.498
0.532	0.479	0.347	0.354	0.388	1.411	0.356	0.461	0.413	0.493
0.537	0.476	0.349	0.359	0.383	1.445	0.361	0.457	0.415	0.5
0.537	0.474	0.352	0.364	0.386	1.477	0.364	0.457	0.41	0.513
0.535	0.476	0.347	0.364	0.388	1.487	0.361	0.457	0.413	0.652
0.532	0.476	0.344	0.361	0.391	1.482	0.359	0.459	0.41	1.958
0.53	0.479	0.347	0.359	0.391	1.453	0.359	0.459	0.413	2.756
0.53	0.481	0.347	0.356	0.388	1.34	0.359	0.454	0.413	3.127
0.53	0.476	0.349	0.356	0.383	1.194	0.361	0.452	0.413	3.757
0.53	0.474	0.347	0.359	0.386	1.042	0.366	0.449	0.408	4.246
0.53	0.474	0.344	0.359	0.391	0.906	0.364	0.449	0.405	4.69
0.527	0.476	0.344	0.356	0.393	0.786	0.361	0.452	0.41	5.034
0.527	0.479	0.347	0.352	0.396	0.64	0.359	0.452	0.41	5.359
0.532	0.481	0.352	0.349	0.393	0.564	0.361	0.449	0.413	5.522
0.537	0.476	0.352	0.356	0.393	0.532	0.366	0.447	0.415	5.576
0.54	0.476	0.349	0.359	0.393	0.52	0.371	0.447	0.415	5.635
0.537	0.474	0.349	0.359	0.396	0.486	0.364	0.444	0.413	5.652
0.535	0.476	0.349	0.356	0.396	0.498	0.359	0.454	0.437	5.637
0.532	0.481	0.347	0.354	0.398	0.51	0.359	0.459	1.431	5.61
0.53	0.479	0.349	0.352	0.391	0.469	0.361	0.454	3.42	5.537
0.535	0.476	0.405	0.354	0.388	0.457	0.364	0.452	2.773	5.481
0.535	0.476	0.972	0.354	0.425	0.459	0.366	0.454	1.577	5.288
0.535	0.476	1.907	0.354	2.688	0.464	0.366	0.457	1.306	4.7
0.532	0.476	2.039	0.354	2.703	0.471	0.364	0.454	1.294	3.914
0.532	0.479	1.707	0.352	1.724	0.469	0.364	0.454	1.326	3.149
0.537	0.479	1.604	0.352	1.343	0.461	0.366	0.454	1.345	2.258
0.54	0.476	1.658	0.371	1.396	0.466	0.369	0.452	1.416	1.299
0.54	0.471	1.675	1.46	1.499	0.479	0.369	0.452	1.504	0.757
0.54	0.474	1.663	3.152	1.497	0.481	0.366	0.454	1.484	0.627
0.535	0.479	1.614	2.798	1.501	0.486	0.364	0.454	1.418	0.591
0.532	0.479	1.58	2.368	1.526	0.483	0.364	0.454	1.272	0.535
0.535	0.476	1.575	2.297	1.523	0.483	0.366	0.449	1.089	0.491
0.537	0.476	1.56	2.307	1.436	0.488	0.374	0.452	1.008	0.422
0.54	0.476	1.533	2.332	1.208	0.491	0.371	0.452	0.823	0.396
0.537	0.479	1.414	2.351	0.979	0.488	0.371	0.454	0.681	0.393
0.535	0.483	1.135	2.339	0.85	0.488	0.366	0.454	0.588	0.398
0.532	0.486	1.001	2.332	0.789	0.483	0.366	0.452	0.527	0.393
0.535	0.483	0.764	2.334	0.83	0.483	0.369	0.447	0.513	0.391
0.537	0.479	0.615	2.334	0.779	0.488	0.371	0.447	0.476	0.388
0.542	0.476	0.613	2.273	0.664	0.491	0.371	0.447	0.469	0.386
0.54	0.466	0.559	2.126	0.588	0.496	0.366	0.449	0.454	0.391
0.535	0.476	0.527	1.89	0.527	0.496	0.361	0.457	0.447	0.393
0.615	0.479	0.474	1.56	0.481	0.488	0.361	0.461	0.439	0.393
2.537	0.481	0.452	1.194	0.488	0.481	0.361	0.457	0.432	0.386
3.418	0.479	0.442	0.947	0.5	0.486	0.364	0.454	0.422	0.386
2.642	0.493	0.461	0.808	0.474	0.491	0.366	0.459	0.425	0.386
2.019	0.686	0.449	0.742	0.491	0.488	0.364	0.457	0.42	0.393
1.887	2.51	0.439	0.635	0.493	0.493	0.366	0.457	0.427	0.398
1.902	1.975	0.435	0.596	0.493	0.491	0.366	0.459	0.435	0.398
1.912	1.162	0.43	0.591	0.491	0.491	0.369	0.461	0.432	0.398
1.892	0.876	0.432	0.52	0.488	0.491	0.371	0.454	0.437	0.4
1.868	0.84	0.437	0.464	0.491	0.488	0.371	0.454	0.437	0.4
1.89	0.842	0.439	0.503	0.481	0.488	0.366	0.457	0.435	0.4
1.885	0.842	0.437	0.53	0.481	0.491	0.361	0.461	0.442	0.403
1.799	0.833	0.442	0.483	0.476	0.488	0.364	0.461	0.444	0.398
1.467	0.825	0.442	0.479	0.474	0.488	0.366	0.459	0.444	0.398
1.216	0.762	0.444	0.479	0.471	0.493	0.374	0.454	0.449	0.393
1.165	0.715	0.442	0.474	0.471	0.498	0.369	0.457	0.439	0.391
0.94	0.713	0.437	0.486	0.469	0.5	0.366	0.459	0.435	0.396
0.752	0.664	0.432	0.486	0.469	0.5	0.364	0.459	0.435	0.403
0.662	0.623	0.435	0.488	0.469	0.64	0.364	0.457	0.439	0.405
0.615	0.598	0.437	0.488	0.466	1.06	0.369	0.454	0.439	0.403
0.559	0.53	0.437	0.488	0.464	3.538	0.366	0.447	0.437	0.391
0.522	0.503	0.442	0.493	0.466	2.979	0.369	0.439	0.435	0.391
0.518	0.496	0.442	0.496	0.471	2.163	0.371	0.442	0.435	0.4
0.52	0.496	0.437	0.496	0.471	1.946	0.364	0.444	0.439	0.405
0.513	0.483	0.437	0.496	0.469	1.912	0.366	0.447	0.439	0.41
0.544	0.486	0.437	0.493	0.461	1.943	0.369	0.444	0.442	0.405
0.574	0.486	0.439	0.486	0.461	1.946	0.364	0.442	0.449	0.403
0.601	0.483	0.442	0.488	0.464	1.931	0.371	0.442	0.447	0.4
0.61	0.488	0.439	0.491	0.466	1.956	0.366	0.447	0.447	0.4
0.62	0.493	0.437	0.496	0.466	1.97	0.366	0.449	0.447	0.403
0.627	0.496	0.437	0.493	0.464	1.951	0.369	0.449	0.449	0.4
0.64	0.496	0.437	0.498	0.459	1.929	0.369	0.447	0.449	0.396
0.652	0.496	0.442	0.505	0.459	1.938	0.369	0.444	0.444	0.393
0.652	0.493	0.439	0.51	0.454	1.938	0.371	0.439	0.444	0.4
0.652	0.498	0.439	0.51	0.461	1.931	0.366	0.476	0.444	0.405
0.645	0.503	0.437	0.51	0.466	1.882	0.366	1.821	0.444	0.41
0.647	0.503	0.439	0.508	0.464	1.682	0.366	2.827	0.449	0.413
0.647	0.505	0.447	0.51	0.464	1.306	0.366	2.322	0.452	0.413
0.649	0.5	0.449	0.513	0.461	1.011	0.369	1.797	0.452	0.41
0.652	0.493	0.442	0.503	0.464	0.847	0.371	1.689	0.449	0.413
0.649	0.496	0.437	0.498	0.471	0.774	0.371	1.677	0.452	0.442
0.645	0.493	0.437	0.498	0.481	0.671	0.371	1.658	0.449	0
0.647	0.493	0.435	0.496	0.527	0.591	0.369	1.675	0.454	0
0.654	0.496	0.439	0.498	1.003	0.535	0.371	1.685	0.454	0
0.657	0.491	0.442	0.5	1.836	0.476	0.369	1.692	0.452	0
0.654	0.491	0.444	0.503	1.731	0.41	0.371	1.689	0.454	0
0.652	0.491	0.442	0.503	1.553	0.391	0.371	1.675	0.452	0
0.649	0.496	0.439	0.5	1.611	0.398	0.371	1.66	0.452	0
0.645	0.496	0.439	0.498	1.699	0.371	0.369	1.487	0.452	0
0.64	0.496	0.439	0.503	1.787	0.359	0.369	1.196	0.452	0
0.645	0.493	0.442	0.505	2.002	0.369	0.371	0.972	0.449	0
0.652	0.491	0.444	0.508	2.134	0.356	0.371	0.872	0.452	0
0.657	0.503	0.439	0.508	2.18	0.359	0.361	0.706	0.447	0
0.652	0.508	0.439	0.503	2.168	0.354	0.359	0.591	0.454	0
0.649	0.503	0.442	0.503	2.141	0.347	0.356	0.547	0.454	0
0.649	0.498	0.444	0.503	2.104	0.347	0.352	0.559	0.457	0
0.647	0.493	0.444	0.51	1.956	0.352	0.359	0.544	0.457	0
0.642	0.493	0.439	0.51	1.724	0.354	0.359	0.518	0.454	0
0.64	0.496	0.442	0.513	1.504	0.352	0.359	0.535	0.454	0
0.635	0.503	0.437	0.51	1.238	0.352	0.356	0.583	0.454	0
0.63	0.503	0.437	0.508	1.006	0.349	0.356	0.557	0.449	0
0.632	0.503	0.442	0.51	0.703	0.349	0.359	0.525	0.444	0
0.64	0.498	0.442	0.508	0.605	0.347	0.361	0.483	0.447	0
0.64	0.498	0.442	0.51	0.574	0.352	0.364	0.474	0.447	0
0.64	0.503	0.439	0.632	0.532	0.352	0.361	0.483	0.444	0
0.637	0.505	0.435	0.962	0.5	0.349	0.361	0.498	0.447	0
0.637	0.505	0.432	2.192	0.464	0.349	0.364	0.503	0.442	0
0.637	0.503	0.439	2.366	0.432	0.349	0.366	0.498	0.447	0
0.647	0.498	0.442	2.168	0.425	0.352	0.364	0.496	0.444	0
0.735	0.5	0.442	2.151	0.452	0.352	0.366	0.491	0.439	0
1.965	0.498	0.439	2.141	0.447	0.352	0.369	0.493	0.439	0
2.893	0.5	0.439	2.129	0.442	0.349	0.364	0.496	0.442	0
2.08	0.503	0.442	2.18	0.444	0.347	0.361	0.503	0.442	0
1.699	0.5	0.454	2.271	0.439	0.347	0.361	0.496	0.444	0
1.838	0.496	0.72	2.339	0.439	0.349	0.366	0.496	0.444	0
2.026	0.493	3.628	2.378	0.439	0.354	0.371	0.498	0.439	0
2.065	0.491	3.066	2.405	0.439	0.354	0.518	0.498	0.437	0
2.166	0.498	2.144	2.388	0.439	0.354	2.727	0.5	0.437	0
2.229	0.498	1.89	2.368	0.43	0.352	1.675	0.498	0.447	0
2.256	0.496	1.865	2.327	0.427	0.352	1.462	0.493	0.527	0
2.266	0.491	1.865	2.1	0.427	0.352	1.624	0.488	2.903	0
2.236	0.491	1.885	1.636	0.425	0.354	1.672	0.488	2.222	0
1.973	0.491	1.86	1.265	0.432	0.354	1.685	0.496	1.541	0
1.628	0.498	1.855	0.896	0.437	0.352	1.77	0.498	1.304	0
1.294	0.5	1.855	0.774	0.442	0	1.846	0.493	1.284	0
0.962	0.498	1.851	0.649	0.439	0	1.831	0.493	1.292	0
0.798	0.5	1.753	0.559	0.439	0	1.802	0.498	1.287	0
0.823	0.493	1.406	0.476	0.442	0	1.685	0.5	1.287	0
0.767	0.688	1.145	0.442	0.444	0	1.558	0.503	1.289	0
0.757	2.31	0.967	0.383	0.447	0	1.34	0.51	1.289	0
0.703	2.827	0.911	0.359	0.449	0	1.162	0.508	1.282	0
0.588	1.982	0.959	0.347	0.444	0	1.018	0.503	1.255	0
0.562	1.636	0.879	0.361	0.439	0	0.911	0.493	1.089	0
0.547	1.602	0.759	0.369	0.439	0	0.715	0.505	0.94	0
0.5	1.606	0.686	0.391	0.444	0	0.576	0.505	0.801	0
0.459	1.616	0.642	0.369	0	0	0.498	0.508	0.735	0
0.452	1.609	0.605	0.352	0	0	0.457	0.513	0.647	0
0.454	1.572	0.601	0.347	0	0	0.449	0.51	0.557	0
0.454	1.543	0.603	0.349	0	0	0.457	0.505	0.527	0
0.457	1.526	0.525	0.352	0	0	0.452	0.503	0.503	0
0.454	1.484	0.491	0.349	0	0	0.449	0.505	0.496	0
0.459	1.401	0.496	0.344	0	0	0.432	0.505	0.491	0
0.457	1.208	0.525	0.344	0	0	0.42	0.508	0.5	0
0.459	1.042	0.54	0.344	0	0	0.437	0.505	0.518	0
0.457	0.942	0.535	0.347	0	0	0.447	0.505	0.471	0
0.454	0.906	0.53	0.352	0	0	0.449	0.51	0.437	0
0.454	0.94	0.53	0.352	0	0	0.444	0.513	0.437	0
0.454	0.894	0.535	0.349	0	0	0.444	0.518	0.439	0
0.454	0.82	0.54	0.347	0	0	0.439	0.515	0.442	0
0.452	0.769	0.54	0.349	0	0	0.444	0.508	0.447	0
0.454	0.71	0.537	0.349	0	0	0.447	0.503	0.454	0
0.457	0.664	0.535	0.352	0	0	0.449	0.496	0.459	0
0.459	0.613	0.535	0.349	0	0	0.447	0.505	0.454	0
0.454	0.593	0.532	0.347	0	0	0.447	0.515	0.454	0
0.454	0.601	0.535	0.347	0	0	0.444	0.518	0.459	0
0.454	0.559	0.537	0.349	0	0	0.447	0.518	0.461	0
0.457	0.52	0.535	0.352	0	0	0.439	0.51	0.461	0
0.459	0.518	0.535	0.354	0	0	0.442	0.515	0.457	0
0.457	0.525	0.535	0.352	0	0	0.439	0.518	0.459	0
0.452	0.542	0.535	0.347	0	0	0.432	0.53	0.466	0
0.452	0.552	0.535	0.347	0	0	0.43	0.637	0.469	0
0.452	0.552	0.54	0.347	0	0	0.435	2.38	0.476	0
0.457	0.554	0.542	0.352	0	0	0.435	2.253	0.476	0
0.457	0.557	0.542	0.354	0	0	0.435	1.602	0.474	0
0.454	0.554	0.542	0.352	0	0	0.43	1.567	0.469	0
0.452	0.566	0.542	0.347	0	0	0.43	1.79	0.474	0
0.449	0.564	0.537	0.344	0	0	0.432	1.929	0.474	0
0.447	0.562	0.537	0.344	0	0	0.442	2.034	0.476	0
0.449	0.557	0.54	0.347	0	0	0.444	2.175	0.474	0
0.449	0.557	0.54	0.347	0	0	0.442	2.241	0.471	0
0.449	0.559	0.535	0.347	0	0	0.442	2.29	0.469	0
0.447	0.559	0.535	0.342	0	0	0.442	2.314	0.474	0
0.447	0.564	0.53	0.342	0	0	0.449	2.339	0.474	0
0.457	0.562	0.532	0.344	0	0	0.474	2.339	0.471	0
0.5	0.562	0.537	0.396	0	0	2.439	2.327	0.471	0
1.672	0.559	0.54	0.686	0	0	2.915	2.187	0.469	0
3.987	0.557	0.537	0	0	0	2.175	1.821	0.471	0
3.157	0.564	0.532	0	0	0	2.021	1.555	0.466	0
2.917	0.566	0.544	0	0	0	2.234	1.26	0.474	0
3.171	0.559	0.662	0	0	0	2.449	0.916	0.562	0
3.677	0.554	2.72	0	0	0	2.534	0.747	2.229	0
0	0.547	3.271	0	0	0	2.581	0.693	3.145	0
0	0.552	2.766	0	0	0	2.573	0.613	2.493	0
0	0.554	2.625	0	0	0	2.578	0.598	2.356	0
0	0.564	2.59	0	0	0	2.612	0.564	2.456	0
0	0.562	2.605	0	0	0	2.505	0.491	2.563	0
0	0.557	2.617	0	0	0	2.324	0.466	2.708	0
0	0.547	2.632	0	0	0	2.063	0.464	2.878	0
0	0.544	2.666	0	0	0	1.79	0.466	2.974	0
0	0.544	2.673	0	0	0	1.606	0.471	3.005	0
0	0.549	2.666	0	0	0	1.406	0.471	3.013	0
0	0.557	2.603	0	0	0	1.174	0.466	3.02	0
0	0.559	2.512	0	0	0	0.923	0.461	3.018	0
0	0.557	2.244	0	0	0	0.75	0.461	2.986	0
0	0.562	1.799	0	0	0	0.654	0.461	2.749	0
0	0.571	1.348	0	0	0	0.613	0.466	2.449	0
0	0.571	0.962	0	0	0	0.564	0.469	1.948	0
0	0.569	0.754	0	0	0	0.503	0.469	1.511	0
0	0.566	0.627	0	0	0	0.435	0.466	1.208	0
0	0.564	0.581	0	0	0	0.381	0.464	0.774	0
0	0.562	0.532	0	0	0	0.352	0.464	0.596	0
0	0.566	0.483	0	0	0	0.342	0.469	0.562	0
0	0.569	0.422	0	0	0	0.342	0.471	0.547	0
0	0.566	0.388	0	0	0	0.352	0.466	0.535	0
0	0.566	0.386	0	0	0	0.349	0.469	0.518	0
0	0.566	0.381	0	0	0	0.349	0.469	0.469	0
0	0.569	0.371	0	0	0	0.349	0.466	0.447	0
0	0.579	0.371	0	0	0	0.344	0.464	0.447	0
0	0.669	0.378	0	0	0	0.347	0.454	0.452	0
0	3.164	0.386	0	0	0	0.354	0.449	0.449	0
0	4.355	0.391	0	0	0	0.354	0.452	0.444	0
0	2.913	0.393	0	0	0	0.352	0.454	0.447	0
0	2.339	0.388	0	0	0	0.347	0.457	0.447	0
0	2.532	0.383	0	0	0	0.352	0.459	0.447	0
0	2.803	0.383	0	0	0	0.356	0.457	0.447	0
0	2.922	0.388	0	0	0	0.359	0.459	0.449	0
0	3.01	0.393	0	0	0	0.364	0.457	0.452	0
0	3.047	0.391	0	0	0	0.364	0.454	0.449	0
0	3.066	0.366	0	0	0	0.361	0.457	0.447	0
0	3.088	0.386	0	0	0	0.359	0.459	0.449	0
0	3.083	0.383	0	0	0	0.361	0.449	0.449	0
0	2.947	0.391	0	0	0	0.361	0.444	0.449	0
0	2.539	0.403	0	0	0	0.366	0.449	0.449	0
0	1.917	0.403	0	0	0	0.366	0.464	0.444	0
0	1.23	0.396	0	0	0	0.366	0.466	0.447	0
0	0.889	0.4	0	0	0	0.361	0.471	0.447	0
0	0.84	0.4	0	0	0	0.364	0	0.452	0
0	0.637	0.403	0	0	0	0.364	0	0.459	0
0	0.532	0.396	0	0	0	0.364	0	0.459	0
0	0.439	0.391	0	0	0	0.361	0	0.454	0
0	0.396	0.396	0	0	0	0.364	0	0.454	0
0	0.391	0.393	0	0	0	0.366	0	0.454	0
0	0.417	0.391	0	0	0	0.369	0	0.457	0
0	0.396	0.391	0	0	0	0.369	0	0.459	0
0	0.354	0.393	0	0	0	0.369	0	0.457	0
0	0.352	0.386	0	0	0	0.369	0	0.454	0
0	0.349	0.388	0	0	0	0.369	0	0.454	0
0	0.356	0.388	0	0	0	0.366	0	0.457	0
0	0.359	0.391	0	0	0	0.366	0	0.459	0
0	0.354	0.393	0	0	0	0.366	0	0	0
0	0.354	0.393	0	0	0	0.369	0	0	0
0	0.352	0.396	0	0	0	0.366	0	0	0
0	0.356	0	0	0	0	0.364	0	0	0
0	0.361	0	0	0	0	0.361	0	0	0
0	0.359	0	0	0	0	0.359	0	0	0
0	0.361	0	0	0	0	0.364	0	0	0
0	0.356	0	0	0	0	0.371	0	0	0
0	0.354	0	0	0	0	0.376	0	0	0
0	0.354	0	0	0	0	0.374	0	0	0
0	0.356	0	0	0	0	0.371	0	0	0
0	0.359	0	0	0	0	0.374	0	0	0
0	0.359	0	0	0	0	0.432	0	0	0
0	0.361	0	0	0	0	0	0	0	0
0	0.356	0	0	0	0	0	0	0	0
0	0.359	0	0	0	0	0	0	0	0
0	0.361	0	0	0	0	0	0	0	0
0	0.361	0	0	0	0	0	0	0	0
0	0.361	0	0	0	0	0	0	0	0
0	0.359	0	0	0	0	0	0	0	0
0	0.359	0	0	0	0	0	0	0	0
0	0.361	0	0	0	0	0	0	0	0
0	0.364	0	0	0	0	0	0	0	0
0	0.364	0	0	0	0	0	0	0	0
0	0.364	0	0	0	0	0	0	0	0
0	0.364	0	0	0	0	0	0	0	0
0	0.364	0	0	0	0	0	0	0	0
0	0.361	0	0	0	0	0	0	0	0
0	0.364	0	0	0	0	0	0	0	0
0	0.388	0	0	0	0	0	0	0	0
0	1.663	0	0	0	0	0	0	0	0
0	3.091	0	0	0	0	0	0	0	0
0	2.278	0	0	0	0	0	0	0	0
