0.137	0.144	2.676	0.1	0.127	0.117	0.146	0.156	0.144	0.132
0.142	0.144	1.428	0.1	0.132	0.117	0.303	0.156	0.144	0.132
0.168	0.144	1.145	0.105	0.132	0.117	2.566	0.161	0.144	0.134
0.706	0.149	1.194	0.107	0.132	0.12	3.838	0.278	0.186	0.222
3.115	0.151	1.316	0.105	0.149	0.305	2.332	2.083	0.571	1.643
3.469	0.225	1.404	0.1	0.288	2.41	1.106	3.965	1.56	4.241
2.444	1.16	1.411	0.112	1.855	3.513	0.774	3.203	1.445	3.489
1.968	3.013	1.321	0.569	4.087	2.458	0.874	1.897	0.837	1.729
2.041	2.69	1.218	3.499	3.992	1.367	1.003	1.482	0.525	1.208
2.324	1.653	1.133	3.674	3.215	0.979	1.042	1.558	0.388	1.169
2.419	1.294	1.042	2.168	3.003	0.989	1.018	1.729	0.376	1.277
2.444	1.382	0.964	1.399	2.974	1.082	0.981	1.846	0.405	1.333
2.429	1.526	0.903	1.233	2.961	1.152	0.923	1.821	0.457	1.343
2.388	1.567	0.762	1.404	3	1.091	0.854	1.721	0.481	1.35
2.251	1.548	0.625	1.567	3.057	1.035	0.82	1.533	0.474	1.343
2.092	1.562	0.535	1.599	3.027	0.95	0.793	1.309	0.471	1.279
1.975	1.504	0.491	1.584	2.8	0.852	0.752	1.133	0.461	1.204
1.702	1.377	0.369	1.516	2.395	0.757	0.623	0.83	0.413	1.094
1.267	1.233	0.269	1.375	1.758	0.698	0.527	0.691	0.4	1.003
1.052	1.084	0.21	1.235	1.279	0.588	0.422	0.618	0.356	0.811
0.718	0.986	0.176	1.14	1.008	0.513	0.334	0.508	0.288	0.637
0.559	0.762	0.178	1.038	0.808	0.42	0.251	0.435	0.247	0.544
0.51	0.613	0.183	0.874	0.75	0.337	0.198	0.386	0.21	0.459
0.469	0.488	0.181	0.693	0.718	0.283	0.166	0.276	0.161	0.381
0.359	0.42	0.164	0.557	0.576	0.2	0.173	0.225	0.149	0.361
0.339	0.364	0.156	0.498	0.398	0.146	0.173	0.183	0.149	0.247
0.298	0.295	0.154	0.449	0.273	0.134	0.154	0.173	0.154	0.195
0.247	0.222	0.159	0.347	0.173	0.134	0.144	0.181	0.154	0.154
0.181	0.166	0.159	0.256	0.149	0.134	0.142	0.178	0.151	0.151
0.137	0.132	0.156	0.2	0.144	0.122	0.181	0.173	0.146	0.154
0.142	0.127	0.154	0.181	0.134	0.117	0.181	0.159	0.142	0.144
0.156	0.137	0.154	0.178	0.134	0.112	0.247	0.156	0.142	0.137
0.164	0.144	0.156	0.181	0.129	0.115	0.356	0.156	0.142	0.125
0.166	0.146	0.159	0.176	0.12	0.11	0.408	0.159	0.139	0.122
0.149	0.134	0.156	0.161	0.117	0.107	0.432	0.159	0.142	0.125
0.144	0.129	0.156	0.156	0.112	0.107	0.457	0.156	0.144	0.125
0.149	0.122	0.151	0.154	0.115	0.105	0.471	0.154	0.144	0.122
0.151	0.12	0.151	0.156	0.12	0.103	0.513	0.159	0.144	0.125
0.154	0.122	0.154	0.159	0.117	0.105	0.588	0.159	0.154	0.129
0.151	0.125	0.186	0.161	0.117	0.117	0.625	0.164	0.247	0.132
0.149	0.122	0.227	0.159	0.115	0.144	0.659	0.181	2.268	0.132
0.149	0.115	0.33	0.154	0.115	0.264	0.681	0.273	2.673	0.222
0.151	0.11	0.532	0.154	0.112	1.665	0.708	2.124	1.169	0.503
0.156	0.112	0.508	0.156	0.105	1.196	0.75	1.501	0.691	2.432
0.156	0.115	0.43	0.161	0.105	0.596	0.764	0.73	0.83	2.046
0.154	0.122	0.417	0.161	0.103	0.488	0.764	0.593	1.125	1.201
0.151	0.122	0.435	0.156	0.1	0.703	0.771	0.708	1.25	0.981
0.151	0.117	0.459	0.154	0.093	0.818	0.774	0.82	1.357	1.069
0.149	0.115	0.481	0.156	0.095	0.872	0.764	0.84	1.484	1.304
0.149	0.12	0.493	0.156	0.09	0.906	0.762	0.842	1.609	1.406
0.171	0.125	0.505	0.159	0.095	0.94	0.754	0.859	1.692	1.418
0.234	0.127	0.5	0.164	0.095	0.952	0.742	0.864	1.743	1.409
0.527	0.129	0.505	0.19	0.098	0.947	0.706	0.859	1.833	1.377
1.365	0.127	0.505	0.293	0.095	0.935	0.62	0.852	1.897	1.355
0.952	0.122	0.527	2.312	0.093	0.93	0.552	0.852	1.941	1.348
0.698	0.115	0.537	2.314	0.095	0.906	0.513	0.854	1.965	1.35
0.752	0.117	0.547	1.282	0.1	0.876	0.496	0.854	1.96	1.357
0.92	0.117	0.552	1.006	0.103	0.847	0.479	0.811	1.963	1.362
1.033	0.117	0.552	1.101	0.115	0.808	0.444	0.769	1.956	1.348
1.077	0.117	0.557	1.194	0.127	0.752	0.417	0.703	1.899	1.279
1.099	0.112	0.557	1.26	0.127	0.698	0.391	0.625	1.682	1.216
1.111	0.112	0.554	1.323	0.129	0.647	0.371	0.547	1.453	1.162
1.116	0.117	0.552	1.362	0.129	0.61	0.327	0.486	1.257	1.089
1.108	0.12	0.535	1.379	0.129	0.532	0.308	0.503	1.125	1.052
1.118	0.127	0.461	1.372	0.129	0.461	0.261	0.464	0.889	0.994
1.116	0.127	0.432	1.367	0.125	0.415	0.225	0.454	0.645	0.879
1.082	0.127	0.422	1.367	0.127	0.41	0.173	0.447	0.503	0.735
1.042	0.129	0.417	1.379	0.127	0.417	0.156	0.469	0.442	0.642
1.013	0.132	0.396	1.382	0.129	0.371	0.212	0.388	0.378	0.581
1.011	0.132	0.393	1.375	0.129	0.339	0.256	0.317	0.339	0.544
0.945	0.137	0.391	1.357	0.129	0.347	0.188	0.293	0.259	0.542
0.835	0.137	0.366	1.304	0.122	0.349	0.154	0.271	0.21	0.496
0.73	0.132	0.32	1.245	0.117	0.281	0.149	0.229	0.159	0.461
0.627	0.129	0.269	1.13	0.122	0.266	0.186	0.188	0.144	0.425
0.591	0.129	0.242	1.021	0.117	0.244	1.963	0.176	0.142	0.337
0.54	0.129	0.21	0.869	0.117	0.203	2.336	0.178	0.144	0.242
0.503	0.129	0.171	0.691	0.11	0.149	1.072	0.19	0.144	0.225
0.481	0.129	0.159	0.605	0.098	0.11	0.669	0.168	0.142	0.229
0.464	0.127	0.151	0.518	0.103	0.103	0.564	0.161	0.142	0.242
0.388	0.127	0.154	0.486	0.107	0.107	0.596	0.156	0.142	0.188
0.354	0.129	0.156	0.464	0.112	0.112	0.618	0.161	0.139	0.142
0.295	0.132	0.156	0.408	0.112	0.112	0.615	0.166	0.139	0.134
0.273	0.129	0.156	0.344	0.103	0.103	0.61	0.31	0.142	0.132
0.229	0.127	0.156	0.278	0.093	0.098	0.62	1.836	0.142	0.127
0.205	0.127	0.151	0.232	0.09	0.1	0.637	2.283	0.129	0.122
0.178	0.129	0.154	0.181	0.093	0.103	0.64	1.482	0.127	0.122
0.146	0.129	0.156	0.166	0.098	0.105	0.615	1.003	0.125	0.127
0.142	0.129	0.159	0.164	0.083	0.1	0.505	0.898	0.12	0.129
0.139	0.129	0.161	0.159	0.083	0.103	0.312	0.884	0.137	0.127
0.142	0.127	0.203	0.156	0.081	0.103	0.222	0.864	0.276	0.125
0.137	0.125	0.776	0.156	0.083	0.103	0.186	0.876	2.158	0.122
0.139	0.122	1.096	0.156	0.085	0.105	0.159	0.886	2.219	0.125
0.137	0.127	0.703	0.161	0.103	0.107	0.161	0.876	1.104	0.127
0.137	0.132	0.53	0.161	0.122	0.11	0.176	0.876	0.61	0.132
0.137	0.129	0.479	0.156	0.127	0.129	0.166	0.796	0.601	0.127
0.149	0.122	0.466	0.154	0.127	0.457	0.151	0.701	0.754	0.127
0.337	0.12	0.461	0.151	0.142	1.416	0.149	0.54	0.801	0.125
1.055	0.122	0.457	0.156	0.261	0.962	0.149	0.425	0.803	0.125
0.891	0.125	0.454	0.159	2.939	0.479	0.146	0.339	0.835	0.127
0.435	0.127	0.454	0.161	2.786	0.356	0.144	0.332	0.847	0.129
0.337	0.129	0.457	0.181	1.172	0.342	0.142	0.322	0.808	0.364
0.371	0.129	0.435	1.064	0.693	0.344	0.144	0.259	0.732	2.673
0.417	0.125	0.383	2.266	0.623	0.356	0.144	0.205	0.618	2.771
0.415	0.125	0.337	1.292	0.769	0.352	0.146	0.178	0.547	1.514
0.408	0.129	0.317	0.571	0.818	0.347	0.144	0.161	0.518	1.082
0.405	0.129	0.217	0.415	0.83	0.339	0.142	0.151	0.43	1.011
0.413	0.132	0.183	0.41	0.847	0.286	0.139	0.146	0.386	1.011
0.41	0.129	0.188	0.42	0.84	0.254	0.144	0.144	0.359	1.008
0.413	0.125	0.19	0.43	0.833	0.234	0.146	0.139	0.347	1.025
0.403	0.127	0.193	0.439	0.818	0.2	0.151	0.142	0.317	1.003
0.352	0.129	0.183	0.447	0.823	0.203	0.154	0.144	0.293	0.986
0.327	0.129	0.168	0.454	0.82	0.215	0.151	0.142	0.251	0.991
0.247	0.132	0.161	0.454	0.82	0.195	0.149	0.139	0.215	0.986
0.19	0.129	0.159	0.447	0.747	0.21	0.154	0.132	0.176	0.986
0.166	0.129	0.159	0.447	0.657	0.205	0.154	0.137	0.146	1.001
0.171	0.127	0.156	0.444	0.615	0.168	0.156	0.139	0.137	0.972
0.161	0.129	0.159	0.408	0.562	0.132	0.154	0.144	0.132	0.75
0.166	0.132	0.159	0.33	0.508	0.117	0.146	0.144	0.127	0.459
0.142	0.134	0.159	0.222	0.469	0.112	0.139	0.142	0.129	0.342
0.137	0.134	0.156	0.178	0.413	0.11	0.139	0.139	0.137	0.308
0.139	0.125	0.156	0.193	0.376	0.105	0.125	0.137	0.137	0.298
0.142	0.122	0.151	0.203	0.295	0.105	0.12	0.132	0.134	0.225
0.142	0.127	0.154	0.198	0.283	0.11	0.105	0.134	0.134	0.171
0.139	0.127	0.159	0.19	0.247	0.107	0.105	0.137	0.132	0.146
0.137	0.129	0.159	0.166	0.188	0.11	0.09	0.132	0.134	0.134
0.134	0.125	0.156	0.156	0.176	0.107	0.098	0.127	0.134	0.132
0.137	0.122	0.154	0.156	0.173	0.112	0.1	0.127	0.137	0.132
0.139	0.144	0.149	0.156	0.164	0.11	0.103	0.117	0.132	0.129
0.142	0.161	0.156	0.156	0.156	0.107	0.1	0.122	0.127	0.132
0.139	0.166	0.159	0.159	0.146	0.115	0.093	0.122	0.129	0.132
0.137	0.166	0.159	0.159	0.146	0.115	0.09	0.129	0.132	0.132
0.134	0.164	0.159	0.154	0.146	0.112	0.081	0.125	0.137	0.127
0.139	0.164	0.154	0.154	0.146	0.112	0.105	0.12	0.139	0.122
0.142	0.166	0.154	0.156	0.149	0.115	0.117	0.12	0.137	0.125
0.139	0.166	0.156	0.159	0.149	0.117	0.112	0.125	0.134	0.125
0.139	0.168	0.159	0.161	0.142	0.11	0.11	0.127	0.134	0.125
0.134	0.171	0.156	0.156	0.139	0.107	0.115	0.129	0.134	0.122
0.132	0.173	0.154	0.156	0.137	0.105	0.12	0.12	0.137	0.12
0.132	0.168	0.154	0.154	0.137	0.11	0.122	0.12	0.139	0.117
0.132	0.166	0.156	0.156	0.142	0.11	0.125	0.122	0.134	0.117
0.137	0.168	0.159	0.159	0.146	0.11	0.12	0.127	0.134	0.12
0.129	0.171	0.161	0.161	0.146	0.115	0.115	0.127	0.134	0.122
0.129	0.168	0.159	0.159	0.139	0.105	0.112	0.144	0.137	0.122
0.129	0.168	0.156	0.154	0.139	0.105	0.112	0.151	0.142	0.12
0.129	0.183	0.156	0.156	0.142	0.105	0.115	0.154	0.139	0.12
0.132	0.366	0.156	0.156	0.142	0.11	0.115	0.151	0.137	0.12
0.129	3.376	0.159	0.161	0.149	0.112	0.115	0.159	0.137	0.125
0.125	1.523	0.159	0.161	0.146	0.11	0.112	0.159	0.134	0.127
0.127	0.698	0.159	0.161	0.142	0.105	0.117	0.159	0.134	0.127
0.127	0.53	0.159	0.156	0.137	0.1	0.117	0.154	0.132	0.122
0.129	0.576	0.154	0.156	0.142	0.103	0.117	0.154	0.132	0.122
0.129	0.627	0.154	0.159	0.144	0.1	0.12	0.154	0.134	0.122
0.129	0.601	0.156	0.161	0.146	0.1	0.115	0.156	0.129	0.125
0.132	0.586	0.159	0.161	0.144	0.103	0.115	0.156	0.129	0.127
0.129	0.574	0.159	0.159	0.142	0.103	0.115	0.149	0.132	0.122
0.129	0.569	0.156	0.156	0.251	0.1	0.115	0.149	0.137	0.12
0.134	0.552	0.154	0.156	1.504	0.1	0.117	0.151	0.137	0.122
0.137	0.547	0.156	0.159	1.821	0.105	0.117	0.154	0.134	0.125
0.137	0.549	0.156	0.161	1.033	0.107	0.117	0.156	0.127	0.127
0.134	0.505	0.159	0.161	0.598	0.107	0.11	0.159	0.129	0.129
0.132	0.469	0.159	0.156	0.525	0.105	0.11	0.156	0.132	0.129
0.132	0.425	0.156	0.156	0.557	0.105	0.11	0.151	0.137	0.127
0.134	0.408	0.154	0.156	0.571	0.107	0.115	0.144	0.139	0.125
0.137	0.366	0.154	0.159	0.581	0.107	0.117	0.146	0.134	0.125
0.139	0.347	0.156	0.161	0.586	0.11	0.117	0.149	0.127	0.129
0.137	0.371	0.161	0.161	0.576	0.112	0.117	0.151	0.127	0.132
0.134	0.315	0.159	0.159	0.503	0.107	0.117	0.149	0.127	0.134
0.132	0.271	0.156	0.156	0.447	0.105	0.115	0.146	0.132	0.129
0.134	0.249	0.154	0.159	0.415	0.11	0.117	0.146	0.134	0.127
0.139	0.22	0.154	0.159	0.354	0.115	0.117	0.146	0.129	0.127
0.137	0.186	0.156	0.161	0.352	0.115	0.115	0.151	0.127	0.129
0.134	0.146	0.159	0.159	0.354	0.117	0.115	0.146	0.127	0.129
0.132	0.137	0.159	0.159	0.33	0.115	0.115	0.144	0.134	0.129
0.129	0.134	0.156	0.159	0.308	0.112	0.112	0.142	0.134	0.125
0.132	0.129	0.154	0.156	0.242	0.112	0.115	0.142	0.134	0.122
0.137	0.132	0.156	0.159	0.21	0.115	0.115	0.144	0.134	0.125
0.137	0.134	0.159	0.161	0.176	0.115	0.117	0.151	0.132	0.127
0.134	0.137	0.159	0.164	0.139	0.117	0.115	0.154	0.132	0.129
0.132	0.129	0.159	0.159	0.132	0.112	0.11	0.151	0.132	0.129
0.132	0.127	0.156	0.156	0.137	0.11	0.112	0.149	0.134	0.127
0.134	0.125	0.154	0.156	0.137	0.11	0.117	0.146	0.149	0.125
0.139	0.127	0.156	0.159	0.137	0.112	0.115	0.146	0.271	0.127
0.137	0.127	0.159	0.161	0.142	0.115	0.112	0.151	3.013	0.129
0.137	0.132	0.159	0.161	0.139	0.12	0.107	0.154	1.707	0.129
0.132	0.127	0.159	0.159	0.137	0.112	0.1	0.149	0.964	0.129
0.132	0.127	0.156	0.156	0.132	0.107	0.11	0.144	0.732	0.127
0.134	0.127	0.154	0.159	0.129	0.11	0.115	0.142	0.886	0.125
0.137	0.127	0.154	0.159	0.137	0.105	0.103	0.142	1.292	0.125
0.139	0.129	0.156	0.161	0.134	0.107	0.098	0.142	1.226	0.129
0.139	0.132	0.161	0.161	0.132	0.11	0.107	0.146	1.057	0.132
0.137	0.129	0.161	0.159	0.129	0.105	0.105	0.142	1.035	0.132
0.137	0.127	0.159	0.156	0.127	0.105	0.107	0.139	1.042	0.129
0.139	0.127	0.156	0.156	0.129	0.1	0.112	0.144	1.052	0.127
0.139	0.127	0.156	0.159	0.125	0.105	0.11	0.151	1.035	0.129
0.142	0.127	0.159	0.161	0.129	0.107	0.103	0.156	1.018	0.125
0.137	0.129	0.161	0.161	0.129	0.112	0.098	0.159	0.935	0.125
0.129	0.125	0.159	0.159	0.127	0.107	0.1	0.159	0.85	0.122
0.132	0.122	0.154	0.156	0.125	0.103	0.093	0.156	0.84	0.115
0.134	0.12	0.156	0.156	0.125	0.103	0.09	0.154	0.825	0.115
0.137	0.12	0.156	0.159	0.127	0.11	0.09	0.156	0.73	0.117
0.139	0.125	0.156	0.161	0.127	0.105	0.09	0.159	0.562	0.117
0.137	0.125	0.159	0.161	0.127	0.105	0.09	0.161	0.437	0.12
0.134	0.146	0.159	0.156	0.125	0.103	0.088	0.161	0.43	0.12
0.134	0.92	0.156	0.154	0.125	0.1	0.09	0.159	0.374	0.117
0.134	1.934	0.156	0.154	0.122	0.103	0.095	0.156	0.276	0.11
0.134	1.072	0.156	0.156	0.125	0.103	0.11	0.183	0.195	0.115
0.134	0.569	0.159	0.156	0.129	0.11	0.12	0.425	0.149	0.117
0.134	0.43	0.159	0.161	0.132	0.107	0.117	3.398	0.134	0.122
0.132	0.432	0.159	0.156	0.132	0.105	0.132	2.209	0.137	0.117
0.129	0.452	0.156	0.154	0.127	0.105	0.234	1.187	0.137	0.115
0.132	0.452	0.156	0.154	0.129	0.103	3.35	0.959	0.139	0.112
0.137	0.444	0.156	0.156	0.132	0.105	2.671	1.028	0.139	0.117
0.137	0.452	0.159	0.159	0.134	0.11	1.88	1.086	0.134	0.122
0.134	0.452	0.161	0.159	0.134	0.115	2.09	1.084	0.134	0.125
0.129	0.417	0.159	0.156	0.125	0.112	2.512	1.077	0.137	0.12
0.127	0.315	0.156	0.154	0.125	0.107	2.607	1.057	0.137	0.117
0.132	0.259	0.156	0.151	0.129	0.103	2.632	1.021	0.137	0.117
0.137	0.249	0.156	0.156	0.134	0.105	2.654	1.016	0.134	0.12
0.134	0.215	0.159	0.159	0.132	0.112	2.695	1.013	0.134	0.122
0.137	0.193	0.161	0.159	0.129	0.112	2.769	0.986	0.134	0.122
0.132	0.178	0.159	0.156	0.129	0.112	2.808	0.959	0.134	0.12
0.134	0.171	0.156	0.154	0.134	0.11	2.788	0.913	0.137	0.117
0.137	0.164	0.154	0.154	0.142	0.11	2.837	0.835	0.139	0.112
0.142	0.125	0.156	0.159	0.142	0.11	2.854	0.769	0.137	0.115
0.139	0.129	0.159	0.161	0.144	0.115	2.8	0.723	0.132	0.117
0.139	0.117	0.159	0.159	0.142	0.112	2.62	0.64	0.132	0.117
0.137	0.115	0.159	0.156	0.137	0.112	2.393	0.427	0.137	0.122
0.137	0.117	0.156	0.154	0.134	0.11	2.205	0.366	0.139	0.117
0.137	0.117	0.154	0.156	0.137	0.11	1.931	0.264	0.137	0.117
0.142	0.12	0.156	0.164	0.139	0.117	1.746	0.242	0.134	0.117
0.139	0.12	0.159	0.159	0.142	0.12	1.531	0.208	0.132	0.122
0.134	0.12	0.159	0.417	0.142	0.117	1.182	0.176	0.132	0.125
0.132	0.115	0.159	2.344	0.134	0.112	0.906	0.168	0.134	0.122
0.132	0.115	0.156	1.375	0.134	0.112	0.732	0.161	0.137	0.117
0.137	0.115	0.154	0.84	0.137	0.112	0.515	0.156	0.134	0.11
0.137	0.117	0.154	0.75	0.142	0.117	0.461	0.156	0.132	0.117
0.139	0.117	0.156	1.042	0.142	0.117	0.391	0.159	0.129	0.117
0.134	0.12	0.159	1.152	0.142	0.115	0.239	0.161	0.129	0.117
0.134	0.12	0.156	1.094	0.139	0.112	0.134	0.159	0.132	0.117
0.129	0.117	0.156	1.079	0.132	0.112	0.103	0.156	0.137	0.112
0.134	0.122	0.156	1.072	0.137	0.115	0.1	0.156	0.139	0.112
0.137	0.12	0.156	1.079	0.142	0.115	0.098	0.159	0.137	0.115
0.137	0.129	0.159	1.086	0.142	0.112	0.095	0.161	0.134	0.115
0.134	0.132	0.159	1.089	0.139	0.11	0.093	0.159	0.134	0.117
0.132	0.127	0.159	1.094	0.139	0.11	0.088	0.161	0.134	0.117
0.132	0.129	0.156	1.082	0.139	0.105	0.093	0.156	0.139	0.112
0.137	0.127	0.154	1.013	0.139	0.107	0.095	0.156	0.139	0.117
0.134	0.127	0.164	0.901	0.142	0.11	0.095	0.156	0.137	0.151
0.137	0.127	0.229	0.828	0.144	0.112	0.095	0.159	0.134	1.687
0.132	0.129	2.341	0.801	0.142	0.112	0.095	0.161	0.134	3.123
0.129	0.129	2.578	0.786	0.139	0.11	0.098	0.156	0.134	1.514
0.129	0.129	1.492	0.771	0.139	0.107	0.1	0.156	0.137	1.006
0.129	0.127	1.262	0.642	0.137	0.11	0.103	0.156	0.137	1.045
0.132	0.129	1.816	0.452	0.142	0.112	0.098	0.156	0.134	1.348
0.132	0.129	1.99	0.337	0.142	0.115	0.095	0.161	0.132	1.375
0.129	0.132	2.004	0.342	0.137	0.115	0.093	0.164	0.134	1.331
0.125	0.127	2	0.334	0.134	0.11	0.098	0.161	0.129	1.316
0.129	0.127	1.938	0.31	0.132	0.107	0.098	0.159	0.134	1.304
0.132	0.134	1.897	0.249	0.132	0.107	0.095	0.156	0.137	1.272
0.132	0.137	1.892	0.215	0.137	0.112	0.095	0.156	0.132	1.235
0.129	0.139	1.895	0.176	0.139	0.11	0.093	0.161	0.132	1.201
0.134	0.142	1.921	0.168	0.139	0.112	0.093	0.161	0.132	1.184
0.134	0.137	1.899	0.164	0.134	0.11	0.093	0.159	0.134	1.145
0.132	0.132	1.877	0.159	0.132	0.105	0.093	0.156	0.139	1.062
0.132	0.127	1.858	0.159	0.134	0.129	0.098	0.156	0.139	0.925
0.137	0.129	1.816	0.161	0.139	0.176	0.1	0.159	0.139	0.94
0.137	0.132	1.733	0.164	0.142	0.806	0.1	0.161	0.139	0.989
0.132	0.132	1.592	0.164	0.144	2.62	0.098	0.164	0.137	0.913
0.129	0.132	1.455	0.164	0.142	1.716	0.093	0.161	0.139	0.813
0.125	0.132	1.189	0.161	0.139	1.238	0.09	0.156	0.137	0.601
0.129	0.127	1.038	0.161	0.139	1.514	0.093	0.156	0.137	0.557
0.127	0.129	0.977	0.164	0.144	1.685	0.09	0.156	0.139	0.488
0.132	0.127	0.925	0.166	0.146	1.675	0.088	0.161	0.139	0.281
0.125	0.129	0.769	0.166	0.144	1.65	0.088	0.164	0.137	0.166
0.122	0.129	0.596	0.161	0.142	1.66	0.083	0.159	0.134	0.139
0.122	0.127	0.535	0.161	0.139	1.665	0.083	0.159	0.132	0.129
0.125	0.127	0.391	0.161	0.139	1.66	0.09	0.156	0.139	0.127
0.127	0.129	0.256	0.166	0.142	1.641	0.093	0.159	0.208	0.127
0.132	0.137	0.181	0.164	0.142	1.636	0.093	0.161	0.754	0.127
0.127	0.137	0.164	0.164	0.142	1.621	0.093	0.161	1.897	0.127
0.125	0.134	0.161	0.164	0.142	1.606	0.09	0.164	1.782	0.127
0.122	0.132	0.156	0.161	0.137	1.562	0.095	0.159	1.301	0.127
0.127	0.132	0.154	0.161	0.139	1.482	0.098	0.156	1.279	0.125
0.127	0.132	0.159	0.166	0.142	1.387	0.095	0.159	1.36	0.127
0.125	0.132	0.159	0.166	0.144	1.311	0.093	0.161	1.418	0.129
0.125	0.134	0.161	0.166	0.142	1.104	0.093	0.161	1.431	0.129
0.125	0.132	0.159	0.164	0.142	1.008	0.098	0.159	1.458	0.127
0.127	0.129	0.156	0.161	0.139	0.876	0.11	0.159	1.484	0.125
0.127	0.129	0.154	0.161	0.142	0.725	0.115	0.156	1.499	0.122
0.134	0.129	0.156	0.164	0.142	0.603	0.117	0.188	1.499	0.125
0.132	0.132	0.159	0.166	0.137	0.405	0.117	0.31	1.45	0.125
0.129	0.134	0.159	0.164	0.137	0.349	0.112	1.147	1.367	0.129
0.127	0.129	0.159	0.161	0.134	0.303	0.112	2.283	1.255	0.129
0.125	0.125	0.156	0.161	0.139	0.217	0.11	1.975	1.077	0.125
0.132	0.122	0.154	0.161	0.132	0.149	0.115	1.631	0.833	0.122
0.134	0.127	0.154	0.164	0.134	0.122	0.117	1.621	0.652	0.127
0.132	0.129	0.159	0.166	0.134	0.117	0.117	1.658	0.586	0.127
0.129	0.129	0.159	0.164	0.132	0.115	0.115	1.67	0.581	0.125
0.125	0.129	0.159	0.164	0.129	0.107	0.112	1.65	0.53	0.125
0.129	0.125	0.156	0.161	0.125	0.105	0.115	1.658	0.371	0.122
0.129	0.127	0.154	0.161	0.125	0.103	0.117	1.66	0.325	0.127
0.132	0.122	0.156	0.166	0.125	0.103	0.115	1.665	0.278	0.127
0.129	0.129	0.159	0.166	0.129	0.11	0.11	1.663	0.203	0.125
0.127	0.132	0.159	0.166	0.139	0.112	0.107	1.616	0.166	0.12
0.125	0.129	0.159	0.164	0.142	0.11	0.107	1.475	0.149	0.117
0.127	0.127	0.156	0.161	0.144	0.107	0.107	1.243	0.142	0.112
0.129	0.127	0.154	0.161	0.146	0.11	0.107	1.084	0.137	0.115
0.132	0.127	0.151	0.166	0.149	0.103	0.11	0.903	0.134	0.117
0.134	0.129	0.159	0.166	0.149	0.105	0.115	0.691	0.132	0.12
0.129	0.132	0.159	0.166	0.149	0.105	0.12	0.632	0.132	0.122
0.129	0.132	0.156	0.161	0.142	0.107	0.125	0.588	0.134	0.12
0.132	0.129	0.154	0.161	0.142	0.107	0.12	0.413	0.134	0.115
0.132	0.129	0.154	0.164	0.146	0.105	0.115	0.332	0.142	0.125
0.132	0.127	0.156	0.164	0.151	0.11	0.115	0.293	0.139	0.239
0.132	0.127	0.159	0.166	0.149	0.107	0.105	0.232	0.139	1.602
0.129	0.129	0.159	0.164	0.149	0.11	0.1	0.19	0.139	3.228
0.129	0.129	0.159	0.164	0.149	0.112	0.09	0.168	0.139	2.039
0.132	0.127	0.156	0.159	0.144	0.11	0.098	0.159	0.142	1.406
0.129	0.129	0.159	0.161	0.171	0.105	0.095	0.156	0.144	1.35
0.142	0.129	0.156	0.164	0.71	0.105	0.09	0.159	0.139	1.406
0.283	0.132	0.159	0.166	3.64	0.107	0.09	0.164	0.137	1.448
3.398	0.132	0.159	0.164	2.241	0.105	0.09	0.164	0.144	1.46
2.729	0.132	0.156	0.164	1.67	0.107	0.088	0.161	0.144	1.497
1.536	0.127	0.156	0.161	2.073	0.105	0.083	0.156	0.142	1.533
1.592	0.122	0.156	0.164	2.236	0.105	0.085	0.159	0.142	1.528
1.943	0.122	0.156	0.164	2.322	0.112	0.107	0.159	0.139	1.445
2.012	0.122	0.159	0.166	2.332	0.115	0.112	0.164	0.137	1.353
1.978	0.12	0.161	0.166	2.419	0.11	0.115	0.161	0.137	1.245
1.978	0.117	0.159	0.161	2.437	0.112	0.115	0.151	0.139	1.057
1.96	0.115	0.156	0.161	2.432	0.11	0.117	0.134	0.142	0.84
1.934	0.122	0.154	0.164	2.407	0.11	0.115	0.129	0.142	0.706
1.929	0.117	0.156	0.164	2.378	0.112	0.11	0.127	0.137	0.642
1.921	0.12	0.159	0.166	2.271	0.112	0.103	0.129	0.137	0.535
1.897	0.125	0.161	0.166	2.107	0.11	0.093	0.125	0.137	0.371
1.865	0.122	0.159	0.161	1.907	0.103	0.095	0.12	0.139	0.3
1.75	0.12	0.156	0.161	1.697	0.098	0.1	0.12	0.139	0.259
1.594	0.122	0.154	0.161	1.575	0.103	0.103	0.122	0.139	0.171
1.353	0.125	0.156	0.166	1.348	0.11	0.103	0.127	0.134	0.151
1.201	0.127	0.159	0.164	1.16	0.115	0.105	0.132	0.134	0.129
1.094	0.132	0.159	0.164	0.923	0.115	0.1	0.134	0.134	0.122
1.055	0.129	0.159	0.161	0.718	0.112	0.103	0.132	0.134	0.12
0.928	0.129	0.154	0.164	0.537	0.107	0.098	0.132	0.139	0.12
0.728	0.127	0.154	0.161	0.479	0.11	0.098	0.127	0.139	0.122
0.542	0.127	0.154	0.166	0.386	0.115	0.095	0.125	0.134	0.125
0.449	0.129	0.161	0.166	0.261	0.112	0.093	0.127	0.134	0.122
0.32	0.132	0.159	0.164	0.19	0.107	0.088	0.129	0.134	0.125
0.247	0.129	0.159	0.161	0.168	0.103	0.09	0.127	0.137	0.117
0.164	0.129	0.156	0.159	0.161	0.105	0.088	0.127	0.139	0.129
0.142	0.127	0.156	0.164	0.161	0.105	0.09	0.127	0.139	0.132
0.137	0.127	0.156	0.166	0.166	0.107	0.095	0.127	0.139	0.134
0.132	0.127	0.159	0.166	0.166	0.107	0.122	0.129	0.137	0.139
0.129	0.129	0.159	0.164	0.166	0.105	0.134	0.132	0.137	0.139
0.127	0.129	0.159	0.164	0.166	0.1	0.139	0.129	0.137	0.137
0.129	0.122	0.156	0.161	0.166	0.1	0.139	0.127	0.139	0.134
0.132	0.122	0.151	0.161	0.164	0.1	0.144	0.125	0.142	0.122
0.129	0.122	0.156	0.164	0.164	0.105	0.146	0.127	0.142	0.117
0.132	0.125	0.159	0.166	0.164	0.105	0.144	0.125	0.139	0.117
0.127	0.129	0.159	0.176	0.161	0.107	0.144	0.127	0.142	0.117
0.122	0.129	0.159	0.225	0.159	0.105	0.139	0.125	0.139	0.12
0.122	0.127	0.156	0.466	0.159	0.103	0.144	0.12	0.142	0.12
0.129	0.127	0.154	1.377	0.159	0.105	0.149	0.117	0.142	0.12
0.134	0.129	0.156	1.562	0.161	0.11	0.149	0.12	0.139	0.122
0.137	0.134	0.159	1.274	0.161	0.112	0.146	0.129	0.137	0.125
0.132	0.134	0.159	1.157	0.161	0.115	0.146	0.142	0.139	0.122
0.134	0.132	0.159	1.128	0.161	0.11	0.144	0.142	0.139	0.12
0.134	0.127	0.156	1.155	0.159	0.107	0.146	0.139	0.144	0.12
0.137	0.127	0.154	1.184	0.161	0.107	0.146	0.139	0.142	0.117
0.137	0.129	0.156	1.216	0.166	0.115	0.149	0.134	0.139	0.117
0.137	0.134	0.159	1.252	0.166	0.115	0.146	0.134	0.137	0.117
0.134	0.137	0.161	1.277	0.168	0.115	0.144	0.137	0.139	0.117
0.132	0.134	0.161	1.274	0.166	0.107	0.144	0.134	0.142	0.115
0.132	0.132	0.156	1.27	0.166	0.105	0.146	0.132	0.142	0.112
0.137	0.129	0.154	1.265	0.166	0.105	0.149	0.127	0.142	0.107
0.139	0.132	0.166	1.257	0.166	0.105	0.149	0.129	0.137	0.112
0.134	0.134	0.278	1.265	0.168	0.11	0.146	0.134	0.134	0.112
0.132	0.134	1.951	1.262	0.166	0.112	0.146	0.134	0.137	0.11
0.132	0.134	4.675	1.25	0.156	0.115	0.144	0.134	0.137	0.112
0.132	0.132	3.367	1.062	0.161	0.112	0.149	0.132	0.151	0.112
0.139	0.132	2.512	0.908	0.161	0.12	0.149	0.127	0.139	0.112
0.144	0.132	2.217	0.793	0.164	0.122	0.149	0.129	0.137	0.115
0.144	0.134	2.131	0.676	0.168	0.122	0.146	0.134	0.134	0.117
0.139	0.137	2.124	0.618	0.166	0.122	0.146	0.137	0.137	0.117
0.137	0.137	2.129	0.5	0.161	0.12	0.146	0.137	0.139	0.112
0.137	0.134	2.139	0.432	0.161	0.117	0.149	0.132	0.139	0.115
0.139	0.129	2.146	0.354	0.164	0.117	0.149	0.129	0.139	0.115
0.134	0.132	2.161	0.281	0.164	0.117	0.151	0.127	0.137	0.117
0.134	0.132	2.151	0.2	0.166	0.112	0.146	0.132	0.137	0.12
0.132	0.134	2.151	0.178	0.164	0.115	0.144	0.132	0.137	0.12
0.129	0.137	2.139	0.166	0.161	0.112	0.144	0.132	0.139	0.117
0.127	0.144	2.026	0.164	0.161	0.107	0.149	0.127	0.217	0.117
0.132	0.752	1.633	0.164	0.161	0.107	0.149	0.129	0.371	0.115
0.134	3.123	1.189	0.166	0.166	0.117	0.151	0.132	1.465	0.115
0.132	2.075	0.916	0.168	0.164	0.12	0.146	0.132	2.451	0.122
0.132	1.44	0.828	0.166	0.164	0.122	0.144	0.134	1.797	0.122
0.129	1.672	0.725	0.164	0.164	0.115	0.146	0.2	1.431	0.12
0.129	1.77	0.537	0.164	0.164	0.117	0.149	0.256	1.443	0.117
0.134	1.755	0.442	0.164	0.164	0.112	0.149	0.737	1.538	0.12
0.146	1.755	0.334	0.166	0.166	0.117	0.149	2.041	1.572	0.12
0.562	1.755	0.288	0.164	0.166	0.115	0.146	2.126	1.609	0.122
2.036	1.755	0.225	0.166	0.164	0.112	0.144	1.833	1.667	0.125
2.427	1.787	0.183	0.164	0.164	0.112	0.146	1.802	1.704	0.12
1.958	1.829	0.168	0.164	0.161	0.107	0.149	1.812	1.719	0.12
1.87	1.807	0.166	0.164	0.164	0.112	0.151	1.809	1.711	0.12
1.848	1.799	0.161	0.164	0.168	0.112	0.151	1.807	1.692	0.12
1.863	1.738	0.161	0.168	0.166	0.117	0.144	1.812	1.677	0.122
1.885	1.621	0.161	0.166	0.164	0.115	0.129	1.831	1.648	0.125
1.865	1.494	0.159	0.164	0.161	0.112	0.125	1.829	1.553	0.122
1.868	1.389	0.159	0.161	0.161	0.11	0.117	1.843	1.389	0.12
1.875	1.169	0.154	0.164	0.164	0.112	0.117	1.86	1.123	0.117
1.887	1.016	0.154	0.166	0.164	0.11	0.12	1.846	0.891	0.12
1.858	1.055	0.156	0.166	0.164	0.112	0.12	1.851	0.718	0.12
1.816	0.999	0.156	0.166	0.164	0.115	0.115	1.848	0.596	0.117
1.675	0.688	0.156	0.164	0.164	0.115	0.117	1.812	0.486	0.117
1.396	0.52	0.151	0.164	0.21	0.115	0.117	1.66	0.383	0.137
1.167	0.43	0.154	0.164	0.454	0.112	0.12	1.326	0.339	0.19
0.84	0.305	0.156	0.164	2.087	0.112	0.12	1.086	0.239	0.508
0.696	0.205	0.156	0.166	2.678	0.112	0.117	0.916	0.178	2.087
0.608	0.149	0.159	0.166	1.892	0.11	0.115	0.684	0.166	2.095
0.442	0.137	0.156	0.164	1.621	0.11	0.115	0.515	0.159	1.348
0.317	0.127	0.154	0.164	1.567	0.112	0.117	0.383	0.146	1.26
0.295	0.122	0.154	0.164	1.597	0.112	0.12	0.256	0.151	1.436
0.208	0.127	0.154	0.166	1.626	0.117	0.117	0.159	0.149	1.548
0.159	0.127	0.156	0.166	1.628	0.205	0.117	0.183	0.139	1.577
0.144	0.129	0.161	0.166	1.621	0.872	0.117	0.151	0.137	1.655
0.139	0.129	0.156	0.164	1.594	2.874	0.117	0.137	0.137	1.702
0.137	0.127	0.154	0.164	1.592	2.837	0.166	0.129	0.139	1.726
0.139	0.127	0.154	0.164	1.587	2.197	0.811	0.129	0.142	1.736
0.142	0.127	0.154	0.166	1.589	1.995	3.152	0.125	0.137	1.658
0.139	0.127	0.156	0.166	1.545	1.941	2.776	0.129	0.134	1.548
0.137	0.139	0.159	0.166	1.377	1.929	1.714	0.129	0.137	1.443
0.132	0.137	0.156	0.161	1.143	1.953	1.558	0.125	0.139	1.316
0.132	0.134	0.154	0.161	1.038	1.987	1.826	0.117	0.144	1.052
0.134	0.134	0.151	0.164	0.808	1.995	1.987	0.127	0.142	0.847
0.137	0.137	0.154	0.166	0.708	1.968	2.036	0.129	0.137	0.662
0.139	0.137	0.159	0.166	0.669	1.958	2.119	0.129	0.137	0.583
0.139	0.137	0.159	0.166	0.632	1.956	2.161	0.132	0.137	0.515
0.134	0.132	0.156	0.164	0.476	1.943	2.187	0.129	0.139	0.405
0.137	0.127	0.154	0.161	0.383	1.941	2.212	0.127	0.139	0.283
0.137	0.127	0.154	0.164	0.32	1.934	2.234	0.127	0.139	0.186
0.139	0.129	0.156	0.166	0.254	1.88	2.246	0.132	0.129	0.154
0.139	0.132	0.159	0.166	0.208	1.628	2.163	0.132	0.127	0.146
0.137	0.134	0.159	0.164	0.212	1.292	1.941	0.129	0.132	0.146
0.134	0.132	0.156	0.161	0.193	1.06	1.66	0.129	0.132	0.149
0.137	0.132	0.154	0.161	0.181	0.864	1.294	0.127	0.137	0.144
0.144	0.132	0.151	0.164	0.176	0.691	1.082	0.127	0.137	0.139
0.146	0.134	0.154	0.166	0.181	0.623	0.908	0.129	0.132	0.142
0.146	0.134	0.156	0.168	0.181	0.662	0.684	0.134	0.129	0.144
0.144	0.139	0.159	0.166	0.181	0.522	0.684	0.134	0.127	0.142
0.139	0.134	0.156	0.164	0.178	0.366	0.564	0.134	0.137	0.139
0.142	0.132	0.156	0.164	0.181	0.308	0.396	0.132	0.139	0.137
0.144	0.132	0.154	0.164	0.181	0.256	0.359	0.129	0.139	0.139
0.146	0.129	0.156	0.166	0.183	0.188	0.239	0.132	0.134	0.142
0.142	0.134	0.159	0.168	0.186	0.161	0.178	0.134	0.132	0.144
0.142	0.137	0.159	0.166	0.181	0.173	0.137	0.134	0.132	0.144
0.137	0.134	0.156	0.164	0.178	0.173	0.11	0.129	0.134	0.142
0.137	0.132	0.154	0.161	0.186	0.142	0.107	0.129	0.134	0.134
0.142	0.137	0.154	0.164	0.183	0.125	0.107	0.129	0.132	0.132
0.142	0.139	0.156	0.166	0.183	0.117	0.11	0.129	0.132	0.134
0.137	0.144	0.159	0.166	0.183	0.117	0.098	0.134	0.134	0.137
0.132	0.142	0.159	0.164	0.181	0.115	0.1	0.132	0.137	0.134
0.127	0.142	0.156	0.164	0.181	0.112	0.098	0.132	0.139	0.134
0.127	0.151	0.154	0.161	0.176	0.112	0.112	0.127	0.142	0.146
0.129	0.195	0.154	0.166	0.183	0.11	0.12	0.129	0.142	0.151
0.129	0.508	0.156	0.166	0.181	0.112	0.12	0.129	0.137	0.156
0.129	1.511	0.159	0.166	0.181	0.117	0.117	0.134	0.132	0.156
0.127	1.655	0.159	0.166	0.178	0.115	0.115	0.137	0.132	0.159
0.122	1.506	0.156	0.164	0.178	0.112	0.117	0.134	0.134	0.156
0.129	1.475	0.156	0.161	0.176	0.112	0.12	0.129	0.137	0.154
0.129	1.482	0.154	0.164	0.178	0.117	0.12	0.127	0.132	0.154
0.132	1.492	0.156	0.166	0.183	0.12	0.12	0.132	0.134	0.156
0.129	1.492	0.159	0.166	0.183	0.12	0.117	0.137	0.129	0.159
0.132	1.501	0.137	0.164	0.181	0.12	0.115	0.137	0.132	0.159
0.132	1.499	0.156	0.164	0.183	0.115	0.11	0.137	0.134	0.156
0.134	1.494	0.156	0.164	0.183	0.112	0.107	0.134	0.134	0.154
0.137	1.479	0.154	0.166	0.183	0.11	0.112	0.137	0.132	0.154
0.139	1.487	0.171	0.166	0.186	0.117	0.11	0.137	0.129	0.156
0.139	1.492	0.188	0.166	0.188	0.122	0.11	0.137	0.129	0.156
0.139	1.499	0.271	0.164	0.183	0.12	0.107	0.137	0.129	0.156
0.137	1.492	0.413	0.164	0.181	0.115	0.11	0.132	0.127	0.156
0.139	1.431	0.771	0.164	0.183	0.117	0.115	0.134	0.127	0.154
0.139	1.216	1.194	0.276	0.183	0.12	0.115	0.134	0.129	0.154
0.142	0.95	1.233	0.413	0.181	0.125	0.11	0.137	0.129	0.154
0.142	0.747	1.267	1.157	0.181	0.127	0.107	0.137	0.127	0.159
0.139	0.63	1.428	1.875	0.178	0.127	0.107	0.137	0.125	0.156
0.139	0.581	1.611	1.948	0.176	0.12	0.11	0.134	0.132	0.156
0.139	0.491	1.707	1.89	0.173	0.117	0.11	0.134	0.134	0.151
0.142	0.376	1.77	1.863	0.176	0.11	0.11	0.129	0.132	0.154
0.139	0.291	1.741	1.826	0.181	0.115	0.112	0.115	0.129	0.154
0.139	0.225	1.682	1.826	0.181	0.117	0.107	0.134	0.125	0.156
0.139	0.225	1.685	1.833	0.178	0.117	0.098	0.134	0.127	0.156
0.142	0.171	1.68	1.975	0.173	0.105	0.1	0.132	0.129	0.156
0.142	0.144	1.665	2.073	0.173	0.1	0.1	0.129	0.132	0.154
0.142	0.137	1.636	2.117	0.178	0.098	0.105	0.125	0.129	0.154
0.144	0.139	1.587	2.156	0.181	0.095	0.103	0.129	0.125	0.154
0.137	0.137	1.462	2.18	0.183	0.098	0.1	0.129	0.125	0.156
0.134	0.134	1.321	2.185	0.181	0.1	0.103	0.134	0.127	0.156
0.134	0.134	1.118	2.151	0.181	0.103	0.105	0.132	0.129	0.154
0.137	0.132	0.881	2.114	0.181	0.105	0.107	0.129	0.129	0.151
0.139	0.132	0.688	1.995	0.183	0.105	0.112	0.127	0.132	0.151
0.146	0.132	0.635	1.707	0.186	0.107	0.11	0.129	0.129	0.154
0.149	0.137	0.54	1.345	0.183	0.11	0.11	0.127	0.129	0.156
0.149	0.134	0.435	1.074	0.178	0.11	0.107	0.127	0.129	0.156
0.149	0.129	0.349	0.779	0.176	0.105	0.107	0.127	0.127	0.154
0.149	0.129	0.215	0.64	0.176	0.1	0.112	0.125	0.125	0.151
0.149	0.129	0.195	0.493	0.178	0.103	0.115	0.127	0.129	0.154
0.151	0.132	0.22	0.364	0.181	0.103	0.112	0.132	0.122	0.154
0.146	0.137	0.217	0.249	0.181	0.103	0.11	0.132	0.125	0.156
0.142	0.139	0.203	0.195	0.176	0.098	0.11	0.137	0.132	0.156
0.142	0.134	0.168	0.173	0.171	0.093	0.11	0.137	0.132	0.154
0.149	0.132	0.159	0.198	0.171	0.093	0.112	0.132	0.132	0.151
0.154	0.129	0.156	0.173	0.176	0.09	0.115	0.129	0.129	0.154
0.156	0.132	0.159	0.171	0.178	0.098	0.112	0.134	0.127	0.154
0.156	0.134	0.161	0.168	0.171	0.1	0.11	0.134	0.151	0.156
0.144	0.137	0.159	0.164	0.176	0.095	0.107	0.181	3.936	0.156
0.139	0.134	0.159	0.164	0.173	0.093	0.107	3.691	3.198	0.156
0.139	0.132	0.156	0.159	0.173	0.093	0.11	3.086	1.028	0.154
0.144	0.139	0.156	0.164	0.176	0.098	0.112	1.226	0.505	0.156
0.149	0.139	0.159	0.168	0.178	0.103	0.11	0.701	0.649	0.156
0.149	0.144	0.161	0.168	0.181	0.112	0.105	0.801	1.155	0.159
0.149	0.144	0.161	0.166	0.178	0.115	0.103	1.042	1.262	0.159
0.146	0.144	0.159	0.164	0.176	0.117	0.103	1.084	1.243	0.156
0.151	0.139	0.156	0.164	0.176	0.125	0.107	1.077	1.238	0.154
0.151	0.137	0.159	0.164	0.178	0.127	0.11	1.074	1.218	0.156
0.151	0.139	0.159	0.168	0.183	0.129	0.105	1.072	1.16	0.156
0.149	0.139	0.161	0.166	0.181	0.132	0.1	1.055	1.038	0.159
0.142	0.142	0.161	0.166	0.178	0.127	0.095	0.967	0.95	0.159
0.139	0.137	0.159	0.164	0.176	0.12	0.098	0.852	0.916	0.156
0.144	0.139	0.156	0.164	0.176	0.117	0.103	0.759	0.75	0.156
0.144	0.137	0.156	0.164	0.176	0.12	0.103	0.684	0.51	0.154
0.146	0.137	0.159	0.166	0.176	0.127	0.103	0.559	0.405	0.156
0.146	0.139	0.161	0.168	0.178	0.122	0.103	0.486	0.347	0.159
0.139	0.142	0.161	0.164	0.176	0.12	0.1	0.425	0.327	0.159
0.137	0.139	0.159	0.164	0.171	0.117	0.1	0.393	0.312	0.156
0.137	0.139	0.156	0.164	0.173	0.115	0.105	0.347	0.295	0.171
0.144	0.137	0.156	0.164	0.176	0.117	0.105	0.286	0.271	0.281
0.139	0.137	0.159	0.166	0.178	0.12	0.105	0.244	0.208	4.182
0.142	0.139	0.161	0.168	0.178	0.125	0.103	0.173	0.132	2.59
0.142	0.139	0.159	0.164	0.176	0.12	0.1	0.168	0.12	0.886
0.137	0.137	0.159	0.164	0.168	0.117	0.098	0.171	0	0.481
0.212	0.137	0.154	0.164	0.171	0.115	0.103	0.173	0	0.781
0.322	0.134	0.154	0.164	0.173	0.117	0.103	0.166	0	1.135
0.862	0.134	0.156	0.168	0.176	0.117	0.103	0.154	0	1.157
1.748	0.137	0.159	0.168	0.176	0.12	0.1	0.146	0	1.147
1.404	0.139	0.159	0.164	0.173	0.117	0.103	0.156	0	1.152
1.082	0.134	0.159	0.164	0.173	0.11	0.103	0.144	0	1.062
1.211	0.132	0.156	0.161	0.176	0.112	0.107	0.139	0	0.891
1.55	0.132	0.154	0.164	0.178	0.115	0.11	0.173	0	0.83
1.702	0.132	0.156	0.166	0.181	0.117	0.105	0	0	0.801
1.914	0.134	0.159	0.166	0.181	0.12	0.103	0	0	0.723
2.107	0.134	0.161	0.166	0.176	0.117	0.105	0	0	0.676
2.109	0.132	0.156	0.164	0.173	0.117	0.112	0	0	0.591
2.114	0.129	0.154	0.164	0.173	0.115	0.115	0	0	0.476
2.122	0.132	0.156	0.164	0.176	0.115	0.112	0	0	0.366
2.117	0.134	0.159	0.166	0.183	0.12	0.105	0	0	0.322
2.09	0.137	0.161	0.168	0.181	0.117	0.103	0	0	0.295
2.097	0.137	0.161	0.166	0.181	0.117	0.1	0	0	0.266
2.073	0.132	0.159	0.164	0.178	0.115	0.103	0	0	0.264
2.012	0.129	0.154	0.164	0.178	0.112	0.105	0	0	0.186
1.79	0.129	0.154	0.164	0.181	0.12	0.1	0	0	0.142
1.543	0.129	0.159	0.166	0.181	0.12	0.098	0	0	0
1.289	0.134	0.159	0.166	0.178	0.117	0.098	0	0	0
1.03	0.137	0.159	0.166	0.171	0.117	0.095	0	0	0
0.823	0.19	0.156	0.164	0.181	0.115	0.098	0	0	0
0.671	0.254	0.154	0.164	0.361	0.112	0.117	0	0	0
0.566	0.583	0.154	0.166	3.083	0.112	0.222	0	0	0
0.459	2.039	0.156	0.166	4.658	0.117	1.421	0	0	0
0.359	1.963	0.159	0.166	2.576	0.117	3.472	0	0	0
0.21	1.577	0.159	0.166	1.914	0.117	2.246	0	0	0
0.149	1.731	0.159	0.164	2.024	0.12	1.482	0	0	0
0.134	2.109	0.156	0.164	2.212	0.212	1.702	0	0	0
0.173	2.344	0.154	0.166	2.229	1.709	2.017	0	0	0
0.176	2.5	0.156	0.166	2.354	3.911	2.095	0	0	0
0.178	2.681	0.156	0.168	2.412	1.956	2.236	0	0	0
0.151	2.739	0.159	0.166	2.449	0.903	2.3	0	0	0
0.139	2.781	0.156	0.166	2.451	0.75	2.31	0	0	0
0.139	2.788	0.154	0.161	2.429	1.038	2.305	0	0	0
0.139	2.61	0.154	0.166	2.422	1.169	2.29	0	0	0
0.142	2.415	0.156	0.166	2.373	1.152	2.239	0	0	0
0.142	2.2	0.159	0.168	2.217	1.182	2.166	0	0	0
0.137	1.829	0.159	0.164	1.858	1.201	2.056	0	0	0
0.142	1.384	0.156	0.164	1.475	1.206	1.748	0	0	0
0.142	1.03	0.151	0.164	1.116	1.199	1.499	0	0	0
0.144	0.774	0.154	0.164	0.85	1.113	1.221	0	0	0
0.146	0.652	0.156	0.166	0.664	1.079	0.991	0	0	0
0.146	0.535	0.156	0.166	0.547	1.001	0.762	0	0	0
0.144	0.464	0.156	0.164	0.452	0.845	0.576	0	0	0
0.144	0.352	0.154	0.164	0.386	0.627	0.486	0	0	0
0.144	0.283	0.151	0.164	0.264	0.518	0.403	0	0	0
0.149	0.203	0.151	0.166	0.195	0.388	0.312	0	0	0
0.146	0.149	0.156	0.166	0.19	0.342	0.176	0	0	0
0.144	0.137	0.156	0.166	0.181	0.312	0.137	0	0	0
0.144	0.129	0.156	0.166	0.178	0.217	0.127	0	0	0
0.146	0.129	0.156	0.164	0.183	0.149	0.12	0	0	0
0.146	0.103	0.154	0.164	0.166	0.144	0.142	0	0	0
0.146	0.095	0.154	0.176	0.161	0.154	0.164	0	0	0
0.144	0.095	0.156	2.974	0.164	0.142	0.125	0	0	0
0.144	0.093	0.933	3.853	0.164	0.137	0.107	0	0	0
0.139	0.095	3.323	1.562	0.161	0.127	0.098	0	0	0
0.137	0.093	1.931	0.681	0.159	0.125	0.1	0	0	0
0.137	0.095	0.879	0.706	0.164	0.12	0.105	0	0	0
0.139	0.098	0.723	1.047	0.168	0.122	0.105	0	0	0
0.139	0.103	1.121	1.174	0.171	0.12	0.105	0	0	0
0.137	0.103	1.333	1.208	0.168	0.12	0.103	0	0	0
0.132	0.1	1.409	1.194	0.166	0.117	0.103	0	0	0
0.127	0.098	1.436	1.16	0.166	0.107	0.103	0	0	0
0.137	0.093	1.45	1.14	0.166	0.11	0.105	0	0	0
0.142	0.093	1.443	1.128	0.168	0.112	0.107	0	0	0
0.139	0.095	1.377	1.118	0.171	0.112	0.107	0	0	0
0.142	0.1	1.233	1.099	0.168	0.115	0.103	0	0	0
0.142	0.1	1.121	0.999	0.161	0.12	0.095	0	0	0
0.142	0.095	1.082	0.803	0.161	0.117	0.095	0	0	0
0.144	0.09	0.928	0.598	0.164	0.117	0.103	0	0	0
0.149	0.093	0.684	0.488	0.164	0.12	0.1	0	0	0
0.146	0.093	0.562	0.442	0.164	0.125	0.095	0	0	0
0.144	0.093	0.464	0.391	0.159	0.125	0.093	0	0	0
0.139	0.093	0.388	0.371	0.156	0.12	0.093	0	0	0
0.139	0.093	0.337	0.305	0.159	0.115	0.095	0	0	0
0.139	0.093	0.293	0.244	0.156	0.115	0.098	0	0	0
0.146	0.093	0.195	0.144	0.156	0.117	0.1	0	0	0
0.142	0.093	0.161	0.11	0.159	0.122	0.1	0	0	0
0.127	0.088	0.159	0.12	0.156	0.127	0.098	0	0	0
0.127	0.085	0.156	0.125	0.156	0.12	0.095	0	0	0
0.12	0.088	0.159	0.125	0.156	0.115	0.095	0	0	0
0.125	0.093	0.156	0.127	0.151	0.112	0.095	0	0	0
0.129	0.093	0.156	0.134	0.149	0.117	0.095	0	0	0
0.129	0.093	0.134	0.137	0.151	0.117	0.095	0	0	0
0.132	0.098	0.1	0.137	0.154	0.117	0.09	0	0	0
0.129	0.1	0.095	0.137	0.149	0.115	0.088	0	0	0
0.134	0.098	0.088	0.134	0.151	0.11	0.09	0	0	0
0.137	0.107	0.09	0	0.151	0.112	0.093	0	0	0
0.144	0.112	0.1	0	0.154	0.11	0.095	0	0	0
0.144	0.117	0.11	0	0.156	0.11	0.093	0	0	0
0.144	0.122	0.11	0	0.159	0.11	0.09	0	0	0
0.134	0.129	0.112	0	0.156	0.105	0.085	0	0	0
0.134	0.127	0.11	0	0.154	0.103	0.088	0	0	0
0.139	0.129	0.107	0	0.154	0.105	0.093	0	0	0
0.142	0.137	0.107	0	0.159	0.11	0.093	0	0	0
0.144	0.129	0	0	0.161	0.112	0.09	0	0	0
0.144	0.129	0	0	0.161	0.115	0.088	0	0	0
0.139	0.122	0	0	0.161	0.112	0.088	0	0	0
0.139	0.12	0	0	0.159	0.112	0.088	0	0	0
0.142	0.12	0	0	0.161	0.112	0.093	0	0	0
0.144	0.12	0	0	0.166	0.115	0.098	0	0	0
0.139	0.122	0	0	0.168	0.117	0.098	0	0	0
0.137	0.125	0	0	0.166	0.115	0.095	0	0	0
0.134	0.127	0	0	0.159	0.112	0.09	0	0	0
0.127	0.125	0	0	0.159	0.105	0.09	0	0	0
0.129	0.122	0	0	0.159	0.103	0.093	0	0	0
0.132	0.122	0	0	0.161	0.103	0.095	0	0	0
0.129	0.122	0	0	0.159	0.107	0.09	0	0	0
0.127	0.122	0	0	0.159	0.107	0.09	0	0	0
0.125	0.122	0	0	0.159	0.105	0.088	0	0	0
0.129	0.117	0	0	0.159	0.107	0.088	0	0	0
0.125	0.112	0	0	0.156	0.107	0.09	0	0	0
0.132	0.112	0	0	0.156	0.11	0.093	0	0	0
0.127	0.112	0	0	0.159	0.107	0.09	0	0	0
0.132	0.112	0	0	0.161	0.107	0.09	0	0	0
0.132	0.112	0	0	0.156	0.103	0.09	0	0	0
0.132	0.11	0	0	0.154	0.098	0.088	0	0	0
0.129	0.103	0	0	0.154	0.093	0.093	0	0	0
0.129	0.105	0	0	0.156	0.093	0.093	0	0	0
0.125	0.11	0	0	0.156	0.098	0.09	0	0	0
0.122	0.115	0	0	0.154	0.095	0.09	0	0	0
0.12	0.117	0	0	0.149	0.093	0.09	0	0	0
0.125	0.127	0	0	0.146	0.09	0.095	0	0	0
0.127	0.112	0	0	0.146	0.088	0.095	0	0	0
0.127	0.117	0	0	0.149	0.093	0.093	0	0	0
0.127	0.117	0	0	0.154	0.1	0.09	0	0	0
0.127	0.12	0	0	0.151	0.098	0.093	0	0	0
0.129	0.12	0	0	0.151	0.098	0.09	0	0	0
0.127	0.115	0	0	0.151	0.098	0.09	0	0	0
0.127	0.112	0	0	0.154	0.098	0.093	0	0	0
0.127	0.112	0	0	0.156	0.1	0.093	0	0	0
0.129	0.115	0	0	0.227	0.103	0.09	0	0	0
0.127	0.115	0	0	1.562	0.105	0.09	0	0	0
0.125	0.117	0	0	4.258	0.105	0.09	0	0	0
0.115	0.11	0	0	2.808	0.103	0.09	0	0	0
0.134	0.11	0	0	1.37	0.103	0.093	0	0	0
0.137	0.112	0	0	0.984	0.107	0.098	0	0	0
0.129	0.115	0	0	1.055	0.11	0.21	0	0	0
0.125	0.115	0	0	1.208	0.107	4.197	0	0	0
0.125	0.115	0	0	1.24	0.105	3.469	0	0	0
0.122	0.112	0	0	1.24	0.117	1.16	0	0	0
0.127	0.112	0	0	1.23	0.161	0.579	0	0	0
0.122	0.11	0	0	1.218	2.061	1.008	0	0	0
0.122	0.112	0	0	1.213	4.104	1.545	0	0	0
0.117	0.117	0	0	1.201	1.829	1.704	0	0	0
0.115	0.117	0	0	1.199	0.725	1.726	0	0	0
0.137	0.115	0	0	1.169	0.562	1.707	0	0	0
0.142	0.11	0	0	0.986	1.094	1.663	0	0	0
1.331	0.11	0	0	0.571	1.299	1.555	0	0	0
4.021	0.107	0	0	0.488	1.309	1.387	0	0	0
2.476	0.11	0	0	0.527	1.316	1.284	0	0	0
1.538	0.11	0	0	0.496	1.304	1.194	0	0	0
1.816	0.105	0	0	0.449	1.162	1.047	0	0	0
2.397	0.115	0	0	0.396	1.008	0.913	0	0	0
2.576	0.415	0	0	0.283	0.964	0.759	0	0	0
2.69	2.981	0	0	0.2	0.901	0.583	0	0	0
2.717	1.995	0	0	0.161	0.757	0.459	0	0	0
2.751	0.654	0	0	0.154	0.564	0.386	0	0	0
2.771	0.381	0	0	0.146	0.461	0.354	0	0	0
2.754	0.439	0	0	0.144	0.398	0.337	0	0	0
2.791	0.659	0	0	0.146	0.359	0.264	0	0	0
2.795	0.73	0	0	0.149	0.305	0.188	0	0	0
2.695	0.72	0	0	0.154	0.288	0.142	0	0	0
2.354	0.715	0	0	0.146	0.208	0.132	0	0	0
1.87	0.703	0	0	0.149	0.154	0.129	0	0	0
1.57	0.664	0	0	0.149	0.154	0.137	0	0	0
1.326	0.576	0	0	0.149	0.173	0.137	0	0	0
1.13	0.483	0	0	0.151	0.173	0.129	0	0	0
0.718	0.381	0	0	0.151	0.161	0.127	0	0	0
0.488	0.298	0	0	0.151	0.142	0.127	0	0	0
0.425	0.269	0	0	0.142	0.142	0.129	0	0	0
0.356	0.31	0	0	0.139	0.144	0.132	0	0	0
0.303	0.283	0	0	0.139	0.144	0.137	0	0	0
0.244	0.276	0	0	0.144	0.149	0.132	0	0	0
0.232	0.266	0	0	0.146	0.149	0	0	0	0
0.21	0.247	0	0	0	0	0	0	0	0
0.203	0.232	0	0	0	0	0	0	0	0
0.188	0.198	0	0	0	0	0	0	0	0
0.156	0.166	0	0	0	0	0	0	0	0
0.164	0.161	0	0	0	0	0	0	0	0
0.149	0.166	0	0	0	0	0	0	0	0
0.146	0.164	0	0	0	0	0	0	0	0
0.137	0.159	0	0	0	0	0	0	0	0
0.142	0	0	0	0	0	0	0	0	0
0.146	0	0	0	0	0	0	0	0	0
0.146	0	0	0	0	0	0	0	0	0
0.142	0	0	0	0	0	0	0	0	0
0.144	0	0	0	0	0	0	0	0	0
0.142	0	0	0	0	0	0	0	0	0
0.142	0	0	0	0	0	0	0	0	0
0.149	0	0	0	0	0	0	0	0	0
0.149	0	0	0	0	0	0	0	0	0
0.146	0	0	0	0	0	0	0	0	0
0.164	0	0	0	0	0	0	0	0	0
0.251	0	0	0	0	0	0	0	0	0
0.396	0	0	0	0	0	0	0	0	0
0.947	0	0	0	0	0	0	0	0	0
