0.398	0.303	0.381	0.317	0.249	0.249	0.242	0.259	0.254	0.247
0.398	0.303	0.383	0.32	0.251	0.254	0.239	0.251	0.254	0.244
0.396	0.3	0.388	0.317	0.256	0.251	0.244	0.251	0.256	0.244
0.388	0.298	0.391	0.315	0.251	0.254	0.247	0.254	0.254	0.244
0.388	0.295	0.388	0.315	0.249	0.249	0.247	0.256	0.249	0.249
0.391	0.298	0.381	0.31	0.247	0.244	0.242	0.259	0.247	0.249
0.396	0.3	0.376	0.312	0.249	0.247	0.244	0.261	0.251	0.247
0.398	0.303	0.378	0.317	0.251	0.254	0.242	0.254	0.251	0.244
0.393	0.303	0.378	0.315	0.251	0.251	0.244	0.251	0.256	0.244
0.388	0.298	0.386	0.312	0.251	0.251	0.247	0.256	0.254	0.247
0.388	0.298	0.378	0.312	0.247	0.249	0.244	0.259	0.251	0.251
0.393	0.298	0.374	0.308	0.247	0.244	0.239	0.261	0.247	0.251
0.4	0.303	0.371	0.312	0.247	0.247	0.244	0.259	0.254	0.249
0.398	0.305	0.376	0.315	0.249	0.249	0.242	0.254	0.254	0.244
0.396	0.303	0.381	0.315	0.251	0.249	0.247	0.251	0.254	0.244
0.396	0.305	0.378	0.312	0.254	0.254	0.247	0.254	0.254	0.244
0.391	0.305	0.381	0.312	0.244	0.249	0.247	0.254	0.251	0.247
0.393	0.308	0.378	0.31	0.244	0.244	0.237	0.259	0.247	0.247
0.4	0.349	0.378	0.315	0.247	0.247	0.237	0.254	0.254	0.247
0.405	0.413	0.381	0.32	0.249	0.249	0.237	0.249	0.254	0.249
0.398	0.43	0.386	0.315	0.254	0.254	0.239	0.249	0.256	0.254
0.396	0.461	0.383	0.315	0.254	0.254	0.242	0.249	0.254	0.293
0.396	0.503	0.383	0.315	0.247	0.249	0.239	0.254	0.251	0.31
0.4	0.542	0.378	0.312	0.247	0.247	0.234	0.261	0.249	0.286
0.403	0.596	0.374	0.325	0.249	0.249	0.234	0.256	0.254	0.271
0.41	0.669	0.393	0.339	0.251	0.251	0.234	0.251	0.254	0.264
0.403	0.728	0.464	0.393	0.266	0.251	0.239	0.249	0.256	0.254
0.415	0.764	0.537	0.366	0.281	0.259	0.239	0.256	0.256	0.254
0.405	0.796	0.637	0.359	0.281	0.315	0.278	0.271	0.251	0.254
0.413	0.857	0.774	0.381	0.266	0.376	0.396	0.271	0.273	0.251
0.474	0.925	0.842	0.43	0.276	0.42	0.471	0.271	0.288	0.249
0.493	0.95	0.916	0.498	0.3	0.439	0.479	0.295	0.276	0.256
0.513	0.972	0.981	0.581	0.32	0.479	0.503	0.342	0.271	0.254
0.54	0.999	1.016	0.681	0.342	0.54	0.571	0.408	0.261	0.256
0.588	1.008	1.04	0.747	0.337	0.562	0.62	0.442	0.254	0.264
0.652	0.996	1.055	0.813	0.33	0.605	0.64	0.461	0.251	0.269
0.676	1.008	1.062	0.894	0.327	0.649	0.664	0.439	0.261	0.269
0.696	1.018	1.062	0.955	0.33	0.688	0.742	0.439	0.269	0.273
0.71	1.035	1.06	0.935	0.334	0.723	0.811	0.449	0.264	0.278
0.73	1.045	1.069	0.894	0.334	0.745	0.859	0.459	0.261	0.293
0.752	1.045	1.074	0.828	0.33	0.75	0.879	0.466	0.259	0.308
0.781	1.038	1.072	0.767	0.325	0.747	0.884	0.483	0.261	0.322
0.854	1.006	1.047	0.732	0.322	0.757	0.869	0.503	0.264	0.33
0.928	0.974	1.035	0.706	0.327	0.759	0.864	0.52	0.266	0.332
0.962	0.962	1.033	0.684	0.33	0.762	0.854	0.537	0.264	0.332
0.955	0.942	1.045	0.671	0.327	0.762	0.852	0.574	0.264	0.337
0.957	0.901	1.052	0.657	0.327	0.757	0.862	0.603	0.266	0.339
0.957	0.852	1.052	0.669	0.33	0.754	0.874	0.615	0.266	0.347
0.957	0.791	1.069	0.652	0.383	0.764	0.864	0.618	0.266	0.354
0.942	0.706	1.091	0.635	0.371	0.767	0.842	0.632	0.271	0.356
0.935	0.625	1.111	0.627	0.388	0.769	0.815	0.645	0.276	0.352
0.947	0.576	1.104	0.62	0.408	0.776	0.801	0.659	0.281	0.33
0.967	0.535	1.121	0.598	0.4	0.759	0.791	0.669	0.276	0.32
0.979	0.498	1.099	0.532	0.371	0.723	0.771	0.664	0.271	0.3
0.935	0.474	1.052	0.515	0.347	0.654	0.757	0.664	0.259	0.288
0.874	0.437	1.003	0.493	0.327	0.601	0.764	0.647	0.251	0.269
0.791	0.432	0.896	0.464	0.308	0.566	0.798	0.608	0.249	0.259
0.74	0.388	0.793	0.437	0.281	0.603	0.825	0.54	0.244	0.254
0.701	0.356	0.72	0.391	0.266	0.605	0.833	0.491	0.237	0.269
0.671	0.337	0.662	0.376	0.256	0.591	0.83	0.435	0.237	0.264
0.659	0.342	0.564	0.369	0.251	0.571	0.825	0.396	0.234	0.259
0.613	0.33	0.503	0.361	0.254	0.474	0.806	0.361	0.237	0.247
0.615	0.322	0.498	0.349	0.259	0.396	0.75	0.354	0.247	0.244
0.61	0.315	0.496	0.339	0.249	0.383	0.701	0.315	0.259	0.249
0.586	0.305	0.459	0.33	0.244	0.356	0.684	0.295	0.249	0.254
0.574	0.3	0.427	0.327	0.239	0.327	0.586	0.305	0.244	0.259
0.566	0.303	0.41	0.327	0.244	0.291	0.454	0.293	0.239	0.259
0.505	0.308	0.405	0.33	0.249	0.278	0.376	0.269	0.239	0.254
0.459	0.305	0.4	0.332	0.251	0.271	0.332	0.259	0.244	0.256
0.435	0.303	0.396	0.325	0.249	0.261	0.325	0.254	0.239	0.259
0.437	0.298	0.393	0.322	0.244	0.256	0.3	0.259	0.239	0.266
0.415	0.3	0.388	0.32	0.242	0.256	0.276	0.256	0.244	0.269
0.408	0.3	0.388	0.322	0.244	0.283	0.264	0.249	0.239	0.269
0.398	0.305	0.393	0.327	0.249	0.317	0.259	0.244	0.247	0.264
0.388	0.305	0.396	0.33	0.249	0.339	0.256	0.239	0.249	0.264
0.381	0.3	0.398	0.325	0.249	0.325	0.256	0.247	0.249	0.266
0.374	0.3	0.393	0.32	0.244	0.295	0.259	0.251	0.249	0.269
0.381	0.3	0.388	0.322	0.242	0.276	0.249	0.249	0.244	0.271
0.386	0.303	0.391	0.322	0.244	0.266	0.247	0.247	0.244	0.271
0.383	0.305	0.391	0.352	0.251	0.264	0.247	0.244	0.249	0.266
0.386	0.308	0.396	0.425	0.249	0.264	0.249	0.242	0.251	0.266
0.383	0.3	0.398	0.474	0.249	0.264	0.254	0.244	0.251	0.269
0.386	0.298	0.396	0.508	0.244	0.259	0.259	0.251	0.251	0.271
0.396	0.3	0.393	0.527	0.239	0.256	0.251	0.251	0.247	0.276
0.4	0.303	0.393	0.542	0.247	0.251	0.251	0.251	0.244	0.271
0.396	0.303	0.393	0.559	0.254	0.271	0.254	0.249	0.249	0.269
0.393	0.305	0.396	0.579	0.251	0.291	0.256	0.249	0.249	0.264
0.391	0.298	0.396	0.574	0.249	0.303	0.261	0.256	0.249	0.269
0.393	0.293	0.393	0.574	0.244	0.315	0.261	0.261	0.254	0.273
0.403	0.295	0.391	0.566	0.242	0.32	0.256	0.264	0.249	0.278
0.4	0.298	0.393	0.559	0.247	0.332	0.256	0.264	0.247	0.271
0.4	0.3	0.391	0.491	0.254	0.342	0.256	0.261	0.251	0.266
0.398	0.303	0.393	0.457	0.251	0.356	0.261	0.259	0.276	0.273
0.391	0.293	0.396	0.447	0.249	0.378	0.264	0.266	0.298	0.312
0.396	0.293	0.391	0.449	0.244	0.391	0.264	0.264	0.317	0.342
0.405	0.295	0.388	0.449	0.242	0.391	0.256	0.269	0.332	0.393
0.408	0.3	0.391	0.449	0.244	0.398	0.261	0.266	0.342	0.452
0.405	0.303	0.388	0.447	0.251	0.413	0.256	0.264	0.354	0.486
0.4	0.305	0.396	0.425	0.251	0.417	0.259	0.261	0.388	0.505
0.398	0.3	0.391	0.405	0.249	0.4	0.264	0.269	0.432	0.576
0.396	0.3	0.444	0.391	0.244	0.374	0.261	0.269	0.471	0.681
0.403	0.303	0.5	0.386	0.244	0.347	0.256	0.271	0.508	0.803
0.403	0.305	0.542	0.386	0.247	0.334	0.259	0.271	0.569	0.854
0.42	0.308	0.564	0.388	0.254	0.327	0.261	0.266	0.64	0.911
0.474	0.31	0.581	0.396	0.251	0.32	0.264	0.266	0.718	0.937
0.522	0.305	0.61	0.4	0.249	0.32	0.271	0.271	0.789	1.011
0.562	0.3	0.61	0.408	0.244	0.317	0.264	0.32	0.864	1.104
0.576	0.298	0.569	0.435	0.244	0.315	0.259	0.383	0.94	1.169
0.562	0.303	0.542	0.466	0.247	0.342	0.269	0.422	1.001	1.201
0.564	0.361	0.522	0.488	0.249	0.354	0.32	0.437	1.052	1.23
0.598	0.422	0.515	0.496	0.251	0.366	0.349	0.447	1.096	1.243
0.676	0.457	0.508	0.491	0.249	0.378	0.41	0.476	1.121	1.243
0.693	0.469	0.5	0.481	0.244	0.469	0.488	0.496	1.123	1.216
0.706	0.505	0.488	0.471	0.244	0.515	0.542	0.535	1.138	1.194
0.786	0.479	0.486	0.471	0.249	0.559	0.574	0.569	1.145	1.189
0.891	0.469	0.481	0.479	0.249	0.598	0.542	0.608	1.133	1.174
0.942	0.447	0.459	0.476	0.251	0.776	0.53	0.615	1.128	1.128
0.979	0.42	0.435	0.457	0.249	0.835	0.525	0.61	1.13	1.086
0.991	0.374	0.415	0.449	0.244	0.84	0.52	0.608	1.125	1.04
1.003	0.347	0.405	0.459	0.244	0.84	0.498	0.601	1.128	0.979
1.062	0.332	0.393	0.471	0.249	0.833	0.513	0.574	1.13	0.925
1.099	0.33	0.393	0.483	0.249	0.825	0.535	0.54	1.121	0.894
1.106	0.317	0.391	0.479	0.251	0.828	0.566	0.532	1.104	0.862
1.125	0.31	0.388	0.476	0.249	0.823	0.603	0.52	1.116	0.776
1.15	0.303	0.386	0.474	0.244	0.776	0.635	0.52	1.157	0.684
1.169	0.303	0.386	0.469	0.244	0.767	0.669	0.515	1.152	0.632
1.177	0.308	0.378	0.479	0.249	0.767	0.686	0.508	1.101	0.547
1.187	0.312	0.381	0.457	0.249	0.762	0.713	0.496	1.008	0.464
1.177	0.31	0.383	0.427	0.251	0.769	0.725	0.496	1.047	0.403
1.172	0.305	0.383	0.415	0.249	0.781	0.732	0.498	1.147	0.361
1.187	0.303	0.381	0.415	0.244	0.776	0.737	0.496	1.218	0.347
1.191	0.303	0.386	0.474	0.242	0.764	0.735	0.491	1.318	0.31
1.199	0.31	0.381	0.586	0.249	0.757	0.728	0.481	1.418	0.286
1.196	0.315	0.383	0.659	0.249	0.747	0.725	0.471	1.521	0.269
1.191	0.31	0.386	0.706	0.251	0.745	0.715	0.444	1.555	0.256
1.162	0.305	0.386	0.752	0.261	0.737	0.688	0.425	1.565	0.256
1.084	0.303	0.381	0.791	0.3	0.723	0.63	0.417	1.538	0.261
1.006	0.305	0.381	0.862	0.334	0.718	0.574	0.408	1.506	0.256
0.925	0.31	0.374	0.93	0.354	0.713	0.532	0.405	1.489	0.254
0.842	0.315	0.376	1.003	0.354	0.679	0.5	0.4	1.487	0.249
0.811	0.312	0.378	1.04	0.349	0.657	0.488	0.408	1.501	0.247
0.781	0.308	0.378	1.033	0.349	0.652	0.447	0.376	1.497	0.247
0.745	0.305	0.383	0.984	0.344	0.696	0.403	0.352	1.479	0.251
0.718	0.305	0.381	0.928	0.33	0.674	0.403	0.332	1.428	0.249
0.671	0.312	0.381	0.891	0.298	0.547	0.383	0.298	1.401	0.247
0.593	0.312	0.481	0.859	0.278	0.461	0.347	0.273	1.37	0.242
0.525	0.312	0.586	0.801	0.271	0.415	0.33	0.266	1.311	0.239
0.481	0.308	0.635	0.74	0.261	0.374	0.315	0.256	1.189	0.244
0.452	0.305	0.659	0.706	0.251	0.339	0.3	0.254	1.06	0.249
0.437	0.305	0.662	0.696	0.249	0.303	0.281	0.254	0.942	0.249
0.425	0.312	0.693	0.701	0.247	0.278	0.269	0.249	0.854	0.247
0.413	0.361	0.767	0.706	0.251	0.271	0.264	0.249	0.776	0.244
0.398	0.43	0.818	0.718	0.256	0.269	0.264	0.244	0.725	0.244
0.391	0.469	0.837	0.72	0.247	0.261	0.259	0.247	0.718	0.249
0.391	0.508	0.906	0.723	0.244	0.259	0.256	0.251	0.679	0.251
0.388	0.579	0.942	0.735	0.247	0.249	0.251	0.254	0.654	0.251
0.393	0.659	0.964	0.728	0.247	0.247	0.249	0.254	0.667	0.251
0.391	0.679	1.003	0.73	0.251	0.251	0.247	0.251	0.581	0.247
0.388	0.74	1.042	0.74	0.251	0.256	0.254	0.247	0.481	0.247
0.393	0.828	1.074	0.708	0.249	0.254	0.254	0.247	0.427	0.286
0.386	0.876	1.108	0.645	0.247	0.251	0.254	0.278	0.383	0.371
0.391	0.923	1.116	0.605	0.247	0.247	0.249	0.383	0.344	0.398
0.391	1.001	1.121	0.566	0.247	0.247	0.244	0.42	0.308	0.41
0.391	1.047	1.123	0.498	0.249	0.247	0.249	0.405	0.291	0.396
0.386	1.14	1.116	0.454	0.249	0.256	0.251	0.383	0.281	0.388
0.388	1.199	1.106	0.425	0.247	0.249	0.254	0.383	0.269	0.449
0.383	1.177	1.101	0.405	0.247	0.249	0.254	0.386	0.261	0.5
0.383	1.194	1.089	0.383	0.244	0.244	0.249	0.403	0.254	0.574
0.383	1.208	1.069	0.361	0.244	0.242	0.247	0.51	0.254	0.657
0.386	1.184	1.033	0.349	0.249	0.247	0.249	0.669	0.256	0.718
0.381	1.174	0.999	0.342	0.251	0.256	0.251	0.793	0.259	0.767
0.378	1.16	0.991	0.332	0.249	0.254	0.256	0.908	0.256	0.801
0.374	1.162	1.001	0.327	0.244	0.251	0.249	0.986	0.254	0.764
0.376	1.182	0.972	0.327	0.288	0.247	0.247	1.047	0.251	0.737
0.378	1.196	0.894	0.325	0.376	0.244	0.247	1.086	0.249	0.723
0.378	1.182	0.818	0.33	0.461	0.251	0.249	1.101	0.256	0.735
0.378	1.174	0.708	0.327	0.544	0.256	0.249	1.113	0.256	0.774
0.378	1.143	0.623	0.322	0.637	0.251	0.249	1.123	0.259	0.82
0.376	1.104	0.557	0.32	0.662	0.33	0.247	1.145	0.254	0.862
0.376	1.062	0.53	0.325	0.737	0.388	0.244	1.145	0.249	0.898
0.374	1.028	0.54	0.325	0.747	0.41	0.239	1.147	0.247	0.923
0.376	0.999	0.52	0.327	0.752	0.427	0.247	1.155	0.256	0.942
0.374	0.981	0.483	0.325	0.759	0.43	0.247	1.172	0.256	0.957
0.369	0.979	0.452	0.32	0.764	0.43	0.249	1.184	0.256	0.972
0.371	0.967	0.422	0.317	0.771	0.439	0.247	1.194	0.327	0.981
0.371	0.945	0.403	0.322	0.847	0.427	0.244	1.196	0.383	0.986
0.371	0.894	0.391	0.317	0.935	0.442	0.239	1.187	0.405	0.986
0.374	0.835	0.391	0.322	0.991	0.505	0.249	1.123	0.43	0.959
0.374	0.793	0.393	0.32	1.003	0.547	0.244	1.067	0.422	0.937
0.366	0.754	0.396	0.315	0.994	0.576	0.247	0.991	0.403	0.916
0.364	0.718	0.388	0.312	0.986	0.591	0.244	0.891	0.444	0.881
0.369	0.713	0.383	0.315	0.977	0.598	0.239	0.798	0.481	0.825
0.422	0.754	0.381	0.317	0.984	0.601	0.237	0.686	0.581	0.774
0.505	0.791	0.383	0.322	0.996	0.613	0.242	0.586	0.671	0.715
0.552	0.742	0.388	0.322	1.008	0.61	0.244	0.525	0.742	0.64
0.569	0.649	0.396	0.317	1.018	0.601	0.247	0.491	0.781	0.576
0.579	0.618	0.388	0.315	1.033	0.593	0.247	0.471	0.818	0.54
0.581	0.581	0.386	0.317	1.035	0.591	0.242	0.508	0.857	0.527
0.586	0.549	0.386	0.322	1.016	0.591	0.242	0.559	0.889	0.527
0.569	0.51	0.386	0.327	0.996	0.591	0.244	0.474	0.977	0.532
0.576	0.444	0.391	0.327	0.979	0.591	0.247	0.42	1.052	0.479
0.571	0.391	0.398	0.322	0.937	0.596	0.249	0.361	1.123	0.4
0.574	0.356	0.393	0.32	0.854	0.613	0.249	0.322	1.167	0.352
0.571	0.342	0.391	0.32	0.754	0.625	0.247	0.298	1.218	0.322
0.61	0.327	0.391	0.32	0.674	0.63	0.244	0.283	1.267	0.295
0.659	0.325	0.388	0.325	0.618	0.637	0.242	0.266	1.313	0.276
0.684	0.317	0.393	0.322	0.574	0.64	0.247	0.259	1.353	0.271
0.671	0.312	0.396	0.317	0.576	0.635	0.249	0.254	1.367	0.261
0.728	0.308	0.388	0.317	0.576	0.615	0.249	0.256	1.372	0.261
0.791	0.308	0.386	0.317	0.601	0.593	0.247	0.256	1.387	0.256
0.84	0.31	0.383	0.317	0.564	0.579	0.247	0.256	1.404	0.254
0.872	0.315	0.386	0.322	0.515	0.576	0.239	0.247	1.409	0.249
0.891	0.315	0.391	0.32	0.457	0.544	0.247	0.247	1.401	0.249
0.911	0.31	0.396	0.322	0.432	0.542	0.249	0.247	1.372	0.249
0.935	0.308	0.393	0.444	0.413	0.542	0.247	0.247	1.299	0.251
0.962	0.308	0.425	0.483	0.403	0.535	0.244	0.251	1.157	0.254
0.972	0.31	0.498	0.503	0.393	0.544	0.266	0.251	1.023	0.251
0.981	0.312	0.53	0.527	0.361	0.535	0.244	0.247	0.911	0.249
0.994	0.315	0.557	0.54	0.322	0.449	0.249	0.244	0.793	0.244
1.001	0.31	0.562	0.554	0.298	0.378	0.251	0.242	0.688	0.247
1.006	0.312	0.566	0.588	0.273	0.332	0.249	0.249	0.613	0.251
1.011	0.312	0.576	0.591	0.259	0.3	0.247	0.254	0.579	0.251
1.021	0.312	0.537	0.608	0.256	0.283	0.247	0.251	0.586	0.249
1.035	0.315	0.571	0.647	0.256	0.273	0.244	0.247	0.566	0.249
1.025	0.315	0.654	0.664	0.256	0.269	0.247	0.247	0.471	0.244
0.979	0.312	0.703	0.681	0.259	0.266	0.249	0.244	0.393	0.247
0.908	0.312	0.728	0.706	0.247	0.259	0.249	0.249	0.339	0.251
0.857	0.308	0.732	0.723	0.244	0.254	0.244	0.256	0.31	0.251
0.811	0.312	0.732	0.732	0.247	0.256	0.244	0.251	0.293	0.249
0.752	0.315	0.723	0.757	0.249	0.288	0.239	0.249	0.281	0.251
0.715	0.315	0.742	0.781	0.254	0.256	0.247	0.247	0.276	0.244
0.688	0.31	0.752	0.796	0.254	0.256	0.247	0.247	0.269	0.247
0.667	0.312	0.776	0.803	0.247	0.254	0.247	0.249	0.261	0.249
0.674	0.31	0.798	0.815	0.244	0.251	0.247	0.256	0.256	0.249
0.713	0.31	0.828	0.823	0.247	0.254	0.239	0.251	0.254	0.249
0.635	0.312	0.85	0.82	0.249	0.251	0.242	0.247	0.256	0.251
0.542	0.31	0.884	0.808	0.251	0.254	0.244	0.247	0.259	0.242
0.52	0.308	0.894	0.803	0.251	0.254	0.247	0.247	0.256	0.249
0.491	0.308	0.901	0.793	0.247	0.251	0.247	0.254	0.251	0.261
0.452	0.303	0.903	0.796	0.242	0.249	0.247	0.273	0.251	0.269
0.464	0.308	0.889	0.803	0.247	0.254	0.239	0.286	0.251	0.273
0.476	0.31	0.881	0.811	0.249	0.251	0.242	0.271	0.254	0.276
0.481	0.312	0.828	0.803	0.254	0.254	0.244	0.264	0.256	0.322
0.444	0.308	0.784	0.762	0.251	0.254	0.247	0.281	0.254	0.415
0.417	0.308	0.752	0.696	0.244	0.251	0.247	0.32	0.251	0.525
0.405	0.308	0.73	0.645	0.251	0.249	0.249	0.359	0.251	0.603
0.4	0.312	0.691	0.623	0.261	0.251	0.242	0.391	0.251	0.671
0.393	0.312	0.688	0.605	0.266	0.251	0.244	0.415	0.254	0.75
0.386	0.315	0.701	0.613	0.264	0.254	0.247	0.432	0.256	0.776
0.383	0.315	0.693	0.637	0.339	0.254	0.249	0.449	0.254	0.793
0.381	0.312	0.713	0.598	0.393	0.251	0.249	0.461	0.254	0.833
0.383	0.31	0.649	0.596	0.413	0.256	0.249	0.476	0.254	0.876
0.391	0.317	0.566	0.623	0.454	0.259	0.242	0.476	0.249	0.957
0.393	0.322	0.505	0.559	0.493	0.271	0.244	0.464	0.254	1.018
0.393	0.32	0.469	0.505	0.525	0.278	0.247	0.461	0.259	1.05
0.4	0.32	0.442	0.459	0.537	0.273	0.247	0.466	0.254	1.064
0.405	0.312	0.427	0.417	0.54	0.269	0.247	0.474	0.254	1.062
0.479	0.31	0.413	0.403	0.557	0.261	0.247	0.476	0.256	1.072
0.549	0.312	0.403	0.42	0.569	0.256	0.239	0.476	0.251	1.116
0.588	0.312	0.405	0.437	0.583	0.271	0.239	0.466	0.254	1.111
0.632	0.312	0.403	0.435	0.598	0.322	0.244	0.459	0.256	1.128
0.693	0.337	0.403	0.391	0.601	0.361	0.256	0.447	0.254	1.138
0.833	0.422	0.398	0.361	0.603	0.361	0.256	0.42	0.254	1.13
0.93	0.457	0.393	0.342	0.605	0.339	0.251	0.408	0.254	1.108
0.994	0.488	0.388	0.337	0.615	0.305	0.244	0.425	0.249	1.008
1.011	0.532	0.398	0.332	0.623	0.293	0.244	0.413	0.254	0.862
1.003	0.513	0.396	0.33	0.627	0.305	0.317	0.391	0.254	0.732
0.989	0.566	0.398	0.325	0.632	0.308	0.381	0.388	0.254	0.645
0.986	0.603	0.393	0.32	0.671	0.305	0.396	0.391	0.251	0.61
0.984	0.623	0.388	0.317	0.706	0.3	0.381	0.374	0.254	0.527
0.974	0.654	0.388	0.32	0.74	0.281	0.391	0.356	0.247	0.481
0.962	0.688	0.393	0.322	0.752	0.278	0.437	0.312	0.251	0.437
0.959	0.732	0.393	0.325	0.75	0.278	0.51	0.312	0.254	0.413
0.967	0.764	0.396	0.322	0.723	0.276	0.62	0.31	0.254	0.383
0.969	0.789	0.396	0.315	0.676	0.273	0.769	0.293	0.254	0.378
0.959	0.808	0.388	0.317	0.625	0.271	0.903	0.278	0.251	0.359
0.947	0.818	0.388	0.32	0.593	0.266	1.013	0.269	0.251	0.347
0.94	0.833	0.391	0.325	0.579	0.266	1.101	0.259	0.254	0.305
0.867	0.84	0.391	0.327	0.566	0.269	1.155	0.251	0.305	0.288
0.781	0.835	0.393	0.32	0.547	0.271	1.216	0.251	0.332	0.273
0.71	0.83	0.391	0.317	0.53	0.264	1.282	0.259	0.364	0.266
0.645	0.825	0.388	0.317	0.503	0.264	1.375	0.256	0.374	0.264
0.593	0.828	0.388	0.317	0.483	0.261	1.428	0.256	0.388	0.259
0.579	0.842	0.393	0.322	0.464	0.264	1.462	0.249	0.413	0.251
0.547	0.862	0.403	0.327	0.491	0.264	1.504	0.249	0.432	0.249
0.486	0.872	0.41	0.32	0.408	0.271	1.541	0.251	0.444	0.249
0.442	0.874	0.415	0.315	0.354	0.293	1.553	0.251	0.479	0.251
0.422	0.879	0.43	0.317	0.31	0.288	1.538	0.254	0.496	0.251
0.432	0.889	0.491	0.317	0.291	0.269	1.55	0.254	0.522	0.249
0.422	0.869	0.537	0.32	0.281	0.264	1.528	0.249	0.547	0.247
0.405	0.811	0.586	0.32	0.271	0.264	1.523	0.247	0.569	0.244
0.396	0.764	0.64	0.312	0.264	0.261	1.531	0.251	0.581	0.244
0.391	0.698	0.747	0.31	0.254	0.256	1.528	0.249	0.596	0.249
0.398	0.652	0.811	0.312	0.249	0.249	1.509	0.256	0.596	0.254
0.391	0.652	0.806	0.359	0.251	0.247	1.499	0.251	0.603	0.249
0.388	0.632	0.771	0.417	0.256	0.247	1.477	0.249	0.598	0.244
0.378	0.608	0.774	0.457	0.254	0.249	1.453	0.244	0.596	0.244
0.371	0.605	0.791	0.474	0.251	0.251	1.421	0.251	0.583	0.244
0.364	0.564	0.798	0.52	0.247	0.254	1.375	0.254	0.562	0.249
0.371	0.471	0.791	0.623	0.244	0.244	1.257	0.251	0.53	0.254
0.366	0.413	0.806	0.637	0.247	0.242	1.108	0.256	0.479	0.249
0.364	0.388	0.803	0.625	0.254	0.244	0.955	0.249	0.452	0.244
0.359	0.366	0.789	0.62	0.254	0.247	0.803	0.244	0.393	0.244
0.354	0.344	0.747	0.61	0.251	0.251	0.691	0.249	0.349	0.244
0.354	0.337	0.693	0.605	0.247	0.249	0.61	0.249	0.332	0.249
0.364	0.337	0.657	0.605	0.244	0.244	0.569	0.254	0.295	0.256
0.361	0.339	0.649	0.62	0.247	0.244	0.557	0.251	0.278	0.249
0.361	0.415	0.623	0.637	0.251	0.247	0.522	0.247	0.281	0.247
0.356	0.469	0.591	0.649	0.251	0.249	0.442	0.244	0.298	0.247
0.352	0.488	0.559	0.64	0.251	0.251	0.396	0.249	0.286	0.247
0.349	0.51	0.532	0.642	0.247	0.254	0.337	0.247	0.298	0.251
0.356	0.557	0.505	0.623	0.242	0.247	0.3	0.256	0.278	0.256
0.359	0.664	0.464	0.608	0.249	0.247	0.278	0.256	0.266	0.251
0.359	0.74	0.437	0.559	0.251	0.247	0.269	0.247	0.264	0.249
0.354	0.789	0.425	0.508	0.247	0.249	0.261	0.244	0.264	0.244
0.352	0.801	0.415	0.503	0.249	0.254	0.264	0.249	0.261	0.249
0.354	0.776	0.408	0.496	0.244	0.254	0.256	0.251	0.256	0.266
0.361	0.767	0.403	0.469	0.244	0.247	0.249	0.254	0.251	0.291
0.369	0.781	0.396	0.452	0.247	0.247	0.244	0.249	0.251	0.298
0.371	0.796	0.393	0.449	0.249	0.249	0.239	0.276	0.254	0.286
0.369	0.798	0.396	0.43	0.251	0.251	0.247	0.312	0.256	0.283
0.366	0.803	0.4	0.386	0.249	0.251	0.251	0.3	0.259	0.312
0.369	0.793	0.396	0.352	0.244	0.251	0.249	0.339	0.251	0.444
0.369	0.781	0.393	0.33	0.244	0.247	0.244	0.481	0.249	0.586
0.376	0.776	0.388	0.325	0.249	0.244	0.239	0.771	0.249	0.681
0.376	0.779	0.388	0.325	0.249	0.247	0.237	1.008	0.251	0.828
0.374	0.776	0.393	0.32	0.251	0.254	0.242	1.155	0.256	0.979
0.369	0.767	0.396	0.312	0.249	0.256	0.249	1.37	0.259	1.057
0.374	0.737	0.391	0.305	0.244	0.254	0.247	1.506	0.254	1.15
0.376	0.71	0.391	0.303	0.242	0.249	0.242	1.67	0.249	1.255
0.378	0.637	0.386	0.305	0.251	0.247	0.237	1.926	0.249	1.304
0.376	0.588	0.393	0.312	0.251	0.251	0.237	2.07	0.251	1.316
0.371	0.574	0.393	0.31	0.251	0.254	0.239	2.144	0.254	1.309
0.369	0.542	0.393	0.31	0.251	0.259	0.247	2.173	0.259	1.313
0.374	0.508	0.391	0.305	0.247	0.254	0.244	2.178	0.251	1.318
0.374	0.481	0.393	0.303	0.244	0.249	0.239	2.207	0.247	1.311
0.378	0.471	0.388	0.31	0.251	0.251	0.237	2.224	0.249	1.306
0.383	0.449	0.388	0.312	0.251	0.254	0.237	2.239	0.249	1.292
0.381	0.403	0.391	0.312	0.254	0.261	0.244	2.246	0.254	1.274
0.381	0.366	0.393	0.31	0.251	0.464	0.244	2.224	0.256	1.267
0.435	0.344	0.393	0.308	0.32	0.752	0.247	2.212	0.254	1.238
0.505	0.33	0.393	0.308	0.349	1.055	0.242	2.175	0.249	1.179
0.686	0.337	0.388	0.312	0.317	1.287	0.244	2.114	0.247	1.125
0.901	0.332	0.391	0.312	0.354	1.465	0.244	1.982	0.249	1.057
1.086	0.325	0.393	0.312	0.371	1.528	0.264	1.797	0.256	0.94
1.243	0.317	0.396	0.308	0.391	1.516	0.281	1.633	0.254	0.874
1.367	0.31	0.396	0.303	0.415	1.46	0.269	1.521	0.251	0.842
1.531	0.31	0.393	0.3	0.437	1.443	0.281	1.396	0.249	0.784
1.704	0.315	0.391	0.315	0.461	1.453	0.33	1.282	0.251	0.757
1.729	0.315	0.391	0.312	0.496	1.521	0.361	1.16	0.251	0.637
1.853	0.315	0.396	0.312	0.508	1.611	0.422	1.033	0.256	0.503
1.973	0.31	0.398	0.312	0.508	1.707	0.481	0.879	0.254	0.413
2.002	0.308	0.398	0.305	0.513	1.753	0.53	0.659	0.251	0.356
2.014	0.305	0.393	0.308	0.513	1.785	0.566	0.508	0.244	0.317
2.031	0.312	0.391	0.315	0.515	1.797	0.601	0.466	0.244	0.291
2.048	0.312	0.393	0.315	0.515	1.772	0.647	0.403	0.247	0.273
2.083	0.312	0.396	0.315	0.51	1.755	0.681	0.344	0.256	0.264
2.119	0.31	0.398	0.31	0.525	1.709	0.693	0.308	0.251	0.264
2.114	0.308	0.4	0.308	0.53	1.626	0.698	0.288	0.247	0.261
2.136	0.31	0.391	0.308	0.522	1.482	0.667	0.276	0.244	0.259
2.156	0.315	0.388	0.312	0.51	1.277	0.588	0.266	0.244	0.254
2.178	0.312	0.388	0.315	0.525	1.094	0.488	0.259	0.247	0.247
2.187	0.312	0.393	0.317	0.459	0.825	0.454	0.251	0.254	0.247
2.168	0.308	0.398	0.312	0.378	0.654	0.41	0.249	0.249	0.251
2.131	0.303	0.403	0.31	0.337	0.569	0.361	0.251	0.247	0.251
2.017	0.305	0.393	0.31	0.312	0.466	0.339	0.249	0.244	0.254
1.838	0.312	0.396	0.317	0.286	0.398	0.322	0.251	0.242	0.251
1.721	0.312	0.437	0.317	0.273	0.349	0.293	0.249	0.244	0.247
1.658	0.31	0.583	0.315	0.271	0.322	0.298	0.244	0.251	0.239
1.616	0.308	0.771	0.312	0.259	0.293	0.286	0.247	0.247	0.251
1.55	0.303	0.92	0.308	0.254	0.281	0.276	0.249	0.244	0.251
1.511	0.303	1.072	0.305	0.254	0.269	0.259	0.251	0.244	0.251
1.423	0.312	1.206	0.31	0.251	0.259	0.251	0.251	0.254	0.249
1.262	0.312	1.323	0.31	0.254	0.256	0.251	0.254	0.276	0.244
1.086	0.31	1.521	0.31	0.254	0.264	0.254	0.247	0.295	0.244
0.898	0.31	1.606	0.31	0.251	0.261	0.251	0.249	0.293	0.249
0.718	0.305	1.68	0.308	0.249	0.256	0.251	0.249	0.305	0.249
0.588	0.312	1.733	0.308	0.247	0.251	0.244	0.254	0.432	0.251
0.513	0.312	1.763	0.312	0.247	0.249	0.244	0.251	0.562	0.249
0.459	0.312	1.755	0.312	0.249	0.251	0.247	0.251	0.681	0.244
0.41	0.312	1.721	0.315	0.251	0.259	0.247	0.247	0.801	0.244
0.383	0.31	1.68	0.31	0.251	0.256	0.249	0.244	0.928	0.249
0.364	0.305	1.65	0.308	0.247	0.254	0.249	0.249	1.025	0.249
0.342	0.308	1.604	0.31	0.242	0.249	0.244	0.251	1.062	0.251
0.33	0.31	1.514	0.308	0.244	0.247	0.242	0.251	1.086	0.249
0.322	0.315	1.44	0.315	0.249	0.251	0.247	0.249	1.145	0.244
0.315	0.315	1.394	0.342	0.251	0.256	0.242	0.247	1.309	0.242
0.305	0.31	1.335	0.347	0.249	0.256	0.249	0.244	1.396	0.244
0.3	0.308	1.277	0.344	0.249	0.254	0.249	0.249	1.445	0.249
0.303	0.31	1.194	0.447	0.244	0.251	0.244	0.256	1.484	0.249
0.308	0.308	1.123	0.674	0.244	0.251	0.239	0.254	1.514	0.249
0.308	0.312	1.016	0.872	0.249	0.254	0.247	0.247	1.548	0.247
0.308	0.315	0.894	1.05	0.251	0.256	0.244	0.315	1.555	0.247
0.3	0.31	0.811	1.321	0.251	0.256	0.249	0.496	1.514	0.247
0.298	0.403	0.647	1.37	0.251	0.256	0.247	0.718	1.445	0.249
0.298	0.635	0.537	1.375	0.244	0.251	0.242	0.781	1.316	0.254
0.3	0.801	0.461	1.426	0.244	0.249	0.239	0.669	1.16	0.249
0.303	0.935	0.427	1.433	0.249	0.254	0.239	0.515	1.104	0.249
0.305	1.096	0.439	1.421	0.249	0.256	0.244	0.43	1.023	0.278
0.298	1.37	0.437	1.382	0.249	0.256	0.247	0.364	0.937	0.303
0.298	1.497	0.442	1.323	0.247	0.254	0.247	0.371	0.862	0.305
0.3	1.572	0.466	1.294	0.239	0.251	0.244	0.442	0.662	0.288
0.303	1.562	0.471	1.267	0.239	0.249	0.239	0.503	0.508	0.286
0.308	1.487	0.435	1.235	0.244	0.254	0.239	0.537	0.42	0.273
0.308	1.472	0.417	1.191	0.247	0.254	0.239	0.564	0.361	0.269
0.298	1.506	0.408	1.125	0.247	0.256	0.244	0.586	0.33	0.291
0.3	1.558	0.391	1.045	0.247	0.254	0.242	0.603	0.298	0.322
0.303	1.606	0.381	0.984	0.239	0.249	0.239	0.625	0.283	0.339
0.308	1.624	0.378	0.981	0.242	0.249	0.237	0.635	0.271	0.352
0.31	1.616	0.376	1.023	0.247	0.256	0.237	0.63	0.266	0.356
0.31	1.55	0.378	1.023	0.249	0.254	0.239	0.62	0.264	0.366
0.305	1.46	0.383	0.898	0.249	0.256	0.244	0.598	0.259	0.364
0.303	1.392	0.378	0.745	0.261	0.254	0.242	0.591	0.251	0.361
0.3	1.287	0.374	0.583	0.271	0.278	0.239	0.566	0.247	0.354
0.305	1.255	0.369	0.474	0.286	0.354	0.239	0.508	0.249	0.347
0.303	1.23	0.369	0.396	0.3	0.515	0.237	0.437	0.249	0.334
0.305	1.16	0.374	0.342	0.315	0.701	0.239	0.388	0.254	0.317
0.298	1.06	0.376	0.327	0.352	0.828	0.259	0.339	0.254	0.293
0.298	0.933	0.374	0.32	0.361	0.833	0.308	0.305	0.251	0.283
0.3	0.811	0.371	0.31	0.361	0.789	0.391	0.3	0.249	0.273
0.305	0.688	0.364	0.308	0.366	0.715	0.469	0.31	0.251	0.266
0.308	0.583	0.366	0.293	0.442	0.586	0.559	0.327	0.249	0.259
0.305	0.471	0.371	0.278	0.552	0.566	0.54	0.317	0.254	0.251
0.3	0.383	0.374	0.266	0.667	0.532	0.591	0.312	0.256	0.251
0.298	0.352	0.369	0.261	0.747	0.51	0.659	0.325	0.251	0.254
0.3	0.352	0.369	0.254	0.845	0.471	0.803	0.332	0.247	0.256
0.305	0.361	0.369	0.247	0.925	0.444	1.001	0.305	0.251	0.254
0.312	0.43	0.366	0.256	1.021	0.427	1.162	0.283	0.249	0.249
0.308	0.461	0.376	0.254	1.091	0.413	1.174	0.271	0.251	0.247
0.303	0.452	0.376	0.251	1.157	0.403	1.147	0.264	0.254	0.247
0.3	0.447	0.371	0.251	1.23	0.361	1.196	0.264	0.249	0.251
0.303	0.437	0.366	0.247	1.257	0.317	1.313	0.266	0.247	0.251
0.308	0.447	0.361	0.249	1.245	0.315	1.431	0.259	0.249	0.249
0.315	0.454	0.364	0.254	1.233	0.327	1.465	0.259	0.249	0.251
0.308	0.461	0.371	0.254	1.221	0.337	1.467	0.254	0.251	0.242
0.303	0.457	0.369	0.251	1.174	0.347	1.44	0.251	0.251	0.244
0.3	0.454	0.371	0.249	1.128	0.334	1.428	0.256	0.249	0.249
0.3	0.449	0.369	0.247	1.082	0.349	1.414	0.266	0.247	0.249
0.308	0.454	0.369	0.249	1.006	0.356	1.411	0.259	0.251	0.249
0.31	0.457	0.369	0.251	0.874	0.352	1.401	0.256	0.249	0.249
0.305	0.457	0.376	0.251	0.667	0.327	1.343	0.251	0.254	0.244
0.3	0.457	0.376	0.251	0.532	0.3	1.228	0.251	0.254	0.244
0.3	0.454	0.374	0.249	0.444	0.278	1.116	0.256	0.249	0.249
0.303	0.449	0.371	0.247	0.376	0.264	1.077	0.261	0.247	0.249
0.308	0.452	0.369	0.249	0.347	0.261	1.047	0.256	0.247	0.249
0.312	0.454	0.369	0.251	0.356	0.254	1.04	0.256	0.249	0.247
0.305	0.459	0.374	0.254	0.352	0.256	1.035	0.266	0.251	0.242
0.3	0.461	0.369	0.256	0.325	0.254	0.981	0.266	0.259	0.244
0.3	0.464	0.371	0.249	0.293	0.254	0.918	0.273	0.264	0.3
0.3	0.464	0.366	0.249	0.276	0.249	0.72	0.295	0.264	0.337
0.305	0.469	0.364	0.251	0.264	0.251	0.544	0.295	0.264	0.308
0.31	0.474	0.366	0.254	0.261	0.251	0.437	0.308	0.291	0.283
0.305	0.474	0.371	0.259	0.261	0.254	0.374	0.317	0.347	0.283
0.303	0.474	0.371	0.259	0.256	0.254	0.334	0.31	0.388	0.364
0.3	0.469	0.369	0.249	0.247	0.251	0.308	0.312	0.42	0.396
0.303	0.469	0.366	0.247	0.244	0.247	0.291	0.305	0.449	0.342
0.31	0.474	0.4	0.249	0.242	0.247	0.271	0.293	0.449	0.308
0.31	0.476	0.452	0.254	0.247	0.247	0.261	0.286	0.427	0.286
0.308	0.474	0.481	0.251	0.254	0.251	0.259	0.278	0.396	0.273
0.305	0.476	0.513	0.256	0.249	0.251	0.259	0.276	0.371	0.264
0.305	0.469	0.579	0.249	0.244	0.249	0.259	0.281	0.352	0.264
0.305	0.466	0.64	0.247	0.239	0.247	0.256	0.281	0.342	0.264
0.312	0.471	0.725	0.259	0.239	0.247	0.247	0.283	0.33	0.264
0.31	0.474	0.823	0.273	0.244	0.244	0.249	0.276	0.33	0.256
0.308	0.479	0.869	0.295	0.251	0.249	0.249	0.271	0.327	0.254
0.303	0.481	0.898	0.347	0.247	0.249	0.251	0.266	0.32	0.254
0.298	0.471	0.894	0.374	0.247	0.249	0.254	0.271	0.305	0.256
0.303	0.469	0.867	0.417	0.244	0.251	0.251	0.266	0.286	0.251
0.312	0.471	0.842	0.444	0.239	0.303	0.247	0.266	0.269	0.261
0.31	0.476	0.833	0.486	0.247	0.366	0.244	0.273	0.264	0.254
0.308	0.474	0.796	0.518	0.254	0.405	0.247	0.286	0.259	0.254
0.305	0.481	0.793	0.547	0.251	0.437	0.251	0.303	0.256	0.259
0.33	0.479	0.784	0.562	0.244	0.508	0.251	0.32	0.254	0.264
0.43	0.479	0.776	0.559	0.242	0.557	0.249	0.325	0.266	0.269
0.635	0.479	0.74	0.554	0.242	0.574	0.244	0.33	0.256	0.273
0.806	0.481	0.701	0.557	0.244	0.649	0.244	0.334	0.254	0.266
0.945	0.483	0.664	0.549	0.254	0.732	0.247	0.332	0.254	0.264
0.972	0.483	0.654	0.547	0.249	0.796	0.249	0.342	0.251	0.266
0.857	0.496	0.662	0.547	0.247	0.786	0.254	0.352	0.249	0.269
0.747	0.491	0.659	0.544	0.244	0.757	0.247	0.349	0.247	0.273
0.593	0.498	0.662	0.549	0.244	0.725	0.244	0.354	0.242	0.276
0.522	0.491	0.669	0.544	0.247	0.73	0.244	0.347	0.244	0.269
0.557	0.486	0.671	0.535	0.249	0.742	0.249	0.344	0.249	0.264
0.598	0.503	0.681	0.503	0.247	0.752	0.251	0	0.251	0.266
0.64	0.691	0.701	0.479	0.244	0.754	0.259	0	0.249	0.271
0.659	0.955	0.701	0.469	0.242	0.764	0.251	0	0.244	0.273
0.645	1.216	0.698	0.479	0.244	0.754	0.247	0	0.242	0.273
0.618	1.587	0.679	0.486	0.249	0.754	0.244	0	0.247	0.269
0.549	1.716	0.659	0.496	0.249	0.75	0.249	0	0.251	0
0.508	1.719	0.659	0.488	0.247	0.737	0.249	0	0.249	0
0.481	1.592	0.662	0.474	0.244	0.725	0.254	0	0.254	0
0.476	1.367	0.652	0.454	0.239	0.71	0.247	0	0.256	0
0.439	1.147	0.623	0.378	0.242	0.696	0.239	0	0.352	0
0.391	1.018	0.588	0.337	0.249	0.696	0.239	0	0.442	0
0.359	0.911	0.515	0.31	0.247	0.706	0.239	0	0.667	0
0.334	0.793	0.476	0.283	0.251	0.72	0.247	0	0.815	0
0.322	0.691	0.413	0.269	0.244	0.752	0.251	0	0.884	0
0.32	0.593	0.369	0.261	0.242	0.764	0.244	0	0.886	0
0.337	0.557	0.347	0.256	0.242	0.769	0.239	0	0.92	0
0.356	0.503	0.33	0.256	0.251	0.776	0.237	0	1.086	0
0.337	0.491	0.33	0.259	0.251	0.791	0.261	0	1.216	0
0.322	0.476	0.325	0.254	0.249	0.798	0.386	0	1.387	0
0.315	0.459	0.317	0.249	0.247	0.784	0.571	0	1.509	0
0.322	0.452	0.312	0.247	0.242	0.75	0.73	0	1.501	0
0.322	0.447	0.315	0.247	0.242	0.693	0.891	0	1.545	0
0.322	0.452	0.305	0.251	0.251	0.613	1.016	0	1.584	0
0.317	0.457	0.308	0.254	0.261	0.535	1.116	0	1.658	0
0.31	0.452	0.312	0.249	0.269	0.474	1.162	0	1.655	0
0.308	0.439	0.31	0.247	0.273	0.439	1.172	0	1.638	0
0.312	0.442	0.31	0.242	0.278	0	1.162	0	1.492	0
0.312	0.5	0.31	0.247	0.298	0	1.072	0	1.299	0
0.312	0.54	0.308	0.254	0.43	0	0.994	0	1.147	0
0.312	0.544	0.337	0.251	0.688	0	0.891	0	1.03	0
0.305	0.513	0.378	0.249	0.996	0	0.823	0	0.964	0
0.303	0.457	0.415	0.244	1.211	0	0.75	0	0.93	0
0.308	0.422	0.388	0.242	1.418	0	0.652	0	0.908	0
0.31	0.4	0.364	0.247	1.514	0	0.547	0	0.894	0
0.312	0.393	0.349	0.251	1.431	0	0.476	0	0.889	0
0.312	0.388	0.344	0.256	1.252	0	0.435	0	0.886	0
0.308	0.381	0.376	0.251	1.035	0	0.388	0	0.884	0
0.31	0.376	0.498	0.254	0.859	0	0.352	0	0.879	0
0.312	0.371	0.601	0.256	0.732	0	0.322	0	0.867	0
0.317	0.371	0.649	0.264	0.581	0	0.303	0	0.864	0
0.317	0.376	0.664	0.264	0.488	0	0.293	0	0.862	0
0.317	0.374	0.664	0.3	0.447	0	0.293	0	0.859	0
0.312	0.366	0.657	0.344	0.464	0	0.298	0	0.845	0
0.32	0.364	0.647	0.371	0.52	0	0.298	0	0.791	0
0.356	0.364	0.647	0.391	0.574	0	0.293	0	0	0
0.386	0.369	0.637	0.41	0.623	0	0.286	0	0	0
0.41	0.378	0.625	0.427	0.654	0	0.281	0	0	0
0.437	0.374	0.608	0.43	0.671	0	0.283	0	0	0
0.459	0.371	0.588	0.432	0.701	0	0.291	0	0	0
0.476	0.371	0.574	0.425	0.715	0	0.281	0	0	0
0.483	0.366	0.569	0.422	0.725	0	0.278	0	0	0
0.51	0.371	0.552	0.427	0.713	0	0.271	0	0	0
0.542	0.378	0.535	0.437	0.684	0	0.259	0	0	0
0.571	0.374	0.527	0.435	0.642	0	0.259	0	0	0
0.591	0.371	0.52	0.427	0.562	0	0.332	0	0	0
0.61	0.366	0.515	0.422	0.479	0	0.41	0	0	0
0.61	0.366	0.515	0.435	0.42	0	0.444	0	0	0
0.618	0.371	0.51	0.442	0.366	0	0.447	0	0	0
0.632	0.378	0.515	0.452	0.361	0	0.437	0	0	0
0.637	0.378	0.52	0.444	0.444	0	0.386	0	0	0
0.642	0.376	0.52	0.425	0.498	0	0.356	0	0	0
0.647	0.374	0.522	0.413	0.527	0	0.322	0	0	0
0.647	0.371	0.518	0.408	0.522	0	0.295	0	0	0
0.657	0.374	0.508	0.42	0.486	0	0.273	0	0	0
0.657	0.381	0.508	0.425	0.457	0	0.264	0	0	0
0.657	0.378	0.508	0.425	0.457	0	0.261	0	0	0
0.647	0.376	0.5	0.42	0.386	0	0.259	0	0	0
0.652	0.371	0.469	0.415	0.332	0	0.254	0	0	0
0.654	0.371	0.444	0.42	0.303	0	0.251	0	0	0
0.654	0.371	0.42	0.43	0.281	0	0.247	0	0	0
0.649	0.403	0.381	0.43	0.273	0	0.249	0	0	0
0.64	0.442	0.356	0.422	0.269	0	0.256	0	0	0
0.625	0.466	0.339	0.396	0.264	0	0.251	0	0	0
0	0.476	0.332	0.361	0.259	0	0.254	0	0	0
0	0.498	0	0.33	0.256	0	0.247	0	0	0
0	0.496	0	0.305	0.251	0	0.242	0	0	0
0	0.5	0	0.283	0.251	0	0.242	0	0	0
0	0.5	0	0.273	0.254	0	0.251	0	0	0
0	0.51	0	0.264	0.251	0	0.251	0	0	0
0	0.52	0	0	0.249	0	0.251	0	0	0
0	0.54	0	0	0.251	0	0.259	0	0	0
0	0.569	0	0	0.247	0	0.256	0	0	0
0	0.588	0	0	0.251	0	0.261	0	0	0
0	0.608	0	0	0.256	0	0.269	0	0	0
0	0.618	0	0	0.337	0	0.278	0	0	0
0	0.632	0	0	0.396	0	0.295	0	0	0
0	0.667	0	0	0.498	0	0.298	0	0	0
0	0.684	0	0	0.579	0	0.295	0	0	0
0	0.681	0	0	0.64	0	0.3	0	0	0
0	0.706	0	0	0.679	0	0.308	0	0	0
0	0.728	0	0	0.701	0	0.312	0	0	0
0	0.742	0	0	0.728	0	0.31	0	0	0
0	0.754	0	0	0.769	0	0.305	0	0	0
0	0.752	0	0	0.828	0	0.3	0	0	0
0	0.747	0	0	0.876	0	0.303	0	0	0
0	0.759	0	0	0.928	0	0.305	0	0	0
0	0.786	0	0	0.984	0	0.312	0	0	0
0	0.818	0	0	0.996	0	0.312	0	0	0
0	0.84	0	0	0.984	0	0.31	0	0	0
0	0.864	0	0	0.962	0	0.303	0	0	0
0	0.864	0	0	0.952	0	0.305	0	0	0
0	0.833	0	0	0.945	0	0.305	0	0	0
0	0.796	0	0	0.937	0	0.31	0	0	0
0	0.779	0	0	0.937	0	0.31	0	0	0
0	0.74	0	0	0.923	0	0.305	0	0	0
0	0.684	0	0	0.911	0	0.298	0	0	0
0	0.598	0	0	0.894	0	0.3	0	0	0
0	0.515	0	0	0.889	0	0.293	0	0	0
0	0	0	0	0.884	0	0.298	0	0	0
0	0	0	0	0.881	0	0.295	0	0	0
0	0	0	0	0.852	0	0.295	0	0	0
0	0	0	0	0.837	0	0.291	0	0	0
0	0	0	0	0.828	0	0.295	0	0	0
0	0	0	0	0.818	0	0.293	0	0	0
0	0	0	0	0.776	0	0.295	0	0	0
0	0	0	0	0	0	0.298	0	0	0
0	0	0	0	0	0	0.293	0	0	0
