0.574	0.425	0.43	0.364	0.459	0.386	0.398	0.437	0.444	0.425
0.579	0.42	0.422	0.364	0.454	0.396	0.405	0.435	0.444	0.425
0.576	0.422	0.42	0.369	0.449	0.396	0.403	0.439	0.447	0.427
0.581	0.427	0.422	0.371	0.452	0.398	0.408	0.435	0.447	0.425
0.569	0.43	0.422	0.369	0.454	0.396	0.41	0.437	0.452	0.422
0.566	0.435	0.425	0.364	0.459	0.396	0.403	0.435	0.439	0.417
0.569	0.43	0.43	0.359	0.466	0.396	0.403	0.435	0.439	0.413
0.571	0.427	0.42	0.356	0.457	0.405	0.408	0.425	0.442	0.413
0.571	0.43	0.42	0.361	0.452	0.4	0.408	0.42	0.447	0.422
0.574	0.435	0.42	0.364	0.452	0.398	0.408	0.41	0.449	0.42
0.569	0.439	0.422	0.369	0.454	0.391	0.403	0.417	0.454	0.417
0.569	0.442	0.427	0.374	0.459	0.386	0.4	0.42	0.449	0.415
0.571	0.435	0.43	0.378	0.464	0.388	0.396	0.422	0.444	0.413
0.574	0.43	0.43	0.408	0.457	0.396	0.391	0.417	0.442	0.41
0.576	0.43	0.43	0.43	0.452	0.391	0.398	0.417	0.447	0.417
0.576	0.435	0.43	0.449	0.452	0.393	0.405	0.415	0.452	0.415
0.571	0.439	0.439	0.452	0.457	0.386	0.413	0.42	0.457	0.415
0.574	0.435	0.447	0.454	0.461	0.386	0.41	0.425	0.449	0.413
0.574	0.432	0.454	0.457	0.483	0.391	0.403	0.422	0.449	0.405
0.581	0.432	0.447	0.459	0.464	0.396	0.403	0.422	0.447	0.403
0.583	0.432	0.442	0.466	0.461	0.396	0.405	0.417	0.449	0.415
0.583	0.437	0.444	0.474	0.464	0.393	0.405	0.415	0.454	0.415
0.579	0.439	0.449	0.466	0.466	0.391	0.4	0.417	0.454	0.415
0.576	0.449	0.454	0.466	0.471	0.388	0.396	0.425	0.452	0.415
0.574	0.471	0.459	0.466	0.471	0.391	0.396	0.444	0.449	0.413
0.579	0.505	0.457	0.464	0.464	0.393	0.393	0.505	0.452	0.415
0.588	0.544	0.457	0.466	0.459	0.396	0.396	0.593	0.452	0.42
0.598	0.615	0.457	0.474	0.479	0.396	0.427	0.588	0.459	0.425
0.62	0.671	0.459	0.464	0.5	0.396	0.449	0.583	0.459	0.442
0.645	0.696	0.464	0.474	0.615	0.41	0.479	0.586	0.479	0.435
0.669	0.701	0.464	0.486	0.642	0.476	0.459	0.613	0.486	0.427
0.688	0.715	0.469	0.491	0.649	0.515	0.439	0.688	0.505	0.432
0.703	0.723	0.537	0.493	0.657	0.547	0.437	0.813	0.525	0.43
0.706	0.74	0.613	0.496	0.654	0.566	0.505	0.854	0.542	0.449
0.713	0.767	0.703	0.493	0.652	0.544	0.537	0.872	0.547	0.444
0.718	0.779	0.769	0.479	0.642	0.496	0.564	0.894	0.542	0.432
0.725	0.796	0.803	0.469	0.671	0.469	0.605	0.916	0.522	0.425
0.732	0.811	0.82	0.466	0.691	0.447	0.637	0.911	0.518	0.427
0.737	0.825	0.83	0.464	0.691	0.444	0.652	0.886	0.544	0.422
0.73	0.828	0.842	0.464	0.669	0.43	0.669	0.869	0.579	0.42
0.732	0.823	0.847	0.457	0.654	0.466	0.669	0.815	0.596	0.425
0.73	0.798	0.852	0.449	0.649	0.483	0.664	0.774	0.603	0.422
0.735	0.793	0.847	0.447	0.645	0.493	0.662	0.75	0.62	0.422
0.732	0.803	0.845	0.447	0.664	0.493	0.662	0.72	0.627	0.425
0.74	0.833	0.845	0.452	0.737	0.496	0.669	0.676	0.637	0.422
0.732	0.869	0.845	0.452	0.784	0.493	0.684	0.635	0.652	0.427
0.732	0.889	0.845	0.447	0.789	0.491	0.667	0.603	0.652	0.425
0.732	0.85	0.852	0.442	0.808	0.486	0.63	0.571	0.642	0.422
0.728	0.813	0.847	0.439	0.806	0.469	0.605	0.525	0.618	0.417
0.679	0.781	0.852	0.449	0.776	0.447	0.586	0.51	0.596	0.422
0.647	0.735	0.852	0.488	0.735	0.437	0.581	0.491	0.586	0.42
0.62	0.713	0.847	0.508	0.725	0.425	0.583	0.486	0.579	0.422
0.623	0.703	0.852	0.53	0.703	0.442	0.559	0.479	0.552	0.427
0.662	0.688	0.857	0.549	0.664	0.479	0.566	0.479	0.54	0.435
0.674	0.662	0.842	0.549	0.618	0.466	0.544	0.474	0.525	0.435
0.642	0.642	0.742	0.51	0.591	0.461	0.547	0.459	0.5	0.447
0.618	0.642	0.713	0.493	0.569	0.457	0.591	0.449	0.486	0.442
0.601	0.659	0.635	0.474	0.557	0.439	0.623	0.449	0.498	0.447
0.588	0.654	0.571	0.461	0.537	0.427	0.64	0.452	0.476	0.435
0.684	0.64	0.54	0.457	0.515	0.415	0.652	0.452	0.471	0.43
0.779	0.632	0.51	0.449	0.498	0.41	0.652	0.449	0.459	0.427
0.828	0.618	0.493	0.457	0.488	0.41	0.61	0.442	0.481	0.427
0.852	0.615	0.481	0.466	0.481	0.422	0.576	0.437	0.554	0.43
0.813	0.623	0.476	0.464	0.479	0.417	0.54	0.437	0.601	0.437
0.769	0.618	0.474	0.481	0.481	0.437	0.491	0.442	0.62	0.439
0.762	0.615	0.474	0.496	0.483	0.461	0.461	0.442	0.637	0.432
0.781	0.61	0.474	0.51	0.483	0.466	0.447	0.444	0.645	0.432
0.815	0.613	0.469	0.522	0.481	0.461	0.439	0.439	0.649	0.43
0.82	0.62	0.466	0.54	0.479	0.459	0.437	0.43	0.662	0.435
0.825	0.627	0.461	0.542	0.486	0.454	0.437	0.432	0.657	0.435
0.833	0.62	0.466	0.537	0.488	0.452	0.43	0.435	0.649	0.43
0.842	0.593	0.466	0.505	0.491	0.452	0.439	0.439	0.647	0.432
0.857	0.549	0.466	0.483	0.491	0.449	0.435	0.449	0.637	0.439
0.864	0.51	0.464	0.476	0.488	0.449	0.437	0.442	0.642	0.437
0.859	0.483	0.459	0.474	0.483	0.454	0.437	0.437	0.652	0.435
0.862	0.476	0.457	0.469	0.483	0.457	0.435	0.432	0.652	0.432
0.857	0.469	0.491	0.464	0.491	0.461	0.435	0.437	0.657	0.435
0.842	0.461	0.515	0.457	0.481	0.479	0.437	0.442	0.657	0.43
0.815	0.452	0.532	0.454	0.479	0.474	0.427	0.444	0.652	0.43
0.803	0.452	0.53	0.457	0.474	0.444	0.425	0.437	0.654	0.435
0.767	0.449	0.5	0.457	0.469	0.425	0.422	0.435	0.659	0.435
0.723	0.452	0.486	0.457	0.471	0.405	0.422	0.43	0.659	0.439
0.696	0.439	0.486	0.452	0.476	0.388	0.42	0.432	0.664	0.439
0.681	0.432	0.476	0.447	0.476	0.378	0.417	0.437	0.652	0.435
0.676	0.42	0.474	0.444	0.474	0.371	0.41	0.439	0.632	0.435
0.674	0.417	0.469	0.452	0.471	0.374	0.41	0.439	0.579	0.427
0.635	0.42	0.464	0.452	0.469	0.374	0.41	0.439	0.537	0.43
0.613	0.427	0.461	0.457	0.471	0.371	0.413	0.444	0.508	0.432
0.596	0.43	0.469	0.454	0.479	0.366	0.42	0.452	0.488	0.43
0.588	0.427	0.469	0.449	0.479	0.364	0.415	0.459	0.471	0.43
0.586	0.425	0.469	0.447	0.479	0.359	0.415	0.454	0.461	0.427
0.601	0.422	0.464	0.454	0.471	0.361	0.413	0.452	0.461	0.422
0.593	0.427	0.459	0.447	0.464	0.361	0.415	0.449	0.459	0.427
0.583	0.425	0.459	0.452	0.466	0.366	0.422	0.449	0.461	0.425
0.576	0.427	0.464	0.452	0.471	0.376	0.422	0.444	0.461	0.425
0.574	0.43	0.466	0.447	0.474	0.381	0.42	0.449	0.457	0.425
0.581	0.427	0.466	0.444	0.471	0.378	0.415	0.442	0.454	0.42
0.576	0.425	0.464	0.452	0.466	0.374	0.413	0.442	0.459	0.422
0.574	0.425	0.459	0.454	0.461	0.376	0.415	0.437	0.459	0.425
0.569	0.425	0.461	0.457	0.461	0.386	0.42	0.437	0.464	0.427
0.566	0.427	0.466	0.454	0.464	0.388	0.422	0.435	0.464	0.427
0.566	0.43	0.469	0.452	0.466	0.381	0.417	0.444	0.459	0.43
0.574	0.425	0.466	0.449	0.461	0.378	0.415	0.437	0.454	0.425
0.574	0.417	0.459	0.452	0.459	0.376	0.417	0.432	0.457	0.42
0.571	0.417	0.459	0.454	0.454	0.378	0.415	0.43	0.452	0.427
0.569	0.417	0.464	0.457	0.454	0.381	0.417	0.432	0.457	0.43
0.566	0.417	0.461	0.452	0.457	0.383	0.425	0.435	0.461	0.432
0.569	0.413	0.461	0.447	0.464	0.374	0.417	0.439	0.454	0.435
0.574	0.41	0.461	0.452	0.466	0.369	0.413	0.435	0.452	0.427
0.574	0.41	0.452	0.452	0.464	0.366	0.41	0.432	0.457	0.43
0.576	0.413	0.449	0.452	0.459	0.364	0.408	0.425	0.452	0.432
0.579	0.413	0.452	0.452	0.461	0.359	0.413	0.425	0.452	0.432
0.574	0.42	0.452	0.449	0.464	0.356	0.42	0.43	0.454	0.432
0.571	0.425	0.454	0.447	0.469	0.344	0.415	0.435	0.452	0.432
0.581	0.425	0.452	0.447	0.471	0.339	0.408	0.437	0.449	0.425
0.581	0.422	0.444	0.447	0.471	0.337	0.405	0.43	0.454	0.425
0.581	0.422	0.439	0.449	0.508	0.339	0.405	0.422	0.452	0.432
0.574	0.422	0.444	0.454	0.537	0.342	0.408	0.422	0.452	0.43
0.566	0.427	0.442	0.449	0.547	0.344	0.408	0.422	0.447	0.427
0.564	0.439	0.449	0.447	0.552	0.339	0.405	0.422	0.442	0.425
0.579	0.42	0.452	0.449	0.588	0.342	0.403	0.483	0.439	0.415
0.618	0.415	0.449	0.444	0.645	0.347	0.408	0.547	0.442	0.415
0.703	0.415	0.444	0.449	0.684	0.354	0.41	0.566	0.442	0.415
0.762	0.422	0.449	0.452	0.708	0.356	0.42	0.605	0.444	0.417
0.786	0.427	0.447	0.449	0.73	0.354	0.413	0.635	0.444	0.417
0.789	0.437	0.452	0.449	0.75	0.347	0.408	0.598	0.442	0.413
0.786	0.51	0.452	0.449	0.754	0.344	0.4	0.62	0.442	0.41
0.789	0.842	0.444	0.447	0.75	0.347	0.396	0.637	0.442	0.41
0.813	1.057	0.439	0.449	0.754	0.352	0.398	0.642	0.452	0.415
0.891	1.182	0.442	0.449	0.762	0.354	0.405	0.623	0.569	0.43
0.955	1.279	0.444	0.444	0.767	0.352	0.41	0.61	0.659	0.439
1.013	1.328	0.449	0.437	0.776	0.349	0.5	0.605	0.688	0.491
1.042	1.411	0.449	0.439	0.776	0.352	0.544	0.615	0.706	0.571
1.072	1.533	0.449	0.435	0.764	0.352	0.566	0.645	0.764	0.627
1.111	1.606	0.449	0.444	0.713	0.381	0.618	0.637	0.789	0.671
1.143	1.648	0.452	0.447	0.645	0.61	0.635	0.618	0.898	0.715
1.15	1.646	0.454	0.447	0.63	0.703	0.605	0.596	1.133	0.698
1.145	1.646	0.457	0.447	0.615	0.645	0.591	0.574	1.296	0.686
1.052	1.65	0.461	0.449	0.579	0.605	0.579	0.562	1.414	0.669
0.974	1.631	0.459	0.459	0.535	0.588	0.54	0.549	1.509	0.657
0.908	1.565	0.457	0.491	0.51	0.593	0.549	0.53	1.545	0.652
0.854	1.47	0.452	0.562	0.491	0.608	0.576	0.508	1.562	0.652
0.859	1.304	0.459	0.574	0.481	0.596	0.605	0.491	1.541	0.649
0.825	1.135	0.493	0.571	0.476	0.591	0.61	0.471	1.45	0.654
0.757	0.952	0.637	0.564	0.474	0.581	0.603	0.459	1.294	0.669
0.686	0.769	0.791	0.605	0.474	0.574	0.603	0.449	1.079	0.679
0.645	0.659	0.884	0.635	0.474	0.564	0.603	0.439	0.898	0.659
0.61	0.571	0.955	0.698	0.469	0.562	0.598	0.437	0.786	0.642
0.588	0.522	1.013	0.769	0.474	0.547	0.593	0.442	0.708	0.603
0.581	0.488	1.067	0.808	0.476	0.532	0.576	0.442	0.632	0.544
0.569	0.464	1.089	0.83	0.474	0.518	0.508	0.444	0.569	0.5
0.569	0.444	1.15	0.845	0.469	0.522	0.474	0.439	0.525	0.481
0.564	0.432	1.184	0.857	0.466	0.527	0.491	0.435	0.503	0.503
0.559	0.43	1.199	0.862	0.459	0.503	0.476	0.435	0.486	0.498
0.554	0.43	1.208	0.847	0.461	0.464	0.454	0.437	0.479	0.474
0.557	0.43	1.204	0.82	0.466	0.439	0.439	0.442	0.469	0.447
0.554	0.427	1.199	0.72	0.466	0.425	0.427	0.442	0.466	0.43
0.554	0.42	1.194	0.635	0.464	0.413	0.42	0.442	0.464	0.427
0.547	0.42	1.182	0.576	0.464	0.408	0.422	0.437	0.464	0.422
0.54	0.425	1.167	0.537	0.461	0.4	0.425	0.442	0.466	0.422
0.54	0.427	1.13	0.498	0.464	0.391	0.425	0.439	0.466	0.422
0.54	0.427	1.018	0.479	0.466	0.388	0.422	0.442	0.464	0.415
0.544	0.427	0.903	0.459	0.466	0.386	0.415	0.444	0.459	0.408
0.547	0.417	0.818	0.449	0.464	0.393	0.413	0.442	0.459	0.408
0.544	0.417	0.728	0.442	0.461	0.4	0.422	0.439	0.459	0.415
0.54	0.42	0.637	0.444	0.459	0.403	0.42	0.444	0.459	0.425
0.54	0.422	0.574	0.442	0.464	0.396	0.417	0.442	0.461	0.422
0.542	0.425	0.527	0.437	0.469	0.393	0.415	0.449	0.459	0.417
0.549	0.425	0.498	0.43	0.469	0.388	0.41	0.447	0.452	0.413
0.557	0.42	0.479	0.43	0.469	0.393	0.408	0.447	0.447	0.41
0.557	0.42	0.466	0.435	0.466	0.403	0.413	0.442	0.449	0.41
0.552	0.425	0.461	0.435	0.466	0.4	0.413	0.442	0.449	0.417
0.554	0.43	0.461	0.432	0.466	0.396	0.41	0.437	0.452	0.413
0.547	0.432	0.461	0.43	0.466	0.393	0.408	0.439	0.461	0.41
0.554	0.432	0.459	0.422	0.466	0.388	0.405	0.437	0.452	0.405
0.557	0.422	0.461	0.425	0.471	0.396	0.405	0.435	0.449	0.405
0.559	0.422	0.454	0.427	0.464	0.408	0.413	0.43	0.452	0.408
0.557	0.422	0.449	0.43	0.461	0.408	0.413	0.435	0.454	0.42
0.579	0.427	0.454	0.432	0.464	0.405	0.413	0.435	0.452	0.42
0.659	0.427	0.457	0.427	0.469	0.4	0.41	0.439	0.454	0.415
0.762	0.425	0.459	0.425	0.471	0.4	0.408	0.442	0.447	0.405
0.825	0.42	0.459	0.425	0.474	0.403	0.408	0.442	0.449	0.4
0.864	0.417	0.454	0.427	0.464	0.41	0.413	0.442	0.498	0.408
0.901	0.422	0.454	0.435	0.469	0.405	0.415	0.496	0.537	0.415
0.928	0.427	0.457	0.437	0.471	0.408	0.415	0.706	0.571	0.41
0.947	0.427	0.459	0.432	0.474	0.403	0.41	0.962	0.627	0.41
0.964	0.425	0.459	0.432	0.479	0.398	0.408	1.182	0.703	0.405
0.952	0.417	0.461	0.432	0.481	0.405	0.405	1.362	0.769	0.408
0.955	0.415	0.454	0.435	0.596	0.413	0.413	1.47	0.815	0.413
0.942	0.417	0.452	0.435	0.715	0.403	0.42	1.543	0.872	0.425
0.937	0.422	0.457	0.437	0.791	0.403	0.42	1.604	0.903	0.454
0.928	0.427	0.457	0.427	0.803	0.396	0.476	1.672	0.933	0.557
0.93	0.417	0.459	0.425	0.813	0.393	0.583	1.738	0.979	0.72
0.942	0.413	0.457	0.425	0.82	0.393	0.625	1.843	1.013	0.767
0.942	0.415	0.449	0.43	0.854	0.4	0.662	1.943	1.04	0.776
0.95	0.415	0.449	0.43	0.898	0.405	0.72	2.026	1.06	0.779
0.94	0.415	0.452	0.432	0.994	0.403	0.762	2.075	1.069	0.82
0.942	0.415	0.454	0.427	1.111	0.4	0.789	2.131	1.067	0.894
0.94	0.408	0.457	0.427	1.221	0.403	0.798	2.158	1.072	0.947
0.999	0.403	0.452	0.43	1.272	0.53	0.808	2.17	1.069	1.006
1.038	0.4	0.449	0.432	1.313	0.75	0.815	2.175	1.035	1.089
1.006	0.405	0.447	0.432	1.406	1.013	0.811	2.144	1.003	1.165
0.906	0.413	0.452	0.435	1.499	1.094	0.789	2.021	0.974	1.206
0.798	0.42	0.452	0.43	1.577	1.128	0.774	1.794	0.901	1.213
0.732	0.415	0.454	0.425	1.597	1.157	0.764	1.538	0.791	1.194
0.674	0.415	0.452	0.425	1.538	1.235	0.764	1.262	0.693	1.167
0.637	0.422	0.447	0.432	1.46	1.206	0.784	1.094	0.659	1.125
0.618	0.425	0.449	0.435	1.392	1.267	0.791	0.991	0.669	1.069
0.593	0.43	0.449	0.435	1.348	1.348	0.771	0.925	0.701	1.013
0.583	0.432	0.457	0.417	1.306	1.396	0.73	0.823	0.64	0.942
0.579	0.454	0.459	0.41	1.25	1.418	0.642	0.706	0.598	0.864
0.581	0.549	0.452	0.405	1.128	1.455	0.564	0.61	0.605	0.835
0.583	0.632	0.447	0.413	1.052	1.477	0.508	0.549	0.549	0.889
0.579	0.703	0.442	0.417	1.055	1.514	0.483	0.508	0.515	0.93
0.569	0.72	0.447	0.415	1.047	1.526	0.461	0.486	0.493	0.813
0.566	0.745	0.452	0.491	1.013	1.528	0.452	0.479	0.474	0.676
0.571	0.747	0.457	0.601	0.911	1.504	0.444	0.476	0.461	0.571
0.576	0.745	0.449	0.671	0.784	1.433	0.437	0.469	0.459	0.503
0.576	0.759	0.449	0.713	0.706	1.404	0.435	0.464	0.461	0.479
0.579	0.779	0.452	0.737	0.681	1.357	0.437	0.457	0.464	0.452
0.571	0.789	0.449	0.745	0.605	1.318	0.432	0.459	0.466	0.435
0.569	0.791	0.452	0.728	0.598	1.191	0.432	0.461	0.454	0.417
0.574	0.796	0.452	0.686	0.608	1.038	0.43	0.459	0.447	0.41
0.576	0.801	0.444	0.688	0.559	0.935	0.43	0.459	0.444	0.403
0.579	0.791	0.437	0.706	0.525	0.796	0.43	0.452	0.449	0.408
0.576	0.774	0.43	0.698	0.503	0.671	0.43	0.454	0.452	0.405
0.571	0.745	0.427	0.688	0.493	0.583	0.417	0.459	0.457	0.403
0.571	0.71	0.432	0.686	0.491	0.518	0.413	0.464	0.454	0.396
0.571	0.676	0.435	0.691	0.488	0.476	0.41	0.466	0.449	0.391
0.579	0.635	0.427	0.693	0.481	0.457	0.405	0.469	0.447	0.396
0.583	0.608	0.42	0.684	0.474	0.469	0.408	0.464	0.449	0.405
0.581	0.586	0.42	0.671	0.471	0.469	0.415	0.464	0.459	0.405
0.576	0.574	0.425	0.649	0.469	0.444	0.417	0.466	0.459	0.405
0.579	0.557	0.43	0.635	0.476	0.43	0.42	0.469	0.461	0.4
0.574	0.566	0.43	0.625	0.479	0.422	0.422	0.471	0.459	0.391
0.576	0.576	0.425	0.62	0.479	0.415	0.413	0.474	0.457	0.393
0.579	0.623	0.42	0.627	0.476	0.415	0.415	0.464	0.464	0.396
0.569	0.667	0.42	0.645	0.474	0.415	0.417	0.466	0.471	0.396
0.564	0.637	0.422	0.679	0.479	0.41	0.413	0.464	0.469	0.398
0.562	0.564	0.427	0.662	0.483	0.408	0.408	0.464	0.461	0.393
0.564	0.525	0.427	0.635	0.481	0.405	0.408	0.466	0.457	0.391
0.571	0.481	0.427	0.674	0.476	0.398	0.396	0.469	0.452	0.393
0.574	0.457	0.425	0.691	0.471	0.398	0.4	0.464	0.457	0.391
0.562	0.444	0.425	0.674	0.466	0.393	0.4	0.464	0.464	0.393
0.557	0.442	0.427	0.588	0.471	0.4	0.398	0.464	0.461	0.396
0.559	0.435	0.439	0.518	0.476	0.398	0.396	0.469	0.461	0.391
0.559	0.425	0.439	0.469	0.471	0.398	0.4	0.471	0.457	0.391
0.564	0.417	0.442	0.439	0.469	0.405	0.396	0.466	0.454	0.393
0.569	0.413	0.454	0.427	0.466	0.413	0.393	0.461	0.454	0.381
0.564	0.408	0.457	0.413	0.469	0.417	0.4	0.461	0.459	0.383
0.562	0.413	0.454	0.403	0.471	0.41	0.405	0.466	0.454	0.386
0.564	0.415	0.461	0.388	0.479	0.408	0.405	0.471	0.454	0.386
0.566	0.408	0.461	0.374	0.474	0.41	0.405	0.469	0.454	0.381
0.569	0.4	0.452	0.374	0.474	0.41	0.403	0.469	0.454	0.388
0.571	0.398	0.513	0.381	0.469	0.417	0.405	0.466	0.459	0.391
0.571	0.4	0.583	0.388	0.464	0.41	0.408	0.466	0.466	0.396
0.571	0.396	0.688	0.396	0.471	0.408	0.41	0.461	0.466	0.396
0.571	0.393	0.747	0.398	0.564	0.408	0.408	0.466	0.469	0.396
0.571	0.388	0.767	0.398	0.603	0.408	0.4	0.469	0.464	0.4
0.579	0.386	0.801	0.378	0.691	0.408	0.398	0.466	0.464	0.405
0.581	0.386	0.813	0.376	0.808	0.405	0.403	0.464	0.466	0.408
0.574	0.391	0.806	0.361	1.143	0.403	0.405	0.461	0.471	0.41
0.569	0.391	0.798	0.359	1.431	0.408	0.405	0.461	0.474	0.413
0.566	0.4	0.796	0.352	1.638	0.405	0.408	0.466	0.469	0.408
0.566	0.403	0.793	0.349	1.755	0.405	0.403	0.474	0.466	0.41
0.579	0.403	0.791	0.347	1.799	0.405	0.422	0.466	0.461	0.413
0.583	0.403	0.779	0.349	1.812	0.41	0.439	0.464	0.466	0.415
0.63	0.415	0.754	0.344	1.802	0.408	0.496	0.464	0.466	0.42
0.691	0.415	0.75	0.347	1.804	0.403	0.566	0.466	0.466	0.425
0.957	0.417	0.73	0.344	1.799	0.405	0.686	0.466	0.464	0.425
1.406	0.417	0.696	0.339	1.797	0.4	0.859	0.474	0.459	0.422
1.797	0.417	0.671	0.347	1.802	0.403	1.035	0.469	0.461	0.422
2.092	0.422	0.652	0.361	1.792	0.405	1.206	0.479	0.466	0.425
2.356	0.425	0.635	0.374	1.75	0.41	1.355	0.537	0.466	0.43
2.522	0.425	0.642	0.378	1.648	0.41	1.465	0.61	0.466	0.435
2.59	0.422	0.654	0.378	1.501	0.41	1.582	0.664	0.461	0.432
2.615	0.417	0.63	0.376	1.182	0.41	1.646	0.769	0.459	0.435
2.6	0.415	0.674	0.381	0.942	0.405	1.66	1.074	0.459	0.432
2.473	0.413	0.703	0.391	0.781	0.408	1.687	1.475	0.464	0.432
2.29	0.417	0.674	0.396	0.681	0.435	1.687	1.843	0.459	0.432
2.026	0.42	0.598	0.403	0.618	0.52	1.682	2.043	0.461	0.427
1.755	0.42	0.537	0.398	0.576	0.664	1.646	2.156	0.454	0.427
1.509	0.43	0.498	0.396	0.535	0.784	1.501	2.222	0.449	0.471
1.323	0.427	0.474	0.4	0.525	0.864	1.377	2.244	0.449	0.833
1.16	0.457	0.464	0.403	0.518	1.025	1.233	2.187	0.459	1.111
1.025	0.488	0.457	0.405	0.5	1.367	1.018	1.995	0.457	1.165
0.933	0.627	0.454	0.405	0.491	1.599	0.862	1.687	0.459	1.213
0.82	1.045	0.447	0.398	0.483	1.748	0.737	1.379	0.454	1.396
0.752	1.599	0.442	0.4	0.481	1.831	0.627	1.187	0.454	1.611
0.698	2.012	0.439	0.403	0.474	1.875	0.559	1.028	0.449	1.743
0.652	2.312	0.435	0.4	0.469	1.887	0.503	0.872	0.454	1.833
0.623	2.598	0.437	0.403	0.464	1.865	0.474	0.728	0.457	1.868
0.603	2.83	0.437	0.42	0.464	1.775	0.454	0.647	0.457	1.89
0.591	3.003	0.437	0.432	0.464	1.555	0.435	0.596	0.452	1.904
0.588	3.169	0.439	0.554	0.466	1.265	0.42	0.552	0.447	1.902
0.588	3.328	0.437	0.825	0.461	1.055	0.41	0.527	0.442	1.799
0.586	3.489	0.432	1.145	0.457	0.935	0.408	0.498	0.449	1.663
0.581	3.647	0.435	1.377	0.457	0.811	0.413	0.483	0.454	1.543
0.574	3.792	0.435	1.606	0.459	0.684	0.415	0.479	0.532	1.35
0.569	3.84	0.432	2.026	0.461	0.601	0.408	0.479	0.703	1.143
0.574	3.838	0.432	2.322	0.461	0.552	0.408	0.474	0.981	1.021
0.571	3.711	0.43	2.476	0.457	0.51	0.408	0.471	1.133	0.862
0.571	3.467	0.422	2.549	0.457	0.486	0.408	0.464	1.223	0.784
0.571	3.086	0.425	2.551	0.457	0.471	0.41	0.464	1.78	0.698
0.566	2.593	0.427	2.517	0.461	0.457	0.413	0.464	2.627	0.623
0.566	2.153	0.432	2.471	0.464	0.442	0.408	0.469	3.188	0.557
0.574	1.816	0.437	2.449	0.466	0.435	0.405	0.466	3.484	0.518
0.576	1.514	0.435	2.463	0.466	0.437	0.4	0.461	3.66	0.479
0.579	1.245	0.43	2.476	0.464	0.444	0.403	0.457	3.85	0.459
0.576	1.001	0.435	2.378	0.466	0.449	0.405	0.454	3.972	0.444
0.571	0.869	0.435	2.185	0.464	0.454	0.41	0.457	3.938	0.435
0.571	0.784	0.439	1.97	0.466	0.442	0.403	0.461	3.752	0.43
0.579	0.708	0.442	1.716	0.469	0.439	0.398	0.459	3.599	0.42
0.579	0.63	0.442	1.465	0.469	0.444	0.396	0.457	3.228	0.42
0.581	0.566	0.437	1.204	0.469	0.447	0.398	0.452	2.839	0.42
0.579	0.53	0.442	0.94	0.469	0.444	0.403	0.452	2.446	0.41
0.571	0.522	0.437	0.767	0.469	0.444	0.408	0.454	1.985	0.425
0.571	0.5	0.435	0.637	0.474	0.437	0.4	0.459	1.584	0.437
0.576	0.471	0.442	0.571	0.474	0.435	0.398	0.461	1.384	0.435
0.576	0.452	0.442	0.53	0.471	0.43	0.393	0.459	1.177	0.439
0.579	0.457	0.442	0.515	0.469	0.43	0.4	0.454	1.008	0.447
0.576	0.437	0.444	0.505	0.469	0.432	0.405	0.454	0.918	0.452
0.574	0.43	0.442	0.469	0.469	0.432	0.41	0.454	0.808	0.454
0.571	0.425	0.449	0.439	0.469	0.422	0.408	0.457	0.71	0.457
0.576	0.422	0.452	0.437	0.471	0.417	0.403	0.454	0.64	0.449
0.576	0.417	0.449	0.439	0.471	0.417	0.396	0.452	0.581	0.452
0.579	0.408	0.449	0.427	0.471	0.425	0.396	0.447	0.532	0.454
0.576	0.41	0.452	0.432	0.476	0.43	0.403	0.449	0.503	0.459
0.574	0.413	0.452	0.427	0.471	0.432	0.405	0.457	0.481	0.461
0.574	0.413	0.457	0.42	0.476	0.43	0.403	0.459	0.466	0.457
0.576	0.41	0.457	0.417	0.476	0.43	0.4	0.464	0.461	0.452
0.574	0.413	0.457	0.41	0.474	0.427	0.4	0.464	0.454	0.449
0.574	0.408	0.452	0.41	0.471	0.43	0.405	0.459	0.452	0.452
0.569	0.413	0.452	0.413	0.469	0.43	0.413	0.464	0.452	0.457
0.566	0.415	0.449	0.41	0.471	0.42	0.413	0.464	0.454	0.459
0.569	0.42	0.454	0.408	0.474	0.413	0.408	0.464	0.449	0.457
0.569	0.415	0.457	0.41	0.474	0.408	0.398	0.469	0.447	0.415
0.574	0.41	0.457	0.403	0.474	0.41	0.393	0.466	0.442	0.4
0.576	0.403	0.454	0.405	0.471	0.415	0.391	0.459	0.444	0.4
0.576	0.405	0.449	0.403	0.471	0.417	0.4	0.459	0.447	0.403
0.574	0.41	0.449	0.403	0.471	0.417	0.4	0.464	0.452	0.413
0.579	0.41	0.452	0.398	0.474	0.415	0.408	0.464	0.449	0.42
0.576	0.413	0.459	0.393	0.474	0.413	0.405	0.459	0.449	0.422
0.581	0.415	0.466	0.374	0.476	0.415	0.403	0.457	0.444	0.427
0.581	0.408	0.488	0.364	0.471	0.425	0.405	0.454	0.449	0.437
0.579	0.413	0.518	0.369	0.464	0.435	0.41	0.452	0.452	0.442
0.574	0.415	0.757	0.369	0.464	0.427	0.405	0.454	0.449	0.447
0.601	0.415	1.279	0.371	0.469	0.422	0.41	0.452	0.449	0.439
0.688	0.41	1.714	0.369	0.471	0.422	0.488	0.452	0.452	0.437
0.708	0.4	2.075	0.371	0.469	0.425	0.515	0.452	0.447	0.437
0.833	0.388	2.327	0.376	0.471	0.432	0.562	0.447	0.447	0.439
0.928	0.388	2.463	0.381	0.466	0.439	0.63	0.452	0.447	0.447
1.016	0.393	2.583	0.383	0.464	0.432	0.74	0.452	0.447	0.452
1.074	0.396	2.654	0.383	0.466	0.427	0.857	0.454	0.444	0.442
1.145	0.393	2.661	0.374	0.461	0.422	0.916	0.457	0.444	0.437
1.113	0.393	2.688	0.376	0.464	0.425	0.928	0.491	0.442	0.437
1.074	0.393	2.681	0.376	0.466	0.43	0.923	0.522	0.442	0.439
1.123	0.396	2.576	0.381	0.461	0.437	0.93	0.911	0.444	0.425
1.094	0.396	2.415	0.381	0.464	0.435	0.842	2.534	0.447	0.415
1.089	0.393	2.224	0.388	0.464	0.435	0.774	2.683	0.444	0.398
1.104	0.398	1.978	0.388	0.466	0.432	0.742	2.446	0.444	0.388
1.196	0.393	1.655	0.391	0.459	0.449	0.725	2.239	0.444	0.381
1.274	0.393	1.367	0.396	0.454	0.444	0.725	2.185	0.444	0.391
1.309	0.396	1.108	0.4	0.471	0.569	0.745	2.605	0.457	0.403
1.345	0.403	0.874	0.4	0.51	1.057	0.75	2.959	0.447	0.413
1.365	0.41	0.735	0.403	0.576	1.521	0.742	3.188	0.447	0.415
1.365	0.415	0.647	0.393	1.436	1.648	0.73	3.523	0.439	0.415
1.309	0.403	0.583	0.393	2.061	1.504	0.74	3.813	0.432	0.415
1.226	0.405	0.53	0.4	1.929	1.287	0.752	3.984	0.43	0.42
1.143	0.41	0.505	0.405	1.787	1.155	0.715	4.084	0.427	0.43
1.084	0.415	0.496	0.408	1.807	1.133	0.708	4.104	0.427	0.425
1.013	0.42	0.486	0.408	1.873	1.187	0.698	3.95	0.422	0.42
0.891	0.425	0.474	0.4	1.904	1.213	0.688	3.65	0.415	0.413
0.786	0.417	0.469	0.398	1.924	1.243	0.693	3.264	0.413	0.413
0.723	0.42	0.457	0.403	1.924	1.265	0.698	2.793	0.417	0.42
0.713	0.425	0.452	0.405	1.924	1.265	0.671	2.251	0.425	0.432
0.693	0.427	0.449	0.405	1.921	1.243	0.583	1.724	0.427	0.427
0.652	0.427	0.449	0.393	1.858	1.223	0.52	1.306	0.432	0.425
0.645	0.43	0.452	0.386	1.711	1.216	0.479	1.042	0.42	0.422
0.593	0.425	0.454	0.396	1.506	1.199	0.471	0.901	0.42	0.422
0.574	0.425	0.449	0.393	1.331	1.096	0.461	0.769	0.425	0.425
0.559	0.425	0.444	0.393	1.169	0.95	0.449	0.662	0.43	0.427
0.532	0.425	0.447	0.396	1.038	0.774	0.442	0.581	0.432	0.427
0.5	0.425	0.454	0.393	0.93	0.652	0.437	0.537	0.432	0.435
0.488	0.432	0.457	0.391	0.845	0.588	0.439	0.508	0.417	0.435
0.486	0.464	0.464	0.391	0.75	0.532	0.442	0.486	0.415	0.435
0.483	0.476	0.457	0.4	0.642	0.5	0.439	0.471	0.43	0.442
0.479	0.562	0.452	0.444	0.581	0.474	0.435	0.466	0.454	0.449
0.479	0.723	0.457	0.513	0.562	0.449	0.437	0.464	0.52	0.447
0.474	1.118	0.461	1.06	0.532	0.435	0.432	0.464	1.389	0.442
0.474	1.243	0.464	1.506	0.5	0.425	0.427	0.464	1.655	0.442
0.479	1.274	0.469	1.433	0.481	0.427	0.427	0.464	1.611	0.439
0.479	1.426	0.459	1.504	0.464	0.432	0.469	0.464	1.626	0.444
0.476	1.648	0.457	1.733	0.454	0.43	0.513	0.461	1.646	0.452
0.471	1.829	0.459	2.012	0.449	0.422	0.576	0.461	1.646	0.452
0.466	1.963	0.461	2.312	0.444	0.417	0.63	0.464	1.748	0.452
0.466	2.019	0.469	2.673	0.447	0.415	0.659	0.466	1.873	0.447
0.471	2.078	0.466	2.988	0.449	0.42	0.654	0.464	1.946	0.447
0.474	2.095	0.457	3.271	0.447	0.422	0.652	0.486	1.997	0.449
0.476	2.109	0.454	3.467	0.444	0.417	0.652	0.525	2.024	0.457
0.471	2.073	0.454	3.577	0.442	0.42	0.652	0.574	2.053	0.454
0.471	1.929	0.459	3.42	0.444	0.415	0.664	0.618	2.068	0.452
0.471	1.697	0.461	3.04	0.452	0.415	0.664	0.657	2.068	0.447
0.476	1.514	0.461	2.549	0.454	0.42	0.679	0.708	2.004	0.444
0.476	1.367	0.454	2.007	0.452	0.42	0.691	0.718	1.829	0.447
0.486	1.235	0.454	1.584	0.452	0.425	0.735	0.701	1.633	0.442
0.498	1.084	0.454	1.208	0.454	0.422	0.759	0.671	1.387	0.444
0.486	0.972	0.459	1.003	0.461	0.415	0.781	0.647	1.145	0.442
0.481	0.852	0.464	0.876	0.466	0.41	0.779	0.63	0.896	0.437
0.481	0.708	0.461	0.767	0.483	0.413	0.75	0.625	0.732	0.439
0.479	0.608	0.454	0.654	0.464	0.43	0.669	0.627	0.625	0.449
0.481	0.54	0.452	0.566	0.459	0.488	0.591	0.625	0.554	0.449
0.474	0.493	0.449	0.508	0.461	0.53	0.527	0.623	0.513	0.452
0.466	0.461	0.452	0.476	0.464	0.579	0.479	0.632	0.476	0.447
0.466	0.437	0.459	0.452	0.466	0.598	0.437	0.64	0.449	0.442
0.464	0.422	0.452	0.435	0.461	0.615	0.403	0.649	0.427	0.447
0.459	0.417	0.452	0.427	0.461	0.596	0.386	0.647	0.417	0.457
0.469	0.425	0.449	0.427	0.461	0.557	0.403	0.64	0.41	0.459
0.469	0.43	0.449	0.422	0.461	0.505	0.415	0.637	0.413	0.457
0.474	0.427	0.457	0.413	0.454	0.464	0.42	0.63	0.403	0.457
0.471	0.417	0.466	0.396	0.452	0.442	0.425	0.618	0.405	0.447
0.479	0.41	0.457	0.405	0.442	0.43	0.427	0.605	0.396	0.442
0.488	0.408	0.454	0.41	0.435	0.422	0.43	0.586	0.4	0.452
0.491	0.413	0.449	0.417	0.432	0.417	0.435	0.535	0.405	0.452
0.483	0.403	0.449	0.415	0.444	0.41	0.435	0.5	0.408	0.449
0.471	0.393	0.457	0.41	0.454	0.403	0.432	0.486	0.405	0.444
0.459	0.386	0.464	0.408	0.466	0.4	0.43	0.479	0.403	0.439
0.437	0.374	0.457	0.408	0.452	0.405	0.427	0.469	0.398	0.437
0.43	0.371	0.454	0.413	0.437	0.41	0.43	0.454	0.403	0.447
0.425	0.369	0.449	0.422	0.43	0.413	0.43	0.449	0.408	0.449
0.42	0.376	0.452	0.42	0.425	0.41	0.43	0.447	0.41	0.449
0.42	0.381	0.457	0.417	0.43	0.408	0.43	0.447	0.405	0.447
0.422	0.383	0.461	0.415	0.435	0.408	0.425	0.449	0.396	0.442
0.427	0.378	0.459	0.415	0.43	0.471	0.422	0.449	0.391	0.442
0.43	0.376	0.452	0.417	0.422	0.525	0.425	0.442	0.393	0.447
0.43	0.383	0.449	0.432	0.413	0.547	0.427	0.442	0.403	0.449
0.427	0.396	0.449	0.427	0.42	0.557	0.432	0.444	0.4	0.449
0.422	0.398	0.457	0.422	0.408	0.559	0.437	0.449	0.396	0.449
0.417	0.4	0.459	0.417	0.4	0.518	0.437	0.454	0.391	0.444
0.42	0.398	0.459	0.42	0.393	0.476	0.435	0.454	0.388	0.447
0.425	0.4	0.459	0.454	0.383	0.454	0.435	0.447	0.396	0.444
0.417	0.403	0.454	0.5	0.378	0.442	0.437	0.442	0.408	0.447
0.415	0.408	0.457	0.498	0.369	0.43	0.442	0.442	0.408	0.444
0.415	0.408	0.464	0.527	0.374	0.427	0.442	0.444	0.408	0.442
0.415	0.4	0.466	0.554	0.378	0.43	0.444	0.447	0.41	0.442
0.415	0.4	0.464	0.569	0.383	0.42	0.437	0.447	0.408	0.444
0.422	0.398	0.459	0.574	0.381	0.42	0.437	0.437	0.41	0.444
0.422	0.403	0.493	0.564	0.386	0.42	0.442	0.435	0.42	0.447
0.417	0.403	0.518	0.522	0.391	0.403	0.439	0.432	0.42	0.447
0.413	0.391	0.549	0.496	0.398	0.386	0.437	0.435	0.422	0.439
0.41	0.381	0.566	0.471	0.396	0.376	0.442	0.439	0.422	0.435
0.41	0.393	0.701	0.459	0.391	0.364	0.435	0.444	0.422	0.437
0.413	0.4	1.003	0.461	0.386	0.364	0.437	0.442	0.425	0.437
0.405	0.408	1.101	0.459	0.381	0.359	0.439	0.439	0.43	0.442
0.403	0.427	1.116	0.464	0.376	0.354	0.439	0.442	0.427	0.444
0.408	0.439	1.086	0.461	0.381	0.354	0.444	0.444	0.425	0.442
0.413	0.439	1.074	0.449	0.386	0.364	0.439	0.454	0.42	0.439
0.42	0.449	1.072	0.442	0.388	0.354	0.43	0.449	0.42	0.439
0.43	0.464	1.055	0.43	0.376	0.349	0.432	0.444	0.422	0.437
0.425	0.483	1.05	0.42	0.366	0.352	0.435	0.442	0.432	0.439
0.422	0.481	1.057	0.415	0.371	0.352	0.437	0.447	0.43	0.439
0.42	0.481	1.077	0.415	0.376	0.364	0.437	0.452	0.427	0.439
0.422	0.483	1.033	0.413	0.376	0.369	0.435	0.457	0.422	0.437
0.425	0.466	0.981	0.408	0.374	0.364	0.432	0.457	0.425	0.439
0.427	0.454	0.925	0.408	0.366	0.371	0.437	0.454	0.43	0.442
0.425	0.454	0.908	0.41	0.366	0.378	0.439	0.452	0.43	0.444
0.422	0.449	0.867	0.413	0.371	0.374	0.442	0.454	0.427	0.442
0.417	0.452	0.818	0.41	0.381	0.369	0.444	0.457	0.425	0.439
0.417	0.444	0.742	0.408	0.374	0.364	0.437	0.464	0.422	0.432
0.422	0.439	0.669	0.405	0.366	0.366	0.435	0.459	0.42	0.432
0.422	0.439	0.605	0.415	0.356	0.371	0.435	0.457	0.43	0.452
0.422	0.449	0.542	0.42	0.356	0.369	0.437	0.454	0.43	0.52
0.42	0.452	0.515	0.43	0.361	0.371	0.457	0.457	0.432	0.566
0.422	0.452	0.496	0.422	0.364	0.371	0.479	0.459	0.432	0.608
0.425	0.457	0.491	0.415	0.371	0.369	0.496	0.466	0.425	0.71
0.435	0.454	0.486	0.415	0.371	0.374	0.483	0.459	0.417	0.901
0.454	0.452	0.479	0.417	0.371	0.378	0.474	0.459	0.422	1.284
0.444	0.454	0.513	0.42	0.369	0.381	0.466	0.454	0.42	1.692
0.437	0.439	0.522	0.417	0.383	0.383	0.476	0.457	0.422	1.926
0.43	0.435	0.491	0.413	0.388	0.386	0.488	0.457	0.422	2.09
0.427	0.427	0.476	0.408	0.398	0.381	0.481	0.461	0.417	2.3
0.452	0.427	0.464	0.408	0.396	0.383	0.464	0.457	0.417	2.412
0.476	0.422	0.454	0.41	0.391	0.388	0.452	0.457	0.42	2.49
0.515	0.42	0.444	0.413	0.391	0.393	0.447	0.457	0.417	2.551
0.513	0.42	0.452	0.41	0.403	0.396	0.449	0.476	0.417	2.61
0.522	0.417	0.449	0.405	0.403	0.396	0.444	0.483	0.42	2.639
0.586	0.415	0.452	0.403	0.41	0.386	0.437	0.483	0.415	2.686
0.627	0.408	0.452	0.403	0.408	0.381	0.437	0.5	0.417	2.725
0.64	0.405	0.444	0.4	0.405	0.383	0.437	0.625	0.425	2.747
0.649	0.403	0.439	0.4	0.398	0.388	0.444	0.708	0.427	2.708
0.645	0.403	0.444	0.4	0.4	0.393	0.449	0.764	0.43	2.549
0.613	0.408	0.444	0.393	0.405	0.391	0.447	0.779	0.43	2.334
0.583	0.403	0.449	0.393	0.408	0.383	0.442	0.759	0.425	2.112
0.571	0.398	0.449	0.398	0.405	0.381	0.439	0.715	0.422	1.843
0.557	0.4	0.442	0.393	0.403	0.383	0.439	0.684	0.427	1.521
0.547	0.398	0.439	0.398	0.403	0.391	0.442	0.667	0.43	1.296
0.532	0.403	0.442	0.403	0.413	0.403	0.442	0.679	0.432	1.084
0.525	0.403	0.439	0.403	0.413	0.405	0.437	0.679	0.432	0.867
0.527	0.4	0.444	0.398	0.413	0.464	0.435	0.696	0.43	0.708
0.53	0.398	0.444	0.4	0.408	0.576	0.43	0.72	0.432	0.613
0.53	0.398	0.439	0.393	0.398	0.64	0.432	0.725	0.432	0.557
0.525	0.393	0.435	0.393	0.393	0.671	0.437	0.718	0.437	0.515
0.525	0.393	0.442	0.393	0.396	0.686	0.444	0.715	0.437	0.496
0.525	0.391	0.444	0.388	0.4	0.681	0.442	0.72	0.437	0.493
0.53	0.386	0.469	0.388	0.408	0.686	0.437	0.718	0.435	0.474
0.525	0.381	0.515	0.393	0.405	0.686	0.442	0.723	0.442	0.461
0.522	0.391	0.564	0.391	0.398	0.688	0.447	0.715	0.439	0.454
0.518	0.388	0.659	0.396	0.396	0.691	0.461	0.671	0.447	0.452
0.479	0.386	0.713	0.4	0.398	0.693	0.461	0.632	0.452	0.457
0.452	0.391	0.747	0.4	0.4	0.684	0.452	0.605	0.449	0.457
0.444	0.393	0.752	0.398	0.403	0.676	0.449	0.544	0.449	0.449
0.437	0.388	0.771	0.4	0.396	0.662	0.444	0.51	0.452	0.447
0.435	0.388	0.801	0.4	0.391	0.649	0.442	0.496	0.447	0.452
0.432	0.386	0.811	0.403	0.388	0.642	0	0.476	0.452	0.452
0.425	0.386	0.803	0.403	0.383	0.642	0	0.466	0.454	0.452
0.427	0.381	0.808	0.403	0.388	0.618	0	0.488	0.454	0.452
0.425	0.383	0.813	0.398	0.393	0.586	0	0	0.449	0.444
0.422	0.381	0.811	0.398	0.393	0.552	0	0	0.452	0.439
0.425	0.381	0.811	0.4	0.403	0.5	0	0	0.447	0.439
0	0.381	0.808	0.405	0.403	0.469	0	0	0.452	0.444
0	0.388	0.803	0.41	0.398	0.452	0	0	0.452	0.449
0	0.388	0.813	0.408	0.447	0.425	0	0	0.452	0.464
0	0.386	0.815	0.405	0.53	0.41	0	0	0.447	0.479
0	0.381	0.815	0.403	0.662	0.408	0	0	0.447	0.496
0	0.378	0.808	0.405	0.715	0.403	0	0	0.461	0.498
0	0.378	0.796	0.41	0.75	0.403	0	0	0.479	0.481
0	0.381	0.789	0.413	0.793	0.403	0	0	0.793	0.471
0	0.383	0.752	0.408	0.845	0.391	0	0	0.979	0.466
0	0.383	0.71	0.403	0.903	0	0	0	1.008	0.452
0	0.388	0.688	0.393	0.92	0	0	0	1.013	0.449
0	0.386	0.652	0.396	0.889	0	0	0	1.025	0.449
0	0.388	0.583	0.403	0.872	0	0	0	1.028	0.452
0	0.393	0.53	0.405	0.859	0	0	0	1.028	0.452
0	0.393	0.503	0.405	0.864	0	0	0	1.023	0.454
0	0.391	0.481	0.403	0.881	0	0	0	1.016	0.449
0	0.388	0.459	0.396	0.884	0	0	0	1.001	0.452
0	0.378	0.449	0.398	0.857	0	0	0	0.984	0.454
0	0.378	0.442	0.405	0.837	0	0	0	0.967	0.459
0	0.381	0.427	0.4	0.825	0	0	0	0.95	0.464
0	0.383	0.43	0.405	0.771	0	0	0	0.908	0.461
0	0.383	0.439	0.403	0.713	0	0	0	0.879	0.459
0	0.383	0.442	0.4	0.681	0	0	0	0.837	0.457
0	0.378	0.444	0.396	0.623	0	0	0	0.803	0.461
0	0.381	0.437	0.4	0.576	0	0	0	0.762	0.466
0	0.383	0.437	0.405	0.537	0	0	0	0.725	0.471
0	0.386	0.444	0.405	0.483	0	0	0	0.671	0.464
0	0.388	0.444	0.408	0.442	0	0	0	0.657	0.461
0	0.388	0.444	0.405	0.432	0	0	0	0.579	0.476
0	0.386	0.444	0.408	0.447	0	0	0	0.566	0.476
0	0.393	0.435	0.41	0.42	0	0	0	0.518	0.474
0	0.396	0.432	0.408	0.41	0	0	0	0.483	0.476
0	0.4	0.439	0.403	0.405	0	0	0	0.461	0.466
0	0.403	0.432	0.4	0.405	0	0	0	0.449	0.461
0	0.405	0.427	0.396	0.422	0	0	0	0	0.457
0	0.4	0.427	0.4	0.427	0	0	0	0	0.452
0	0.4	0.415	0.4	0.417	0	0	0	0	0.457
0	0.393	0.413	0.403	0.41	0	0	0	0	0.461
0	0.396	0.415	0.408	0	0	0	0	0	0.454
0	0.396	0.403	0.405	0	0	0	0	0	0.452
0	0.386	0.391	0.405	0	0	0	0	0	0.452
0	0.386	0.4	0.41	0	0	0	0	0	0.452
0	0.391	0.398	0.415	0	0	0	0	0	0.457
0	0.396	0.4	0.42	0	0	0	0	0	0.461
0	0.403	0.405	0.425	0	0	0	0	0	0.454
0	0.403	0.405	0.4	0	0	0	0	0	0.447
0	0.405	0.408	0.403	0	0	0	0	0	0.447
0	0.403	0.408	0.413	0	0	0	0	0	0.454
0	0.415	0.4	0.417	0	0	0	0	0	0.457
0	0.43	0.393	0.417	0	0	0	0	0	0.461
0	0.442	0.391	0.417	0	0	0	0	0	0.459
0	0.464	0.391	0.41	0	0	0	0	0	0.454
0	0.493	0.396	0.405	0	0	0	0	0	0.449
0	0.51	0.393	0.41	0	0	0	0	0	0.454
0	0.537	0.381	0.41	0	0	0	0	0	0.459
0	0.583	0.361	0.415	0	0	0	0	0	0.461
0	0.669	0.339	0.415	0	0	0	0	0	0.459
0	0.698	0.356	0.41	0	0	0	0	0	0.459
0	0.698	0.356	0.408	0	0	0	0	0	0.457
0	0.693	0.361	0.408	0	0	0	0	0	0.459
0	0.674	0.366	0.41	0	0	0	0	0	0.464
0	0.679	0.369	0.398	0	0	0	0	0	0.459
0	0.681	0.371	0.378	0	0	0	0	0	0.459
0	0.693	0.361	0.371	0	0	0	0	0	0.457
0	0.701	0.354	0.376	0	0	0	0	0	0.457
0	0.718	0.342	0.376	0	0	0	0	0	0.459
0	0.725	0.344	0.386	0	0	0	0	0	0.466
0	0.732	0.342	0.396	0	0	0	0	0	0.464
0	0.735	0.337	0.398	0	0	0	0	0	0.461
0	0.742	0.354	0.393	0	0	0	0	0	0.457
0	0.735	0.388	0.393	0	0	0	0	0	0.452
0	0.723	0.4	0.388	0	0	0	0	0	0.452
0	0.718	0.408	0.393	0	0	0	0	0	0.459
0	0.708	0.415	0.398	0	0	0	0	0	0.461
0	0.698	0.42	0.393	0	0	0	0	0	0.454
0	0.686	0.427	0.383	0	0	0	0	0	0.454
0	0.662	0.432	0.378	0	0	0	0	0	0.454
0	0.618	0.422	0.381	0	0	0	0	0	0.454
0	0.593	0.42	0.386	0	0	0	0	0	0.461
0	0.581	0.415	0.391	0	0	0	0	0	0.459
0	0.537	0.42	0.383	0	0	0	0	0	0.459
0	0.493	0.427	0.376	0	0	0	0	0	0.454
0	0.466	0.43	0.376	0	0	0	0	0	0.454
0	0.454	0.427	0.378	0	0	0	0	0	0.457
0	0.449	0.43	0.383	0	0	0	0	0	0.464
0	0.454	0.43	0.391	0	0	0	0	0	0.466
0	0	0.408	0.381	0	0	0	0	0	0.464
0	0	0.391	0.383	0	0	0	0	0	0.459
0	0	0.381	0.405	0	0	0	0	0	0.454
0	0	0.381	0.42	0	0	0	0	0	0.461
0	0	0.376	0.439	0	0	0	0	0	0.461
0	0	0.381	0.608	0	0	0	0	0	0.461
0	0	0.417	0.942	0	0	0	0	0	0.461
0	0	0.427	1.228	0	0	0	0	0	0.454
0	0	0.442	1.36	0	0	0	0	0	0.464
0	0	0.52	1.45	0	0	0	0	0	0.566
0	0	0.579	1.506	0	0	0	0	0	0.769
0	0	0.598	1.562	0	0	0	0	0	0.93
0	0	0.605	1.66	0	0	0	0	0	1.018
0	0	0.625	1.709	0	0	0	0	0	1.052
0	0	0.61	1.692	0	0	0	0	0	1.069
0	0	0.608	1.702	0	0	0	0	0	1.057
0	0	0.603	1.66	0	0	0	0	0	1.069
0	0	0.596	1.589	0	0	0	0	0	1.079
0	0	0.593	1.526	0	0	0	0	0	1.074
0	0	0.596	1.479	0	0	0	0	0	1.074
0	0	0.581	1.487	0	0	0	0	0	1.047
0	0	0.562	1.504	0	0	0	0	0	1.042
0	0	0.547	1.504	0	0	0	0	0	1.04
0	0	0.542	1.477	0	0	0	0	0	1.04
0	0	0.537	1.406	0	0	0	0	0	1.04
0	0	0.547	1.313	0	0	0	0	0	1.025
0	0	0.542	1.223	0	0	0	0	0	1.013
0	0	0.535	1.123	0	0	0	0	0	1.023
0	0	0.513	1.052	0	0	0	0	0	1.047
0	0	0.498	0.967	0	0	0	0	0	1.045
0	0	0.508	0.85	0	0	0	0	0	1.023
0	0	0.537	0.798	0	0	0	0	0	0.898
0	0	0.554	0.75	0	0	0	0	0	0.793
0	0	0.564	0.669	0	0	0	0	0	0.776
0	0	0.559	0.581	0	0	0	0	0	0.73
0	0	0.515	0.527	0	0	0	0	0	0.652
0	0	0.483	0.491	0	0	0	0	0	0.601
0	0	0.464	0	0	0	0	0	0	0.557
0	0	0.447	0	0	0	0	0	0	0.513
0	0	0.444	0	0	0	0	0	0	0.488
0	0	0.435	0	0	0	0	0	0	0
