0.549	0.527	0.515	0.544	0.535	0.544	0.542	0.532	0.542	0.544
0.559	0.527	0.52	0.544	0.537	0.542	0.542	0.532	0.54	0.542
0.552	0.53	0.518	0.54	0.54	0.544	0.544	0.535	0.544	0.537
0.544	0.525	0.513	0.537	0.544	0.549	0.549	0.54	0.544	0.544
0.544	0.525	0.513	0.542	0.552	0.557	0.549	0.54	0.549	0.549
0.547	0.527	0.515	0.542	0.547	0.549	0.557	0.535	0.547	0.552
0.554	0.53	0.518	0.544	0.547	0.544	0.547	0.535	0.542	0.544
0.564	0.53	0.518	0.544	0.547	0.547	0.542	0.53	0.542	0.54
0.554	0.535	0.513	0.54	0.549	0.544	0.544	0.532	0.542	0.542
0.549	0.53	0.51	0.537	0.552	0.549	0.547	0.537	0.544	0.542
0.547	0.527	0.508	0.542	0.559	0.554	0.552	0.537	0.547	0.547
0.549	0.532	0.513	0.544	0.547	0.549	0.557	0.532	0.544	0.552
0.554	0.532	0.513	0.547	0.542	0.544	0.547	0.535	0.542	0.542
0.554	0.535	0.515	0.544	0.547	0.547	0.544	0.53	0.54	0.537
0.549	0.535	0.515	0.542	0.544	0.547	0.544	0.535	0.525	0.537
0.544	0.527	0.51	0.54	0.547	0.552	0.549	0.537	0.544	0.54
0.544	0.527	0.51	0.54	0.549	0.559	0.552	0.54	0.549	0.544
0.544	0.53	0.51	0.54	0.542	0.549	0.557	0.535	0.547	0.549
0.549	0.532	0.518	0.542	0.537	0.544	0.549	0.535	0.544	0.542
0.554	0.532	0.52	0.54	0.537	0.542	0.547	0.532	0.544	0.54
0.549	0.535	0.518	0.535	0.54	0.544	0.547	0.535	0.542	0.535
0.542	0.527	0.515	0.532	0.547	0.547	0.549	0.537	0.547	0.542
0.54	0.525	0.513	0.535	0.544	0.557	0.557	0.537	0.552	0.547
0.542	0.53	0.515	0.537	0.542	0.549	0.554	0.544	0.547	0.552
0.552	0.535	0.518	0.542	0.542	0.547	0.547	0.889	0.542	0.544
0.552	0.54	0.52	0.542	0.615	0.544	0.544	1.416	0.559	0.54
0.549	0.579	0.518	0.828	0.776	0.544	0.544	1.619	0.591	0.574
0.544	0.669	0.513	1.377	0.835	0.552	0.574	1.577	0.759	0.784
0.54	0.759	0.515	1.467	0.808	0.557	0.845	1.479	0.857	1.06
0.544	0.754	0.51	1.423	0.757	0.552	1.06	1.382	0.859	1.145
0.684	0.74	0.554	1.389	0.696	0.583	1.138	1.311	0.862	1.082
1.104	0.732	0.642	1.357	0.645	0.803	1.155	1.284	0.867	0.984
1.35	0.713	0.825	1.34	0.62	0.876	1.145	1.245	0.854	0.913
1.311	0.662	0.835	1.321	0.608	0.808	1.135	1.211	0.852	0.881
1.24	0.625	0.774	1.301	0.581	0.745	1.13	1.174	0.85	0.874
1.25	0.632	0.723	1.294	0.566	0.73	1.118	1.145	0.83	0.852
1.27	0.605	0.669	1.257	0.559	0.72	1.045	1.079	0.813	0.82
1.282	0.608	0.645	1.116	0.549	0.706	0.911	0.95	0.774	0.732
1.299	0.613	0.623	0.994	0.547	0.708	0.771	0.857	0.691	0.674
1.289	0.61	0.591	0.854	0.562	0.703	0.725	0.803	0.64	0.645
1.292	0.579	0.583	0.764	0.618	0.659	0.696	0.732	0.608	0.703
1.294	0.564	0.61	0.745	0.596	0.654	0.645	0.686	0.583	0.679
1.284	0.557	0.598	0.708	0.601	0.671	0.61	0.63	0.569	0.635
1.255	0.547	0.566	0.671	0.579	0.647	0.583	0.593	0.557	0.63
1.152	0.532	0.574	0.618	0.574	0.642	0.569	0.579	0.552	0.593
0.996	0.525	0.547	0.588	0.569	0.613	0.564	0.569	0.552	0.576
0.85	0.522	0.532	0.564	0.559	0.588	0.564	0.564	0.554	0.574
0.774	0.522	0.527	0.557	0.552	0.571	0.554	0.559	0.549	0.562
0.691	0.527	0.522	0.549	0.542	0.557	0.549	0.547	0.549	0.554
0.664	0.53	0.518	0.544	0.54	0.547	0.544	0.544	0.542	0.547
0.618	0.522	0.508	0.537	0.544	0.549	0.544	0.547	0.544	0.54
0.588	0.518	0.505	0.537	0.549	0.557	0.549	0.549	0.549	0.547
0.569	0.515	0.5	0.535	0.549	0.549	0.554	0.552	0.549	0.557
0.562	0.518	0.503	0.537	0.547	0.547	0.549	0.549	0.547	0.549
0.557	0.522	0.508	0.537	0.542	0.542	0.547	0.544	0.549	0.547
0.549	0.527	0.508	0.537	0.54	0.542	0.544	0.544	0.542	0.544
0.547	0.52	0.51	0.532	0.552	0.544	0.544	0.547	0.542	0.544
0.54	0.518	0.508	0.532	0.557	0.552	0.552	0.549	0.547	0.547
0.537	0.518	0.5	0.532	0.554	0.549	0.552	0.557	0.562	0.554
0.542	0.52	0.5	0.537	0.549	0.547	0.549	0.552	0.559	0.549
0.544	0.522	0.503	0.54	0.547	0.542	0.547	0.544	0.554	0.547
0.544	0.532	0.505	0.537	0.549	0.542	0.542	0.542	0.544	0.542
0.542	0.527	0.508	0.537	0.557	0.547	0.544	0.547	0.544	0.588
0.537	0.522	0.508	0.532	0.557	0.554	0.554	0.554	0.547	0.598
0.537	0.518	0.5	0.532	0.557	0.554	0.552	0.571	0.557	0.581
0.549	0.522	0.5	0.537	0.552	0.549	0.549	0.588	0.566	0.571
0.549	0.53	0.505	0.54	0.547	0.542	0.547	0.615	0.579	0.569
0.552	0.535	0.508	0.54	0.549	0.542	0.544	0.62	0.586	0.571
0.569	0.532	0.508	0.537	0.557	0.547	0.544	0.63	0.596	0.579
0.659	0.527	0.51	0.53	0.583	0.549	0.554	0.637	0.601	0.593
0.737	0.564	0.505	0.53	0.703	0.552	0.554	0.647	0.605	0.605
0.796	0.603	0.508	0.564	0.808	0.549	0.547	0.649	0.603	0.613
0.845	0.662	0.542	0.645	0.828	0.557	0.547	0.647	0.601	0.615
0.876	0.686	0.603	0.74	0.862	0.603	0.542	0.649	0.601	0.608
0.884	0.703	0.627	0.791	0.881	0.642	0.547	0.652	0.605	0.608
0.911	0.718	0.637	0.806	0.859	0.669	0.552	0.662	0.613	0.618
0.95	0.723	0.637	0.803	0.828	0.701	0.554	0.669	0.62	0.618
0.969	0.75	0.652	0.796	0.791	0.713	0.552	0.662	0.618	0.615
0.986	0.759	0.667	0.747	0.789	0.723	0.576	0.657	0.615	0.61
1.003	0.75	0.676	0.715	0.798	0.732	0.647	0.657	0.613	0.608
1.018	0.747	0.684	0.698	0.828	0.74	0.703	0.659	0.613	0.608
1.006	0.737	0.693	0.679	0.864	0.75	0.728	0.667	0.62	0.62
0.994	0.732	0.693	0.674	0.911	0.754	0.718	0.669	0.62	0.618
0.981	0.728	0.701	0.676	0.942	0.762	0.708	0.664	0.63	0.62
0.974	0.74	0.71	0.679	0.962	0.774	0.698	0.662	0.625	0.613
0.972	0.742	0.718	0.676	0.974	0.781	0.693	0.659	0.637	0.605
0.962	0.742	0.725	0.676	0.972	0.791	0.703	0.662	0.64	0.605
0.955	0.742	0.723	0.664	0.964	0.796	0.715	0.667	0.645	0.613
0.952	0.742	0.723	0.662	0.977	0.806	0.723	0.688	0.637	0.61
0.935	0.742	0.728	0.669	0.986	0.806	0.728	0.696	0.608	0.588
0.923	0.747	0.735	0.686	0.967	0.808	0.723	0.671	0.576	0.591
0.898	0.745	0.74	0.698	0.933	0.808	0.708	0.669	0.562	0.569
0.872	0.718	0.73	0.73	0.872	0.811	0.708	0.635	0.554	0.559
0.852	0.691	0.698	0.752	0.828	0.781	0.703	0.605	0.552	0.557
0.842	0.667	0.679	0.759	0.803	0.74	0.703	0.586	0.552	0.552
0.828	0.657	0.657	0.771	0.806	0.698	0.698	0.566	0.552	0.552
0.835	0.662	0.637	0.771	0.779	0.671	0.691	0.554	0.544	0.544
0.82	0.649	0.608	0.791	0.757	0.652	0.686	0.547	0.54	0.54
0.784	0.649	0.613	0.791	0.72	0.647	0.752	0.549	0.542	0.542
0.706	0.603	0.601	0.776	0.696	0.635	0.776	0.552	0.544	0.544
0.647	0.576	0.574	0.771	0.662	0.659	0.798	0.554	0.549	0.547
0.605	0.554	0.544	0.718	0.618	0.623	0.842	0.547	0.549	0.547
0.583	0.547	0.532	0.659	0.588	0.591	0.837	0.542	0.542	0.542
0.571	0.54	0.525	0.613	0.579	0.574	0.847	0.542	0.54	0.544
0.557	0.535	0.522	0.579	0.566	0.566	0.842	0.547	0.54	1.023
0.544	0.525	0.508	0.559	0.564	0.562	0.776	0.557	0.547	1.45
0.544	0.525	0.503	0.547	0.557	0.557	0.701	0.684	0.549	1.318
0.54	0.53	0.5	0.544	0.549	0.552	0.642	1.187	0.547	1.077
0.544	0.527	0.503	0.544	0.544	0.547	0.603	1.191	0.542	0.913
0.542	0.53	0.508	0.544	0.559	0.547	0.579	1.079	0.54	0.803
0.542	0.527	0.513	0.535	0.601	0.562	0.569	1.001	0.549	0.732
0.537	0.518	0.508	0.53	0.669	0.674	0.564	0.969	0.608	0.681
0.54	0.542	0.508	0.532	0.649	0.791	0.559	0.947	0.662	0.654
0.54	0.715	0.532	0.552	0.652	0.894	0.557	0.94	0.64	0.625
0.542	0.762	0.593	0.645	0.684	0.803	0.547	0.913	0.598	0.598
0.557	0.696	0.698	0.737	0.706	0.742	0.547	0.879	0.574	0.576
0.608	0.669	0.708	0.71	0.723	0.706	0.547	0.789	0.562	0.579
0.769	0.647	0.691	0.669	0.745	0.681	0.549	0.713	0.559	0.576
0.791	0.64	0.684	0.635	0.754	0.664	0.552	0.652	0.562	0.569
0.752	0.647	0.686	0.632	0.757	0.649	0.549	0.618	0.552	0.559
0.706	0.637	0.691	0.645	0.769	0.625	0.544	0.583	0.547	0.552
0.679	0.637	0.681	0.654	0.764	0.598	0.544	0.564	0.547	0.544
0.667	0.632	0.654	0.649	0.696	0.586	0.547	0.554	0.557	0.547
0.662	0.627	0.63	0.652	0.659	0.586	0.547	0.552	0.576	0.544
0.664	0.642	0.618	0.649	0.618	0.591	0.549	0.547	0.581	0.547
0.664	0.642	0.618	0.654	0.586	0.586	0.562	0.54	0.564	0.549
0.64	0.625	0.62	0.674	0.566	0.579	2.026	0.535	0.552	0.544
0.61	0.601	0.593	0.654	0.549	0.576	2.483	0.53	0.547	0.542
0.583	0.569	0.566	0.625	0.552	0.564	1.863	0.54	0.544	0.544
0.566	0.544	0.537	0.586	0.549	0.562	1.521	0.544	0.549	0.544
0.552	0.532	0.518	0.564	0.547	0.554	1.296	0.542	0.554	0.549
0.549	0.53	0.51	0.552	0.54	0.549	1.138	0.54	0.547	0.549
0.552	0.53	0.51	0.547	0.54	0.544	1.038	0.535	0.542	0.547
0.552	0.53	0.518	0.54	0.535	0.547	0.967	0.532	0.542	0.542
0.544	0.527	0.508	0.53	0.535	0.547	0.913	0.54	0.54	0.54
0.544	0.525	0.5	0.525	0.542	0.552	0.835	0.537	0.544	0.547
0.54	0.527	0.498	0.525	0.54	0.552	0.745	0.544	0.547	0.549
0.544	0.532	0.498	0.53	0.537	0.549	0.669	0.54	0.547	0.549
0.549	0.54	0.505	0.535	0.54	0.547	0.632	0.537	0.544	0.544
0.547	0.542	0.51	0.535	0.532	0.544	0.608	0.54	0.54	0.547
0.547	0.537	0.503	0.527	0.54	0.547	0.581	0.549	0.542	0.542
0.544	0.532	0.498	0.527	0.544	0.552	0.574	0.549	0.547	0.544
0.542	0.532	0.498	0.527	0.54	0.547	0.571	0.549	0.552	0.549
0.544	0.535	0.5	0.53	0.542	0.549	0.564	0.544	0.547	0.549
0.549	0.54	0.508	0.54	0.542	0.547	0.552	0.54	0.544	0.547
0.549	0.54	0.515	0.535	0.542	0.544	0.549	0.54	0.544	0.547
0.547	0.535	0.508	0.527	0.544	0.547	0.544	0.547	0.544	0.542
0.549	0.53	0.505	0.527	0.549	0.552	0.549	0.547	0.554	0.549
0.549	0.535	0.498	0.532	0.549	0.549	0.549	0.549	0.552	0.552
0.552	0.532	0.503	0.535	0.544	0.549	0.549	0.544	0.549	0.552
0.557	0.537	0.508	0.544	0.537	0.549	0.544	0.54	0.549	0.549
0.557	0.54	0.513	0.54	0.537	0.544	0.547	0.542	0.547	0.549
0.557	0.535	0.51	0.535	0.542	0.547	0.544	0.549	0.549	0.547
0.549	0.53	0.505	0.53	0.544	0.549	0.549	0.547	0.559	0.547
0.547	0.535	0.503	0.532	0.547	0.547	0.549	0.547	0.557	0.552
0.552	0.532	0.503	0.537	0.547	0.549	0.549	0.544	0.552	0.552
0.552	0.537	0.513	0.542	0.542	0.549	0.547	0.537	0.549	0.547
0.554	0.537	0.51	0.537	0.542	0.544	0.547	0.54	0.547	0.547
0.554	0.532	0.51	0.535	0.547	0.547	0.547	0.547	0.549	0.544
0.547	0.525	0.503	0.527	0.549	0.549	0.552	0.564	0.559	0.549
0.544	0.527	0.503	0.53	0.549	0.547	0.552	0.718	0.559	0.552
0.549	0.525	0.505	0.537	0.549	0.549	0.552	0.981	0.564	0.552
0.554	0.53	0.51	0.532	0.542	0.549	0.549	1.182	0.657	0.549
0.559	0.537	0.505	0.535	0.54	0.544	0.547	1.294	0.747	0.547
0.557	0.532	0.503	0.53	0.544	0.547	0.542	1.36	0.73	0.542
0.547	0.562	0.493	0.527	0.547	0.549	0.549	1.389	0.845	0.549
0.544	0.715	0.491	0.53	0.544	0.549	0.549	1.404	0.972	0.554
0.547	0.759	0.493	0.532	0.549	0.547	0.549	1.409	1.091	0.554
0.549	0.757	0.5	0.535	0.588	0.562	0.549	1.409	1.221	0.552
0.552	0.708	0.498	0.532	0.742	0.571	0.542	1.416	1.365	0.547
0.554	0.664	0.496	0.527	0.747	0.647	0.542	1.431	1.44	0.544
0.544	0.632	0.493	0.525	0.754	0.74	0.552	1.445	1.523	0.549
0.544	0.618	0.493	0.527	0.754	0.762	0.593	1.458	1.604	0.552
0.547	0.618	0.493	0.535	0.75	0.759	0.747	1.462	1.677	0.554
0.549	0.623	0.515	0.535	0.725	0.735	0.815	1.458	1.711	0.552
0.549	0.623	0.576	0.532	0.728	0.771	0.857	1.45	1.716	0.547
0.549	0.623	0.774	0.527	0.728	0.791	0.913	1.45	1.719	0.681
0.542	0.62	0.952	0.527	0.737	0.884	0.942	1.448	1.709	0.771
0.542	0.613	1.099	0.569	0.742	0.962	0.933	1.445	1.694	0.784
0.693	0.618	1.184	0.574	0.737	1.04	0.93	1.436	1.648	0.781
0.742	0.627	1.23	0.669	0.732	1.084	0.925	1.379	1.577	0.793
0.801	0.627	1.233	0.857	0.74	1.125	0.92	1.294	1.521	0.796
0.808	0.627	1.233	0.962	0.745	1.174	0.92	1.243	1.467	0.813
0.791	0.627	1.211	1.008	0.742	1.226	0.918	1.194	1.392	0.835
0.784	0.627	1.206	1.04	0.74	1.238	0.916	1.167	1.306	0.852
0.786	0.63	1.196	1.06	0.737	1.243	0.896	1.152	1.213	0.867
0.798	0.64	1.189	1.05	0.732	1.223	0.876	1.143	1.14	0.879
0.803	0.642	1.184	1.028	0.732	1.218	0.857	1.05	1.074	0.862
0.803	0.642	1.165	0.989	0.73	1.228	0.854	0.999	1.047	0.854
0.803	0.645	1.143	0.959	0.737	1.25	0.854	0.881	0.937	0.85
0.808	0.637	1.113	0.935	0.742	1.255	0.854	0.771	0.923	0.847
0.82	0.647	1.101	0.918	0.735	1.255	0.852	0.681	0.796	0.845
0.833	0.645	1.099	0.884	0.728	1.228	0.845	0.63	0.715	0.835
0.835	0.647	1.096	0.859	0.718	1.201	0.857	0.601	0.652	0.82
0.83	0.657	1.084	0.842	0.693	1.165	0.83	0.581	0.625	0.825
0.837	0.671	1.077	0.837	0.681	1.111	0.806	0.574	0.608	0.84
0.845	0.693	1.069	0.845	0.679	1.038	0.786	0.564	0.593	0.847
0.85	0.771	1.074	0.857	0.679	0.991	0.786	0.562	0.574	0.847
0.859	0.796	1.045	0.864	0.718	0.898	0.764	0.552	0.562	0.835
0.854	0.728	0.999	0.854	0.652	0.835	0.781	0.549	0.554	0.828
0.842	0.669	0.967	0.837	0.613	0.857	0.781	0.552	0.559	0.833
0.811	0.62	0.911	0.828	0.591	0.771	0.71	0.552	0.557	0.845
0.769	0.588	0.825	0.82	0.579	0.708	0.669	0.552	0.557	0.847
0.74	0.574	0.798	0.808	0.559	0.654	0.625	0.549	0.552	0.84
0.742	0.571	0.847	0.789	0.547	0.647	0.591	0.547	0.547	0.808
0.818	0.564	0.776	0.776	0.542	0.657	0.571	0.544	0.547	0.757
0.784	0.557	0.698	0.828	0.542	0.632	0.562	0.547	0.549	0.764
0.706	0.544	0.625	0.767	0.547	0.608	0.559	0.552	0.552	0.752
0.647	0.537	0.583	0.686	0.552	0.586	0.557	0.549	0.554	0.681
0.613	0.537	0.564	0.63	0.547	0.569	0.557	0.547	0.549	0.635
0.591	0.537	0.552	0.601	0.544	0.557	0.549	0.547	0.547	0.601
0.579	0.537	0.537	0.581	0.544	0.547	0.547	0.544	0.544	0.579
0.566	0.54	0.525	0.562	0.547	0.549	0.547	0.547	0.549	0.566
0.557	0.532	0.515	0.547	0.552	0.552	0.549	0.549	0.552	0.564
0.547	0.53	0.508	0.547	0.552	0.557	0.552	0.549	0.554	0.564
0.547	0.537	0.508	0.54	0.547	0.549	0.554	0.544	0.549	0.566
0.549	0.537	0.508	0.54	0.544	0.544	0.547	0.547	0.547	0.554
0.552	0.54	0.513	0.535	0.544	0.542	0.544	0.54	0.547	0.549
0.547	0.54	0.503	0.53	0.547	0.544	0.547	0.544	0.547	0.549
0.544	0.53	0.498	0.527	0.552	0.547	0.549	0.547	0.552	0.549
0.544	0.53	0.5	0.532	0.552	0.549	0.552	0.547	0.554	0.554
0.547	0.535	0.5	0.532	0.547	0.544	0.552	0.544	0.549	0.559
0.549	0.537	0.505	0.537	0.544	0.54	0.544	0.544	0.547	0.549
0.549	0.54	0.508	0.532	0.542	0.537	0.544	0.537	0.549	0.547
0.544	0.542	0.505	0.53	0.549	0.542	0.544	0.542	0.547	0.544
0.537	0.535	0.5	0.527	0.554	0.547	0.549	0.544	0.549	0.549
0.54	0.532	0.503	0.53	0.549	0.552	0.557	0.542	0.552	0.554
0.544	0.535	0.5	0.532	0.549	0.544	0.552	0.54	0.549	0.557
0.552	0.535	0.508	0.535	0.542	0.54	0.547	0.537	0.547	0.549
0.547	0.535	0.51	0.532	0.544	0.54	0.544	0.535	0.549	0.547
0.542	0.532	0.505	0.53	0.547	0.54	0.542	0.537	0.547	0.547
0.54	0.527	0.5	0.53	0.557	0.547	0.549	0.542	0.552	0.549
0.542	0.527	0.505	0.53	0.552	0.552	0.559	0.537	0.552	0.557
0.544	0.527	0.505	0.532	0.547	0.542	0.547	0.537	0.549	0.549
0.557	0.535	0.508	0.537	0.544	0.54	0.544	0.532	0.544	0.549
0.552	0.54	0.51	0.532	0.544	0.537	0.542	0.53	0.544	0.544
0.549	0.535	0.508	0.53	0.549	0.542	0.542	0.532	0.547	0.547
0.544	0.53	0.505	0.532	0.559	0.552	0.544	0.537	0.549	0.547
0.542	0.53	0.51	0.53	0.554	0.552	0.549	0.537	0.549	0.554
0.547	0.532	0.505	0.532	0.547	0.547	0.547	0.535	0.547	0.549
0.559	0.537	0.508	0.537	0.544	0.544	0.542	0.53	0.544	0.547
0.552	0.542	0.505	0.532	0.544	0.542	0.54	0.527	0.542	0.544
0.549	0.535	0.5	0.53	0.549	0.544	0.54	0.532	0.544	0.544
0.549	0.532	0.498	0.535	0.557	0.552	0.544	0.535	0.549	0.547
0.542	0.53	0.496	0.53	0.549	0.549	0.554	0.537	0.549	0.557
0.547	0.535	0.496	0.532	0.547	0.544	0.547	0.537	0.549	0.549
0.549	0.542	0.503	0.535	0.544	0.542	0.542	0.53	0.547	0.547
0.544	0.544	0.505	0.532	0.542	0.537	0.54	0.532	0.54	0.542
0.542	0.537	0.503	0.53	0.547	0.542	0.54	0.535	0.544	0.542
0.535	0.532	0.498	0.532	0.557	0.552	0.547	0.537	0.549	0.547
0.535	0.532	0.496	0.53	0.552	0.547	0.552	0.537	0.547	0.557
0.54	0.535	0.496	0.532	0.547	0.547	0.547	0.54	0.549	0.552
0.542	0.537	0.5	0.532	0.542	0.542	0.544	0.532	0.547	0.547
0.542	0.544	0.498	0.532	0.542	0.54	0.54	0.532	0.544	0.569
0.54	0.537	0.493	0.53	0.547	0.544	0.544	0.537	0.542	0.544
0.535	0.532	0.488	0.53	0.549	0.554	0.549	0.54	0.549	0.547
0.532	0.532	0.486	0.527	0.547	0.552	0.554	0.542	0.549	0.554
0.537	0.535	0.491	0.53	0.547	0.547	0.549	0.54	0.547	0.549
0.542	0.54	0.493	0.532	0.54	0.542	0.544	0.532	0.547	0.547
0.542	0.544	0.498	0.532	0.542	0.542	0.54	0.532	0.54	0.542
0.537	0.535	0.498	0.53	0.549	0.547	0.544	0.535	0.542	0.544
0.532	0.532	0.503	0.532	0.549	0.549	0.549	0.54	0.547	0.547
0.53	0.532	0.498	0.53	0.547	0.549	0.554	0.54	0.547	0.552
0.54	0.537	0.5	0.535	0.544	0.547	0.549	0.54	0.547	0.549
0.54	0.544	0.508	0.537	0.544	0.54	0.544	0.532	0.547	0.544
0.542	0.547	0.51	0.535	0.54	0.54	0.542	0.532	0.54	0.542
0.535	0.542	0.508	0.532	0.552	0.544	0.544	0.537	0.542	0.542
0.53	0.537	0.508	0.527	0.549	0.552	0.552	0.54	0.547	0.547
0.53	0.535	0.5	0.532	0.549	0.549	0.549	0.542	0.547	0.552
0.537	0.537	0.503	0.535	0.544	0.544	0.549	0.535	0.544	0.552
0.537	0.542	0.508	0.54	0.54	0.54	0.544	0.532	0.544	0.547
0.54	0.544	0.51	0.535	0.542	0.54	0.542	0.532	0.537	0.542
0.54	0.54	0.508	0.537	0.549	0.542	0.544	0.535	0.542	0.544
0.54	0.608	0.505	0.53	0.549	0.549	0.554	0.54	0.544	0.552
0.54	0.815	0.496	0.53	0.549	0.549	0.552	0.542	0.547	0.552
0.552	0.92	0.498	0.535	0.542	0.547	0.549	0.532	0.544	0.552
0.549	0.974	0.503	0.537	0.54	0.54	0.542	0.53	0.542	0.547
0.547	0.996	0.503	0.537	0.54	0.54	0.542	0.53	0.537	0.542
0.544	0.994	0.496	0.537	0.549	0.547	0.547	0.535	0.542	0.542
0.542	0.984	0.493	0.532	0.549	0.547	0.554	0.54	0.544	0.552
0.54	0.989	0.491	0.535	0.547	0.547	0.552	0.544	0.547	0.552
0.547	0.991	0.493	0.537	0.544	0.544	0.549	0.535	0.547	0.549
0.544	0.977	0.496	0.537	0.54	0.54	0.544	0.53	0.542	0.547
0.547	0.947	0.498	0.537	0.54	0.54	0.544	0.544	0.54	0.542
0.54	0.896	0.498	0.537	0.544	0.547	0.576	0.625	0.542	0.542
0.535	0.84	0.498	0.532	0.547	0.547	0.72	0.764	0.544	0.552
0.537	0.771	0.493	0.532	0.549	0.549	1.23	0.94	0.547	0.549
0.544	0.715	0.493	0.537	0.542	0.544	1.609	1.052	0.549	0.549
0.549	0.684	0.496	0.54	0.54	0.54	1.838	1.128	0.54	0.547
0.552	0.676	0.498	0.54	0.542	0.54	1.958	1.13	0.537	0.542
0.549	0.649	0.503	0.54	0.547	0.562	2.039	1.062	0.54	0.544
0.544	0.603	0.496	0.535	0.549	0.627	2.085	0.989	0.544	0.549
0.552	0.576	0.493	0.535	0.547	1.013	2.117	0.923	0.547	0.552
0.552	0.564	0.493	0.537	0.544	1.531	2.017	0.862	0.547	0.552
0.574	0.562	0.498	0.542	0.54	1.628	1.812	0.789	0.54	0.547
0.635	0.554	0.503	0.54	0.544	1.614	1.506	0.698	0.537	0.542
0.786	0.544	0.505	0.535	0.547	1.592	1.274	0.664	0.54	0.542
0.872	0.537	0.5	0.54	0.549	1.572	1.072	0.684	0.544	0.547
0.908	0.537	0.503	0.532	0.547	1.541	0.923	0.706	0.544	0.547
0.935	0.54	0.508	0.537	0.542	1.521	0.803	0.676	0.549	0.549
0.942	0.542	0.515	0.542	0.54	1.509	0.713	0.625	0.54	0.544
0.947	0.54	0.515	0.544	0.544	1.387	0.649	0.591	0.537	0.54
0.95	0.537	0.513	0.537	0.547	1.228	0.635	0.574	0.54	0.544
0.945	0.532	0.503	0.532	0.549	1.072	0.615	0.571	0.544	0.547
0.923	0.532	0.503	0.537	0.547	0.952	0.591	0.559	0.547	0.549
0.903	0.537	0.503	0.54	0.542	0.818	0.579	0.549	0.547	0.552
0.889	0.542	0.5	0.542	0.54	0.723	0.564	0.559	0.54	0.547
0.874	0.544	0.513	0.542	0.544	0.659	0.554	0.559	0.537	0.542
0.837	0.54	0.525	0.535	0.544	0.625	0.562	0.557	0.54	0.544
0.789	0.535	0.522	0.535	0.547	0.608	0.562	0.557	0.544	0.547
0.752	0.535	0.525	0.535	0.544	0.601	0.562	0.549	0.547	0.549
0.74	0.542	0.537	0.54	0.542	0.586	0.557	0.542	0.544	0.549
0.732	0.544	0.793	0.542	0.54	0.618	0.549	0.537	0.542	0.544
0.728	0.544	1.543	0.547	0.544	0.613	0.549	0.537	0.54	0.542
0.676	0.54	1.99	0.537	0.544	0.586	0.552	0.542	0.54	0.547
0.645	0.535	2.249	0.535	0.549	0.574	0.554	0.549	0.547	0.547
0.623	0.535	2.405	0.537	0.559	0.566	0.557	0.542	0.552	0.554
0.61	0.54	2.476	0.54	0.657	0.557	0.552	0.54	0.544	0.552
0.603	0.54	2.451	0.544	1.646	0.547	0.547	0.535	0.542	0.547
0.586	0.54	2.227	0.544	2.485	0.547	0.544	0.535	0.54	0.542
0.574	0.537	1.904	0.532	2.976	0.544	0.552	0.54	0.542	0.547
0.559	0.532	1.597	0.53	3.191	0.549	0.554	0.547	0.547	0.547
0.549	0.537	1.367	0.53	3.262	0.547	0.554	0.544	0.552	0.549
0.552	0.54	1.123	0.532	3.274	0.542	0.549	0.54	0.547	0.547
0.552	0.54	0.923	0.537	3.24	0.54	0.547	0.535	0.54	0.544
0.549	0.54	0.798	0.537	3.086	0.542	0.547	0.532	0.54	0.54
0.542	0.53	0.71	0.53	2.866	0.542	0.547	0.54	0.542	0.544
0.542	0.522	0.647	0.525	2.52	0.547	0.552	0.547	0.547	0.542
0.537	0.52	0.605	0.527	2.043	0.547	0.557	0.542	0.554	0.547
0.54	0.527	0.579	0.532	1.655	0.542	0.549	0.537	0.547	0.544
0.544	0.525	0.566	0.535	1.372	0.54	0.547	0.535	0.542	0.542
0.54	0.527	0.562	0.532	1.199	0.544	0.547	0.532	0.537	0.54
0.54	0.52	0.549	0.527	1.04	0.542	0.547	0.537	0.54	0.54
0.54	0.515	0.54	0.525	0.879	0.547	0.549	0.544	0.544	0.544
0.532	0.513	0.535	0.525	0.757	0.549	0.552	0.544	0.552	0.547
0.537	0.52	0.537	0.53	0.681	0.544	0.549	0.54	0.544	0.544
0.542	0.522	0.54	0.537	0.632	0.54	0.547	0.537	0.54	0.544
0.54	0.525	0.547	0.532	0.593	0.537	0.552	0.537	0.54	0.542
0.537	0.515	0.537	0.527	0.579	0.544	0.547	0.544	0.542	0.542
0.537	0.515	0.532	0.525	0.571	0.547	0.552	0.547	0.547	0.547
0.53	0.52	0.53	0.527	0.562	0.544	0.552	0.542	0.552	0.552
0.532	0.518	0.535	0.532	0.552	0.542	0.547	0.542	0.547	0.549
0.535	0.522	0.54	0.54	0.549	0.54	0.547	0.54	0.542	0.547
0.535	0.525	0.544	0.535	0.542	0.542	0.549	0.54	0.542	0.547
0.532	0.52	0.537	0.53	0.552	0.54	0.547	0.547	0.544	0.544
0.532	0.518	0.532	0.525	0.552	0.544	0.552	0.547	0.552	0.547
0.527	0.52	0.53	0.527	0.549	0.544	0.552	0.547	0.557	0.549
0.53	0.52	0.532	0.532	0.544	0.54	0.549	0.542	0.549	0.549
0.535	0.527	0.537	0.54	0.544	0.537	0.547	0.537	0.544	0.547
0.532	0.527	0.542	0.532	0.544	0.537	0.547	0.54	0.544	0.569
0.53	0.525	0.537	0.53	0.547	0.537	0.549	0.547	0.544	1.077
0.527	0.52	0.532	0.527	0.549	0.542	0.552	0.547	0.552	2.2
0.525	0.522	0.53	0.527	0.549	0.54	0.552	0.547	0.552	2.917
0.527	0.522	0.532	0.532	0.547	0.537	0.552	0.542	0.549	3.005
0.535	0.527	0.54	0.537	0.54	0.537	0.547	0.535	0.544	2.952
0.535	0.527	0.54	0.535	0.542	0.53	0.544	0.54	0.542	2.937
0.53	0.525	0.537	0.53	0.547	0.535	0.547	0.547	0.547	2.937
0.525	0.522	0.532	0.525	0.547	0.537	0.552	0.547	0.554	2.917
0.522	0.522	0.53	0.53	0.547	0.54	0.552	0.549	0.552	2.817
0.527	0.522	0.532	0.532	0.547	0.535	0.552	0.542	0.549	2.368
0.532	0.527	0.54	0.537	0.542	0.535	0.547	0.537	0.544	1.875
0.532	0.525	0.537	0.535	0.542	0.53	0.544	0.537	0.542	1.46
0.532	0.52	0.535	0.53	0.547	0.532	0.547	0.547	0.544	1.23
0.525	0.513	0.532	0.537	0.547	0.537	0.552	0.547	0.552	1.104
0.525	0.518	0.53	0.876	0.547	0.535	0.554	0.547	0.552	0.959
0.53	0.522	0.532	1.565	0.547	0.537	0.552	0.542	0.547	0.82
0.535	0.527	0.542	1.992	0.54	0.535	0.549	0.537	0.544	0.728
0.537	0.518	0.54	2.187	0.542	0.532	0.544	0.54	0.542	0.667
0.54	0.513	0.535	2.227	0.544	0.537	0.547	0.542	0.547	0.625
0.532	0.513	0.532	2.258	0.549	0.54	0.552	0.544	0.552	0.598
0.532	0.522	0.53	2.297	0.547	0.54	0.554	0.544	0.552	0.583
0.54	0.52	0.532	2.31	0.547	0.537	0.552	0.54	0.549	0.571
0.544	0.544	0.542	2.251	0.537	0.537	0.554	0.537	0.544	0.564
0.547	0.667	0.54	1.953	0.54	0.532	0.544	0.54	0.547	0.552
0.547	1.206	0.537	1.55	0.542	0.537	0.549	0.54	0.542	0.549
0.537	1.575	0.532	1.282	0.544	0.542	0.554	0.544	0.549	0.552
0.537	1.699	0.53	1.089	0.544	0.542	0.552	0.544	0.549	0.554
0.544	1.448	0.535	0.996	0.544	0.542	0.554	0.54	0.547	0.554
0.544	1.279	0.542	0.881	0.537	0.535	0.552	0.537	0.54	0.554
0.544	1.172	0.537	0.781	0.537	0.535	0.547	0.542	0.54	0.544
0.544	1.116	0.537	0.708	0.542	0.54	0.549	0.542	0.544	0.542
0.537	1.116	0.532	0.647	0.547	0.542	0.554	0.544	0.549	0.549
0.54	1.135	0.53	0.605	0.547	0.544	0.557	0.544	0.549	0.554
0.542	1.155	0.535	0.591	0.544	0.542	0.554	0.54	0.544	0.552
0.547	1.118	0.542	0.571	0.54	0.535	0.552	0.537	0.54	0.552
0.544	1.045	0.54	0.557	0.54	0.537	0.547	0.544	0.542	0.544
0.542	0.913	0.54	0.542	0.542	0.54	0.549	0.542	0.544	0.542
0.537	0.784	0.532	0.532	0.547	0.542	0.554	0.547	0.547	0.549
0.537	0.676	0.532	0.532	0.547	0.542	0.554	0.544	0.547	0.549
0.54	0.613	0.537	0.54	0.544	0.544	0.554	0.542	0.544	0.552
0.544	0.576	0.542	0.537	0.542	0.535	0.549	0.537	0.54	0.549
0.547	0.552	0.542	0.532	0.542	0.537	0.552	0.542	0.54	0.542
0.542	0.532	0.54	0.527	0.544	0.54	0.62	0.542	0.547	0.542
0.537	0.522	0.532	0.527	0.549	0.542	1.248	0.544	0.547	0.547
0.535	0.513	0.535	0.527	0.549	0.544	2.285	0.542	0.547	0.549
0.54	0.513	0.54	0.535	0.544	0.542	2.598	0.54	0.547	0.549
0.544	0.518	0.54	0.535	0.54	0.535	2.407	0.537	0.54	0.549
0.544	0.515	0.54	0.532	0.542	0.537	2.1	0.542	0.54	0.54
0.54	0.508	0.54	0.527	0.544	0.54	1.899	0.542	0.547	0.542
0.54	0.508	0.532	0.525	0.547	0.542	1.792	0.542	0.544	0.544
0.542	0.503	0.532	0.53	0.552	0.544	1.738	0.542	0.547	0.549
0.544	0.503	0.542	0.537	0.542	0.542	1.682	0.54	0.544	0.549
0.547	0.508	0.54	0.544	0.54	0.535	1.609	0.54	0.54	0.544
0.554	0.503	0.54	0.537	0.54	0.535	1.589	0.54	0.54	0.542
0.547	0.503	0.537	0.532	0.544	0.537	1.548	0.542	0.547	0.542
0.544	0.498	0.532	0.527	0.549	0.542	1.448	0.544	0.547	0.544
0.549	0.498	0.532	0.535	0.552	0.544	1.399	0.542	0.547	0.549
0.547	0.505	0.537	0.535	0.544	0.542	1.326	0.54	0.547	0.552
0.554	0.51	0.54	0.537	0.542	0.537	1.111	0.54	0.544	0.547
0.552	0.513	0.54	0.53	0.542	0.535	0.918	0.54	0.54	0.542
0.547	0.515	0.54	0.53	0.544	0.537	0.791	0.544	0.542	0.542
0.544	0.51	0.537	0.53	0.547	0.542	0.701	0.547	0.547	0.547
0.542	0.505	0.535	0.535	0.552	0.542	0.645	0.544	0.549	0.549
0.547	0.51	0.544	0.535	0.542	0.537	0.62	0.542	0.544	0.554
0.549	0.513	0.547	0.535	0.542	0.532	0.601	0.544	0.54	0.544
0.554	0.51	0.547	0.535	0.542	0.535	0.576	0.542	0.542	0.542
0.547	0.513	0.544	0.53	0.544	0.537	0.566	0.544	0.542	0.542
0.544	0.503	0.54	0.525	0.547	0.542	0.564	0.547	0.544	0.544
0.542	0.505	0.54	0.535	0.552	0.544	0.562	0.544	0.549	0.549
0.618	0.508	0.542	0.535	0.544	0.54	0.559	0.542	0.547	0.552
0.75	0.513	0.544	0.537	0.544	0.535	0.549	0.542	0.542	0.544
1.042	0.513	0.544	0.532	0.542	0.537	0.544	0.54	0.811	0.542
1.375	0.515	0.544	0.53	0.547	0.537	0.544	0.542	2.19	0.542
1.37	0.505	0.54	0.527	0.554	0.542	0.549	0.544	2.949	0.544
1.257	0.503	0.542	0.532	0.547	0.547	0.552	0.542	3.291	0.549
1.245	0.51	0.542	0.535	0.544	0.54	0.552	0.54	3.181	0.554
1.257	0.513	0.547	0.535	0.542	0.535	0.544	0.542	2.974	0.544
1.282	0.513	0.547	0.532	0.54	0.535	0.547	0.552	2.837	0.542
1.294	0.513	0.542	0.53	0.544	0.537	0.544	0.627	2.759	0.542
1.321	0.503	0.54	0.525	0.557	0.54	0.549	1.653	2.693	0.544
1.328	0.505	0.542	0.53	0.549	0.544	0.557	2.183	2.59	0.549
1.423	0.505	0.542	0.535	0.547	0.54	0.549	2.119	2.251	0.549
1.497	0.508	0.544	0.537	0.542	0.627	0.544	1.907	1.887	0.542
1.497	0.51	0.547	0.535	0.542	1.731	0.547	1.736	1.497	0.54
1.416	0.505	0.542	0.53	0.547	2.192	0.547	1.626	1.248	0.54
1.279	0.5	0.54	0.527	0.557	1.843	0.549	1.558	1.089	0.544
1.057	0.5	0.542	0.53	0.547	1.514	0.559	1.492	0.967	0.549
0.896	0.505	0.54	0.535	0.544	1.323	0.552	1.433	0.828	0.544
0.806	0.51	0.542	0.54	0.54	1.226	0.547	1.328	0.732	0.544
0.72	0.513	0.542	0.537	0.542	1.169	0.547	1.135	0.669	0.54
0.642	0.51	0.54	0.532	0.547	1.15	0.547	1.006	0.635	0.54
0.642	0.505	0.535	0.532	0.554	1.135	0.552	0.906	0.615	0.544
0.649	0.505	0.581	0.532	0.547	1.121	0.559	0.85	0.593	0.552
0.632	0.508	0.813	0.535	0.542	1.125	0.552	0.754	0.574	0.547
0.61	0.515	1.819	0.537	0.54	1.111	0.547	0.669	0.559	0.544
0.588	0.518	2.473	0.535	0.542	0.947	0.547	0.618	0.552	0.54
0.566	0.51	2.249	0.53	0.547	0.801	0.547	0.591	0.549	0.54
0.552	0.508	1.865	0.535	0.552	0.706	0.552	0.576	0.549	0.544
0.552	0.503	1.633	0.53	0.552	0.635	0.559	0.564	0.549	0.552
0.552	0.508	1.562	0.535	0.642	0.591	0.552	0.557	0.544	0.547
0.557	0.515	1.531	0.535	2.395	0.562	0.549	0.544	0.544	0.544
0.549	0.515	1.497	0.532	3.02	0.547	0.544	0.544	0.54	0.54
0.544	0.508	1.445	0.53	2.722	0.544	0.547	0.547	0.542	0.537
0.537	0.503	1.348	0.532	2.278	0.547	0.554	0.549	0.544	0.544
0.537	0.505	1.165	0.53	1.895	0.54	0.559	0.547	0.544	0.552
0.542	0.508	0.984	0.535	1.687	0.535	0.552	0.549	0.542	0.547
0.547	0.51	0.876	0.535	1.565	0.53	0.547	0.54	0.542	0.544
0.542	0.513	0.842	0.532	1.494	0.53	0.566	0.54	0.54	0.544
0.537	0.5	0.759	0.53	1.426	0.53	0.549	0.544	0.54	0.598
0.53	0.498	0.669	0.53	1.37	0.537	0.552	0.547	0.547	1.292
0.535	0.493	0.632	0.527	1.362	0.532	0.554	0.547	0.547	2.18
0.542	0.5	0.603	0.535	1.321	0.53	0.552	0.547	0.544	2.036
0.544	0.508	0.593	0.532	1.26	0.527	0.547	0.54	0.544	1.648
0.542	0.51	0.586	0.532	1.086	0.527	0.542	0.54	0.537	1.443
0.542	0.5	0.564	0.53	0.901	0.535	0.547	0.542	0.542	1.37
0.535	0.496	0.557	0.527	0.774	0.544	0.554	0.547	0.547	1.311
0.537	0.503	0.54	0.53	0.684	0.54	0.552	0.547	0.544	1.292
0.544	0.508	0.535	0.532	0.625	0.535	0.552	0.544	0.542	1.287
0.544	0.515	0.535	0.535	0.586	0.53	0.547	0.537	0.54	1.255
0.542	0.515	0.532	0.532	0.569	0.532	0.544	0.537	0.532	1.279
0.537	0.515	0.527	0.53	0.569	0.537	0.549	0.542	0.535	1.279
0.53	0.513	0.527	0.527	0.559	0.542	0.559	0.544	0.54	1.27
0.532	0.51	0.522	0.527	0.552	0.54	0.557	0.549	0.542	1.191
0.54	0.513	0.527	0.535	0.544	0.537	0.552	0.542	0.54	0.959
0.54	0.515	0.532	0.537	0.542	0.53	0.547	0.54	0.537	0.801
0.537	0.508	0.532	0.537	0.542	0.535	0.544	0.54	0.532	0.708
0.535	0.503	0.53	0.537	0.549	0.535	0.547	0.544	0.535	0.713
0.532	0.496	0.53	0.53	0.547	0.54	0.559	0.549	0.54	0.754
0.535	0.496	0.527	0.53	0.544	0.54	0.557	0.549	0.542	0.759
0.542	0.498	0.527	0.535	0.54	0.535	0.554	0.544	0.542	0.718
0.537	0.505	0.532	0.535	0.537	0.527	0.559	0.54	0.537	0.691
0.535	0.518	0.532	0.532	0.537	0.53	0.955	0.54	0.537	0.649
0.53	0.571	0.532	0.532	0.547	0.537	1.704	0.544	0.54	0.618
0.525	0.854	0.532	0.527	0.544	0.54	1.582	0.549	0.544	0.598
0.527	1.46	0.535	0.527	0.544	0.537	1.294	0.554	0.544	0.579
0.525	2.017	0.535	0.532	0.537	0.535	1.062	0.542	0.542	0.569
0.535	2.368	0.537	0.535	0.537	0.53	0.918	0.542	0.537	0.559
0.535	2.544	0.54	0.53	0.54	0.53	0.83	0.54	0.535	0.549
0.532	2.59	0.535	0.532	0.542	0.54	0.779	0.544	0.537	0.547
0.53	2.642	0.532	0.527	0.542	0.54	0.75	0.547	0.542	0.552
0.532	2.69	0.53	0.53	0.544	0.537	0.713	0.552	0.542	0.549
0.535	2.744	0.53	0.532	0.537	0.535	0.693	0.542	0.547	0.549
0.537	2.708	0.535	0.535	0.537	0.53	0.793	0.537	0.54	0.544
0.535	2.485	0.535	0.535	0.54	0.53	0.874	0.54	0.537	0.54
0.53	2.18	0.535	0.532	0.544	0.54	0.864	0.547	0.54	0.54
0.525	1.802	0.53	0.527	0.544	0.537	0.818	0.547	0.544	0.547
0.53	1.55	0.53	0.537	0.544	0.54	0.732	0.552	0.549	0.547
0.532	1.223	0.532	0.603	0.54	0.535	0.662	0.544	0.547	0.547
0.535	0.996	0.535	1.721	0.54	0.53	0.615	0.542	0.535	0.544
0.535	0.835	0.537	2.659	0.542	0.532	0.588	0.54	0.537	0.54
0.527	0.742	0.537	2.659	0.542	0.54	0.576	0.547	0.537	0.542
0.527	0.693	0.53	2.429	0.544	0.54	0.569	0.549	0.542	0.547
0.532	0.645	0.527	2.319	0.54	0.54	0.564	0.552	0.547	0.549
0.596	0.618	0.532	2.258	0.535	0.535	0.557	0.547	0.547	0.547
0.85	0.637	0.535	2.217	0.53	0.532	0.547	0.608	0.54	0.544
1.604	0.654	0.537	2.192	0.537	0.532	0.544	0.872	0.537	0.544
1.819	0.613	0.537	2.161	0.537	0.537	0.549	1.36	0.542	0.549
1.611	0.574	0.527	2.051	0.54	0.54	0.549	1.372	0.544	0.547
1.333	0.554	0.53	1.924	0.54	0.54	0.552	1.118	0.547	0.549
1.152	0.547	0.532	1.763	0.535	0.535	0.549	0.935	0.547	0.549
1.047	0.54	0.535	1.553	0.532	0.53	0.544	0.825	0.54	0.544
0.981	0.535	0.54	1.418	0.537	0.571	0.544	0.757	0.54	0.542
0.937	0.525	0.54	1.284	0.537	0.703	0.549	0.723	0.54	0.547
0.891	0.518	0.532	1.077	0.54	1.299	0.549	0.701	0.544	0.547
0.842	0.518	0.53	0.879	0.537	1.782	0.552	0.686	0.547	0.549
0.764	0.525	0.532	0.762	0.532	1.833	0.549	0.667	0.542	0.547
0.71	0.522	0.537	0.684	0.532	1.597	0.544	0.693	0.537	0.544
0.676	0.518	0.537	0.635	0.537	1.416	0.542	0.713	0.535	0.542
0.669	0.513	0.537	0.593	0.54	1.306	0.549	0.728	0.537	0.547
0.635	0.51	0.53	0.576	0.537	1.238	0.552	0.72	0.544	0.547
0.623	0.51	0.53	0.613	0.537	1.196	0.554	0.686	0.549	0.549
0.61	0.52	0.532	0.605	0.532	1.157	0.552	0.647	0.542	0.549
0.581	0.522	0.535	0.583	0.535	1.06	0.547	0.625	0.54	0.544
0.562	0.52	0.54	0.569	0.54	0.994	0.549	0.615	0.537	0.542
0.547	0.518	0.535	0.549	0.54	0.962	0.554	0.593	0.54	0.547
0.537	0.51	0.532	0.544	0.54	0.911	0.557	0.583	0.547	0.547
0.537	0.513	0.527	0.542	0.544	0.85	0.559	0.569	0.552	0.549
0.532	0.522	0.535	0.544	0.54	0.784	0.557	0.554	0.544	0.552
0.535	0.52	0.54	0.547	0.537	0.723	0.552	0.547	0.537	0.544
0.532	0.52	0.588	0.542	0.54	0.708	0.552	0.547	0.537	0.54
0.527	0.515	0.586	0.537	0.544	0.657	0.554	0.552	0.54	0.544
0.532	0.51	0.627	0.532	0.547	0.623	0.557	0.554	0.544	0.547
0.532	0.513	0.671	0.535	0.544	0.61	0.557	0.549	0.552	0.549
0.537	0.522	0.708	0.537	0.54	0.608	0.552	0.544	0.671	0.547
0.542	0.52	0.74	0.542	0.542	0.615	0.547	0.54	0.898	0.544
0.54	0.522	0.779	0.54	0.54	0.608	0.562	0.542	1.13	0.542
0.537	0.518	0.786	0.532	0.544	0.586	0.547	0.549	1.436	0.544
0.537	0.515	0.791	0.532	0.547	0.571	0.554	0.552	1.736	0.547
0.532	0.515	0.796	0.532	0.544	0.562	0.554	0.549	1.875	0.549
0.54	0.52	0.798	0.537	0.54	0.549	0.552	0.549	1.887	0.547
0.542	0.554	0.806	0.54	0.542	0.542	0.547	0.544	1.89	0.544
0.544	0.574	0.811	0.537	0.54	0.544	0.549	0.547	1.846	0.544
0.54	0.779	0.798	0.532	0.544	0.542	0.549	0.552	1.821	0.542
0.537	1.042	0.789	0.527	0.544	0.547	0.552	0.557	1.787	0.547
0.537	1.255	0.745	0.53	0.544	0.54	0.554	0.557	1.76	0.552
0.54	1.375	0.713	0.535	0.54	0.537	0.549	0.549	1.711	0.552
0.542	1.416	0.688	0.54	0.542	0.535	0.547	0.547	1.614	0.547
0.54	1.455	0.664	0.535	0.54	0.54	0.571	0.549	1.499	0.544
0.535	1.479	0.615	0.53	0.544	0.54	0.632	0.557	1.411	0.542
0.54	1.477	0.581	0.527	0.547	0.542	0.708	0.557	1.279	0.547
0.535	1.494	0.562	0.53	0.544	0.542	0.918	0.552	1.113	0.549
0.537	1.497	0.554	0.537	0.54	0.54	1.069	0.549	0.962	0.549
0.54	1.504	0.552	0.542	0.537	0.54	1.152	0.544	0.828	0.544
0.537	1.514	0.554	0.535	0.537	0.537	1.194	0.542	0.762	0.547
0.532	1.514	0.542	0.532	0.542	0.54	1.233	0.598	0.693	0.542
0.532	1.509	0.537	0.527	0.542	0.542	1.272	0.627	0.652	0.547
0.532	1.504	0.537	0.532	0.542	0.542	1.279	0.862	0.613	0.549
0.537	1.489	0.537	0.535	0.537	0.537	1.262	1.272	0.586	0.547
0.54	1.479	0.542	0.542	0.537	0.54	1.248	1.677	0.566	0.542
0.544	1.477	0.544	0.535	0.537	0.532	1.262	1.824	0.557	0.542
0.544	1.46	0.54	0.53	0.542	0.54	1.289	1.841	0.554	0.54
0.562	1.45	0.532	0.53	0.542	0.542	1.321	1.802	0.559	0.544
0.601	1.428	0.535	0.53	0.54	0.542	1.338	1.741	0.557	0.549
0.62	1.372	0.537	0.535	0.537	0.54	1.353	1.675	0.549	0.547
0.649	1.299	0.544	0.537	0.535	0.54	1.365	1.692	0.544	0.544
0.852	1.216	0.54	0.535	0.532	0.537	1.375	1.719	0.54	0.542
1.086	1.057	0.537	0.532	0.54	0.54	1.377	1.772	0.547	0.542
1.35	0.881	0.535	0.527	0.544	0.544	1.375	1.79	0.554	0.547
1.594	0.75	0.532	0.532	0.54	0.542	1.362	1.79	0.549	0.549
1.624	0.659	0.535	0.537	0.54	0.54	1.355	1.802	0.547	0.549
1.614	0.613	0.544	0.537	0.532	0.542	1.355	1.797	0.542	0.547
1.565	0.579	0.54	0.535	0.535	0.542	1.345	1.79	0.54	0.542
1.516	0.552	0.537	0.532	0.542	0.547	1.333	1.763	0.542	0.542
1.519	0.54	0.532	0.53	0.544	0.552	1.299	1.736	0.549	0.547
1.562	0.53	0.532	0.532	0.544	0.552	1.248	1.658	0.547	0.549
1.58	0.527	0.537	0.54	0.544	0.557	1.191	1.567	0.542	0.549
1.592	0.527	0.544	0.54	0.537	0.564	1.104	1.479	0.54	0.547
1.594	0	0.542	0.535	0.54	0.571	1.013	1.406	0.532	0.542
1.582	0	0.54	0.532	0.544	0.569	0.94	1.311	0.54	0.542
1.555	0	0.535	0.53	0.547	0.566	0.867	1.189	0.547	0.547
1.523	0	0.532	0.532	0.547	0.564	0.75	1.05	0.542	0.549
1.482	0	0.537	0.542	0.549	0.559	0.671	0.901	0.542	0.547
1.453	0	0.544	0.54	0.542	0.557	0.627	0.781	0.537	0.549
1.406	0	0.542	0.537	0.544	0.649	0.593	0.698	0.532	0.542
1.36	0	0.537	0.535	0.549	0.83	0.576	0.642	0.542	0.542
1.306	0	0.532	0.532	0.552	0.984	0	0.61	0.544	0.547
1.282	0	0.53	0.535	0.549	1.111	0	0.591	0.544	0.552
1.262	0	0.535	0.544	0.547	1.25	0	0.571	0.542	0.549
1.238	0	0.542	0.542	0.542	1.348	0	0	0.537	0.549
1.194	0	0.54	0.54	0.544	1.401	0	0	0.535	0.542
1.089	0	0.537	0.532	0.549	1.445	0	0	0.542	0.544
0.928	0	0.532	0.532	0.549	1.501	0	0	0.542	0.547
0	0	0.53	0.535	0.552	1.599	0	0	0.544	0.549
0	0	0.54	0.542	0.566	1.658	0	0	0.542	0.549
0	0	0.542	0.54	1.311	1.682	0	0	0.537	0.552
0	0	0.54	0.537	2.576	1.724	0	0	0.535	0.542
0	0	0.537	0.532	2.812	1.772	0	0	0.544	0.544
0	0	0.532	0.532	2.227	1.78	0	0	0.547	0.547
0	0	0.532	0.535	1.863	1.765	0	0	0.547	0.549
0	0	0.54	0.542	1.653	1.753	0	0	0.544	0.549
0	0	0.54	0.544	1.521	1.736	0	0	0.537	0.547
0	0	0.54	0.542	1.445	1.743	0	0	0.54	0.54
0	0	0.535	0.535	1.406	1.716	0	0	0.544	0.544
0	0	0.532	0.537	1.394	1.675	0	0	0.544	0.547
0	0	0.542	0.54	1.345	1.594	0	0	0.547	0.552
0	0	0.583	0.54	1.228	1.526	0	0	0.544	0.552
0	0	0.583	0.54	1.055	1.409	0	0	0.542	0.547
0	0	0.842	0.537	0.969	1.318	0	0	0.542	0.542
0	0	1.094	0.532	0.967	1.233	0	0	0.549	0.544
0	0	1.243	0.535	0.957	1.16	0	0	0.552	0.547
0	0	1.306	0.54	0.872	1.118	0	0	0.552	0.549
0	0	1.343	0.537	0.747	1.082	0	0	0.547	0.554
0	0	1.357	0.542	0.671	1.04	0	0	0.544	0.544
0	0	1.37	0.54	0.632	1.016	0	0	0.544	0.542
0	0	1.365	0.535	0.632	0.989	0	0	0.547	0.544
0	0	1.35	0.532	0.623	0	0	0	0.549	0.547
0	0	1.348	0.542	0.601	0	0	0	0.557	0.549
0	0	1.36	0.54	0.579	0	0	0	0.547	0.552
0	0	1.382	0.54	0.566	0	0	0	0.544	0.574
0	0	1.389	0.537	0.562	0	0	0	0.544	2.922
0	0	1.387	0.588	0.562	0	0	0	0.547	4.224
0	0	1.372	0.813	0.562	0	0	0	0.549	3.381
0	0	1.357	1.072	0.562	0	0	0	0.549	2.712
0	0	1.345	1.14	0.552	0	0	0	0.544	2.29
0	0	1.333	1.111	0.549	0	0	0	0.54	2.024
0	0	1.299	1.094	0.547	0	0	0	0.537	1.87
0	0	1.25	1.079	0.552	0	0	0	0.537	1.782
0	0	1.196	1.062	0.559	0	0	0	0.544	1.726
0	0	1.108	1.052	0.554	0	0	0	0.544	1.682
0	0	0.996	1.055	0.549	0	0	0	0.542	1.555
0	0	0.854	1.06	0.547	0	0	0	0.542	1.306
0	0	0.737	1.006	0.547	0	0	0	0.542	1.04
0	0	0.657	0.874	0.552	0	0	0	0.542	0.869
0	0	0.61	0.811	0.559	0	0	0	0.547	0.769
0	0	0.586	0.789	0.554	0	0	0	0.549	0.701
0	0	0.566	0.75	0.547	0	0	0	0.544	0.659
0	0	0.557	0.718	0.547	0	0	0	0.54	0.647
0	0	0.554	0.691	0.552	0	0	0	0.544	0.605
0	0	0.542	0.674	0.62	0	0	0	0.544	0.586
0	0	0	0.647	0.725	0	0	0	0.547	0.569
0	0	0	0.632	1.084	0	0	0	0.547	0.566
0	0	0	0.605	1.382	0	0	0	0.544	0.559
0	0	0	0.583	1.47	0	0	0	0.542	0.547
0	0	0	0.566	1.501	0	0	0	0.544	0.544
0	0	0	0.557	1.509	0	0	0	0.544	0.547
0	0	0	0.552	1.489	0	0	0	0.549	0.554
0	0	0	0.547	1.44	0	0	0	0.549	0.562
0	0	0	0.549	1.404	0	0	0	0.547	0.557
0	0	0	0.549	1.414	0	0	0	0.542	0.554
0	0	0	0.542	1.438	0	0	0	0.542	0.549
0	0	0	0.54	1.484	0	0	0	0.544	0.552
0	0	0	0.54	1.523	0	0	0	0.547	0.557
0	0	0	0.537	1.516	0	0	0	0.547	0.564
0	0	0	0.542	1.506	0	0	0	0.544	0.559
0	0	0	0.542	1.482	0	0	0	0.542	0.557
0	0	0	0.54	1.465	0	0	0	0.54	0.552
0	0	0	0.535	1.45	0	0	0	0.542	0.552
0	0	0	0.537	1.438	0	0	0	0.547	0.557
0	0	0	0.537	1.414	0	0	0	0.547	0.564
0	0	0	0.54	1.382	0	0	0	0.544	0.557
0	0	0	0.544	1.348	0	0	0	0.542	0.554
0	0	0	0.544	1.323	0	0	0	0.537	0.574
0	0	0	0.537	1.284	0	0	0	0.542	0.603
0	0	0	0.54	1.245	0	0	0	0.544	0.715
0	0	0	0.537	1.157	0	0	0	0.544	0.913
0	0	0	0.544	1.045	0	0	0	0.542	1.143
0	0	0	0.544	0.886	0	0	0	0.544	1.323
0	0	0	0.603	0.776	0	0	0	0.537	1.392
0	0	0	0.696	0.698	0	0	0	0.542	1.431
0	0	0	1.208	0	0	0	0	0.544	1.501
0	0	0	1.665	0	0	0	0	0.547	1.711
0	0	0	1.943	0	0	0	0	0.544	2.004
0	0	0	2.021	0	0	0	0	0.544	2.217
0	0	0	2.002	0	0	0	0	0.547	2.314
0	0	0	1.99	0	0	0	0	0.544	2.393
0	0	0	2.104	0	0	0	0	0.547	2.427
0	0	0	2.285	0	0	0	0	0.547	2.419
0	0	0	2.437	0	0	0	0	0.542	2.407
0	0	0	2.515	0	0	0	0	0.542	2.354
0	0	0	2.603	0	0	0	0	0.542	2.258
0	0	0	2.654	0	0	0	0	0.544	2.178
0	0	0	2.654	0	0	0	0	0.549	2.104
0	0	0	2.668	0	0	0	0	0.547	2.004
0	0	0	2.7	0	0	0	0	0.547	1.938
0	0	0	2.717	0	0	0	0	0.542	1.841
0	0	0	2.71	0	0	0	0	0.544	1.726
0	0	0	2.666	0	0	0	0	0.544	1.614
0	0	0	2.593	0	0	0	0	0.547	1.465
0	0	0	2.512	0	0	0	0	0.547	1.333
0	0	0	2.383	0	0	0	0	0.549	1.218
0	0	0	2.209	0	0	0	0	0.54	1.094
0	0	0	2.068	0	0	0	0	0.54	0
0	0	0	1.96	0	0	0	0	0.728	0
0	0	0	1.807	0	0	0	0	2.146	0
0	0	0	1.599	0	0	0	0	2.31	0
0	0	0	1.387	0	0	0	0	1.736	0
0	0	0	1.252	0	0	0	0	1.416	0
0	0	0	1.125	0	0	0	0	1.27	0
0	0	0	0.972	0	0	0	0	1.196	0
0	0	0	0.833	0	0	0	0	1.174	0
0	0	0	0.73	0	0	0	0	1.16	0
0	0	0	0.664	0	0	0	0	1.14	0
0	0	0	0	0	0	0	0	1.116	0
0	0	0	0	0	0	0	0	1.028	0
0	0	0	0	0	0	0	0	0.925	0
0	0	0	0	0	0	0	0	0.796	0
0	0	0	0	0	0	0	0	0.725	0
0	0	0	0	0	0	0	0	0.669	0
0	0	0	0	0	0	0	0	0.654	0
0	0	0	0	0	0	0	0	0.645	0
0	0	0	0	0	0	0	0	0.642	0
0	0	0	0	0	0	0	0	0.64	0
0	0	0	0	0	0	0	0	0.608	0
0	0	0	0	0	0	0	0	0.588	0
0	0	0	0	0	0	0	0	0.566	0
0	0	0	0	0	0	0	0	0.559	0
0	0	0	0	0	0	0	0	0.557	0
0	0	0	0	0	0	0	0	0.557	0
0	0	0	0	0	0	0	0	0.559	0
0	0	0	0	0	0	0	0	0.549	0
0	0	0	0	0	0	0	0	0.544	0
0	0	0	0	0	0	0	0	0.542	0
0	0	0	0	0	0	0	0	0.544	0
0	0	0	0	0	0	0	0	0.547	0
0	0	0	0	0	0	0	0	0.554	0
0	0	0	0	0	0	0	0	0.544	0
0	0	0	0	0	0	0	0	0.54	0
0	0	0	0	0	0	0	0	0.537	0
0	0	0	0	0	0	0	0	0.542	0
0	0	0	0	0	0	0	0	0.547	0
0	0	0	0	0	0	0	0	0.552	0
0	0	0	0	0	0	0	0	0.544	0
0	0	0	0	0	0	0	0	0.542	0
0	0	0	0	0	0	0	0	0.54	0
0	0	0	0	0	0	0	0	0.544	0
0	0	0	0	0	0	0	0	0.588	0
0	0	0	0	0	0	0	0	0.618	0
0	0	0	0	0	0	0	0	0.796	0
0	0	0	0	0	0	0	0	1.038	0
0	0	0	0	0	0	0	0	1.367	0
0	0	0	0	0	0	0	0	1.597	0
0	0	0	0	0	0	0	0	1.694	0
0	0	0	0	0	0	0	0	1.741	0
0	0	0	0	0	0	0	0	1.765	0
0	0	0	0	0	0	0	0	2.034	0
0	0	0	0	0	0	0	0	2.28	0
0	0	0	0	0	0	0	0	2.502	0
0	0	0	0	0	0	0	0	2.644	0
0	0	0	0	0	0	0	0	2.747	0
0	0	0	0	0	0	0	0	2.798	0
0	0	0	0	0	0	0	0	2.766	0
0	0	0	0	0	0	0	0	2.654	0
0	0	0	0	0	0	0	0	2.468	0
0	0	0	0	0	0	0	0	2.278	0
0	0	0	0	0	0	0	0	2.131	0
0	0	0	0	0	0	0	0	1.975	0
0	0	0	0	0	0	0	0	1.826	0
0	0	0	0	0	0	0	0	1.665	0
0	0	0	0	0	0	0	0	1.45	0
0	0	0	0	0	0	0	0	1.296	0
0	0	0	0	0	0	0	0	1.152	0
0	0	0	0	0	0	0	0	1.072	0
0	0	0	0	0	0	0	0	0.903	0
0	0	0	0	0	0	0	0	0.771	0
0	0	0	0	0	0	0	0	0.688	0
0	0	0	0	0	0	0	0	0.647	0
0	0	0	0	0	0	0	0	0.61	0
0	0	0	0	0	0	0	0	0.583	0
0	0	0	0	0	0	0	0	0.569	0
0	0	0	0	0	0	0	0	0.557	0
0	0	0	0	0	0	0	0	0.559	0
0	0	0	0	0	0	0	0	0.574	0
0	0	0	0	0	0	0	0	0.562	0
0	0	0	0	0	0	0	0	0.559	0
0	0	0	0	0	0	0	0	0.549	0
