0.264	0.264	0.264	0.264	0.305	0.298	0.295	0.491	0.31	0.3
0.264	0.264	0.264	0.264	0.408	0.298	0.303	0.981	0.31	0.293
0.408	0.408	0.408	0.408	0.549	0.298	0.415	1.868	0.334	0.288
0.774	0.774	0.774	0.774	1.089	0.298	2.214	2.146	0.42	0.288
3.174	3.174	3.174	3.174	2.019	0.308	3.882	2.187	1.167	0.288
3.345	3.345	3.345	3.345	2.314	0.369	2.52	2.209	2.383	0.481
2.651	2.651	2.651	2.651	2.361	0.701	2.227	2.471	2.48	0.637
2.483	2.483	2.483	2.483	2.4	2.429	2.739	2.808	2.329	0.876
2.417	2.417	2.417	2.417	2.578	2.966	3.13	3.032	2.31	1.121
2.385	2.385	2.385	2.385	2.869	2.905	3.459	3.379	2.354	1.208
2.385	2.385	2.385	2.385	3.118	2.871	3.867	3.55	2.612	1.221
2.512	2.512	2.512	2.512	3.398	2.849	4.119	3.633	3.098	1.252
2.678	2.678	2.678	2.678	3.613	2.793	4.285	3.772	3.425	1.357
2.791	2.791	2.791	2.791	3.708	2.92	4.363	3.857	3.667	1.509
2.871	2.871	2.871	2.871	3.652	3.181	4.465	3.896	3.857	1.636
2.871	2.871	2.871	2.871	3.591	3.384	4.48	3.879	3.967	1.802
2.849	2.849	2.849	2.849	3.635	3.513	4.429	3.877	4.146	1.965
2.803	2.803	2.803	2.803	3.672	3.625	4.443	3.904	4.236	2.065
2.754	2.754	2.754	2.754	3.635	3.743	4.438	3.901	4.302	2.122
2.708	2.708	2.708	2.708	3.606	3.85	4.321	3.889	4.26	2.246
2.666	2.666	2.666	2.666	3.574	3.928	4.128	3.86	4.214	2.329
2.556	2.556	2.556	2.556	3.511	3.906	3.855	3.813	4.17	2.349
2.202	2.202	2.202	2.202	3.474	3.875	3.55	3.704	4.114	2.329
1.899	1.899	1.899	1.899	3.43	3.867	3.254	3.54	4.038	2.349
1.584	1.584	1.584	1.584	3.32	3.828	3.015	3.337	3.955	2.383
1.282	1.282	1.282	1.282	3.098	3.743	2.751	3.047	3.845	2.4
1.008	1.008	1.008	1.008	2.908	3.694	2.5	2.703	3.76	2.356
0.911	0.911	0.911	0.911	2.664	3.667	2.278	2.314	3.743	2.324
0.801	0.801	0.801	0.801	2.412	3.623	2.024	2.024	3.738	2.361
0.635	0.635	0.635	0.635	2.136	3.538	1.709	1.812	3.682	2.393
0.5	0.5	0.5	0.5	1.885	3.428	1.448	1.726	3.552	2.388
0.376	0.376	0.376	0.376	1.602	3.13	1.072	1.562	3.381	2.371
0.361	0.361	0.361	0.361	1.365	2.761	0.889	1.377	3.201	2.341
0.354	0.354	0.354	0.354	1.094	2.422	0.786	1.228	2.817	2.317
0.347	0.347	0.347	0.347	0.906	2.114	0.713	1.089	2.515	2.192
0.332	0.332	0.332	0.332	0.757	1.841	0.591	1.038	2.224	1.938
0.315	0.315	0.315	0.315	0.652	1.531	0.537	1.003	1.965	1.67
0.31	0.31	0.31	0.31	0.598	1.187	0.425	0.886	1.816	1.379
0.312	0.312	0.312	0.312	0.447	0.903	0.354	0.737	1.716	1.113
0.312	0.312	0.312	0.312	0.356	0.774	0.337	0.713	1.572	0.95
0.312	0.312	0.312	0.312	0.366	0.686	0.305	0.649	1.401	0.818
0.315	0.315	0.315	0.315	0.354	0.588	0.303	0.657	1.311	0.688
0.315	0.315	0.315	0.315	0.349	0.518	0.3	0.608	1.248	0.625
0.317	0.317	0.317	0.317	0.354	0.413	0.303	0.522	1.204	0.535
0.322	0.322	0.322	0.322	0.334	0.327	0.305	0.408	1.133	0.427
0.322	0.322	0.322	0.322	0.317	0.303	0.31	0.378	1.035	0.325
0.317	0.317	0.317	0.317	0.305	0.3	0.303	0.354	1.008	0.298
0.312	0.312	0.312	0.312	0.308	0.317	0.3	0.344	0.916	0.293
0.317	0.317	0.317	0.317	0.303	0.327	0.295	0.344	0.796	0.291
0.325	0.325	0.325	0.325	0.298	0.325	0.295	0.347	0.647	0.293
0.327	0.327	0.327	0.327	0.298	0.305	0.298	0.344	0.549	0.293
0.327	0.327	0.327	0.327	0.298	0.295	0.3	0.334	0.464	0.298
0.325	0.325	0.325	0.325	0.3	0.291	0.295	0.337	0.371	0.288
0.325	0.325	0.325	0.325	0.3	0.291	0.295	0.339	0.347	0.288
0.327	0.327	0.327	0.327	0.298	0.283	0.295	0.339	0.334	0.291
0.33	0.33	0.33	0.33	0.295	0.281	0.295	0.337	0.308	0.291
0.33	0.33	0.33	0.33	0.295	0.276	0.3	0.334	0.315	0.291
0.33	0.33	0.33	0.33	0.298	0.261	0.3	0.334	0.315	0.288
0.325	0.325	0.325	0.325	0.3	0.256	0.298	0.337	0.315	0.288
0.322	0.322	0.322	0.322	0.3	0.259	0.298	0.339	0.315	0.295
0.325	0.325	0.325	0.325	0.295	0.259	0.298	0.339	0.312	0.317
0.325	0.325	0.325	0.325	0.293	0.256	0.298	0.339	0.312	0.32
0.342	0.342	0.342	0.342	0.295	0.254	0.295	0.337	0.315	0.31
0.417	0.417	0.417	0.417	0.295	0.256	0.298	0.334	0.317	0.31
0.493	0.493	0.493	0.493	0.298	0.256	0.295	0.337	0.317	0.317
0.51	0.51	0.51	0.51	0.298	0.256	0.298	0.339	0.312	0.322
0.505	0.505	0.505	0.505	0.295	0.254	0.298	0.342	0.312	0.327
0.508	0.508	0.508	0.508	0.293	0.256	0.303	0.339	0.312	0.332
0.493	0.493	0.493	0.493	0.295	0.254	0.3	0.337	0.312	0.33
0.488	0.488	0.488	0.488	0.298	0.254	0.303	0.334	0.315	0.33
0.488	0.488	0.488	0.488	0.298	0.254	0.31	0.339	0.317	0.332
0.667	0.667	0.667	0.667	0.298	0.259	0.317	0.342	0.31	0.349
0.957	0.957	0.957	0.957	0.295	0.259	0.356	0.342	0.31	0.364
1.194	1.194	1.194	1.194	0.295	0.254	0.405	0.342	0.312	0.371
1.26	1.26	1.26	1.26	0.3	0.251	0.432	0.352	0.315	0.381
1.318	1.318	1.318	1.318	0.3	0.251	0.452	0.352	0.317	0.403
1.328	1.328	1.328	1.328	0.3	0.251	0.469	0.356	0.315	0.408
1.306	1.306	1.306	1.306	0.303	0.266	0.474	0.361	0.312	0.408
1.282	1.282	1.282	1.282	0.3	0.271	0.5	0.364	0.31	0.408
1.274	1.274	1.274	1.274	0.298	0.264	0.479	0.359	0.312	0.381
1.265	1.265	1.265	1.265	0.298	0.276	0.547	0.359	0.315	0.483
1.279	1.279	1.279	1.279	0.3	0.283	0.732	0.359	0.317	0.623
1.309	1.309	1.309	1.309	0.303	0.288	0.857	0.359	0.317	0.676
1.311	1.311	1.311	1.311	0.303	0.291	0.972	0.369	0.312	0.703
1.321	1.321	1.321	1.321	0.3	0.286	1.045	0.369	0.31	0.715
1.353	1.353	1.353	1.353	0.298	0.286	1.079	0.369	0.312	0.72
1.382	1.382	1.382	1.382	0.3	0.295	1.089	0.366	0.317	0.728
1.401	1.401	1.401	1.401	0.303	0.31	1.091	0.359	0.32	0.728
1.416	1.416	1.416	1.416	0.325	0.315	1.106	0.356	0.315	0.742
1.433	1.433	1.433	1.433	0.339	0.317	1.14	0.364	0.347	0.742
1.443	1.443	1.443	1.443	0.342	0.312	1.201	0.396	0.356	0.759
1.45	1.45	1.45	1.45	0.339	0.31	1.272	0.403	0.361	0.762
1.462	1.462	1.462	1.462	0.339	0.31	1.343	0.427	0.364	0.757
1.472	1.472	1.472	1.472	0.342	0.317	1.367	0.442	0.371	0.75
1.477	1.477	1.477	1.477	0.344	0.32	1.426	0.457	0.378	0.752
1.482	1.482	1.482	1.482	0.349	0.325	1.509	0.457	0.396	0.762
1.479	1.479	1.479	1.479	0.378	0.339	1.619	0.51	0.408	0.762
1.438	1.438	1.438	1.438	0.393	0.359	1.697	0.708	0.432	0.754
1.379	1.379	1.379	1.379	0.41	0.369	1.743	0.825	0.447	0.752
1.292	1.292	1.292	1.292	0.432	0.4	1.758	0.884	0.447	0.776
1.201	1.201	1.201	1.201	0.447	0.432	1.75	0.925	0.427	0.793
1.079	1.079	1.079	1.079	0.449	0.447	1.755	0.95	0.576	0.82
1.008	1.008	1.008	1.008	0.439	0.449	1.738	0.942	0.769	0.833
0.901	0.901	0.901	0.901	0.422	0.43	1.729	0.935	1.008	0.835
0.73	0.73	0.73	0.73	0.408	0.574	1.721	0.935	1.04	0.833
0.662	0.662	0.662	0.662	0.549	0.776	1.709	0.947	1.064	0.835
0.583	0.583	0.583	0.583	0.684	0.947	1.697	0.959	1.069	0.83
0.591	0.591	0.591	0.591	0.764	1.128	1.699	0.957	1.067	0.835
0.544	0.544	0.544	0.544	0.806	1.216	1.672	0.945	1.057	0.84
0.488	0.488	0.488	0.488	0.808	1.255	1.638	0.94	1.079	0.842
0.459	0.459	0.459	0.459	0.801	1.277	1.597	0.935	1.094	0.852
0.388	0.388	0.388	0.388	0.791	1.313	1.528	0.937	1.104	0.857
0.381	0.381	0.381	0.381	0.789	1.357	1.423	0.94	1.106	0.859
0.396	0.396	0.396	0.396	0.789	1.431	1.348	0.937	1.123	0.874
0.364	0.364	0.364	0.364	0.801	1.526	1.282	0.933	1.123	0.884
0.327	0.327	0.327	0.327	0.818	1.714	1.221	0.937	1.14	0.891
0.325	0.325	0.325	0.325	0.83	1.863	1.147	0.957	1.162	0.886
0.325	0.325	0.325	0.325	0.862	2.039	1.062	0.979	1.182	0.874
0.327	0.327	0.327	0.327	0.898	2.185	0.945	0.991	1.187	0.852
0.322	0.322	0.322	0.322	0.913	2.283	0.852	1.001	1.162	0.796
0.327	0.327	0.327	0.327	0.947	2.285	0.798	0.996	1.147	0.723
0.33	0.33	0.33	0.33	0.969	2.307	0.654	0.986	1.155	0.642
0.334	0.334	0.334	0.334	0.989	2.319	0.591	0.994	1.155	0.591
0.334	0.334	0.334	0.334	1.008	2.329	0.53	1.003	1.152	0.54
0.332	0.332	0.332	0.332	1.025	2.334	0.405	1.008	1.143	0.518
0.327	0.327	0.327	0.327	1.04	2.346	0.334	1.013	1.14	0.41
0.325	0.325	0.325	0.325	1.04	2.327	0.325	1.013	1.138	0.327
0.325	0.325	0.325	0.325	1.045	2.332	0.339	1.006	1.128	0.317
0.325	0.325	0.325	0.325	1.045	2.324	0.315	1.001	1.104	0.308
0.322	0.322	0.322	0.322	1.042	2.317	0.305	1.003	1.052	0.295
0.32	0.32	0.32	0.32	1.042	2.319	0.3	1.006	0.996	0.291
0.317	0.317	0.317	0.317	1.04	2.31	0.298	1.006	0.981	0.286
0.317	0.317	0.317	0.317	1.021	2.292	0.298	0.989	0.962	0.288
0.32	0.32	0.32	0.32	1.013	2.28	0.303	0.967	0.93	0.288
0.322	0.322	0.322	0.322	1.018	2.268	0.303	0.952	0.908	0.286
0.32	0.32	0.32	0.32	1.021	2.253	0.303	0.952	0.894	0.281
0.317	0.317	0.317	0.317	1.052	2.236	0.3	0.889	0.852	0.278
0.317	0.317	0.317	0.317	1.06	2.219	0.295	0.833	0.798	0.281
0.317	0.317	0.317	0.317	1.06	2.153	0.295	0.774	0.708	0.283
0.325	0.325	0.325	0.325	1.062	1.99	0.298	0.688	0.605	0.288
0.33	0.33	0.33	0.33	1.074	1.819	0.3	0.632	0.569	0.286
0.33	0.33	0.33	0.33	1.084	1.707	0.3	0.571	0.552	0.283
0.327	0.327	0.327	0.327	1.086	1.58	0.298	0.535	0.515	0.281
0.327	0.327	0.327	0.327	1.086	1.499	0.295	0.52	0.447	0.281
0.327	0.327	0.327	0.327	1.084	1.428	0.298	0.5	0.383	0.283
0.325	0.325	0.325	0.325	1.082	1.333	0.3	0.41	0.339	0.283
0.327	0.327	0.327	0.327	1.084	1.262	0.3	0.376	0.344	0.286
0.325	0.325	0.325	0.325	1.089	1.162	0.303	0.393	0.332	0.283
0.325	0.325	0.325	0.325	1.067	1.016	0.3	0.413	0.322	0.281
0.325	0.325	0.325	0.325	1.028	0.83	0.298	0.396	0.315	0.281
0.325	0.325	0.325	0.325	0.969	0.659	0.298	0.359	0.315	0.283
0.327	0.327	0.327	0.327	0.881	0.593	0.3	0.349	0.317	0.286
0.33	0.33	0.33	0.33	0.808	0.52	0.303	0.344	0.317	0.286
0.327	0.327	0.327	0.327	0.737	0.449	0.303	0.339	0.32	0.283
0.386	0.386	0.386	0.386	0.645	0.386	0.3	0.344	0.317	0.281
0.464	0.464	0.464	0.464	0.62	0.342	0.298	0.347	0.317	0.281
0.623	0.623	0.623	0.623	0.552	0.334	0.298	0.349	0.312	0.283
0.83	0.83	0.83	0.83	0.471	0.354	0.303	0.347	0.315	0.283
0.886	0.886	0.886	0.886	0.42	0.344	0.3	0.342	0.317	0.286
0.891	0.891	0.891	0.891	0.342	0.281	0.303	0.342	0.32	0.281
0.891	0.891	0.891	0.891	0.322	0.266	0.3	0.342	0.32	0.278
0.959	0.959	0.959	0.959	0.325	0.276	0.298	0.344	0.32	0.281
1.106	1.106	1.106	1.106	0.317	0.281	0.298	0.342	0.315	0.283
1.23	1.23	1.23	1.23	0.31	0.276	0.3	0.344	0.317	0.286
1.289	1.289	1.289	1.289	0.298	0.264	0.303	0.342	0.32	0.286
1.34	1.34	1.34	1.34	0.298	0.269	0.305	0.342	0.322	0.283
1.348	1.348	1.348	1.348	0.303	0.276	0.339	0.342	0.32	0.281
1.35	1.35	1.35	1.35	0.3	0.286	0.391	0.344	0.317	0.283
1.384	1.384	1.384	1.384	0.298	0.276	0.752	0.347	0.317	0.283
1.406	1.406	1.406	1.406	0.293	0.276	0.881	0.347	0.315	0.286
1.426	1.426	1.426	1.426	0.295	0.273	0.879	0.342	0.32	0.33
1.423	1.423	1.423	1.423	0.298	0.281	0.879	0.342	0.317	0.356
1.399	1.399	1.399	1.399	0.3	0.278	0.886	0.342	0.317	0.422
1.394	1.394	1.394	1.394	0.298	0.278	0.991	0.347	0.317	0.491
1.301	1.301	1.301	1.301	0.298	0.278	1.033	0.432	0.315	0.51
1.138	1.138	1.138	1.138	0.295	0.278	1.179	0.461	0.317	0.5
0.886	0.886	0.886	0.886	0.295	0.273	1.323	0.627	0.322	0.51
0.688	0.688	0.688	0.688	0.298	0.276	1.46	0.745	0.317	0.566
0.544	0.544	0.544	0.544	0.3	0.278	1.599	0.789	0.317	0.671
0.476	0.476	0.476	0.476	0.303	0.283	1.697	0.796	0.305	0.859
0.422	0.422	0.422	0.422	0.298	0.283	1.814	0.881	0.315	0.977
0.398	0.398	0.398	0.398	0.298	0.281	1.87	1.069	0.317	1.013
0.356	0.356	0.356	0.356	0.3	0.283	1.88	1.111	0.322	1.03
0.344	0.344	0.344	0.344	0.303	0.278	1.907	1.191	0.32	1.108
0.322	0.322	0.322	0.322	0.308	0.281	1.931	1.294	0.32	1.211
0.312	0.312	0.312	0.312	0.305	0.281	1.924	1.396	0.315	1.335
0.317	0.317	0.317	0.317	0.305	0.278	1.921	1.458	0.315	1.387
0.317	0.317	0.317	0.317	0.305	0.276	1.909	1.497	0.317	1.44
0.32	0.32	0.32	0.32	0.303	0.273	1.89	1.558	0.32	1.506
0.317	0.317	0.317	0.317	0.308	0.276	1.868	1.638	0.322	1.602
0.312	0.312	0.312	0.312	0.305	0.273	1.838	1.719	0.32	1.643
0.315	0.315	0.315	0.315	0.305	0.281	1.746	1.731	0.317	1.667
0.315	0.315	0.315	0.315	0.303	0.281	1.594	1.76	0.317	1.675
0.317	0.317	0.317	0.317	0.303	0.278	1.462	1.79	0.317	1.697
0.32	0.32	0.32	0.32	0.305	0.278	1.243	1.802	0.325	1.719
0.32	0.32	0.32	0.32	0.308	0.315	1.013	1.824	0.327	1.716
0.317	0.317	0.317	0.317	0.31	0.388	0.874	1.824	0.325	1.724
0.312	0.312	0.312	0.312	0.342	0.537	0.793	1.848	0.322	1.731
0.312	0.312	0.312	0.312	0.383	0.674	0.632	1.833	0.32	1.699
0.315	0.315	0.315	0.315	0.574	0.713	0.491	1.824	0.322	1.606
0.315	0.315	0.315	0.315	0.806	0.703	0.43	1.802	0.322	1.494
0.315	0.315	0.315	0.315	0.85	0.762	0.383	1.78	0.322	1.36
0.315	0.315	0.315	0.315	0.864	0.896	0.344	1.768	0.32	1.169
0.315	0.315	0.315	0.315	0.859	0.999	0.325	1.736	0.312	0.977
0.312	0.312	0.312	0.312	0.879	1.089	0.305	1.682	0.312	0.881
0.312	0.312	0.312	0.312	0.901	1.23	0.303	1.599	0.315	0.725
0.31	0.31	0.31	0.31	1.003	1.348	0.303	1.489	0.317	0.54
0.308	0.308	0.308	0.308	1.14	1.465	0.3	1.345	0.317	0.454
0.312	0.312	0.312	0.312	1.23	1.562	0.3	1.169	0.317	0.422
0.312	0.312	0.312	0.312	1.284	1.697	0.298	1.006	0.354	0.376
0.31	0.31	0.31	0.31	1.313	1.814	0.298	0.937	0.4	0.342
0.312	0.312	0.312	0.312	1.321	1.929	0.298	0.747	0.981	0.315
0.315	0.315	0.315	0.315	1.338	2.024	0.3	0.586	1.135	0.295
0.317	0.317	0.317	0.317	1.348	2.083	0.303	0.508	1.133	0.288
0.315	0.315	0.315	0.315	1.348	2.129	0.3	0.505	1.128	0.281
0.317	0.317	0.317	0.317	1.343	2.163	0.298	0.471	1.152	0.281
0.317	0.317	0.317	0.317	1.348	2.17	0.298	0.415	1.243	0.283
0.32	0.32	0.32	0.32	1.335	2.173	0.3	0.374	1.423	0.286
0.322	0.322	0.322	0.322	1.333	2.166	0.303	0.361	1.584	0.286
0.317	0.317	0.317	0.317	1.328	2.166	0.303	0.349	1.743	0.283
0.315	0.315	0.315	0.315	1.309	2.163	0.298	0.347	1.885	0.281
0.315	0.315	0.315	0.315	1.309	2.134	0.295	0.347	2.004	0.281
0.317	0.317	0.317	0.317	1.292	2.122	0.295	0.349	2.163	0.283
0.322	0.322	0.322	0.322	1.257	2.156	0.298	0.344	2.241	0.283
0.327	0.327	0.327	0.327	1.235	2.195	0.3	0.342	2.312	0.286
0.325	0.325	0.325	0.325	1.226	2.185	0.3	0.342	2.415	0.283
0.32	0.32	0.32	0.32	1.191	2.156	0.298	0.342	2.495	0.281
0.317	0.317	0.317	0.317	1.077	2.185	0.295	0.347	2.473	0.281
0.317	0.317	0.317	0.317	0.942	2.18	0.298	0.347	2.498	0.283
0.317	0.317	0.317	0.317	0.847	2.078	0.3	0.347	2.49	0.286
0.322	0.322	0.322	0.322	0.789	1.934	0.303	0.344	2.507	0.286
0.317	0.317	0.317	0.317	0.696	1.743	0.3	0.342	2.515	0.283
0.315	0.315	0.315	0.315	0.583	1.438	0.295	0.347	2.5	0.281
0.312	0.312	0.312	0.312	0.508	1.165	0.293	0.347	2.483	0.283
0.312	0.312	0.312	0.312	0.405	0.94	0.295	0.347	2.461	0.286
0.315	0.315	0.315	0.315	0.352	0.769	0.3	0.347	2.422	0.288
0.317	0.317	0.317	0.317	0.327	0.62	0.3	0.347	2.356	0.286
0.315	0.315	0.315	0.315	0.312	0.488	0.303	0.344	2.185	0.283
0.312	0.312	0.312	0.312	0.308	0.393	0.3	0.344	1.953	0.281
0.312	0.312	0.312	0.312	0.303	0.33	0.298	0.349	1.697	0.281
0.315	0.315	0.315	0.315	0.3	0.305	0.298	0.349	1.387	0.286
0.315	0.315	0.315	0.315	0.298	0.295	0.3	0.347	1.135	0.288
0.317	0.317	0.317	0.317	0.3	0.293	0.3	0.344	0.876	0.286
0.315	0.315	0.315	0.315	0.303	0.293	0.3	0.344	0.798	0.283
0.312	0.312	0.312	0.312	0.305	0.298	0.295	0.347	0.684	0.283
0.312	0.312	0.312	0.312	0.303	0.298	0.298	0.352	0.557	0.286
0.315	0.315	0.315	0.315	0.3	0.298	0.295	0.352	0.491	0.286
0.315	0.315	0.315	0.315	0.3	0.293	0.3	0.349	0.459	0.288
0.315	0.315	0.315	0.315	0.298	0.293	0.3	0.347	0.42	0.288
0.312	0.312	0.312	0.312	0.3	0.295	0.3	0.344	0.376	0.283
0.31	0.31	0.31	0.31	0.305	0.298	0.3	0.347	0.342	0.281
0.308	0.308	0.308	0.308	0.303	0.298	0.298	0.349	0.33	0.281
0.31	0.31	0.31	0.31	0.298	0.295	0.298	0.352	0.322	0.286
0.31	0.31	0.31	0.31	0.295	0.293	0.3	0.349	0.32	0.288
0.315	0.315	0.315	0.315	0.298	0.293	0.3	0.347	0.322	0.288
0.315	0.315	0.315	0.315	0.298	0.295	0.3	0.347	0.325	0.283
0.315	0.315	0.315	0.315	0.303	0.298	0.298	0.352	0.322	0.283
0.317	0.317	0.317	0.317	0.303	0.295	0.298	0.354	0.32	0.283
0.315	0.315	0.315	0.315	0.298	0.295	0.298	0.354	0.317	0.286
0.317	0.317	0.317	0.317	0.298	0.293	0.298	0.352	0.32	0.288
0.317	0.317	0.317	0.317	0.295	0.293	0.3	0.349	0.322	0.286
0.317	0.317	0.317	0.317	0.298	0.295	0.303	0.347	0.322	0.283
0.315	0.315	0.315	0.315	0.303	0.295	0.298	0.349	0.325	0.283
0.312	0.312	0.312	0.312	0.3	0.298	0.295	0.352	0.322	0.283
0.315	0.315	0.315	0.315	0.3	0.295	0.295	0.349	0.32	0.286
0.315	0.315	0.315	0.315	0.298	0.293	0.298	0.349	0.32	0.288
0.315	0.315	0.315	0.315	0.298	0.293	0.3	0.347	0.325	0.286
0.312	0.312	0.312	0.312	0.298	0.295	0.3	0.347	0.327	0.286
0.315	0.315	0.315	0.315	0.303	0.298	0.298	0.347	0.322	0.283
0.31	0.31	0.31	0.31	0.303	0.295	0.295	0.349	0.322	0.286
0.315	0.315	0.315	0.315	0.298	0.293	0.298	0.352	0.317	0.288
0.315	0.315	0.315	0.315	0.298	0.291	0.3	0.349	0.32	0.286
0.315	0.315	0.315	0.315	0.3	0.291	0.3	0.344	0.325	0.288
0.312	0.312	0.312	0.312	0.303	0.291	0.3	0.342	0.325	0.286
0.312	0.312	0.312	0.312	0.303	0.288	0.298	0.337	0.32	0.283
0.31	0.31	0.31	0.31	0.303	0.291	0.298	0.344	0.317	0.283
0.312	0.312	0.312	0.312	0.3	0.291	0.295	0.344	0.32	0.288
0.317	0.317	0.317	0.317	0.298	0.288	0.298	0.337	0.317	0.291
0.322	0.322	0.322	0.322	0.3	0.288	0.3	0.339	0.32	0.286
0.322	0.322	0.322	0.322	0.303	0.291	0.3	0.342	0.322	0.286
0.322	0.322	0.322	0.322	0.303	0.293	0.295	0.347	0.32	0.283
0.322	0.322	0.322	0.322	0.303	0.295	0.295	0.347	0.317	0.283
0.322	0.322	0.322	0.322	0.298	0.293	0.295	0.349	0.317	0.286
0.325	0.325	0.325	0.325	0.298	0.291	0.298	0.347	0.32	0.288
0.325	0.325	0.325	0.325	0.3	0.288	0.3	0.342	0.322	0.286
0.325	0.325	0.325	0.325	0.303	0.291	0.3	0.342	0.322	0.283
0.322	0.322	0.322	0.322	0.305	0.295	0.298	0.347	0.32	0.283
0.317	0.317	0.317	0.317	0.303	0.295	0.295	0.349	0.317	0.283
0.322	0.322	0.322	0.322	0.3	0.293	0.295	0.349	0.317	0.286
0.322	0.322	0.322	0.322	0.298	0.291	0.295	0.347	0.317	0.288
0.322	0.322	0.322	0.322	0.298	0.291	0.3	0.347	0.322	0.286
0.322	0.322	0.322	0.322	0.305	0.291	0.298	0.347	0.322	0.283
0.32	0.32	0.32	0.32	0.303	0.295	0.298	0.347	0.32	0.283
0.315	0.315	0.315	0.315	0.3	0.298	0.298	0.347	0.317	0.286
0.312	0.312	0.312	0.312	0.293	0.293	0.298	0.349	0.317	0.286
0.315	0.315	0.315	0.315	0.295	0.291	0.3	0.349	0.32	0.286
0.317	0.317	0.317	0.317	0.3	0.291	0.303	0.344	0.32	0.286
0.32	0.32	0.32	0.32	0.305	0.293	0.3	0.347	0.322	0.283
0.315	0.315	0.315	0.315	0.305	0.295	0.298	0.344	0.32	0.283
0.315	0.315	0.315	0.315	0.305	0.295	0.295	0.347	0.317	0.283
0.312	0.312	0.312	0.312	0.303	0.295	0.295	0.352	0.315	0.286
0.315	0.315	0.315	0.315	0.3	0.293	0.298	0.349	0.32	0.286
0.317	0.317	0.317	0.317	0.303	0.291	0.298	0.342	0.322	0.288
0.317	0.317	0.317	0.317	0.303	0.291	0.3	0.342	0.325	0.283
0.315	0.315	0.315	0.315	0.305	0.293	0.298	0.344	0.322	0.283
0.312	0.312	0.312	0.312	0.305	0.295	0.295	0.347	0.32	0.283
0.31	0.31	0.31	0.31	0.3	0.295	0.295	0.347	0.32	0.286
0.315	0.315	0.315	0.315	0.303	0.291	0.298	0.347	0.322	0.288
0.32	0.32	0.32	0.32	0.303	0.291	0.303	0.347	0.325	0.286
0.317	0.317	0.317	0.317	0.305	0.293	0.3	0.344	0.322	0.283
0.315	0.315	0.315	0.315	0.308	0.295	0.298	0.344	0.322	0.283
0.312	0.312	0.312	0.312	0.305	0.295	0.298	0.347	0.32	0.283
0.315	0.315	0.315	0.315	0.303	0.295	0.295	0.349	0.317	0.286
0.32	0.32	0.32	0.32	0.3	0.295	0.298	0.344	0.322	0.288
0.322	0.322	0.322	0.322	0.303	0.293	0.3	0.342	0.322	0.286
0.32	0.32	0.32	0.32	0.305	0.291	0.3	0.344	0.322	0.286
0.317	0.317	0.317	0.317	0.305	0.298	0.3	0.347	0.32	0.283
0.317	0.317	0.317	0.317	0.305	0.298	0.295	0.349	0.32	0.283
0.32	0.32	0.32	0.32	0.303	0.295	0.295	0.352	0.317	0.286
0.32	0.32	0.32	0.32	0.303	0.293	0.298	0.349	0.315	0.283
0.322	0.322	0.322	0.322	0.3	0.293	0.3	0.344	0.317	0.286
0.317	0.317	0.317	0.317	0.305	0.293	0.3	0.342	0.317	0.283
0.317	0.317	0.317	0.317	0.305	0.295	0.298	0.344	0.32	0.281
0.317	0.317	0.317	0.317	0.305	0.317	0.298	0.347	0.315	0.286
0.317	0.317	0.317	0.317	0.303	0.295	0.298	0.347	0.315	0.286
0.322	0.322	0.322	0.322	0.3	0.293	0.3	0.344	0.312	0.288
0.325	0.325	0.325	0.325	0.3	0.291	0.303	0.344	0.317	0.286
0.32	0.32	0.32	0.32	0.305	0.293	0.303	0.344	0.32	0.283
0.315	0.315	0.315	0.315	0.308	0.291	0.298	0.347	0.317	0.283
0.315	0.315	0.315	0.315	0.305	0.295	0.298	0.349	0.315	0.286
0.315	0.315	0.315	0.315	0.305	0.293	0.298	0.352	0.315	0.286
0.317	0.317	0.317	0.317	0.303	0.291	0.298	0.347	0.317	0.288
0.32	0.32	0.32	0.32	0.303	0.288	0.3	0.344	0.32	0.288
0.322	0.322	0.322	0.322	0.305	0.291	0.3	0.344	0.32	0.283
0.32	0.32	0.32	0.32	0.305	0.295	0.298	0.347	0.317	0.283
0.315	0.315	0.315	0.315	0.305	0.295	0.295	0.349	0.317	0.283
0.317	0.317	0.317	0.317	0.303	0.295	0.298	0.352	0.317	0.286
0.317	0.317	0.317	0.317	0.303	0.295	0.3	0.349	0.32	0.288
0.32	0.32	0.32	0.32	0.303	0.291	0.3	0.344	0.322	0.286
0.32	0.32	0.32	0.32	0.305	0.293	0.298	0.342	0.322	0.286
0.317	0.317	0.317	0.317	0.305	0.298	0.295	0.344	0.32	0.283
0.315	0.315	0.315	0.315	0.308	0.3	0.295	0.347	0.317	0.283
0.315	0.315	0.315	0.315	0.305	0.3	0.295	0.347	0.32	0.286
0.317	0.317	0.317	0.317	0.303	0.295	0.298	0.347	0.322	0.288
0.32	0.32	0.32	0.32	0.303	0.293	0.3	0.337	0.325	0.288
0.322	0.322	0.322	0.322	0.305	0.293	0.3	0.337	0.322	0.283
0.322	0.322	0.322	0.322	0.308	0.295	0.298	0.342	0.322	0.283
0.322	0.322	0.322	0.322	0.305	0.295	0.295	0.344	0.32	0.283
0.322	0.322	0.322	0.322	0.303	0.295	0.295	0.342	0.317	0.286
0.325	0.325	0.325	0.325	0.3	0.288	0.298	0.342	0.32	0.288
0.325	0.325	0.325	0.325	0.3	0.291	0.298	0.339	0.322	0.288
0.322	0.322	0.322	0.322	0.303	0.291	0.298	0.339	0.325	0.286
0.315	0.315	0.315	0.315	0.305	0.295	0.295	0.339	0.322	0.283
0.315	0.315	0.315	0.315	0.303	0.295	0.293	0.344	0.32	0.298
0.315	0.315	0.315	0.315	0.3	0.298	0.291	0.344	0.317	0.303
0.317	0.317	0.317	0.317	0.3	0.293	0.295	0.344	0.32	0.298
0.322	0.322	0.322	0.322	0.3	0.295	0.298	0.344	0.325	0.312
0.32	0.32	0.32	0.32	0.303	0.295	0.298	0.344	0.325	0.427
0.32	0.32	0.32	0.32	0.303	0.298	0.295	0.344	0.322	0.518
0.315	0.315	0.315	0.315	0.305	0.3	0.293	0.347	0.32	0.718
0.315	0.315	0.315	0.315	0.3	0.295	0.295	0.349	0.317	0.801
0.322	0.322	0.322	0.322	0.298	0.293	0.295	0.347	0.32	0.845
0.325	0.325	0.325	0.325	0.3	0.293	0.298	0.344	0.322	0.891
0.322	0.322	0.322	0.322	0.3	0.298	0.298	0.344	0.322	0.928
0.32	0.32	0.32	0.32	0.303	0.298	0.295	0.347	0.322	0.957
0.32	0.32	0.32	0.32	0.303	0.298	0.293	0.349	0.32	0.945
0.322	0.322	0.322	0.322	0.3	0.298	0.295	0.347	0.32	1.011
0.325	0.325	0.325	0.325	0.3	0.295	0.298	0.349	0.322	1.123
0.325	0.325	0.325	0.325	0.3	0.293	0.298	0.344	0.322	1.165
0.322	0.322	0.322	0.322	0.3	0.295	0.298	0.344	0.322	1.182
0.322	0.322	0.322	0.322	0.3	0.298	0.295	0.347	0.317	1.199
0.322	0.322	0.322	0.322	0.3	0.3	0.293	0.349	0.317	1.206
0.322	0.322	0.322	0.322	0.298	0.3	0.293	0.347	0.317	1.221
0.325	0.325	0.325	0.325	0.298	0.295	0.295	0.347	0.32	1.238
0.327	0.327	0.327	0.327	0.3	0.295	0.295	0.344	0.322	1.27
0.325	0.325	0.325	0.325	0.3	0.298	0.295	0.339	0.322	1.289
0.322	0.322	0.322	0.322	0.3	0.298	0.293	0.344	0.322	1.279
0.317	0.317	0.317	0.317	0.3	0.3	0.293	0.347	0.317	1.265
0.322	0.322	0.322	0.322	0.298	0.298	0.293	0.349	0.32	1.257
0.322	0.322	0.322	0.322	0.295	0.298	0.295	0.347	0.317	1.25
0.325	0.325	0.325	0.325	0.295	0.295	0.298	0.344	0.32	1.233
0.325	0.325	0.325	0.325	0.3	0.298	0.298	0.342	0.322	1.208
0.322	0.322	0.322	0.322	0.303	0.3	0.293	0.344	0.32	1.184
0.322	0.322	0.322	0.322	0.3	0.3	0.293	0.347	0.32	1.15
0.32	0.32	0.32	0.32	0.298	0.298	0.295	0.349	0.32	1.106
0.325	0.325	0.325	0.325	0.293	0.298	0.295	0.349	0.32	1.047
0.327	0.327	0.327	0.327	0.295	0.298	0.3	0.344	0.322	0.964
0.327	0.327	0.327	0.327	0.298	0.3	0.298	0.344	0.325	0.84
0.325	0.325	0.325	0.325	0.298	0.3	0.295	0.344	0.325	0.74
0.325	0.325	0.325	0.325	0.298	0.3	0.295	0.349	0.32	0.708
0.325	0.325	0.325	0.325	0.298	0.298	0.295	0.352	0.32	0.715
0.327	0.327	0.327	0.327	0.295	0.298	0.298	0.344	0.317	0.645
0.33	0.33	0.33	0.33	0.298	0.293	0.298	0.337	0.322	0.625
0.327	0.327	0.327	0.327	0.3	0.295	0.298	0.342	0.322	0.591
0.325	0.325	0.325	0.325	0.303	0.298	0.295	0.342	0.32	0.554
0.322	0.322	0.322	0.322	0.3	0.298	0.293	0.342	0.317	0.483
0.322	0.322	0.322	0.322	0.3	0.295	0.295	0.347	0.317	0.457
0.325	0.325	0.325	0.325	0.298	0.293	0.298	0.344	0.317	0.459
0.327	0.327	0.327	0.327	0.298	0.293	0.3	0.344	0.322	0.403
0.327	0.327	0.327	0.327	0.3	0.295	0.298	0.347	0.322	0.325
0.322	0.322	0.322	0.322	0.303	0.298	0.298	0.342	0.32	0.291
0.322	0.322	0.322	0.322	0.3	0.298	0.293	0.347	0.317	0.288
0.32	0.32	0.32	0.32	0.3	0.295	0.295	0.347	0.317	0.288
0.325	0.325	0.325	0.325	0.3	0.293	0.295	0.349	0.317	0.288
0.33	0.33	0.33	0.33	0.3	0.293	0.298	0.344	0.32	0.288
0.33	0.33	0.33	0.33	0.303	0.295	0.298	0.344	0.325	0.286
0.325	0.325	0.325	0.325	0.303	0.298	0.298	0.347	0.322	0.286
0.322	0.322	0.322	0.322	0.305	0.298	0.295	0.349	0.322	0.281
0.325	0.325	0.325	0.325	0.3	0.298	0.298	0.349	0.322	0.288
0.327	0.327	0.327	0.327	0.298	0.293	0.3	0.347	0.322	0.293
0.325	0.325	0.325	0.325	0.298	0.293	0.303	0.347	0.325	0.286
0.325	0.325	0.325	0.325	0.3	0.295	0.303	0.347	0.327	0.283
0.325	0.325	0.325	0.325	0.303	0.295	0.3	0.347	0.327	0.283
0.325	0.325	0.325	0.325	0.303	0.298	0.298	0.349	0.32	0.283
0.325	0.325	0.325	0.325	0.298	0.291	0.3	0.352	0.322	0.288
0.327	0.327	0.327	0.327	0.298	0.291	0.303	0.347	0.322	0.288
0.327	0.327	0.327	0.327	0.3	0.288	0.303	0.347	0.325	0.286
0.325	0.325	0.325	0.325	0.303	0.295	0.303	0.344	0.322	0.283
0.322	0.322	0.322	0.322	0.305	0.295	0.3	0.354	0.322	0.283
0.322	0.322	0.322	0.322	0.303	0.298	0.295	0.349	0.32	0.283
0.322	0.322	0.322	0.322	0.3	0.295	0.298	0.349	0.317	0.286
0.325	0.325	0.325	0.325	0.298	0.291	0.3	0.349	0.32	0.288
0.327	0.327	0.327	0.327	0.3	0.288	0.303	0.347	0.322	0.293
0.327	0.327	0.327	0.327	0.3	0.291	0.303	0.347	0.322	0.283
0.325	0.325	0.325	0.325	0.303	0.293	0.298	0.347	0.322	0.281
0.325	0.325	0.325	0.325	0.303	0.293	0.298	0.352	0.317	0.283
0.325	0.325	0.325	0.325	0.298	0.291	0.295	0.349	0.317	0.286
0.327	0.327	0.327	0.327	0.298	0.288	0.298	0.349	0.32	0.288
0.332	0.332	0.332	0.332	0.3	0.288	0.3	0.344	0.322	0.288
0.33	0.33	0.33	0.33	0.303	0.286	0.3	0.347	0.322	0.283
0.327	0.327	0.327	0.327	0.303	0.288	0.298	0.349	0.32	0.283
0.325	0.325	0.325	0.325	0.303	0.291	0.295	0.352	0.317	0.283
0.327	0.327	0.327	0.327	0.298	0.288	0.295	0.352	0.315	0.291
0.327	0.327	0.327	0.327	0.3	0.288	0.298	0.347	0.317	0.288
0.33	0.33	0.33	0.33	0.3	0.288	0.298	0.344	0.32	0.286
0.33	0.33	0.33	0.33	0.303	0.291	0.298	0.342	0.322	0.286
0.327	0.327	0.327	0.327	0.303	0.293	0.295	0.344	0.322	0.281
0.325	0.325	0.325	0.325	0.305	0.293	0.295	0.347	0.317	0.283
0.325	0.325	0.325	0.325	0.303	0.291	0.293	0.349	0.32	0.286
0.327	0.327	0.327	0.327	0.298	0.288	0.298	0.347	0.32	0.288
0.33	0.33	0.33	0.33	0.303	0.288	0.298	0.347	0.322	0.288
0.33	0.33	0.33	0.33	0.303	0.291	0.298	0.347	0.322	0.286
0.325	0.325	0.325	0.325	0.305	0.291	0.295	0.349	0.32	0.283
0.325	0.325	0.325	0.325	0.305	0.291	0.293	0.352	0.317	0.283
0.322	0.322	0.322	0.322	0.303	0.288	0.295	0.354	0.317	0.288
0.327	0.327	0.327	0.327	0.298	0.288	0.298	0.349	0.32	0.288
0.332	0.332	0.332	0.332	0.305	0.288	0.3	0.347	0.325	0.286
0.332	0.332	0.332	0.332	0.303	0.291	0.3	0.349	0.327	0.286
0.33	0.33	0.33	0.33	0.305	0.293	0.298	0.352	0.322	0.283
0.33	0.33	0.33	0.33	0.305	0.288	0.295	0.352	0.32	0.286
0.33	0.33	0.33	0.33	0.303	0.288	0.295	0.354	0.32	0.286
0.332	0.332	0.332	0.332	0.298	0.288	0.298	0.352	0.317	0.288
0.332	0.332	0.332	0.332	0.3	0.286	0.3	0.349	0.322	0.288
0.33	0.33	0.33	0.33	0.305	0.288	0.3	0.347	0.322	0.286
0.33	0.33	0.33	0.33	0.308	0.293	0.298	0.352	0.322	0.283
0.325	0.325	0.325	0.325	0.303	0.291	0.293	0.354	0.317	0.286
0.325	0.325	0.325	0.325	0.303	0.291	0.293	0.356	0.322	0.288
0.327	0.327	0.327	0.327	0.3	0.288	0.295	0.354	0.325	0.288
0.33	0.33	0.33	0.33	0.303	0.288	0.298	0.352	0.327	0.288
0.33	0.33	0.33	0.33	0.305	0.291	0.298	0.352	0.347	0.286
0.327	0.327	0.327	0.327	0.308	0.293	0.298	0.359	0.344	0.283
0.325	0.325	0.325	0.325	0.303	0.293	0.295	0.354	0.403	0.288
0.327	0.327	0.327	0.327	0.3	0.295	0.295	0.354	0.498	0.288
0.327	0.327	0.327	0.327	0.3	0.291	0.298	0.352	0.703	0.291
0.33	0.33	0.33	0.33	0.303	0.293	0.3	0.349	0.85	0.288
0.327	0.327	0.327	0.327	0.303	0.293	0.3	0.347	0.898	0.286
0.325	0.325	0.325	0.325	0.305	0.298	0.298	0.347	0.947	0.281
0.322	0.322	0.322	0.322	0.305	0.298	0.295	0.352	1.067	0.283
0.322	0.322	0.322	0.322	0.303	0.295	0.295	0.354	1.25	0.288
0.325	0.325	0.325	0.325	0.3	0.293	0.298	0.349	1.628	0.288
0.325	0.325	0.325	0.325	0.303	0.293	0.3	0.347	1.951	0.286
0.325	0.325	0.325	0.325	0.305	0.293	0.3	0.347	2.332	0.283
0.322	0.322	0.322	0.322	0.305	0.295	0.298	0.347	2.646	0.283
0.322	0.322	0.322	0.322	0.305	0.295	0.295	0.352	2.82	0.286
0.322	0.322	0.322	0.322	0.3	0.293	0.295	0.354	2.996	0.286
0.322	0.322	0.322	0.322	0.3	0.291	0.298	0.352	3.137	0.288
0.327	0.327	0.327	0.327	0.305	0.288	0.298	0.349	3.206	0.286
0.325	0.325	0.325	0.325	0.305	0.293	0.298	0.349	3.242	0.283
0.327	0.327	0.327	0.327	0.308	0.293	0.295	0.349	3.247	0.281
0.325	0.325	0.325	0.325	0.305	0.295	0.295	0.349	3.252	0.283
0.325	0.325	0.325	0.325	0.303	0.293	0.295	0.356	3.25	0.286
0.327	0.327	0.327	0.327	0.303	0.293	0.293	0.349	3.232	0.291
0.332	0.332	0.332	0.332	0.308	0.293	0.298	0.347	3.193	0.286
0.327	0.327	0.327	0.327	0.308	0.298	0.298	0.347	3.13	0.283
0.322	0.322	0.322	0.322	0.308	0.295	0.295	0.349	3.032	0.283
0.322	0.322	0.322	0.322	0.305	0.298	0.291	0.352	2.842	0.283
0.32	0.32	0.32	0.32	0.303	0.293	0.293	0.352	2.646	0.286
0.325	0.325	0.325	0.325	0.315	0.288	0.293	0.349	2.507	0.288
0.325	0.325	0.325	0.325	0.31	0.288	0.295	0.347	2.407	0.286
0.325	0.325	0.325	0.325	0.31	0.291	0.295	0.347	2.271	0.283
0.322	0.322	0.322	0.322	0.371	0.295	0.293	0.349	2.075	0.283
0.322	0.322	0.322	0.322	0.549	0.295	0.291	0.349	1.855	0.3
0.325	0.325	0.325	0.325	0.549	0.293	0.293	0.349	1.626	0.349
0.327	0.327	0.327	0.327	0.603	0.291	0.298	0.352	1.399	0.366
0.33	0.33	0.33	0.33	0.659	0.291	0.298	0.347	1.13	0.356
0.33	0.33	0.33	0.33	0.723	0.293	0.298	0.347	0.957	0.349
0.325	0.325	0.325	0.325	0.747	0.295	0.295	0.349	0.918	0.518
0.322	0.322	0.322	0.322	0.784	0.303	0.293	0.352	0.864	1.062
0.325	0.325	0.325	0.325	0.864	0.303	0.295	0.352	0.808	1.689
0.325	0.325	0.325	0.325	0.901	0.3	0.298	0.352	0.811	1.841
0.33	0.33	0.33	0.33	0.984	0.3	0.3	0.349	0.784	1.931
0.332	0.332	0.332	0.332	1.123	0.305	0.3	0.347	0.791	1.96
0.327	0.327	0.327	0.327	1.218	0.308	0.295	0.349	0.764	2.051
0.325	0.325	0.325	0.325	1.245	0.31	0.293	0.349	0.635	2.185
0.325	0.325	0.325	0.325	1.274	0.305	0.295	0.352	0.471	2.297
0.33	0.33	0.33	0.33	1.301	0.303	0.298	0.347	0.361	2.488
0.332	0.332	0.332	0.332	1.321	0.305	0.298	0.347	0.342	2.654
0.327	0.327	0.327	0.327	1.353	0.305	0.298	0.344	0.344	2.734
0.327	0.327	0.327	0.327	1.367	0.327	0.295	0.347	0.332	2.8
0.325	0.325	0.325	0.325	1.365	0.31	0.295	0.349	0.327	2.832
0.325	0.325	0.325	0.325	1.357	0.31	0.295	0.349	0.322	2.905
0.327	0.327	0.327	0.327	1.343	0.308	0.298	0.349	0.322	2.93
0.327	0.327	0.327	0.327	1.343	0.305	0.3	0.349	0.325	2.942
0.33	0.33	0.33	0.33	1.343	0.308	0.298	0.349	0.325	2.937
0.33	0.33	0.33	0.33	1.333	0.31	0.295	0.352	0.322	2.937
0.325	0.325	0.325	0.325	1.309	0.31	0.293	0.354	0.32	2.927
0.325	0.325	0.325	0.325	1.284	0.308	0.295	0.354	0.32	2.925
0.327	0.327	0.327	0.327	1.265	0.305	0.298	0.352	0.322	2.92
0.33	0.33	0.33	0.33	1.248	0.305	0.295	0.347	0.325	2.932
0.327	0.327	0.327	0.327	1.177	0.308	0.295	0.347	0.325	2.917
0.349	0.349	0.349	0.349	1.104	0.31	0.295	0.349	0.322	2.859
0.457	0.457	0.457	0.457	1.008	0.312	0.291	0.352	0.322	2.659
1.028	1.028	1.028	1.028	0.95	0.308	0.293	0.352	0.32	2.402
1.753	1.753	1.753	1.753	0.798	0.308	0.295	0.349	0.325	2.124
1.936	1.936	1.936	1.936	0.74	0.305	0.295	0.347	0.325	1.931
2.002	2.002	2.002	2.002	0.706	0.305	0.293	0.347	0.325	1.741
2.104	2.104	2.104	2.104	0.713	0.31	0.293	0.349	0.325	1.582
2.378	2.378	2.378	2.378	0.674	0.308	0.291	0.352	0.322	1.333
2.769	2.769	2.769	2.769	0.605	0.308	0.293	0.352	0.32	1.006
3.171	3.171	3.171	3.171	0.571	0.303	0.295	0.347	0.322	0.872
3.625	3.625	3.625	3.625	0.532	0.303	0.298	0.347	0.325	0.82
3.889	3.889	3.889	3.889	0.5	0.305	0.298	0.344	0.325	0.784
3.972	3.972	3.972	3.972	0.498	0.308	0.293	0.347	0.322	0.767
4.045	4.045	4.045	4.045	0.398	0.305	0.293	0.349	0.322	0.735
4.158	4.158	4.158	4.158	0.337	0.303	0.295	0.349	0.32	0.708
4.146	4.146	4.146	4.146	0.31	0.303	0.298	0.349	0.322	0.715
4.092	4.092	4.092	4.092	0.303	0.303	0.3	0.347	0.327	0.657
3.989	3.989	3.989	3.989	0.303	0.303	0.298	0.344	0.327	0.491
3.862	3.862	3.862	3.862	0.305	0.308	0.293	0.349	0.327	0.415
3.459	3.459	3.459	3.459	0.303	0.305	0.293	0.352	0.322	0.339
3.027	3.027	3.027	3.027	0.3	0.312	0.293	0.352	0.322	0.327
2.642	2.642	2.642	2.642	0.3	0.33	0.295	0.352	0.325	0.327
2.378	2.378	2.378	2.378	0.3	0.322	0.298	0.347	0.327	0.352
2.119	2.119	2.119	2.119	0.305	0.32	0.295	0.349	0.327	0.339
1.76	1.76	1.76	1.76	0.305	0.347	0.295	0.352	0.322	0.317
1.465	1.465	1.465	1.465	0.305	0.466	0.293	0.354	0.322	0.315
1.172	1.172	1.172	1.172	0.3	0.564	0.295	0.354	0.325	0.317
0.911	0.911	0.911	0.911	0.298	0.679	0.298	0.352	0.322	0.317
0.84	0.84	0.84	0.84	0.3	0.789	0.298	0.347	0.325	0.322
0.759	0.759	0.759	0.759	0.303	0.898	0.298	0.349	0.325	0.32
0.715	0.715	0.715	0.715	0.305	0.967	0.295	0.352	0.322	0.317
0.669	0.669	0.669	0.669	0.3	1.021	0.291	0.354	0.317	0.32
0.63	0.63	0.63	0.63	0.3	1.084	0.293	0.354	0.322	0.325
0.591	0.591	0.591	0.591	0.3	1.128	0.295	0.349	0.32	0.327
0.557	0.557	0.557	0.557	0.303	1.123	0.298	0.349	0.322	0.327
0.527	0.527	0.527	0.527	0.305	1.15	0.298	0.352	0.322	0.322
0.417	0.417	0.417	0.417	0.308	1.189	0.295	0.349	0.322	0.322
0.334	0.334	0.334	0.334	0.305	1.252	0.291	0.352	0.322	0.325
0.3	0.3	0.3	0.3	0.3	1.287	0.293	0.354	0.317	0.327
0.298	0.298	0.298	0.298	0.303	1.294	0.295	0.352	0.322	0.327
0.305	0.305	0.305	0.305	0.303	1.301	0.298	0.349	0.325	0.325
0.312	0.312	0.312	0.312	0.305	1.338	0.295	0.349	0.327	0.327
0.322	0.322	0.322	0.322	0.303	1.392	0.293	0.352	0.325	0.325
0.322	0.322	0.322	0.322	0.305	1.409	0.325	0.354	0.322	0.327
0.325	0.325	0.325	0.325	0.3	1.394	0.349	0.354	0.32	0.33
0.325	0.325	0.325	0.325	0.298	1.384	0.557	0.354	0.325	0.33
0.327	0.327	0.327	0.327	0.303	1.389	0.825	0.352	0.325	0.327
0.325	0.325	0.325	0.325	0.303	1.384	0.92	0.352	0.325	0.327
0.32	0.32	0.32	0.32	0.308	1.377	0.923	0.352	0.322	0.337
0.305	0.305	0.305	0.305	0.305	1.36	0.923	0.354	0.32	0.327
0.305	0.305	0.305	0.305	0.305	1.365	0.977	0.356	0.32	0.33
0.305	0.305	0.305	0.305	0.305	1.333	1.045	0.354	0.32	0.332
0.303	0.303	0.303	0.303	0.308	1.284	1.077	0.352	0.325	0.33
0.308	0.308	0.308	0.308	0.31	1.213	1.165	0.352	0.322	0.325
0.303	0.303	0.303	0.303	0.308	1.121	1.294	0.354	0.322	0.325
0.3	0.3	0.3	0.3	0.31	1.038	1.431	0.356	0.32	0.327
0.3	0.3	0.3	0.3	0.305	0.916	1.545	0.356	0.32	0.33
0.303	0.303	0.303	0.303	0.308	0.845	1.604	0.352	0.32	0.33
0.303	0.303	0.303	0.303	0.308	0.825	1.66	0.347	0.322	0.327
0.303	0.303	0.303	0.303	0.31	0.764	1.692	0.344	0.322	0.325
0.3	0.3	0.3	0.3	0.31	0.703	1.721	0.349	0.32	0.325
0.298	0.298	0.298	0.298	0.308	0.62	1.768	0.352	0.317	0.325
0.298	0.298	0.298	0.298	0.305	0.508	1.809	0.352	0.317	0.33
0.303	0.303	0.303	0.303	0.305	0.498	1.836	0.352	0.32	0.327
0.303	0.303	0.303	0.303	0.308	0.5	1.848	0.349	0.322	0.327
0.303	0.303	0.303	0.303	0.31	0.4	1.846	0.352	0.325	0.327
0.3	0.3	0.3	0.3	0.31	0.356	1.843	0.352	0.322	0.322
0.3	0.3	0.3	0.3	0.31	0.347	1.836	0.354	0.322	0.327
0.3	0.3	0.3	0.3	0.308	0.352	1.821	0.354	0.322	0.327
0.305	0.305	0.305	0.305	0.308	0.354	1.816	0.352	0.322	0.33
0.308	0.308	0.308	0.308	0.305	0.352	1.792	0.349	0.325	0.33
0.308	0.308	0.308	0.308	0.308	0.344	1.711	0.349	0.325	0.327
0.303	0.303	0.303	0.303	0.31	0.312	1.548	0.349	0.322	0.327
0.3	0.3	0.3	0.3	0.31	0.3	1.355	0.354	0.322	0.327
0.298	0.298	0.298	0.298	0.305	0.3	1.106	0.354	0.317	0.33
0.303	0.303	0.303	0.303	0.303	0.298	0.879	0.352	0.317	0.33
0.303	0.303	0.303	0.303	0.305	0.3	0.793	0.352	0.32	0.327
0.303	0.303	0.303	0.303	0.305	0.303	0.718	0.371	0.322	0.327
0.3	0.3	0.3	0.3	0.305	0.303	0.676	0.376	0.32	0.325
0.298	0.298	0.298	0.298	0.303	0.305	0.669	0.474	0.317	0.325
0.298	0.298	0.298	0.298	0.3	0.303	0.669	0.659	0.31	0.327
0.303	0.303	0.303	0.303	0.3	0.3	0.62	0.933	0.322	0.33
0.305	0.305	0.305	0.305	0.303	0.3	0.559	1.028	0.322	0.327
0.305	0.305	0.305	0.305	0.303	0.3	0.491	1.108	0.322	0.322
0.303	0.303	0.303	0.303	0.303	0.303	0.349	1.265	0.322	0.325
0.3	0.3	0.3	0.3	0.303	0.3	0.305	1.575	0.317	0.325
0.3	0.3	0.3	0.3	0.298	0.298	0.298	1.968	0.315	0.327
0.303	0.303	0.303	0.303	0.3	0.298	0.298	2.339	0.322	0.327
0.308	0.308	0.308	0.308	0.3	0.298	0.298	2.729	0.322	0.327
0.305	0.305	0.305	0.305	0.303	0.298	0.293	3.003	0.322	0.325
0.3	0.3	0.3	0.3	0.303	0.298	0.291	3.22	0.32	0.322
0.298	0.298	0.298	0.298	0.303	0.3	0.293	3.416	0.32	0.322
0.303	0.303	0.303	0.303	0.3	0.298	0.293	3.533	0.32	0.327
0.3	0.3	0.3	0.3	0.298	0.298	0.295	3.569	0.339	0.33
0.305	0.305	0.305	0.305	0.298	0.298	0.298	3.56	0.408	0.327
0.305	0.305	0.305	0.305	0.303	0.298	0.295	3.506	0.415	0.325
0.3	0.3	0.3	0.3	0.303	0.3	0.293	3.479	0.623	0.325
0.3	0.3	0.3	0.3	0.303	0.3	0.293	3.411	0.815	0.327
0.3	0.3	0.3	0.3	0.3	0.298	0.293	3.352	1.621	0.327
0.305	0.305	0.305	0.305	0.3	0.298	0.298	3.271	1.899	0.327
0.308	0.308	0.308	0.308	0.3	0.295	0.298	3.057	1.941	0.327
0.305	0.305	0.305	0.305	0.303	0.298	0.298	2.771	1.98	0.325
0.305	0.305	0.305	0.305	0.305	0.3	0.295	2.544	2.087	0.322
0.305	0.305	0.305	0.305	0.305	0.3	0.295	2.327	2.317	0.325
0.303	0.303	0.303	0.303	0.303	0.3	0.295	2.007	2.546	0.327
0.308	0.308	0.308	0.308	0.3	0.298	0.295	1.692	2.808	0.327
0.308	0.308	0.308	0.308	0.3	0.295	0.298	1.462	2.937	0.327
0.305	0.305	0.305	0.305	0.303	0.298	0.298	1.152	2.976	0.322
0.305	0.305	0.305	0.305	0.303	0.298	0.295	0.994	3.02	0.322
0.305	0.305	0.305	0.305	0.303	0.298	0.293	0.95	3.02	0.322
0.305	0.305	0.305	0.305	0.303	0.298	0.293	0.884	3.01	0.325
0.308	0.308	0.308	0.308	0.3	0.298	0.295	0.845	3.008	0.325
0.308	0.308	0.308	0.308	0.3	0.295	0.298	0.815	3.03	0.322
0.308	0.308	0.308	0.308	0.305	0.298	0.298	0.806	3.03	0.32
0.305	0.305	0.305	0.305	0.305	0.3	0.295	0.762	3.022	0.32
0.303	0.303	0.303	0.303	0.303	0.3	0.293	0.701	3.064	0.322
0.303	0.303	0.303	0.303	0.3	0.298	0.298	0.613	3.105	0.322
0.308	0.308	0.308	0.308	0.295	0.298	0.298	0.581	3.125	0.325
0.305	0.305	0.305	0.305	0.3	0.295	0.298	0.442	3.135	0.322
0.305	0.305	0.305	0.305	0.303	0.295	0.295	0.376	3.11	0.32
0.303	0.303	0.303	0.303	0.305	0.3	0.291	0.376	3.066	0.322
0.3	0.3	0.3	0.3	0.303	0.298	0.293	0.369	2.974	0.322
0.3	0.3	0.3	0.3	0.3	0.298	0.293	0.356	2.827	0.322
0.305	0.305	0.305	0.305	0.3	0.293	0.295	0.352	2.627	0.325
0.308	0.308	0.308	0.308	0.298	0.295	0.298	0.349	2.41	0.325
0.308	0.308	0.308	0.308	0.3	0.298	0.295	0.349	2.095	0.322
0.305	0.305	0.305	0.305	0.303	0.303	0.291	0.347	1.917	0.32
0.308	0.308	0.308	0.308	0.3	0.303	0.291	0.349	1.663	0.317
0.305	0.305	0.305	0.305	0.3	0.3	0.293	0.349	1.455	0.322
0.308	0.308	0.308	0.308	0.298	0.298	0.293	0.349	1.145	0.325
0.31	0.31	0.31	0.31	0.298	0.3	0.3	0.344	0.996	0.322
0.31	0.31	0.31	0.31	0.305	0.303	0.298	0.344	0.886	0.322
0.308	0.308	0.308	0.308	0.305	0.303	0.298	0.347	0.842	0.305
0.303	0.303	0.303	0.303	0.303	0.303	0.295	0.349	0.811	0.322
0.305	0.305	0.305	0.305	0.3	0.3	0.295	0.349	0.754	0.327
0.31	0.31	0.31	0.31	0.3	0.3	0.298	0.347	0.659	0.327
0.312	0.312	0.312	0.312	0.3	0.3	0.298	0.347	0.615	0.325
0.308	0.308	0.308	0.308	0.305	0.3	0.298	0.344	0.483	0.322
0.305	0.305	0.305	0.305	0.305	0.303	0.295	0.347	0.388	0.32
0.305	0.305	0.305	0.305	0.303	0.305	0.293	0.347	0.332	0.32
0.303	0.303	0.303	0.303	0.3	0.303	0.295	0.344	0.325	0.325
0.308	0.308	0.308	0.308	0.3	0.3	0.3	0.344	0.347	0.327
0.312	0.312	0.312	0.312	0.3	0.298	0.3	0.347	0.334	0.322
0.31	0.31	0.31	0.31	0.303	0.3	0.298	0.344	0.32	0.32
0.305	0.305	0.305	0.305	0.305	0.303	0.295	0.347	0.308	0.32
0.305	0.305	0.305	0.305	0.303	0.305	0.295	0.349	0.308	0.317
0.305	0.305	0.305	0.305	0.303	0.303	0.295	0.349	0.305	0.322
0.308	0.308	0.308	0.308	0.3	0.298	0.3	0.347	0.305	0.325
0.308	0.308	0.308	0.308	0.3	0.298	0.303	0.347	0.31	0.325
0.305	0.305	0.305	0.305	0.305	0.303	0.303	0.349	0.312	0.32
0.305	0.305	0.305	0.305	0.305	0.303	0.298	0.352	0.31	0.317
0.3	0.3	0.3	0.3	0.303	0.303	0.295	0.352	0.31	0.322
0.303	0.303	0.303	0.303	0.3	0.3	0.3	0.354	0.312	0.322
0.305	0.305	0.305	0.305	0.3	0.3	0.303	0.349	0.315	0.325
0.308	0.308	0.308	0.308	0.303	0.3	0.303	0.347	0.32	0.322
0.308	0.308	0.308	0.308	0.305	0.303	0.303	0.347	0.32	0.32
0.308	0.308	0.308	0.308	0.312	0.303	0.3	0.349	0.317	0.32
0.305	0.305	0.305	0.305	0.471	0.305	0.298	0.352	0.315	0.322
0.303	0.303	0.303	0.303	0.676	0.305	0.3	0.352	0.312	0.325
0.308	0.308	0.308	0.308	1.479	0.3	0.303	0.349	0.315	0.325
0.308	0.308	0.308	0.308	1.75	0.3	0.303	0.349	0.32	0.322
0.317	0.317	0.317	0.317	1.812	0.303	0.303	0.347	0.32	0.32
0.386	0.386	0.386	0.386	1.838	0.305	0.3	0.349	0.315	0.322
1.299	1.299	1.299	1.299	1.841	0.305	0.3	0.349	0.312	0.32
2.815	2.815	2.815	2.815	1.836	0.303	0.3	0.352	0.312	0.325
2.976	2.976	2.976	2.976	1.943	0.3	0.303	0.349	0.315	0.322
2.942	2.942	2.942	2.942	2.148	0.3	0.303	0.347	0.315	0.325
2.961	2.961	2.961	2.961	2.239	0.3	0.303	0.347	0.32	0.325
3.022	3.022	3.022	3.022	2.258	0.303	0.3	0.349	0.315	0.322
3.057	3.057	3.057	3.057	2.283	0.308	0.3	0.352	0.315	0.322
3.081	3.081	3.081	3.081	2.292	0.364	0.3	0.352	0.315	0.327
3.132	3.132	3.132	3.132	2.29	0.361	0.3	0.349	0.315	0.327
3.149	3.149	3.149	3.149	2.297	0.518	0.303	0.344	0.32	0.325
3.162	3.162	3.162	3.162	2.314	0.813	0.303	0.347	0.317	0.32
3.162	3.162	3.162	3.162	2.317	1.541	0.3	0.347	0.317	0.32
3.152	3.152	3.152	3.152	2.29	1.714	0.298	0.349	0.315	0.322
3.154	3.154	3.154	3.154	2.285	1.694	0.298	0.352	0.315	0.322
3.223	3.223	3.223	3.223	2.273	1.692	0.298	0.347	0.317	0.322
3.24	3.24	3.24	3.24	2.256	1.685	0.303	0.347	0.322	0.322
3.257	3.257	3.257	3.257	2.207	1.716	0.3	0.347	0.322	0.334
3.23	3.23	3.23	3.23	2.095	1.794	0.298	0.349	0.32	0.354
3.167	3.167	3.167	3.167	1.953	1.978	0.298	0.352	0.32	0.334
3.057	3.057	3.057	3.057	1.833	2.153	0.298	0.349	0.317	0.327
2.849	2.849	2.849	2.849	1.694	2.249	0.3	0.347	0.322	0.403
2.29	2.29	2.29	2.29	1.47	2.285	0.303	0.347	0.325	0.542
1.912	1.912	1.912	1.912	1.267	2.292	0.3	0.347	0.322	0.872
1.523	1.523	1.523	1.523	1.001	2.31	0.3	0.347	0.32	1.65
1.216	1.216	1.216	1.216	0.845	2.292	0.298	0.347	0.32	1.575
0.991	0.991	0.991	0.991	0.808	2.292	0.298	0.344	0.32	1.587
0.815	0.815	0.815	0.815	0.825	2.28	0.3	0.364	0.32	1.738
0.684	0.684	0.684	0.684	0.835	2.263	0.298	0.371	0.322	1.917
0.747	0.747	0.747	0.747	0.725	2.271	0.295	0.613	0.325	2.039
0.767	0.767	0.767	0.767	0.63	2.278	0.293	1.106	0.322	2.141
0.725	0.725	0.725	0.725	0.559	2.28	0.293	1.738	0.32	2.356
0.615	0.615	0.615	0.615	0.493	2.29	0.295	1.873	0.322	2.451
0.449	0.449	0.449	0.449	0.471	2.295	0.295	1.909	0.325	2.546
0.356	0.356	0.356	0.356	0.369	2.292	0.295	2.012	0.327	2.715
0.325	0.325	0.325	0.325	0.334	2.28	0.295	2.251	0.327	2.91
0.32	0.32	0.32	0.32	0.298	2.275	0.295	2.527	0.322	3.083
0.32	0.32	0.32	0.32	0.283	2.266	0.291	2.798	0.32	3.149
0.312	0.312	0.312	0.312	0.286	2.251	0.293	3.069	0.32	3.213
0.312	0.312	0.312	0.312	0.305	2.229	0.295	3.279	0.322	3.228
0.312	0.312	0.312	0.312	0.286	2.073	0.298	3.423	0.327	3.206
0.315	0.315	0.315	0.315	0.281	1.914	0.295	3.545	0.327	3.191
0.31	0.31	0.31	0.31	0.293	1.794	0.293	3.677	0.322	3.203
0.308	0.308	0.308	0.308	0.293	1.58	0.293	3.696	0.317	3.188
0.308	0.308	0.308	0.308	0.291	1.289	0.291	3.687	0.322	3.145
0.31	0.31	0.31	0.31	0.288	0.967	0.293	3.704	0.325	3.115
0.312	0.312	0.312	0.312	0.293	0.83	0.295	3.728	0.327	3.14
0.312	0.312	0.312	0.312	0.295	0.789	0.295	3.743	0.327	3.113
0.31	0.31	0.31	0.31	0.295	0.762	0.291	3.757	0.325	2.991
0.308	0.308	0.308	0.308	0.298	0.71	0.291	3.782	0.322	2.861
0.308	0.308	0.308	0.308	0.295	0.669	0.291	3.787	0.322	2.737
0.312	0.312	0.312	0.312	0.293	0.62	0.3	3.799	0.325	2.593
0.32	0.32	0.32	0.32	0.291	0.576	0.447	3.794	0.327	2.371
0.315	0.315	0.315	0.315	0.298	0.437	2.334	3.794	0.33	2.2
0.312	0.312	0.312	0.312	0.3	0.339	3.171	3.782	0.327	1.931
0.31	0.31	0.31	0.31	0.298	0.32	2.935	3.796	0.322	1.702
0.31	0.31	0.31	0.31	0.293	0.288	2.9	3.809	0.322	1.448
0.315	0.315	0.315	0.315	0.291	0.291	2.971	3.799	0.322	1.287
0.315	0.315	0.315	0.315	0.293	0.288	3.071	3.782	0.325	1.15
0.315	0.315	0.315	0.315	0.293	0.281	3.364	3.757	0.327	1.05
0.315	0.315	0.315	0.315	0.295	0.281	3.84	3.728	0.325	0.925
0.312	0.312	0.312	0.312	0.295	0.278	4.126	3.682	0.322	0.686
0.315	0.315	0.315	0.315	0.293	0.276	4.307	3.611	0.322	0.569
0.315	0.315	0.315	0.315	0.295	0.276	4.424	3.325	0.322	0.474
0.315	0.315	0.315	0.315	0.295	0.276	4.507	2.842	0.325	0.425
0.317	0.317	0.317	0.317	0.3	0.276	4.575	2.375	0.327	0.4
0.315	0.315	0.315	0.315	0.3	0.276	4.602	1.98	0.325	0.396
0.312	0.312	0.312	0.312	0.3	0.278	4.631	1.641	0.322	0.42
0.312	0.312	0.312	0.312	0.293	0.276	4.656	1.409	0.322	0.43
0.317	0.317	0.317	0.317	0.293	0.278	4.661	1.196	0.325	0.386
0.32	0.32	0.32	0.32	0.295	0.278	4.622	0.999	0.325	0.371
0.317	0.317	0.317	0.317	0.295	0.278	4.492	0.903	0.325	0.361
0.315	0.315	0.315	0.315	0.298	0.281	4.238	0.835	0.322	0.359
0.312	0.312	0.312	0.312	0.3	0.281	3.918	0.747	0.325	0.361
0.312	0.312	0.312	0.312	0.295	0.278	3.433	0.559	0.322	0.352
0.312	0.312	0.312	0.312	0.295	0.278	2.815	0.417	0.325	0.332
0.312	0.312	0.312	0.312	0.295	0.276	2.312	0.352	0.325	0.325
0.315	0.315	0.315	0.315	0.298	0.278	1.963	0.4	0.325	0.325
0.315	0.315	0.315	0.315	0.298	0.281	1.628	0.361	0.325	0.322
0.312	0.312	0.312	0.312	0.295	0.281	1.406	0.344	0.322	0.325
0.312	0.312	0.312	0.312	0.293	0.278	1.26	0.344	0.32	0.327
0.315	0.315	0.315	0.315	0.288	0.278	1.106	0.342	0.322	0.327
0.32	0.32	0.32	0.32	0.291	0.278	0.994	0.342	0.322	0.327
0.317	0.317	0.317	0.317	0.295	0.278	0.959	0.339	0.325	0.322
0.312	0.312	0.312	0.312	0.298	0.278	0.889	0.339	0.322	0.322
0.312	0.312	0.312	0.312	0.295	0.281	0.903	0.344	0.32	0.325
0.312	0.312	0.312	0.312	0.293	0.278	0.889	0.347	0.32	0.322
0.315	0.315	0.315	0.315	0.293	0.276	0.874	0.342	0.322	0.325
0.317	0.317	0.317	0.317	0.293	0.278	0.815	0.344	0.322	0.322
0.315	0.315	0.315	0.315	0.295	0.281	0.701	0.344	0.325	0.322
0.315	0.315	0.315	0.315	0.295	0.283	0.671	0.344	0.322	0.322
0.312	0.312	0.312	0.312	0.293	0.281	0.62	0.344	0.32	0.322
0.312	0.312	0.312	0.312	0.291	0.281	0.527	0.347	0.317	0.325
0.315	0.315	0.315	0.315	0.288	0.276	0.439	0.344	0.322	0.327
0.317	0.317	0.317	0.317	0.291	0.278	0.374	0.344	0.327	0.327
0.32	0.32	0.32	0.32	0.293	0.281	0.349	0.349	0.325	0.322
0.315	0.315	0.315	0.315	0.293	0.283	0.349	0.354	0.322	0.322
0.315	0.315	0.315	0.315	0.293	0.283	0.366	0.356	0.32	0.322
0.315	0.315	0.315	0.315	0.291	0.281	0.403	0.352	0.349	0.322
0.317	0.317	0.317	0.317	0.293	0.278	0.383	0.352	0.469	0.322
0.32	0.32	0.32	0.32	0.293	0.278	0.376	0.344	0.498	0.325
0.317	0.317	0.317	0.317	0.295	0.278	0.352	0.347	0.601	0.322
0.315	0.315	0.315	0.315	0.295	0.283	0.334	0.349	0.735	0.322
0.312	0.312	0.312	0.312	0.295	0.283	0.325	0.352	0.92	0.322
0.312	0.312	0.312	0.312	0.293	0.281	0.325	0.354	1.379	0.325
0.315	0.315	0.315	0.315	0.295	0.276	0.334	0.349	1.511	0.327
0.317	0.317	0.317	0.317	0.298	0.276	0.334	0.349	1.509	0.325
0.317	0.317	0.317	0.317	0.3	0.278	0.332	0.354	1.697	0.32
0.312	0.312	0.312	0.312	0.298	0.281	0.325	0.356	1.941	0.32
0.31	0.31	0.31	0.31	0.298	0.278	0.325	0.359	2.114	0.325
0.31	0.31	0.31	0.31	0.293	0.281	0.327	0.359	2.41	0.325
0.315	0.315	0.315	0.315	0.295	0.276	0.332	0.356	2.832	0.33
0.317	0.317	0.317	0.317	0.295	0.276	0.337	0.354	3.213	0.327
0.315	0.315	0.315	0.315	0.293	0.278	0.332	0.354	3.518	0.325
0.312	0.312	0.312	0.312	0.295	0.283	0.337	0.354	3.718	0.322
0.312	0.312	0.312	0.312	0.293	0.283	0.337	0.359	3.867	0.325
0.315	0.315	0.315	0.315	0.291	0.281	0.334	0.354	3.96	0.327
0.317	0.317	0.317	0.317	0.293	0.276	0.33	0.356	3.955	0.33
0.315	0.315	0.315	0.315	0.293	0.276	0.327	0.356	3.938	0.327
0.315	0.315	0.315	0.315	0.298	0.278	0.332	0.359	3.916	0.322
0.312	0.312	0.312	0.312	0.298	0.278	0.327	0.356	3.882	0.327
0.31	0.31	0.31	0.31	0.3	0.278	0.322	0.359	3.882	0.327
0.315	0.315	0.315	0.315	0.295	0.276	0.327	0.356	3.884	0.33
0.315	0.315	0.315	0.315	0.295	0.276	0.33	0.356	3.892	0.327
0.312	0.312	0.312	0.312	0.295	0.276	0.332	0.354	3.872	0.327
0.312	0.312	0.312	0.312	0.295	0.276	0.332	0.352	3.857	0.322
0.31	0.31	0.31	0.31	0.298	0.281	0.327	0.356	3.862	0.322
0.305	0.305	0.305	0.305	0.295	0.283	0.327	0.359	3.86	0.332
0.308	0.308	0.308	0.308	0.293	0.278	0.332	0.361	3.85	0.376
0.31	0.31	0.31	0.31	0.293	0.276	0.337	0.356	3.823	0.371
0.312	0.312	0.312	0.312	0.295	0.276	0.339	0.356	3.813	0.461
0.312	0.312	0.312	0.312	0.298	0.278	0.337	0.356	3.84	0.579
0.312	0.312	0.312	0.312	0.3	0.281	0.332	0.359	3.821	1.418
0.31	0.31	0.31	0.31	0.3	0.281	0.332	0.361	3.757	1.775
0.312	0.312	0.312	0.312	0.295	0.281	0.337	0.359	3.604	1.863
0.312	0.312	0.312	0.312	0.295	0.278	0.339	0.359	3.437	1.904
0.378	0.378	0.378	0.378	0.33	0.276	0.339	0.356	3.132	1.995
0.583	0.583	0.583	0.583	0.388	0.278	0.339	0.356	2.651	2.151
2.397	2.397	2.397	2.397	0.359	0.283	0.339	0.356	2.224	2.302
3.184	3.184	3.184	3.184	0.386	0.281	0.339	0.359	1.897	2.485
2.437	2.437	2.437	2.437	0.576	0.281	0.337	0.359	1.636	2.632
2.246	2.246	2.246	2.246	1.387	0.278	0.337	0.356	1.313	2.754
2.434	2.434	2.434	2.434	2.085	0.281	0.339	0.354	1.084	2.864
2.656	2.656	2.656	2.656	2.061	0.281	0.337	0.356	0.937	2.913
3.013	3.013	3.013	3.013	2.002	0.281	0.332	0.359	0.737	2.981
3.364	3.364	3.364	3.364	1.965	0.281	0.334	0.359	0.588	3
3.486	3.486	3.486	3.486	1.941	0.295	0.337	0.361	0.505	2.991
3.733	3.733	3.733	3.733	1.919	0.305	0.342	0.356	0.417	2.981
3.882	3.882	3.882	3.882	2.061	0.322	0.342	0.354	0.366	2.998
3.923	3.923	3.923	3.923	2.271	0.461	0.342	0.352	0.327	2.998
3.796	3.796	3.796	3.796	2.344	0.793	0.334	0.356	0.334	2.986
3.757	3.757	3.757	3.757	2.336	1.414	0.332	0.359	0.325	2.983
3.804	3.804	3.804	3.804	2.363	1.602	0.332	0.359	0.325	2.988
3.818	3.818	3.818	3.818	2.449	1.621	0.334	0.356	0.339	2.971
3.818	3.818	3.818	3.818	2.559	1.707	0.337	0.354	0.342	2.974
3.782	3.782	3.782	3.782	2.637	1.873	0.339	0.356	0.347	2.976
3.625	3.625	3.625	3.625	2.678	2	0.332	0.356	0.344	2.961
3.45	3.45	3.45	3.45	2.7	2.185	0.327	0.361	0.342	2.952
3.274	3.274	3.274	3.274	2.668	2.368	0.322	0.361	0.344	2.939
2.869	2.869	2.869	2.869	2.654	2.61	0.327	0.359	0.339	2.935
2.393	2.393	2.393	2.393	2.642	2.815	0.33	0.356	0.334	2.935
2.107	2.107	2.107	2.107	2.598	2.888	0.322	0.354	0.332	2.903
1.797	1.797	1.797	1.797	2.588	2.925	0.332	0.356	0.33	2.817
1.458	1.458	1.458	1.458	2.578	2.983	0.332	0.361	0.327	2.542
1.174	1.174	1.174	1.174	2.568	2.993	0.332	0.393	0.327	2.119
0.989	0.989	0.989	0.989	2.566	2.998	0.334	0.391	0.33	1.77
0.857	0.857	0.857	0.857	2.544	3.069	0.334	0.452	0.332	1.462
0.73	0.73	0.73	0.73	2.529	3.093	0.332	0.776	0.332	1.128
0.61	0.61	0.61	0.61	2.52	3.127	0.33	1.694	0.327	0.847
0.498	0.498	0.498	0.498	2.495	3.127	0.33	2.051	0.325	0.776
0.42	0.42	0.42	0.42	2.456	3.132	0.327	1.98	0.327	0.752
0.403	0.403	0.403	0.403	2.241	3.147	0.334	2.092	0.327	0.671
0.4	0.4	0.4	0.4	1.982	3.14	0.337	2.302	0.332	0.625
0.403	0.403	0.403	0.403	1.741	3.132	0.334	2.417	0.332	0.569
0.398	0.398	0.398	0.398	1.47	3.137	0.33	2.573	0.327	0.54
0.403	0.403	0.403	0.403	1.257	3.127	0.327	2.815	0.327	0.474
0.403	0.403	0.403	0.403	1.096	3.086	0.33	2.986	0.327	0.408
0.388	0.388	0.388	0.388	0.908	3	0.334	3.052	0.33	0.4
0.374	0.374	0.374	0.374	0.767	2.878	0.337	3.167	0.332	0.403
0.352	0.352	0.352	0.352	0.583	2.747	0.342	3.206	0.33	0.366
0.334	0.334	0.334	0.334	0.603	2.659	0.334	3.218	0.327	0.342
0.332	0.332	0.332	0.332	0.532	2.456	0.337	3.223	0.327	0.337
0.334	0.334	0.334	0.334	0.481	2.119	0.337	3.242	0.325	0.332
0.337	0.337	0.337	0.337	0.464	1.865	0.337	3.257	0.33	0.334
0.337	0.337	0.337	0.337	0.442	1.714	0.339	3.257	0.332	0.33
0.334	0.334	0.334	0.334	0.41	1.575	0.337	3.274	0.332	0.325
0.332	0.332	0.332	0.332	0.398	1.423	0.334	3.223	0.327	0.325
0.33	0.33	0.33	0.33	0.393	1.228	0.332	3.21	0.327	0.325
0.334	0.334	0.334	0.334	0.403	1.006	0.334	3.186	0.327	0.33
0.334	0.334	0.334	0.334	0.378	0.786	0.344	3.152	0.33	0.327
0.334	0.334	0.334	0.334	0.361	0.632	0.349	3.135	0.33	0.327
0.334	0.334	0.334	0.334	0.356	0.588	0.347	3.125	0.33	0.325
0.334	0.334	0.334	0.334	0.356	0.549	0.342	3.11	0.33	0.327
0.334	0.334	0.334	0.334	0.354	0.496	0.342	3.081	0.325	0.327
0.334	0.334	0.334	0.334	0.352	0.444	0.339	3.003	0.325	0.332
0.339	0.339	0.339	0.339	0.349	0.427	0.347	2.876	0.327	0.332
0.337	0.337	0.337	0.337	0.354	0.42	0.349	2.737	0.33	0.33
0.339	0.339	0.339	0.339	0.352	0.413	0.349	2.593	0.33	0.356
0.334	0.334	0.334	0.334	0.359	0.405	0.344	2.417	0.327	0.374
0.334	0.334	0.334	0.334	0.359	0.408	0.417	2.166	0.325	0.381
0.334	0.334	0.334	0.334	0.354	0.403	0.479	1.978	0.325	0.386
0.342	0.342	0.342	0.342	0.349	0.361	0.754	1.765	0.327	0.383
0.342	0.342	0.342	0.342	0.349	0.339	1.76	1.599	0.332	0.366
0.344	0.344	0.344	0.344	0.349	0.339	2.317	1.404	0.354	0.359
0.334	0.334	0.334	0.334	0.352	0.339	2.378	1.233	0.378	0.356
0.337	0.337	0.337	0.337	0.349	0.337	2.471	1.069	0.391	0.364
0.334	0.334	0.334	0.334	0.347	0.33	2.881	0.872	0.525	0.386
0.334	0.334	0.334	0.334	0.344	0.33	3.21	0.676	1.052	0.398
0.339	0.339	0.339	0.339	0.344	0.327	3.569	0.508	1.814	0.413
0.342	0.342	0.342	0.342	0.349	0.33	3.914	0.488	1.965	0.415
0.339	0.339	0.339	0.339	0.352	0.337	4.29	0.439	2.014	0.41
0.334	0.334	0.334	0.334	0.349	0.339	4.59	0.381	2.141	0.405
0.334	0.334	0.334	0.334	0.349	0.33	4.819	0.359	2.356	0.396
0.342	0.342	0.342	0.342	0.349	0.32	4.961	0.361	2.534	0.408
0.339	0.339	0.339	0.339	0.352	0.325	5.208	0.366	2.683	0.422
0.339	0.339	0.339	0.339	0.354	0.33	5.327	0.369	2.834	0.432
0.334	0.334	0.334	0.334	0.354	0.337	5.364	0.378	2.991	0.439
0.332	0.332	0.332	0.332	0.352	0.332	5.388	0.366	3.037	0.452
0.334	0.334	0.334	0.334	0.347	0.322	5.427	0.32	3.118	0.452
0.337	0.337	0.337	0.337	0.342	0.305	5.444	0.293	3.254	0.454
0.337	0.337	0.337	0.337	0.344	0.293	5.437	0.288	3.311	0.457
0.339	0.339	0.339	0.339	0.339	0.293	5.43	0.295	3.325	0.459
0.334	0.334	0.334	0.334	0.332	0.295	5.422	0.295	3.311	0.474
0.33	0.33	0.33	0.33	0.332	0.298	5.347	0.278	3.274	0.459
0.327	0.327	0.327	0.327	0.334	0.293	5.181	0.266	3.242	0.54
0.33	0.33	0.33	0.33	0.339	0.293	4.846	0.264	3.218	0
0.332	0.332	0.332	0.332	0.339	0.291	4.448	0.261	3.237	0
0.33	0.33	0.33	0.33	0.339	0.291	4.106	0.261	3.286	0
0.33	0.33	0.33	0.33	0.334	0.293	3.862	0.264	3.306	0
0.332	0.332	0.332	0.332	0.334	0.295	3.538	0.259	3.308	0
0.334	0.334	0.334	0.334	0.334	0.293	3.154	0.259	3.315	0
0.334	0.334	0.334	0.334	0.332	0.293	2.81	0.254	3.318	0
0.337	0.337	0.337	0.337	0.334	0.295	2.434	0.256	3.289	0
0.337	0.337	0.337	0.337	0.334	0.298	2.122	0.259	3.264	0
0.332	0.332	0.332	0.332	0.334	0.3	1.797	0.264	3.247	0
0.332	0.332	0.332	0.332	0.337	0.295	1.411	0.278	3.25	0
0.332	0.332	0.332	0.332	0.332	0.295	1.045	0.286	3.24	0
0.332	0.332	0.332	0.332	0.332	0.291	0.872	0.283	3.247	0
0.337	0.337	0.337	0.337	0.337	0.291	0.735	0.281	3.232	0
0.337	0.337	0.337	0.337	0.339	0.293	0.664	0.291	3.215	0
0.332	0.332	0.332	0.332	0.344	0.295	0.601	0.303	3.179	0
0.332	0.332	0.332	0.332	0.344	0.298	0.52	0.305	3.113	0
0.332	0.332	0.332	0.332	0.342	0.298	0.505	0.303	2.976	0
0.337	0.337	0.337	0.337	0.342	0.298	0.488	0.303	2.7	0
0.339	0.339	0.339	0.339	0.339	0.298	0.442	0.303	2.439	0
0.337	0.337	0.337	0.337	0.342	0.3	0.432	0.308	2.036	0
0.332	0.332	0.332	0.332	0.339	0.303	0.41	0.31	1.792	0
0.332	0.332	0.332	0.332	0.339	0.303	0.374	0.315	1.58	0
0.334	0.334	0.334	0.334	0.334	0.298	0.352	0.315	1.396	0
0.339	0.339	0.339	0.339	0.33	0.293	0.349	0.31	1.213	0
0.342	0.342	0.342	0.342	0.342	0.293	0.354	0.308	0.908	0
0.342	0.342	0.342	0.342	0.374	0.293	0.349	0.305	0.818	0
0.339	0.339	0.339	0.339	0.391	0.312	0.347	0.31	0.842	0
0.337	0.337	0.337	0.337	0.393	0.364	0.349	0.312	0.784	0
0.339	0.339	0.339	0.339	0.447	0.356	0.352	0.312	0.718	0
0.342	0.342	0.342	0.342	0.586	0.481	0.354	0.305	0.642	0
0.396	0.396	0.396	0.396	1.355	0.808	0.356	0.305	0.435	0
0.591	0.591	0.591	0.591	2.114	1.75	0.352	0.308	0.388	0
4.658	4.658	4.658	4.658	2.244	2	0.344	0.305	0.369	0
4.395	4.395	4.395	4.395	2.244	2.08	0.344	0.31	0.334	0
3.118	3.118	3.118	3.118	2.244	2.166	0.327	0.31	0.327	0
3.025	3.025	3.025	3.025	2.253	2.424	0.325	0.31	0.327	0
3.445	3.445	3.445	3.445	2.271	2.654	0.33	0.308	0.33	0
3.682	3.682	3.682	3.682	2.339	2.903	0.327	0.31	0.327	0
4.077	4.077	4.077	4.077	2.468	3.062	0.327	0.312	0.325	0
4.358	4.358	4.358	4.358	2.544	3.254	0.327	0.315	0.322	0
4.587	4.587	4.587	4.587	2.59	3.337	0.327	0.312	0.322	0
4.834	4.834	4.834	4.834	2.615	3.396	0.33	0.308	0.325	0
4.978	4.978	4.978	4.978	2.629	3.469	0.334	0.308	0.332	0
5.063	5.063	5.063	5.063	2.642	3.589	0.332	0.308	0.347	0
5.134	5.134	5.134	5.134	2.639	3.669	0.327	0.31	0.354	0
5.134	5.134	5.134	5.134	2.639	3.684	0.327	0.305	0.374	0
5.125	5.125	5.125	5.125	2.656	3.755	0.325	0.305	0.381	0
5.115	5.115	5.115	5.115	2.659	3.813	0.327	0.303	0.378	0
5.061	5.061	5.061	5.061	2.644	3.911	0.281	0.3	0.386	0
4.988	4.988	4.988	4.988	2.632	3.936	0.237	0.303	0.386	0
4.873	4.873	4.873	4.873	2.644	3.931	0.225	0.305	0.386	0
4.724	4.724	4.724	4.724	2.642	3.962	0.22	0.308	0.371	0
4.26	4.26	4.26	4.26	2.627	4.026	0.222	0.308	0.366	0
3.806	3.806	3.806	3.806	2.625	4.055	0.225	0.305	0.354	0
3.374	3.374	3.374	3.374	2.61	4.043	0.225	0.374	0.349	0
2.739	2.739	2.739	2.739	2.578	4.026	0.227	0.432	0.349	0
2.283	2.283	2.283	2.283	2.422	4.038	0.222	0.701	0.347	0
1.704	1.704	1.704	1.704	2.168	4.053	0.22	1.907	0.342	0
1.279	1.279	1.279	1.279	1.89	3.994	0.22	2.292	0.344	0
0.874	0.874	0.874	0.874	1.687	3.906	0.222	2.253	0.344	0
0.771	0.771	0.771	0.771	1.509	3.752	0.225	2.341	0.344	0
0.669	0.669	0.669	0.669	1.104	3.42	0.225	2.59	0.342	0
0.547	0.547	0.547	0.547	0.903	3.02	0.222	2.864	0.339	0
0.483	0.483	0.483	0.483	0.93	2.688	0.22	3.162	0.349	0
0.398	0.398	0.398	0.398	0.947	2.334	0.222	3.464	0.359	0
0.371	0.371	0.371	0.371	0.896	2.036	0.225	3.706	0.374	0
0.361	0.361	0.361	0.361	0.796	1.689	0.222	3.884	0.391	0
0.337	0.337	0.337	0.337	0.723	1.426	0.41	4.058	0.403	0
0.271	0.271	0.271	0.271	0.693	1.155	0.537	4.211	0.413	0
0.273	0.273	0.273	0.273	0.657	0.918	0.725	4.258	0.41	0
0.288	0.288	0.288	0.288	0.554	0.75	1.86	4.294	0.396	0
0.293	0.293	0.293	0.293	0.518	0.654	2.354	4.29	0.422	0
0.295	0.295	0.295	0.295	0.466	0.608	2.253	4.28	0.442	0
0.3	0.3	0.3	0.3	0.444	0.557	2.4	4.255	0.457	0
0.298	0.298	0.298	0.298	0.403	0.53	2.71	4.231	0.464	0
0.298	0.298	0.298	0.298	0.334	0.452	2.881	4.211	0.464	0
0.298	0.298	0.298	0.298	0.312	0.408	3.193	4.229	0	0
0.3	0.3	0.3	0.3	0.295	0.393	3.657	4.204	0	0
0.3	0.3	0.3	0.3	0.295	0.393	3.997	4.197	0	0
0.3	0.3	0.3	0.3	0.308	0.4	4.246	4.207	0	0
0.298	0.298	0.298	0.298	0.312	0.403	4.443	4.175	0	0
0.295	0.295	0.295	0.295	0.312	0.396	4.578	4.182	0	0
0.295	0.295	0.295	0.295	0.308	0.339	4.648	4.155	0	0
0.298	0.298	0.298	0.298	0.305	0.322	4.746	3.967	0	0
0.298	0.298	0.298	0.298	0.308	0.312	4.8	3.718	0	0
0.298	0.298	0.298	0.298	0.31	0.312	4.836	3.552	0	0
0.298	0.298	0.298	0.298	0.312	0.303	4.846	3.303	0	0
0.295	0.295	0.295	0.295	0.308	0.298	4.849	2.922	0	0
0.298	0.298	0.298	0.298	0.308	0.295	4.844	2.644	0	0
0.3	0.3	0.3	0.3	0.305	0.298	4.819	2.458	0	0
0.3	0.3	0.3	0.3	0.308	0.3	4.783	2.183	0	0
0.295	0.295	0.295	0.295	0.31	0.305	4.578	1.841	0	0
0.295	0.295	0.295	0.295	0.308	0.305	4.377	1.509	0	0
0.293	0.293	0.293	0.293	0.312	0.308	4.209	1.282	0	0
0.295	0.295	0.295	0.295	0.31	0.308	3.953	1.064	0	0
0.3	0.3	0.3	0.3	0.31	0.305	3.711	0.771	0	0
0.303	0.303	0.303	0.303	0.312	0.303	3.35	0.696	0	0
0.303	0.303	0.303	0.303	0.315	0.295	2.991	0.657	0	0
0.3	0.3	0.3	0.3	0.317	0.298	2.627	0.615	0	0
0.3	0.3	0.3	0.3	0.317	0.293	2.358	0.557	0	0
0.303	0.303	0.303	0.303	0.31	0.293	2.039	0.469	0	0
0.305	0.305	0.305	0.305	0.308	0.288	1.638	0.378	0	0
0.305	0.305	0.305	0.305	0.31	0.291	1.213	0.347	0	0
0.308	0.308	0.308	0.308	0.312	0.295	0.933	0.361	0	0
0.303	0.303	0.303	0.303	0.315	0.298	0.833	0.332	0	0
0.295	0.295	0.295	0.295	0.31	0.298	0.74	0.322	0	0
0.364	0.364	0.364	0.364	0.308	0.298	0.623	0.322	0	0
0.408	0.408	0.408	0.408	0.31	0.295	0.527	0.312	0	0
0.471	0.471	0.471	0.471	0.381	0.295	0.461	0.312	0	0
0.466	0.466	0.466	0.466	0.376	0.295	0.427	0.315	0	0
0	0	0	0	0.371	0.298	0.386	0.32	0	0
0	0	0	0	0.366	0.3	0.41	0.32	0	0
0	0	0	0	0.366	0.303	0.386	0.312	0	0
0	0	0	0	0.366	0.298	0.337	0.308	0	0
0	0	0	0	0.371	0.298	0.327	0.308	0	0
0	0	0	0	0.374	0.298	0.32	0.308	0	0
0	0	0	0	0.374	0.303	0.315	0.308	0	0
0	0	0	0	0.381	0.305	0.312	0.305	0	0
0	0	0	0	0.383	0.303	0.315	0.305	0	0
0	0	0	0	0.396	0.3	0.317	0.303	0	0
0	0	0	0	0.393	0.3	0.32	0.305	0	0
0	0	0	0	0.403	0.3	0.317	0.308	0	0
0	0	0	0	0.415	0.305	0.317	0.31	0	0
0	0	0	0	0.417	0.31	0.32	0.31	0	0
0	0	0	0	0.417	0.308	0.322	0.308	0	0
0	0	0	0	0.41	0.312	0.322	0.308	0	0
0	0	0	0	0.403	0.327	0.322	0.305	0	0
0	0	0	0	0.417	0.337	0.325	0.305	0	0
0	0	0	0	0	0.344	0.322	0.31	0	0
0	0	0	0	0	0.347	0.317	0.312	0	0
0	0	0	0	0	0.359	0.32	0.312	0	0
0	0	0	0	0	0.369	0.32	0.31	0	0
0	0	0	0	0	0.383	0.317	0.31	0	0
0	0	0	0	0	0.4	0.32	0.31	0	0
0	0	0	0	0	0.417	0.317	0.312	0	0
0	0	0	0	0	0.41	0.317	0.315	0	0
0	0	0	0	0	0	0.317	0.315	0	0
0	0	0	0	0	0	0.317	0.312	0	0
0	0	0	0	0	0	0.32	0.312	0	0
0	0	0	0	0	0	0.325	0.315	0	0
0	0	0	0	0	0	0.303	0.315	0	0
0	0	0	0	0	0	0.317	0.317	0	0
0	0	0	0	0	0	0.322	0.317	0	0
0	0	0	0	0	0	0.32	0.327	0	0
0	0	0	0	0	0	0.33	0.339	0	0
0	0	0	0	0	0	0.327	0.334	0	0
0	0	0	0	0	0	0.322	0.366	0	0
0	0	0	0	0	0	0.322	0.393	0	0
0	0	0	0	0	0	0.327	0.398	0	0
0	0	0	0	0	0	0.332	0.4	0	0
0	0	0	0	0	0	0.334	0.391	0	0
0	0	0	0	0	0	0.334	0.388	0	0
0	0	0	0	0	0	0.332	0.391	0	0
0	0	0	0	0	0	0.347	0.449	0	0
0	0	0	0	0	0	0.374	0	0	0
0	0	0	0	0	0	0.386	0	0	0
0	0	0	0	0	0	0.396	0	0	0
0	0	0	0	0	0	0.4	0	0	0
0	0	0	0	0	0	0.444	0	0	0
0	0	0	0	0	0	0.774	0	0	0
