0.757	0.784	0.747	0.759	0.764	0.745	0.745	0.796	0.698	0.745
0.762	0.784	0.742	0.75	0.767	0.745	0.745	0.791	0.703	0.745
0.762	0.786	0.745	0.752	0.759	0.747	0.747	0.791	0.71	0.747
0.757	0.786	0.745	0.757	0.759	0.747	0.747	0.796	0.706	0.747
0.757	0.789	0.747	0.754	0.762	0.747	0.747	0.791	0.708	0.747
0.757	0.791	0.747	0.754	0.767	0.747	0.747	0.789	0.706	0.747
0.757	0.784	0.75	0.757	0.764	0.742	0.742	0.791	0.701	0.742
0.759	0.781	0.742	0.75	0.762	0.74	0.74	0.791	0.703	0.74
0.757	0.784	0.74	0.752	0.759	0.745	0.745	0.791	0.713	0.745
0.757	0.784	0.742	0.757	0.757	0.747	0.747	0.793	0.71	0.747
0.754	0.784	0.745	0.757	0.767	0.747	0.747	0.793	0.706	0.747
0.757	0.789	0.745	0.757	0.771	0.745	0.745	0.793	0.706	0.745
0.757	0.779	0.747	0.759	0.774	0.742	0.742	0.791	0.698	0.742
0.757	0.779	0.742	0.754	0.771	0.742	0.742	0.791	0.703	0.742
0.759	0.781	0.74	0.757	0.767	0.747	0.747	0.793	0.71	0.747
0.754	0.781	0.742	0.759	0.767	0.75	0.75	0.801	0.715	0.75
0.754	0.784	0.742	0.759	0.769	0.752	0.752	0.801	0.706	0.752
0.757	0.784	0.745	0.75	0.769	0.747	0.747	0.803	0.706	0.747
0.754	0.776	0.745	0.75	0.771	0.742	0.742	0.801	0.703	0.742
0.757	0.776	0.74	0.74	0.764	0.745	0.745	0.803	0.706	0.745
0.754	0.779	0.737	0.74	0.762	0.747	0.747	0.806	0.708	0.747
0.769	0.784	0.74	0.747	0.762	0.75	0.75	0.808	0.713	0.75
0.962	0.789	0.745	0.752	0.762	0.754	0.754	0.808	0.71	0.754
1.24	0.781	0.75	0.803	0.762	0.745	0.745	0.811	0.708	0.745
1.313	0.779	0.745	1.511	0.767	0.742	0.742	0.806	0.708	0.742
1.323	0.83	0.742	2.192	0.759	0.745	0.745	0.806	0.713	0.745
1.326	1.003	0.74	1.882	0.759	0.745	0.745	0.803	0.715	0.745
1.328	1.292	0.762	1.733	0.823	0.747	0.747	0.806	0.718	0.747
1.331	1.492	0.923	2.229	1.416	0.754	0.754	0.889	0.715	0.754
1.34	1.594	1.218	2.656	1.926	0.747	0.747	1.274	0.708	0.747
1.338	1.633	1.321	2.864	2.134	0.745	0.745	1.506	0.708	0.745
1.296	1.66	1.389	2.764	2.258	0.813	0.813	1.328	0.776	0.813
1.223	1.682	1.453	2.48	2.339	1.526	1.526	1.201	1.284	1.526
1.123	1.711	1.545	2.146	2.373	1.763	1.763	1.167	1.997	1.763
1.021	1.726	1.609	1.809	2.385	1.511	1.511	1.37	2.087	1.511
0.935	1.724	1.653	1.526	2.38	1.272	1.272	1.541	2.126	1.272
0.874	1.714	1.66	1.252	2.329	1.235	1.235	1.577	2.183	1.235
0.83	1.682	1.626	1.077	2.18	1.697	1.697	1.487	2.341	1.697
0.803	1.599	1.501	0.964	1.956	1.934	1.934	1.345	2.512	1.934
0.786	1.431	1.36	0.896	1.702	1.882	1.882	1.201	2.644	1.882
0.779	1.262	1.24	0.825	1.438	1.726	1.726	1.106	2.681	1.726
0.769	1.108	1.086	0.789	1.226	1.458	1.458	1.06	2.537	1.458
0.767	1.013	0.994	0.754	1.084	1.304	1.304	0.991	2.183	1.304
0.767	0.972	0.93	0.732	0.962	1.184	1.184	0.92	1.719	1.184
0.764	0.916	0.859	0.718	0.889	1.101	1.101	0.884	1.396	1.101
0.762	0.867	0.823	0.708	0.842	1.016	1.016	0.857	1.199	1.016
0.764	0.837	0.801	0.703	0.813	0.962	0.962	0.837	1.035	0.962
0.762	0.811	0.786	0.703	0.798	0.886	0.886	0.828	0.916	0.886
0.764	0.796	0.767	0.693	0.786	0.833	0.833	0.811	0.835	0.833
0.764	0.789	0.754	0.691	0.771	0.801	0.801	0.806	0.793	0.801
0.767	0.786	0.75	0.693	0.767	0.786	0.786	0.801	0.767	0.786
0.762	0.789	0.75	0.696	0.762	0.781	0.781	0.801	0.747	0.781
0.759	0.786	0.752	0.698	0.759	0.764	0.764	0.801	0.732	0.764
0.757	0.781	0.752	0.701	0.759	0.754	0.754	0.803	0.718	0.754
0.759	0.776	0.745	0.693	0.757	0.747	0.747	0.798	0.708	0.747
0.762	0.776	0.74	0.688	0.754	0.745	0.745	0.798	0.713	0.745
0.762	0.779	0.735	0.691	0.75	0.747	0.747	0.796	0.713	0.747
0.764	0.784	0.74	0.696	0.752	0.752	0.752	0.801	0.715	0.752
0.779	0.784	0.745	0.698	0.757	0.747	0.747	0.801	0.71	0.747
0.779	0.779	0.745	0.789	0.769	0.742	0.742	0.801	0.708	0.742
0.825	0.779	0.742	0.901	0.781	0.74	0.74	0.798	0.708	0.74
0.923	0.774	0.737	0.964	0.903	0.742	0.742	0.803	0.708	0.742
1.05	0.779	0.737	0.996	1.228	0.745	0.745	0.798	0.71	0.745
1.145	0.781	0.74	1.018	1.482	0.752	0.752	0.801	0.713	0.752
1.221	0.781	0.747	1.062	1.631	0.745	0.745	0.803	0.715	0.745
1.267	0.781	0.745	1.138	1.726	0.742	0.742	0.806	0.725	0.742
1.338	0.776	0.742	1.223	1.868	0.74	0.74	0.806	0.789	0.74
1.406	0.774	0.74	1.292	2.024	0.74	0.74	0.808	0.84	0.74
1.475	0.779	0.74	1.35	2.134	0.742	0.742	0.808	1.035	0.742
1.526	0.789	0.74	1.414	2.222	0.752	0.752	0.811	1.165	0.752
1.567	0.786	0.747	1.477	2.285	0.781	0.781	0.813	1.199	0.781
1.606	0.784	0.742	1.521	2.351	0.933	0.933	0.808	1.206	0.933
1.628	0.784	0.74	1.553	2.41	1.111	1.111	0.803	1.208	1.111
1.643	0.776	0.737	1.56	2.441	1.238	1.238	0.803	1.208	1.238
1.65	0.784	0.737	1.558	2.454	1.311	1.311	0.803	1.208	1.311
1.658	0.789	0.74	1.553	2.456	1.357	1.357	0.801	1.216	1.357
1.646	0.786	0.75	1.558	2.415	1.379	1.379	0.801	1.211	1.379
1.606	0.789	0.745	1.58	2.361	1.404	1.404	0.798	1.213	1.404
1.575	0.85	0.74	1.56	2.3	1.399	1.399	0.798	1.216	1.399
1.533	0.986	0.742	1.528	2.163	1.387	1.387	0.798	1.221	1.387
1.484	1.172	0.737	1.472	1.948	1.357	1.357	0.793	1.238	1.357
1.414	1.26	0.854	1.382	1.726	1.333	1.333	0.798	1.248	1.333
1.299	1.306	0.972	1.265	1.592	1.318	1.318	0.803	1.257	1.318
1.211	1.399	1.038	1.143	1.416	1.277	1.277	0.803	1.257	1.277
1.162	1.621	1.069	1.055	1.226	1.248	1.248	0.798	1.255	1.248
1.123	1.841	1.099	0.969	1.133	1.223	1.223	0.798	1.248	1.223
1.104	2.051	1.121	0.923	1.099	1.211	1.211	0.796	1.233	1.211
1.099	2.202	1.191	0.881	1.084	1.204	1.204	0.798	1.187	1.204
1.099	2.295	1.304	0.845	1.084	1.194	1.194	0.798	1.162	1.194
1.062	2.361	1.37	0.825	1.057	1.187	1.187	0.798	1.152	1.187
0.991	2.407	1.411	0.806	0.984	1.174	1.174	0.791	1.118	1.174
0.908	2.346	1.436	0.781	0.903	1.16	1.16	0.791	1.045	1.16
0.862	2.219	1.47	0.754	0.845	1.157	1.157	0.791	0.989	1.157
0.813	2.051	1.494	0.735	0.813	1.165	1.165	0.791	0.95	1.165
0.789	1.868	1.519	0.718	0.798	1.16	1.16	0.793	0.881	1.16
0.779	1.758	1.523	0.703	0.779	1.147	1.147	0.793	0.815	1.147
0.771	1.658	1.519	0.688	0.771	1.113	1.113	0.798	0.779	1.113
0.771	1.55	1.487	0.681	0.764	1.074	1.074	0.793	0.793	1.074
0.771	1.426	1.477	0.679	0.757	1.03	1.03	0.789	0.803	1.03
0.762	1.272	1.448	0.72	0.786	1.006	1.006	0.793	0.776	1.006
0.759	1.116	1.418	1.062	1.47	0.986	0.986	0.793	0.752	0.986
0.759	1.021	1.331	1.277	1.875	0.962	0.962	0.793	0.732	0.962
0.762	0.969	1.196	1.155	1.741	0.928	0.928	0.798	0.718	0.928
0.764	0.994	1.125	1.067	1.692	0.879	0.879	0.789	0.715	0.879
0.767	1.033	1.062	1.064	1.904	0.828	0.828	0.791	0.715	0.828
0.759	1.013	1.006	1.13	2.048	0.789	0.789	0.791	0.708	0.789
0.754	0.984	0.977	1.135	2.136	0.767	0.767	0.793	0.708	0.767
0.757	0.95	0.95	1.113	2.058	0.781	0.781	0.796	0.706	0.781
0.759	0.925	0.886	1.067	1.885	0.798	0.798	0.798	0.701	0.798
0.759	0.898	0.837	0.981	1.714	0.769	0.769	0.791	0.698	0.769
0.764	0.859	0.798	0.894	1.562	0.757	0.757	0.793	0.703	0.757
0.757	0.83	0.786	0.872	1.436	0.75	0.75	0.798	0.703	0.75
0.754	0.813	0.771	0.828	1.252	0.742	0.742	0.798	0.698	0.742
0.754	0.798	0.767	0.776	1.108	0.737	0.737	0.798	0.703	0.737
0.759	0.786	0.754	0.737	1.055	0.73	0.73	0.798	0.696	0.73
0.762	0.784	0.747	0.713	0.967	0.728	0.728	0.789	0.703	0.728
0.767	0.789	0.745	0.698	0.903	0.73	0.73	0.784	0.706	0.73
0.762	0.786	0.752	0.698	0.852	0.762	0.762	0.786	0.708	0.762
0.759	0.784	0.75	0.693	0.823	1.03	1.03	0.784	0.706	1.03
0.757	0.781	0.75	0.688	0.803	1.074	1.074	0.784	0.706	1.074
0.762	0.879	0.745	0.681	0.786	1.033	1.033	0.781	0.698	1.033
0.764	2.004	0.742	0.674	0.776	0.996	0.996	0.774	0.698	0.996
0.764	2.019	0.745	0.679	0.767	0.974	0.974	0.776	0.698	0.974
0.796	1.897	0.75	0.684	0.767	0.981	0.981	0.779	0.701	0.981
1.167	1.96	0.789	0.681	0.764	0.989	0.989	0.781	0.698	0.989
1.475	2.073	1.138	0.681	0.764	0.986	0.986	0.781	0.693	0.986
1.335	2.205	1.672	0.674	0.764	0.979	0.979	0.779	0.691	0.979
1.228	2.283	1.726	0.674	0.759	0.911	0.911	0.776	0.691	0.911
1.169	2.29	1.738	0.676	0.757	0.847	0.847	0.776	0.696	0.847
1.145	2.239	1.768	0.684	0.762	0.85	0.85	0.757	0.701	0.85
1.145	2.087	1.785	0.686	0.759	0.808	0.808	0.793	0.706	0.808
1.152	1.851	1.77	0.684	0.771	0.776	0.776	0.791	0.701	0.776
1.147	1.658	1.721	0.676	0.764	0.759	0.759	0.791	0.703	0.759
1.057	1.45	1.685	0.676	0.759	0.752	0.752	0.784	0.706	0.752
0.979	1.257	1.575	0.681	0.759	0.745	0.745	0.784	0.708	0.745
0.937	1.133	1.387	0.681	0.769	0.745	0.745	0.786	0.708	0.745
0.906	1.006	1.211	0.684	0.769	0.735	0.735	0.786	0.708	0.735
0.852	0.913	1.04	0.681	0.769	0.74	0.74	0.789	0.703	0.74
0.818	0.852	0.957	0.676	0.767	0.74	0.74	0.786	0.701	0.74
0.801	0.82	0.881	0.671	0.764	0.745	0.745	0.786	0.703	0.745
0.786	0.798	0.83	0.679	0.764	0.745	0.745	0.789	0.703	0.745
0.771	0.791	0.798	0.681	0.769	0.747	0.747	0.789	0.708	0.747
0.762	0.781	0.781	0.684	0.769	0.742	0.742	0.793	0.706	0.742
0.762	0.771	0.769	0.681	0.771	0.737	0.737	0.798	0.698	0.737
0.762	0.767	0.757	0.676	0.764	0.737	0.737	0.786	0.696	0.737
0.762	0.769	0.75	0.676	0.764	0.74	0.74	0.869	0.703	0.74
0.759	0.769	0.75	0.681	0.764	0.74	0.74	0.933	1.426	0.74
0.757	0.769	0.747	0.679	0.767	0.737	0.737	1.138	2.117	0.737
0.757	0.769	0.75	0.681	0.764	0.73	0.73	1.267	1.785	0.73
0.757	0.767	0.75	0.679	0.771	0.728	0.728	1.367	1.499	0.728
0.762	0.764	0.745	0.674	0.764	0.723	0.723	1.448	1.418	0.723
0.764	0.769	0.74	0.671	0.762	0.725	0.725	1.602	1.536	0.725
0.762	0.767	0.747	0.679	0.762	0.728	0.728	1.729	1.599	0.728
0.759	0.774	0.742	0.676	0.764	0.732	0.732	1.833	1.531	0.732
0.754	0.774	0.747	0.674	0.767	0.73	0.73	1.882	1.399	0.73
0.762	0.769	0.747	0.671	0.767	0.725	0.725	1.943	1.26	0.725
0.762	0.767	0.745	0.667	0.764	0.725	0.725	1.99	1.111	0.725
0.764	0.769	0.745	0.674	0.764	0.725	0.725	2.017	0.979	0.725
0.762	0.767	0.745	0.674	0.764	0.73	0.73	2.039	0.884	0.73
0.759	0.771	0.745	0.676	0.762	0.735	0.735	2.041	0.82	0.735
0.759	0.769	0.747	0.679	0.767	0.73	0.73	1.997	0.786	0.73
0.762	0.767	0.747	0.679	0.764	0.728	0.728	1.943	0.759	0.728
0.764	0.764	0.745	0.674	0.764	0.725	0.725	1.902	0.737	0.725
0.762	0.762	0.742	0.671	0.762	0.723	0.723	1.851	0.728	0.723
0.757	0.767	0.742	0.676	0.764	0.73	0.73	1.829	0.725	0.73
0.754	0.767	0.742	0.681	0.762	0.735	0.735	1.833	0.728	0.735
0.752	0.769	0.747	0.679	0.762	0.735	0.735	1.807	0.72	0.735
0.757	0.764	0.745	0.676	0.764	0.73	0.73	1.702	0.72	0.73
0.764	0.764	0.742	0.671	0.767	0.728	0.728	1.602	0.713	0.728
0.762	0.764	0.742	0.681	0.764	0.725	0.725	1.499	0.713	0.725
0.764	0.767	0.74	0.767	0.771	0.73	0.73	1.409	0.718	0.73
0.757	0.769	0.74	0.815	0.764	0.732	0.732	1.252	0.723	0.732
0.757	0.767	0.745	0.896	0.769	0.728	0.728	1.125	0.718	0.728
0.762	0.762	0.742	1.301	0.767	0.73	0.73	1.028	0.713	0.73
0.767	0.764	0.74	1.755	0.767	0.73	0.73	0.969	0.71	0.73
0.764	0.759	0.74	2.141	0.764	0.73	0.73	0.947	0.715	0.73
0.762	0.764	0.735	2.507	0.767	0.732	0.732	0.952	0.718	0.732
0.757	0.771	0.737	2.883	0.767	0.73	0.73	0.937	0.725	0.73
0.754	0.767	0.742	3.164	0.769	0.732	0.732	0.933	0.718	0.732
0.754	0.764	0.742	3.347	0.771	0.728	0.728	0.898	0.713	0.728
0.764	0.767	0.737	3.472	0.769	0.728	0.728	0.852	0.708	0.728
0.764	0.759	0.74	3.572	0.769	0.725	0.725	0.82	0.708	0.725
0.767	0.762	0.735	3.628	0.769	0.73	0.73	0.801	0.715	0.73
0.757	0.767	0.74	3.652	0.769	0.732	0.732	0.793	0.72	0.732
0.757	0.764	0.742	3.638	0.774	0.73	0.73	0.793	0.715	0.73
0.754	0.764	0.74	3.633	0.774	0.728	0.728	0.786	0.713	0.728
0.762	0.764	0.737	3.599	0.779	0.723	0.723	0.779	0.706	0.723
0.762	0.759	0.74	3.545	0.774	0.725	0.725	0.774	0.713	0.725
0.762	0.762	0.735	3.335	0.771	0.847	0.847	0.774	0.718	0.847
0.754	0.764	0.737	3.152	0.771	1.15	1.15	0.776	0.72	1.15
0.752	0.762	0.742	2.947	0.776	1.423	1.423	0.781	0.71	1.423
0.75	0.759	0.745	2.749	0.781	1.487	1.487	0.776	0.706	1.487
0.759	0.759	0.742	2.649	0.781	1.509	1.509	0.774	0.703	1.509
0.762	0.754	0.742	2.593	0.776	1.533	1.533	0.771	0.706	1.533
0.757	0.757	0.737	2.415	0.774	1.541	1.541	0.769	0.715	1.541
0.754	0.757	0.742	2.205	0.774	1.541	1.541	0.771	0.715	1.541
0.754	0.759	0.742	1.931	0.776	1.533	1.533	0.769	0.713	1.533
0.759	0.757	0.752	1.68	0.779	1.531	1.531	0.769	0.71	1.531
0.759	0.754	0.789	1.443	0.774	1.526	1.526	0.767	0.706	1.526
0.762	0.754	0.813	1.233	0.774	1.514	1.514	0.767	0.71	1.514
0.762	0.757	0.842	1.101	0.762	1.484	1.484	0.769	0.715	1.484
0.757	0.759	1.223	0.984	0.767	1.484	1.484	0.774	0.715	1.484
0.762	0.762	1.716	0.898	0.769	1.499	1.499	0.774	0.713	1.499
0.764	0.762	2.151	0.815	0.769	1.509	1.509	0.776	0.706	1.509
0.759	0.757	2.395	0.769	0.769	1.521	1.521	0.933	0.703	1.521
0.762	0.752	2.573	0.737	0.769	1.523	1.523	1.272	0.706	1.523
0.762	0.759	2.715	0.723	0.762	1.536	1.536	1.211	0.713	1.536
0.757	0.762	2.9	0.715	0.762	1.509	1.509	1.182	0.708	1.509
0.757	0.767	3.123	0.706	0.764	1.458	1.458	1.204	0.706	1.458
0.764	0.764	3.274	0.696	0.762	1.431	1.431	1.348	0.698	1.431
0.762	0.759	3.381	0.688	0.764	1.414	1.414	1.506	0.696	1.414
0.759	0.754	3.472	0.681	0.767	1.37	1.37	1.45	0.701	1.37
0.757	0.757	3.542	0.679	0.762	1.321	1.321	1.345	0.71	1.321
0.757	0.762	3.569	0.679	0.764	1.282	1.282	1.211	0.715	1.282
0.757	0.764	3.579	0.679	0.769	1.189	1.189	1.035	0.71	1.189
0.759	0.767	3.54	0.674	0.771	1.06	1.06	0.991	0.706	1.06
0.759	0.759	3.457	0.676	0.769	0.994	0.994	0.889	0.703	0.994
0.762	0.757	3.264	0.669	0.767	0.952	0.952	0.825	0.706	0.952
0.759	0.762	3.04	0.669	0.759	0.918	0.918	0.789	0.713	0.918
0.757	0.762	2.888	0.674	0.759	0.85	0.85	0.771	0.708	0.85
0.757	0.759	2.769	0.676	0.764	0.806	0.806	0.754	0.71	0.806
0.759	0.762	2.627	0.676	0.771	0.774	0.774	0.762	0.703	0.774
0.759	0.757	2.493	0.676	0.771	0.754	0.754	0.764	0.698	0.754
0.762	0.757	2.341	0.669	0.767	0.745	0.745	0.764	0.701	0.745
0.762	0.759	2.153	0.671	0.764	0.742	0.742	0.764	0.703	0.742
0.757	0.764	1.982	0.674	0.767	0.742	0.742	0.779	0.698	0.742
0.754	0.764	1.711	0.676	0.771	0.74	0.74	0.781	0.703	0.74
0.752	0.764	1.477	0.674	0.776	0.735	0.735	0.784	0.703	0.735
0.762	0.759	1.274	0.671	0.779	0.728	0.728	0.779	0.708	0.728
0.762	0.757	1.143	0.671	0.771	0.73	0.73	0.784	0.713	0.73
0.762	0.762	1.069	0.669	0.771	0.73	0.73	0.789	0.72	0.73
0.759	0.762	0.962	0.674	0.771	0.732	0.732	0.796	0.72	0.732
0.764	0.762	0.891	0.674	0.776	0.735	0.735	0.798	0.718	0.735
0.759	0.759	0.842	0.671	0.779	0.728	0.728	0.803	0.715	0.728
0.762	0.754	0.815	0.669	0.811	0.725	0.725	0.801	0.71	0.725
0.759	0.769	0.793	0.669	0.823	0.728	0.728	0.796	0.72	0.728
0.759	0.806	0.779	0.669	0.811	0.73	0.73	0.803	0.723	0.73
0.757	0.857	0.771	0.669	0.859	0.735	0.735	0.806	0.725	0.735
0.762	0.925	0.767	0.674	1.15	0.737	0.737	0.808	0.725	0.737
0.757	0.94	0.767	0.674	1.455	0.747	0.747	0.808	0.72	0.747
0.759	0.977	0.762	0.669	1.514	0.732	0.732	0.801	0.72	0.732
0.759	1.243	0.754	0.667	1.543	0.735	0.735	0.796	0.725	0.735
0.759	1.541	0.752	0.671	1.611	0.737	0.737	0.798	0.725	0.737
0.757	1.719	0.752	0.676	1.675	0.74	0.74	0.793	0.723	0.74
0.762	1.79	0.754	0.681	1.75	0.742	0.742	0.796	0.725	0.742
0.757	1.799	0.757	0.684	1.907	0.737	0.737	0.789	0.72	0.737
0.762	1.816	0.75	0.676	2.048	0.737	0.737	0.786	0.718	0.737
0.762	1.855	0.745	0.674	2.126	0.737	0.737	0.784	0.725	0.737
0.762	1.992	0.745	0.676	2.178	0.74	0.74	0.789	0.723	0.74
0.762	2.178	0.747	0.679	2.229	0.742	0.742	0.786	0.723	0.742
0.762	2.305	0.75	0.681	2.278	0.745	0.745	0.789	0.718	0.745
0.762	2.38	0.754	0.684	2.317	0.74	0.74	0.789	0.708	0.74
0.762	2.427	0.75	0.674	2.336	0.74	0.74	0.784	0.708	0.74
0.762	2.456	0.745	0.676	2.334	0.74	0.74	0.779	0.718	0.74
0.762	2.505	0.745	0.676	2.3	0.745	0.745	0.784	0.784	0.745
0.759	2.537	0.745	0.679	2.273	0.747	0.747	0.779	0.859	0.747
0.757	2.561	0.75	0.679	2.266	0.742	0.742	0.781	0.959	0.742
0.759	2.561	0.754	0.681	2.214	0.74	0.74	0.784	1.306	0.74
0.757	2.568	0.747	0.674	2.104	0.735	0.735	0.779	1.614	0.735
0.759	2.551	0.742	0.669	1.934	0.735	0.735	0.776	1.882	0.735
0.759	2.466	0.742	0.676	1.799	0.742	0.742	0.781	2.1	0.742
0.759	2.344	0.742	0.679	1.609	0.75	0.75	0.786	2.224	0.75
0.754	2.263	0.747	0.679	1.487	0.747	0.747	0.789	2.278	0.747
0.757	2.19	0.75	0.681	1.316	0.742	0.742	0.786	2.31	0.742
0.762	2.092	0.745	0.674	1.177	0.752	0.752	0.786	2.324	0.752
0.767	1.948	0.74	0.671	1.082	0.762	0.762	0.784	2.368	0.762
0.762	1.763	0.737	0.671	1.011	0.92	0.92	0.786	2.395	0.92
0.762	1.597	0.745	0.674	0.92	1.35	1.35	0.789	2.415	1.35
0.757	1.428	0.75	0.676	0.879	1.616	1.616	0.791	2.422	1.616
0.759	1.262	0.747	0.676	0.881	1.704	1.704	0.789	2.437	1.704
0.762	1.108	0.747	0.669	0.876	1.753	1.753	0.786	2.451	1.753
0.762	1.042	0.745	0.669	0.837	1.782	1.782	0.789	2.441	1.782
0.764	0.996	0.74	0.669	0.837	1.772	1.772	0.789	2.405	1.772
0.764	0.969	0.745	0.671	0.823	1.755	1.755	0.791	2.354	1.755
0.759	0.894	0.752	0.676	0.808	1.633	1.633	0.796	2.297	1.633
0.762	0.845	0.747	0.671	0.801	1.462	1.462	0.811	2.261	1.462
0.762	0.815	0.745	0.669	0.789	1.296	1.296	0.847	2.19	1.296
0.764	0.818	0.742	0.669	0.779	1.184	1.184	0.881	2.09	1.184
0.764	0.823	0.742	0.669	0.774	1.052	1.052	0.911	1.953	1.052
0.764	0.815	0.747	0.671	0.774	0.957	0.957	0.947	1.819	0.957
0.759	0.789	0.754	0.676	0.776	0.881	0.881	1.001	1.65	0.881
0.759	0.781	0.75	0.671	0.781	0.828	0.828	1.316	1.521	0.828
0.764	0.771	0.747	0.671	0.776	0.801	0.801	1.677	1.399	0.801
0.764	0.769	0.745	0.664	0.771	0.781	0.781	1.851	1.257	0.781
0.764	0.774	0.745	0.669	0.769	0.774	0.774	1.953	1.116	0.774
0.764	0.779	0.747	0.671	0.769	0.769	0.769	1.963	1.025	0.769
0.759	0.771	0.754	0.679	0.771	0.762	0.762	1.946	0.95	0.762
0.759	0.769	0.75	0.671	0.774	0.757	0.757	1.951	0.891	0.757
0.762	0.764	0.747	0.667	0.774	0.752	0.752	2.014	0.869	0.752
0.767	0.759	0.742	0.664	0.771	0.75	0.75	2.114	0.808	0.75
0.764	0.767	0.742	0.667	0.767	0.754	0.754	2.202	0.774	0.754
0.762	0.774	0.745	0.669	0.774	0.754	0.754	2.275	0.754	0.754
0.757	0.769	0.752	0.676	0.779	0.752	0.752	2.336	0.759	0.752
0.759	0.764	0.75	0.674	0.779	0.747	0.747	2.361	0.769	0.747
0.774	0.762	0.747	0.669	0.776	0.737	0.737	2.373	0.774	0.737
0.784	0.767	0.745	0.667	0.769	0.745	0.745	2.378	0.75	0.745
0.771	0.764	0.745	0.669	0.767	0.75	0.75	2.368	0.735	0.75
0.767	0.771	0.75	0.674	0.769	0.747	0.747	2.332	0.72	0.747
0.762	0.767	0.754	0.679	0.779	0.747	0.747	2.29	0.713	0.747
0.767	0.767	0.752	0.674	0.776	0.742	0.742	2.214	0.703	0.742
0.769	0.757	0.754	0.671	0.774	0.74	0.74	2.024	0.706	0.74
0.767	0.762	0.745	0.667	0.774	0.742	0.742	1.794	0.701	0.742
0.767	0.767	0.745	0.669	0.769	0.752	0.752	1.594	0.703	0.752
0.759	0.769	0.747	0.676	0.769	0.752	0.752	1.389	0.706	0.752
0.757	0.769	0.752	0.676	0.779	0.747	0.747	1.233	0.703	0.747
0.759	0.764	0.75	0.674	0.779	0.742	0.742	1.152	0.701	0.742
0.764	0.762	0.747	0.671	0.771	0.74	0.74	1.118	0.701	0.74
0.762	0.759	0.742	0.669	0.771	0.742	0.742	1.091	0.703	0.742
0.771	0.764	0.745	0.671	0.767	0.75	0.75	1.052	0.708	0.75
0.759	0.762	0.75	0.679	0.767	0.747	0.747	0.967	0.703	0.747
0.757	0.759	0.752	0.679	0.776	0.745	0.745	0.911	0.703	0.745
0.759	0.754	0.757	0.676	0.771	0.742	0.742	0.874	0.701	0.742
0.762	0.752	0.862	0.674	0.769	0.74	0.74	0.85	0.696	0.74
0.764	0.754	2.046	0.667	0.762	0.74	0.74	0.83	0.696	0.74
0.764	0.762	2.605	0.676	0.764	0.747	0.747	0.82	0.701	0.747
0.759	0.759	2.485	0.681	0.759	0.745	0.745	0.818	0.701	0.745
0.759	0.759	2.417	0.679	0.764	0.74	0.74	0.811	0.701	0.74
0.759	0.757	2.585	0.676	0.762	0.737	0.737	0.811	0.701	0.737
0.754	0.752	3.074	0.674	0.759	0.737	0.737	0.808	0.691	0.737
0.759	0.752	3.242	0.674	0.757	0.737	0.737	0.801	0.693	0.737
0.764	0.762	2.971	0.676	0.754	0.742	0.742	0.798	0.696	0.742
0.759	0.762	2.622	0.684	0.754	0.745	0.745	0.803	0.708	0.745
0.754	0.759	2.271	0.679	0.759	0.742	0.742	0.806	0.71	0.742
0.754	0.759	1.934	0.674	0.759	0.737	0.737	0.806	0.713	0.737
0.759	0.754	1.631	0.674	0.757	0.737	0.737	0.806	0.708	0.737
0.762	0.754	1.379	0.671	0.754	0.742	0.742	0.798	0.71	0.742
0.762	0.764	1.191	0.676	0.752	0.745	0.745	0.798	0.71	0.745
0.759	0.762	1.05	0.684	0.757	0.745	0.745	0.803	0.713	0.745
0.757	0.759	0.937	0.676	0.759	0.745	0.745	0.803	0.713	0.745
0.757	0.757	0.867	0.676	0.762	0.74	0.74	0.803	0.713	0.74
0.762	0.752	0.823	0.674	0.762	0.737	0.737	0.806	0.708	0.737
0.762	0.75	0.793	0.671	0.83	0.742	0.742	0.803	0.71	0.742
0.762	0.754	0.776	0.676	2.454	0.742	0.742	0.806	0.715	0.742
0.757	0.754	0.771	0.684	3.87	0.745	0.745	0.808	0.715	0.745
0.754	0.752	0.764	0.681	3.486	0.742	0.742	0.811	0.715	0.742
0.757	0.75	0.759	0.681	3.455	0.74	0.74	0.808	0.71	0.74
0.762	0.747	0.752	0.676	3.894	0.735	0.735	0.806	0.71	0.735
0.771	0.752	0.747	0.696	4.441	0.742	0.742	0.798	0.71	0.742
0.764	0.754	0.75	0.708	4.663	0.742	0.742	0.796	0.71	0.742
0.759	0.759	0.75	0.723	4.558	0.745	0.745	0.803	0.715	0.745
0.754	0.762	0.752	0.72	4.133	0.742	0.742	0.806	0.715	0.742
0.759	0.752	0.754	0.706	3.574	0.737	0.737	0.806	0.708	0.737
0.764	0.75	0.747	0.691	3	0.737	0.737	0.803	0.706	0.737
0.774	0.754	0.745	0.686	2.437	0.742	0.742	0.801	0.706	0.742
0.774	0.754	0.742	0.688	2.017	0.742	0.742	0.801	0.703	0.742
0.771	0.757	0.75	0.686	1.66	0.742	0.742	0.801	0.706	0.742
0.771	0.752	0.752	0.686	1.343	0.74	0.74	0.808	0.706	0.74
0.784	0.752	0.75	0.684	1.113	0.737	0.737	0.806	0.701	0.737
0.789	0.75	0.747	0.679	0.962	0.737	0.737	0.801	0.701	0.737
0.796	0.754	0.745	0.679	0.859	0.742	0.742	0.798	0.701	0.742
0.786	0.752	0.747	0.686	0.803	0.742	0.742	0.801	0.706	0.742
0.784	0.757	0.747	0.684	0.774	0.742	0.742	0.808	0.708	0.742
0.776	0.754	0.75	0.684	0.752	0.742	0.742	0.813	0.713	0.742
0.869	0.752	0.747	0.684	0.74	0.737	0.737	0.818	0.701	0.737
1.238	0.754	0.747	0.679	0.728	0.74	0.74	0.811	0.696	0.74
1.484	0.757	0.742	0.679	0.723	0.742	0.742	0.808	0.696	0.742
1.709	0.754	0.747	0.686	0.72	0.742	0.742	0.825	0.698	0.742
1.877	0.754	0.747	0.684	0.72	0.745	0.745	1.069	0.698	0.745
1.97	0.752	0.75	0.686	0.72	0.735	0.735	2.432	0.698	0.735
2.039	0.75	0.75	0.684	0.728	0.74	0.74	2.908	0.686	0.74
2.107	0.745	0.745	0.679	0.723	0.784	0.784	2.881	0.686	0.784
2.173	0.754	0.742	0.679	0.718	0.84	0.84	2.961	0.691	0.84
2.229	0.752	0.747	0.684	0.715	1.091	1.091	3.271	0.691	1.091
2.268	0.754	0.747	0.686	0.713	2.424	2.424	3.442	0.693	2.424
2.288	0.754	0.75	0.691	0.715	3.049	3.049	3.218	0.691	3.049
2.319	0.752	0.75	0.681	0.725	3.179	3.179	2.744	0.688	3.179
2.356	0.752	0.747	0.676	0.723	3.362	3.362	2.285	0.686	3.362
2.395	0.754	0.745	0.679	0.735	3.635	3.635	1.948	0.686	3.635
2.385	0.757	0.747	0.681	0.769	3.918	3.918	1.638	0.686	3.918
2.361	0.759	0.745	0.684	0.789	4.053	4.053	1.372	0.686	4.053
2.327	0.759	0.75	0.686	0.784	4.089	4.089	1.174	0.688	4.089
2.317	0.752	0.75	0.679	0.789	4.011	4.011	1.038	0.684	4.011
2.249	0.757	0.745	0.676	0.784	3.816	3.816	0.945	0.681	3.816
2.029	0.752	0.745	0.676	0.779	3.538	3.538	0.889	0.681	3.538
1.76	0.757	0.745	0.679	0.779	3.186	3.186	0.859	0.686	3.186
1.523	0.759	0.747	0.681	0.776	2.749	2.749	0.842	0.693	2.749
1.323	0.754	0.747	0.684	0.779	2.366	2.366	0.83	0.693	2.366
1.179	0.754	0.747	0.679	0.779	2.056	2.056	0.82	0.688	2.056
1.047	0.754	0.745	0.676	0.779	1.726	1.726	0.815	0.686	1.726
0.937	0.75	0.742	0.679	0.774	1.472	1.472	0.811	0.681	1.472
0.874	0.757	0.745	0.679	0.774	1.287	1.287	0.808	0.686	1.287
0.837	0.759	0.742	0.684	0.769	1.128	1.128	0.811	0.688	1.128
0.811	0.754	0.75	0.684	0.779	1.021	1.021	0.815	0.688	1.021
0.801	0.752	0.745	0.679	0.781	0.918	0.918	0.808	0.688	0.918
0.803	0.754	0.745	0.676	0.781	0.83	0.83	0.803	0.681	0.83
0.789	0.75	0.747	0.681	0.779	0.825	0.825	0.798	0.681	0.825
0.781	0.757	0.742	0.679	0.781	0.842	0.842	0.798	0.686	0.842
0.771	0.759	0.745	0.684	0.784	0.796	0.796	0.801	0.691	0.796
0.767	0.759	0.759	0.681	0.789	0.73	0.73	0.808	0.691	0.73
0.764	0.869	0.769	0.681	0.789	0.686	0.686	0.801	0.686	0.686
0.767	1.216	0.776	0.676	0.786	0.662	0.662	0.798	0.684	0.662
0.762	1.709	0.784	0.681	0.784	0.647	0.647	0.793	0.686	0.647
0.762	1.914	0.791	0.676	0.779	0.642	0.642	0.793	0.688	0.642
0.757	2.031	0.793	0.679	0.779	0.635	0.635	0.801	0.693	0.635
0.757	2.148	0.798	0.679	0.774	0.627	0.627	0.808	0.686	0.627
0.757	2.266	0.801	0.674	0.764	0.62	0.62	0.801	0.684	0.62
0.764	2.332	0.801	0.671	0.745	0.618	0.618	0.801	0.679	0.618
0.764	2.361	0.801	0.669	0.735	0.62	0.62	0.796	0.684	0.62
0.762	2.378	0.798	0.669	0.728	0.623	0.623	0.796	0.691	0.623
0.759	2.327	0.803	0.676	0.725	0.625	0.625	0.798	0.691	0.625
0.757	2.087	0.806	0.676	0.725	0.623	0.623	0.803	0.691	0.623
0.759	1.838	0.806	0.671	0.723	0.623	0.623	0.798	0.691	0.623
0.762	1.631	0.806	0.671	0.728	0.62	0.62	0.796	0.688	0.62
0.762	1.428	0.798	0.674	0.728	0.62	0.62	0.796	0.691	0.62
0.762	1.248	0.796	0.676	0.725	0.623	0.623	0.796	0.698	0.623
0.757	1.099	0.793	0.676	0.725	0.623	0.623	0.796	0.701	0.623
0.757	0.986	0.779	0.679	0.73	0.623	0.623	0.796	0.701	0.623
0.764	0.908	0.767	0.676	0.73	0.623	0.623	0.796	0.698	0.623
0.764	0.85	0.759	0.674	0.73	0.618	0.618	0.791	0.696	0.618
0.769	0.811	0.752	0.669	0.732	0.62	0.62	0.789	0.698	0.62
0.759	0.796	0.745	0.676	0.723	0.623	0.623	0.791	0.708	0.623
0.757	0.781	0.75	0.679	0.725	0.625	0.625	0.796	0.706	0.625
0.759	0.774	0.752	0.681	0.728	0.625	0.625	0.801	0.701	0.625
0.764	0.769	0.752	0.679	0.728	0.627	0.627	0.798	0.696	0.627
0.762	0.762	0.747	0.679	0.728	0.62	0.62	0.793	0.688	0.62
0.764	0.757	0.742	0.676	0.725	0.623	0.623	0.791	0.691	0.623
0.767	0.759	0.742	0.681	0.72	0.625	0.625	0.796	0.698	0.625
0.759	0.759	0.747	0.684	0.723	0.627	0.627	0.803	0.698	0.627
0.754	0.762	0.75	0.681	0.723	0.625	0.625	0.801	0.688	0.625
0.762	0.764	0.75	0.681	0.725	0.625	0.625	0.798	0.691	0.625
0.759	0.754	0.747	0.681	0.728	0.623	0.623	0.798	0.688	0.623
0.764	0.769	0.742	0.674	0.728	0.627	0.627	0.791	0.693	0.627
0.759	0.784	0.789	0.674	0.723	0.627	0.627	0.793	0.698	0.627
0.754	0.801	0.896	0.676	0.725	0.63	0.63	0.798	0.696	0.63
0.754	0.808	1.077	0.679	0.73	0.63	0.63	0.796	0.693	0.63
0.757	0.813	1.309	0.676	0.73	0.627	0.627	0.793	0.688	0.627
0.759	0.806	1.562	0.679	0.73	0.627	0.627	0.789	0.686	0.627
0.762	0.798	1.753	0.671	0.725	0.63	0.63	0.786	0.698	0.63
0.759	0.789	1.882	0.676	0.723	0.632	0.632	0.793	0.857	0.632
0.754	0.779	2.046	0.676	0.723	0.637	0.637	0.796	2.141	0.637
0.754	0.771	2.148	0.679	0.728	0.632	0.632	0.793	2.4	0.632
0.759	0.769	2.187	0.676	0.73	0.63	0.63	0.796	2.192	0.63
0.762	0.762	2.163	0.676	0.728	0.63	0.63	0.793	2.1	0.63
0.764	0.759	2.043	0.671	0.723	0.63	0.63	0.793	2.129	0.63
0.762	0.759	1.863	0.674	0.723	0.632	0.632	0.798	2.234	0.632
0.759	0.762	1.631	0.676	0.725	0.635	0.635	0.803	2.273	0.635
0.762	0.759	1.487	0.676	0.73	0.635	0.635	0.803	2.29	0.635
0.759	0.757	1.311	0.674	0.73	0.625	0.625	0.803	2.195	0.625
0.764	0.754	1.13	0.674	0.735	0.623	0.623	0.801	1.929	0.623
0.771	0.754	1.018	0.669	0.728	0.625	0.625	0.798	1.646	0.625
0.759	0.757	0.92	0.671	0.73	0.625	0.625	0.798	1.487	0.625
0.759	0.759	0.859	0.671	0.732	0.63	0.63	0.796	1.309	0.63
0.759	0.762	0.82	0.671	0.732	0.63	0.63	0.793	1.162	0.63
0.759	0.757	0.801	0.671	0.732	0.62	0.62	0.793	0.994	0.62
0.759	0.754	0.784	0.676	0.732	0.618	0.618	0.791	0.884	0.618
0.764	0.754	0.771	0.767	0.725	0.623	0.623	0.786	0.84	0.623
0.762	0.754	0.767	1.477	0.723	0.623	0.623	0.791	0.813	0.623
0.759	0.757	0.764	2.505	0.72	0.623	0.623	0.791	0.771	0.623
0.767	0.762	0.764	2.383	0.723	0.623	0.623	0.793	0.74	0.623
0.759	0.754	0.764	2.266	0.723	0.615	0.615	0.93	0.713	0.615
0.762	0.75	0.757	2.483	0.725	0.61	0.61	1.13	0.698	0.61
0.764	0.752	0.757	2.996	0.718	0.615	0.615	1.382	0.701	0.615
0.762	0.754	0.757	3.306	0.715	0.618	0.618	1.558	0.693	0.618
0.759	0.754	0.759	3.418	0.718	0.62	0.62	1.646	0.691	0.62
0.762	0.762	0.764	3.213	0.72	0.623	0.623	1.719	0.688	0.623
0.759	0.752	0.764	2.805	0.723	0.618	0.618	1.775	0.688	0.618
0.762	0.75	0.762	2.341	0.725	0.618	0.618	1.882	0.684	0.618
0.762	0.752	0.757	2.004	0.72	0.623	0.623	2.078	0.691	0.623
0.762	0.752	0.759	1.76	0.718	0.625	0.625	2.322	0.696	0.625
0.762	0.754	0.762	1.526	0.72	0.63	0.63	2.463	0.696	0.63
0.762	0.757	0.769	1.343	0.723	0.627	0.627	2.539	0.696	0.627
0.762	0.75	0.774	1.165	0.723	0.635	0.635	2.551	0.688	0.635
0.762	0.747	0.764	1.052	0.725	0.64	0.64	2.48	0.686	0.64
0.764	0.75	0.759	0.994	0.723	0.667	0.667	2.388	0.688	0.667
0.759	0.754	0.759	0.933	0.72	0.796	0.796	2.219	0.688	0.796
0.759	0.754	0.762	0.894	0.718	0.923	0.923	2.043	0.691	0.923
0.759	0.757	0.762	0.872	0.723	0.896	0.896	1.892	0.686	0.896
0.759	0.752	0.767	0.857	0.728	0.876	0.876	1.729	0.684	0.876
0.762	0.75	0.762	0.84	0.728	0.911	0.911	1.575	0.686	0.911
0.762	0.75	0.762	0.83	0.725	0.972	0.972	1.36	0.688	0.972
0.759	0.752	0.762	0.828	0.725	0.989	0.989	1.189	0.684	0.989
0.759	0.754	0.764	0.825	0.728	0.981	0.981	1.091	0.686	0.981
0.757	0.757	0.769	0.825	0.73	0.925	0.925	1.042	0.686	0.925
0.757	0.754	0.771	0.823	0.737	0.889	0.889	0.959	0.686	0.889
0.764	0.757	0.764	0.818	0.73	0.864	0.864	0.891	0.688	0.864
0.762	0.754	0.764	0.818	0.723	0.845	0.845	0.862	0.693	0.845
0.767	0.759	0.769	0.815	0.723	0.789	0.789	0.847	0.693	0.789
0.764	0.762	0.774	0.82	0.725	0.728	0.728	0.837	0.696	0.728
0.754	0.759	0.776	0.823	0.73	0.686	0.686	0.83	0.686	0.686
0.759	0.759	0.779	0.82	0.742	0.659	0.659	0.825	0.686	0.659
0.764	0.754	0.771	0.82	0.725	0.642	0.642	0.818	0.686	0.642
0.764	0.754	0.767	0.82	0.723	0.635	0.635	0.818	0.684	0.635
0.764	0.754	0.767	0.818	0.72	0.632	0.632	0.823	0.688	0.632
0.767	0.759	0.769	0.82	0.72	0.637	0.637	0.825	0.688	0.637
0.762	0.752	0.774	0.823	0.723	0.632	0.632	0.828	0.681	0.632
0.764	0.75	0.771	0.818	0.725	0.627	0.627	0.808	0.679	0.627
0.764	0.75	0.767	0.815	0.723	0.625	0.625	0.796	0.686	0.625
0.767	0.747	0.764	0.818	0.72	0.627	0.627	0.796	0.686	0.627
0.767	0.752	0.757	0.823	0.718	0.632	0.632	0.789	0.688	0.632
0.767	0.759	0.767	0.828	0.723	0.635	0.635	0.789	0.688	0.635
0.759	0.752	0.774	0.833	0.73	0.63	0.63	0.784	0.686	0.63
0.762	0.752	0.769	0.828	0.737	0.625	0.625	0.776	0.686	0.625
0.764	0.752	0.767	0.823	0.732	0.625	0.625	0.769	0.691	0.625
0.767	0.752	0.762	0.82	0.73	0.625	0.625	0.771	0.688	0.625
0.764	0.757	0.764	0.818	0.73	0.63	0.63	0.764	0.693	0.63
0.764	0.764	0.767	0.818	0.732	0.632	0.632	0.767	0.693	0.632
0.759	0.759	0.774	0.82	0.737	0.63	0.63	0.762	0.691	0.63
0.762	0.759	0.767	0.813	0.74	0.625	0.625	0.769	0.688	0.625
0.764	0.757	0.767	0.813	0.74	0.623	0.623	0.771	0.691	0.623
0.759	0.757	0.762	0.813	0.735	0.625	0.625	0.771	0.693	0.625
0.759	0.762	0.762	0.815	0.73	0.627	0.627	0.767	0.703	0.627
0.762	0.767	0.767	0.82	0.732	0.625	0.625	0.767	0.701	0.625
0.757	0.764	0.774	0.828	0.737	0.623	0.623	0.767	0.698	0.623
0.759	0.757	0.767	0.82	0.732	0.623	0.623	0.762	0.696	0.623
0.762	0.754	0.764	0.815	0.728	0.623	0.623	0.762	0.696	0.623
0.764	0.754	0.759	0.813	0.725	0.627	0.627	0.764	0.698	0.627
0.762	0.757	0.759	0.813	0.72	0.632	0.632	0.754	0.706	0.632
0.759	0.762	0.764	0.818	0.725	0.632	0.632	0.754	0.706	0.632
0.759	0.757	0.769	0.823	0.732	0.642	0.642	0.754	0.706	0.642
0.762	0.752	0.764	0.815	0.73	0.652	0.652	0.757	0.703	0.652
0.764	0.75	0.764	0.813	0.728	0.674	0.674	0.757	0.703	0.674
0.762	0.752	0.762	0.806	0.728	0.732	0.732	0.754	0.703	0.732
0.767	0.759	0.759	0.815	0.72	0.774	0.774	0.752	0.708	0.774
0.759	0.757	0.767	0.818	0.728	0.786	0.786	0.759	0.71	0.786
0.757	0.757	0.769	0.82	0.737	0.803	0.803	0.759	0.708	0.803
0.759	0.754	0.769	0.815	0.732	0.818	0.818	0.762	0.706	0.818
0.759	0.752	0.764	0.811	0.728	0.825	0.825	0.764	0.696	0.825
0.762	0.757	0.762	0.811	0.73	0.83	0.83	0.769	0.696	0.83
0.762	0.762	0.762	0.815	0.73	0.835	0.835	0.767	0.701	0.835
0.757	0.759	0.767	0.818	0.73	0.825	0.825	0.774	0.701	0.825
0.842	0.757	0.769	0.813	0.742	0.82	0.82	0.771	0.706	0.82
1.394	0.757	0.767	0.813	0.745	0.806	0.806	0.769	0.708	0.806
2.214	0.752	0.762	0.811	0.745	0.801	0.801	0.771	0.698	0.801
2.178	0.754	0.759	0.808	0.742	0.801	0.801	0.771	0.701	0.801
2.156	0.759	0.762	0.811	0.74	0.811	0.811	0.769	0.706	0.811
2.178	0.759	0.767	0.82	0.742	0.815	0.815	0.769	0.706	0.815
2.219	0.759	0.767	0.813	0.747	0.808	0.808	0.769	0.703	0.808
2.419	0.754	0.764	0.813	0.747	0.801	0.801	0.762	0.706	0.801
2.573	0.752	0.762	0.813	0.745	0.793	0.793	0.762	0.701	0.793
2.598	0.752	0.757	0.813	0.74	0.789	0.789	0.75	0.701	0.789
2.456	0.762	0.762	0.815	0.745	0.762	0.762	0.747	0.703	0.762
2.178	0.759	0.769	0.825	0.745	0.735	0.735	0.752	0.703	0.735
1.948	0.757	0.771	0.82	0.75	0.732	0.732	0.754	0.703	0.732
1.729	0.757	0.825	0.818	0.747	0.715	0.715	0.757	0.701	0.715
1.497	0.752	1.765	0.818	0.747	0.696	0.696	0.762	0.693	0.696
1.287	0.752	1.521	0.818	0.742	0.698	0.698	0.754	0.696	0.698
1.111	0.762	1.35	0.82	0.742	0.723	0.723	0.759	0.696	0.723
0.986	0.759	1.389	0.833	0.745	0.701	0.701	0.762	0.693	0.701
0.908	0.759	1.416	0.83	0.747	0.676	0.676	0.764	0.691	0.676
0.85	0.754	1.44	0.825	0.752	0.654	0.654	0.767	0.696	0.654
0.825	0.757	1.453	0.82	0.762	0.647	0.647	0.767	0.696	0.647
0.811	0.75	1.445	0.818	0.828	0.647	0.647	0.759	0.701	0.647
0.793	0.759	1.431	0.818	1.094	0	0	0.762	0.728	0
0.786	0.764	1.396	0.82	2.375	0	0	0.764	0.71	0
0.779	0.784	1.318	0.818	2.771	0	0	0.767	0.706	0
0.774	0.801	1.135	0.815	2.939	0	0	0.762	0.703	0
0.776	0.913	0.989	0.796	3.23	0	0	0.762	0.698	0
0.776	1.121	0.898	0.789	3.508	0	0	0.757	0.703	0
0.776	1.416	0.84	0.781	3.689	0	0	0.759	0.706	0
0.774	1.704	0.806	0.779	3.845	0	0	0.759	0.706	0
0.776	1.931	0.781	0.776	3.794	0	0	0.759	0.708	0
0.769	2.141	0.762	0.774	3.552	0	0	0.757	0.703	0
0.776	2.314	0.75	0.769	3.13	0	0	0.752	0.701	0
0.781	2.451	0.74	0.769	2.822	0	0	0.752	0.701	0
0.767	2.537	0.74	0.771	2.451	0	0	0.754	0.703	0
0.771	2.566	0.74	0.774	1.946	0	0	0.801	0.701	0
0.771	2.493	0.742	0.774	1.555	0	0	1.016	0.706	0
0.771	2.227	0.74	0.774	1.306	0	0	1.157	0.696	0
0.776	1.924	0.735	0.767	1.206	0	0	1.189	0.696	0
0.781	1.643	0.732	0.764	1.108	0	0	1.487	0.693	0
0.776	1.421	0.742	0.774	1.028	0	0	1.704	0.696	0
0.771	1.27	0.735	0.774	0.991	0	0	1.877	0.698	0
0.769	1.13	0.737	0.774	0.967	0	0	2.019	0.701	0
0.769	1.03	0.737	0.771	0.947	0	0	2.083	0.696	0
0.776	0.967	0.735	0.767	0.94	0	0	2.114	0.696	0
0.781	0.947	0.73	0.784	0.93	0	0	2.126	0.698	0
0.776	0.896	0.732	0.864	0.928	0	0	2.061	0.703	0
0.776	0.847	0.732	0.93	0.93	0	0	1.846	0.703	0
0.771	0.811	0.735	1.062	0.933	0	0	1.594	0.708	0
0.771	0.789	0.735	1.399	0.92	0	0	1.299	0.703	0
0.779	0.774	0.732	2.058	0.911	0	0	1.082	0.703	0
0.779	0.764	0.74	2.478	0.906	0	0	0.947	0.706	0
0.779	0.762	0.762	2.766	0.898	0	0	0.869	0.71	0
0.774	0.762	0.784	3.008	0.898	0	0	0.82	0.71	0
0.769	0.757	0.879	3.267	0.906	0	0	0.793	0.71	0
0.774	0.752	0.955	3.452	0.911	0	0	0.776	0.706	0
0.779	0.75	0.964	3.491	0.906	0	0	0.759	0.708	0
0.776	0.757	0.937	3.284	0.901	0	0	0.75	0.71	0
0.774	0.754	0.92	2.859	0.903	0	0	0.747	0.718	0
0.774	0.757	0.903	2.422	0.891	0	0	0.747	0.723	0
0.767	0.754	0.898	1.985	0.891	0	0	0.75	0.72	0
0.771	0.752	0.901	1.621	0.891	0	0	0.747	0.713	0
0.779	0.75	0.891	1.357	0.889	0	0	0.742	0.715	0
0.776	0.752	0.884	1.182	0.889	0	0	0.74	0.715	0
0.774	0.75	0.879	1.079	0.894	0	0	0.74	0.718	0
0.771	0.752	0.881	0.999	0.894	0	0	0.742	0.72	0
0.769	0.752	0.881	0.937	0.901	0	0	0.75	0.713	0
0.771	0.75	0.867	0.894	0.903	0	0	0.747	0.708	0
0.781	0.757	0.854	0.869	0.896	0	0	0.745	0.713	0
0.776	0.747	0.857	0.859	0.894	0	0	0.742	0.71	0
0.776	0.754	0.864	0.835	0.894	0	0	0.742	0.715	0
0.769	0.754	0.881	0.813	0.889	0	0	0.747	0.725	0
0.769	0.757	0.894	0.793	0.898	0	0	0.754	0.72	0
0.771	0.754	0.911	0.781	0.898	0	0	0.75	0.718	0
0.779	0.759	0.906	0.771	0.896	0	0	0.745	0.718	0
0.781	0.754	0.874	0.771	0.894	0	0	0.74	0.718	0
0.776	0.757	0.82	0.771	0.894	0	0	0.745	0.723	0
0.769	0.762	0.789	0.774	0.896	0	0	0.745	0.73	0
0.769	0.757	0.771	0.776	0.891	0	0	0.75	0.72	0
0.771	0.754	0.757	0.776	0.891	0	0	0.745	0.718	0
0.779	0.757	0.745	0.771	0.884	0	0	0.742	0.72	0
0.776	0.752	0.742	0.774	0.881	0	0	0.742	0.72	0
0.776	0.754	0.735	0.774	0.881	0	0	0.74	0.723	0
0.774	0.762	0.737	0.776	0.879	0	0	0.745	0.73	0
0.767	0.757	0.737	0.767	0.881	0	0	0.752	0.723	0
0.774	0.754	0.737	0.764	0.881	0	0	0.75	0.72	0
0.776	0.752	0.735	0.762	0.879	0	0	0.745	0.723	0
0.776	0.75	0.737	0.771	0.881	0	0	0.742	0.723	0
0.776	0.752	0.735	0.771	0.879	0	0	0.742	0.728	0
0.771	0.752	0	0.776	0.886	0	0	0.747	0.732	0
0.771	0.752	0	0.779	0.886	0	0	0.759	0.728	0
0.776	0.747	0	0.774	0.881	0	0	0.974	0.725	0
0.779	0.75	0	0.771	0.881	0	0	1.548	0.725	0
0.779	0.75	0	0.774	0.884	0	0	1.56	0.725	0
0.776	0.754	0	0.774	0.879	0	0	1.514	0.73	0
0.771	0.754	0	0.779	0.881	0	0	1.516	0.73	0
0.774	0.757	0	0.774	0.881	0	0	1.584	0.728	0
0.779	0.757	0	0.774	0.881	0	0	1.655	0.723	0
0.779	0.754	0	0.771	0.881	0	0	1.694	0.723	0
0.779	0.754	0	0.771	0.884	0	0	1.719	0.728	0
0.779	0.757	0	0.774	0.876	0	0	1.719	0.732	0
0.774	0.757	0	0.776	0.879	0	0	1.692	0.73	0
0.771	0.759	0	0.781	0.884	0	0	1.658	0.73	0
0.781	0.759	0	0.774	0.884	0	0	1.614	0.769	0
0.779	0.754	0	0.774	0.879	0	0	1.56	0.823	0
0.786	0.754	0	0.764	0.881	0	0	1.497	0.876	0
0.779	0.757	0	0.767	0.879	0	0	1.445	0.896	0
0.776	0.757	0	0.771	0.884	0	0	1.404	1.013	0
0.774	0.757	0	0.771	0.886	0	0	1.365	1.25	0
0.779	0.759	0	0.769	0.886	0	0	1.311	1.521	0
0.779	0.754	0	0.771	0.884	0	0	1.211	2.136	0
0.781	0.759	0	0.764	0.881	0	0	1.123	2.297	0
0.779	0.757	0	0.767	0.881	0	0	1.077	2.451	0
0.774	0.757	0	0.771	0.884	0	0	1.035	2.622	0
0.774	0.759	0	0.769	0.889	0	0	0.986	2.769	0
0.779	0.759	0	0.764	0.894	0	0	0.92	2.891	0
0.813	0.754	0	0.764	0.891	0	0	0.884	2.939	0
0.862	0.754	0	0.757	0.891	0	0	0.869	2.986	0
0.889	0.759	0	0.759	0.891	0	0	0.823	3.013	0
0.937	0.764	0	0.764	0.896	0	0	0.806	2.976	0
1.013	0.759	0	0.764	0.898	0	0	0.781	2.886	0
1.16	0.759	0	0.767	0.898	0	0	0.769	2.764	0
1.301	0.757	0	0.769	0.901	0	0	0	2.607	0
1.909	0.759	0	0.764	0.894	0	0	0	2.444	0
2.456	0.759	0	0.769	0.898	0	0	0	2.327	0
2.756	0.762	0	0.771	0.896	0	0	0	2.229	0
3.13	0.759	0	0.774	0.896	0	0	0	2.119	0
3.367	0.757	0	0.771	0.896	0	0	0	2.021	0
3.467	0.757	0	0.771	0.901	0	0	0	1.912	0
3.533	0.757	0	0.771	0.891	0	0	0	1.838	0
3.513	0.759	0	0.771	0.896	0	0	0	1.768	0
3.264	0.757	0	0.774	0.894	0	0	0	1.726	0
2.952	0.764	0	0.774	0.894	0	0	0	1.699	0
2.747	0.757	0	0.776	0.894	0	0	0	1.609	0
2.544	0.754	0	0.769	0.896	0	0	0	1.489	0
2.251	0.754	0	0.767	0.894	0	0	0	1.355	0
1.936	0.759	0	0.767	0.884	0	0	0	1.265	0
1.636	0.762	0	0.767	0.898	0	0	0	1.191	0
1.318	0.762	0	0.771	0.903	0	0	0	1.208	0
1.108	0.754	0	0.769	0.901	0	0	0	1.189	0
1.008	0.752	0	0.762	0.901	0	0	0	1.147	0
0.95	0.757	0	0.762	0.891	0	0	0	1.101	0
0.906	0.757	0	0.764	0.889	0	0	0	1.067	0
0.869	0.757	0	0.767	0.891	0	0	0	1.011	0
0.847	0.762	0	0.769	0.894	0	0	0	0.95	0
0.815	0.754	0	0.769	0.898	0	0	0	0.906	0
0.806	0.754	0	0.764	0.898	0	0	0	0.85	0
0.798	0.754	0	0.762	0.891	0	0	0	0.825	0
0.791	0.757	0	0.764	0.891	0	0	0	0.806	0
0.789	0.762	0	0.767	0.889	0	0	0	0.789	0
0.786	0.759	0	0.764	0.891	0	0	0	0.771	0
0.786	0.754	0	0.769	0.898	0	0	0	0.774	0
0.789	0.752	0	0.769	0.894	0	0	0	0.776	0
0.789	0.752	0	0.764	0.891	0	0	0	0.784	0
0.786	0.754	0	0.774	0.891	0	0	0	0.781	0
0.784	0.759	0	0.779	0.891	0	0	0	0.776	0
0.784	0.762	0	0.779	0.906	0	0	0	0.757	0
0.784	0.754	0	0.781	1.062	0	0	0	0.742	0
0.789	0.747	0	0.776	1.807	0	0	0	0.732	0
0.786	0.754	0	0.776	1.582	0	0	0	0.732	0
0.784	0.757	0	0.776	1.462	0	0	0	0.73	0
0.784	0.757	0	0.781	1.584	0	0	0	0.73	0
0.776	0.759	0	0.781	1.775	0	0	0	0.723	0
0.781	0.754	0	0.781	1.858	0	0	0	0.718	0
0.786	0.75	0	0.774	1.714	0	0	0	0.725	0
0.784	0.75	0	0.769	1.533	0	0	0	0.723	0
0.784	0.754	0	0.774	1.387	0	0	0	0.723	0
0.784	0.759	0	0.779	1.318	0	0	0	0.728	0
0.776	0.754	0	0.786	1.409	0	0	0	0.725	0
0.781	0.754	0	0.781	1.465	0	0	0	0.72	0
0.784	0.752	0	0.779	1.406	0	0	0	0.723	0
0.784	0.752	0	0.776	1.199	0	0	0	0.72	0
0.784	0.754	0	0.776	1.038	0	0	0	0.72	0
0.786	0.769	0	0.779	0.935	0	0	0	0.723	0
0.776	0.754	0	0.781	0.872	0	0	0	0.718	0
0.784	0.754	0	0.774	0.835	0	0	0	0.718	0
0.784	0.752	0	0.774	0.808	0	0	0	0.723	0
0.784	0.752	0	0.776	0.791	0	0	0	0.725	0
0.784	0.757	0	0.776	0.781	0	0	0	0.745	0
0.786	0.764	0	0.779	0.779	0	0	0	0.842	0
0.786	0.754	0	0.781	0.779	0	0	0	0.93	0
0.781	0.752	0	0.771	0.781	0	0	0	0.962	0
0.784	0.754	0	0.774	0.774	0	0	0	1.023	0
0.784	0.823	0	0.769	0.771	0	0	0	1.086	0
0.781	2.649	0	0.774	0.769	0	0	0	1.194	0
0.781	2.854	0	0.776	0.771	0	0	0	1.299	0
0.776	2.515	0	0.776	0.774	0	0	0	1.367	0
0.781	2.363	0	0.771	0.774	0	0	0	1.396	0
0.784	2.385	0	0.771	0.769	0	0	0	1.426	0
0.784	2.395	0	0.769	0.764	0	0	0	1.414	0
0.784	2.4	0	0.769	0.762	0	0	0	1.414	0
0.784	2.393	0	0.776	0.764	0	0	0	1.355	0
0.781	2.258	0	0.779	0.771	0	0	0	1.169	0
0.781	2.046	0	0.779	0.776	0	0	0	1.003	0
0.784	1.853	0	0.776	0.767	0	0	0	0.896	0
0.784	1.716	0	0.771	0.764	0	0	0	0.83	0
0.786	1.511	0	0.774	0.762	0	0	0	0.791	0
0.781	1.238	0	0.784	0.762	0	0	0	0.764	0
0.779	1.05	0	0.894	0.769	0	0	0	0.75	0
0.781	0.935	0	1.106	0.764	0	0	0	0.737	0
0.784	0.862	0	1.135	0.764	0	0	0	0.732	0
0.786	0.818	0	1.306	0.759	0	0	0	0.728	0
0.789	0.796	0	1.44	0.759	0	0	0	0.728	0
0.781	0.779	0	1.655	0.823	0	0	0	0.725	0
0.786	0.769	0	1.812	0.84	0	0	0	0.723	0
0.791	0.759	0	1.892	0.903	0	0	0	0.723	0
0.847	0.75	0	1.951	1.033	0	0	0	0.718	0
1.284	0.747	0	1.88	1.189	0	0	0	0.723	0
1.924	0.752	0	1.692	1.345	0	0	0	0.723	0
2.009	0.75	0	1.404	1.458	0	0	0	0.718	0
1.96	0.747	0	1.16	1.56	0	0	0	0.723	0
1.926	0.745	0	1.016	1.594	0	0	0	0.723	0
1.909	0.742	0	0.92	1.592	0	0	0	0.715	0
1.897	0.745	0	0.859	1.558	0	0	0	0.718	0
1.887	0.752	0	0.83	1.548	0	0	0	0.72	0
1.875	0.75	0	0.818	1.55	0	0	0	0.723	0
1.855	0.747	0	0.798	1.577	0	0	0	0.737	0
1.768	0.745	0	0.786	1.584	0	0	0	0.74	0
1.58	0.75	0	0.776	1.567	0	0	0	0.759	0
1.328	0.742	0	0.764	1.536	0	0	0	0.884	0
1.125	0.752	0	0.767	1.516	0	0	0	0.979	0
0.996	0.75	0	0.771	1.484	0	0	0	1.038	0
0.916	0.747	0	0.764	1.467	0	0	0	1.082	0
0.872	0.745	0	0.759	1.467	0	0	0	1.118	0
0.845	0.742	0	0.75	1.45	0	0	0	1.116	0
0.825	0.742	0	0.747	1.423	0	0	0	1.106	0
0.808	0.75	0	0.747	1.399	0	0	0	1.111	0
0.793	0.75	0	0.759	1.372	0	0	0	1.13	0
0.786	0.747	0	0.757	1.34	0	0	0	1.15	0
0.784	0.742	0	0.752	1.326	0	0	0	1.172	0
0.786	0.742	0	0.752	1.287	0	0	0	1.187	0
0.791	0.745	0	0.752	1.226	0	0	0	1.196	0
0.789	0.75	0	0.757	1.174	0	0	0	1.213	0
0.786	0.75	0	0.764	1.113	0	0	0	1.248	0
0.786	0.745	0	0.762	1.062	0	0	0	1.257	0
0.786	0.742	0	0.757	0	0	0	0	1.262	0
0.789	0.745	0	0.757	0	0	0	0	1.255	0
0.796	0.747	0	0.759	0	0	0	0	1.216	0
0.791	0.747	0	0.759	0	0	0	0	1.162	0
0.786	0.747	0	0.759	0	0	0	0	1.099	0
0.786	0.747	0	0.757	0	0	0	0	1.035	0
0.789	0.745	0	0.752	0	0	0	0	0.994	0
0.789	0.742	0	0.752	0	0	0	0	0.896	0
0.793	0.75	0	0.754	0	0	0	0	0.828	0
0.789	0.75	0	0.762	0	0	0	0	0.789	0
0.784	0.75	0	0.762	0	0	0	0	0.762	0
0.784	0.75	0	0.762	0	0	0	0	0.75	0
0.784	0.747	0	0.757	0	0	0	0	0.73	0
0.786	0.747	0	0.784	0	0	0	0	0.723	0
0.791	0.754	0	0.789	0	0	0	0	0.723	0
0.786	0.75	0	0.876	0	0	0	0	0.72	0
0.784	0.752	0	0.994	0	0	0	0	0.723	0
0.784	0.75	0	1.062	0	0	0	0	0.723	0
0.784	0.745	0	1.096	0	0	0	0	0.713	0
0.786	0.745	0	1.121	0	0	0	0	0.715	0
0.789	0.762	0	1.143	0	0	0	0	0.713	0
0.786	0.779	0	1.226	0	0	0	0	0	0
0.784	0.791	0	1.252	0	0	0	0	0	0
0.781	0.781	0	1.277	0	0	0	0	0	0
0.786	0.796	0	1.313	0	0	0	0	0	0
0.791	0.901	0	1.367	0	0	0	0	0	0
0.789	0.945	0	1.411	0	0	0	0	0	0
0.789	0.972	0	1.389	0	0	0	0	0	0
0.784	0.984	0	1.36	0	0	0	0	0	0
0.784	0.974	0	1.299	0	0	0	0	0	0
0.786	0.972	0	1.235	0	0	0	0	0	0
0.791	0.986	0	1.152	0	0	0	0	0	0
0.789	1.011	0	1.089	0	0	0	0	0	0
0.789	1.047	0	1.047	0	0	0	0	0	0
0.781	1.077	0	0.996	0	0	0	0	0	0
0.781	1.091	0	0.962	0	0	0	0	0	0
0.801	1.099	0	0.913	0	0	0	0	0	0
0.894	1.113	0	0.876	0	0	0	0	0	0
1.062	1.121	0	0.852	0	0	0	0	0	0
1.177	1.13	0	0.852	0	0	0	0	0	0
1.211	1.121	0	0.876	0	0	0	0	0	0
1.211	1.091	0	0.908	0	0	0	0	0	0
1.228	1.057	0	0.933	0	0	0	0	0	0
1.245	1.038	0	0.937	0	0	0	0	0	0
1.238	1.018	0	0.916	0	0	0	0	0	0
1.23	1.011	0	0.854	0	0	0	0	0	0
1.218	0.999	0	0	0	0	0	0	0	0
1.208	0.981	0	0	0	0	0	0	0	0
1.213	0.959	0	0	0	0	0	0	0	0
1.213	0.903	0	0	0	0	0	0	0	0
1.208	0.845	0	0	0	0	0	0	0	0
1.187	0.813	0	0	0	0	0	0	0	0
1.174	0.793	0	0	0	0	0	0	0	0
1.16	0.774	0	0	0	0	0	0	0	0
1.162	0	0	0	0	0	0	0	0	0
1.169	0	0	0	0	0	0	0	0	0
1.177	0	0	0	0	0	0	0	0	0
1.182	0	0	0	0	0	0	0	0	0
1.167	0	0	0	0	0	0	0	0	0
1.13	0	0	0	0	0	0	0	0	0
1.104	0	0	0	0	0	0	0	0	0
1.067	0	0	0	0	0	0	0	0	0
1.03	0	0	0	0	0	0	0	0	0
0.991	0	0	0	0	0	0	0	0	0
0.957	0	0	0	0	0	0	0	0	0
0.937	0	0	0	0	0	0	0	0	0
0.901	0	0	0	0	0	0	0	0	0
0.872	0	0	0	0	0	0	0	0	0
0.842	0	0	0	0	0	0	0	0	0
0.818	0	0	0	0	0	0	0	0	0
0.801	0	0	0	0	0	0	0	0	0
