0.681	0.496	0.503	0.479	0.393	0.4	0.688	0.366	0.369	0.371
1.208	0.496	0.513	0.488	0.398	0.398	1.055	0.361	0.405	0.371
1.926	0.579	0.527	0.486	0.415	0.4	1.113	0.359	0.4	0.413
1.97	0.815	0.642	0.632	0.474	0.405	1.064	0.364	0.52	0.657
1.892	1.196	0.903	0.967	0.701	0.415	1.06	0.369	0.771	2.434
1.843	1.394	1.147	1.379	1.062	0.698	1.165	0.376	1.125	2.661
1.792	1.362	1.213	1.36	1.094	1.228	1.235	0.483	1.248	1.772
1.775	1.399	1.235	1.218	0.974	1.296	1.257	0.603	1.316	1.46
1.799	1.45	1.252	1.177	0.981	0.994	1.255	0.906	1.35	1.536
1.797	1.555	1.304	1.26	1.086	0.881	1.243	1.001	1.479	1.775
1.799	1.65	1.328	1.338	1.204	1.062	1.238	1.033	1.655	1.931
1.78	1.685	1.321	1.372	1.226	1.245	1.213	1.062	1.729	1.938
1.738	1.724	1.326	1.375	1.26	1.233	1.157	1.082	1.748	1.938
1.602	1.689	1.326	1.321	1.289	1.201	1.069	1.104	1.763	1.948
1.436	1.626	1.318	1.313	1.284	1.233	0.952	1.101	1.76	1.97
1.265	1.467	1.309	1.323	1.248	1.233	0.852	1.101	1.785	1.968
1.016	1.335	1.287	1.323	1.201	1.208	0.803	1.086	1.802	1.948
0.962	1.208	1.213	1.262	1.125	1.191	0.691	1.082	1.748	1.924
0.786	1.072	1.108	1.157	1.033	1.169	0.605	1.074	1.602	1.904
0.715	0.967	1.03	1.042	0.957	1.111	0.586	1.025	1.416	1.807
0.647	0.908	0.957	0.906	0.886	1.003	0.552	0.964	1.282	1.614
0.669	0.884	0.925	0.845	0.728	0.957	0.562	0.94	1.121	1.443
0.625	0.874	0.784	0.813	0.713	0.913	0.537	0.852	0.916	1.262
0.571	0.837	0.757	0.762	0.674	0.906	0.5	0.72	0.891	1.086
0.557	0.759	0.698	0.745	0.579	0.852	0.486	0.664	0.757	1.013
0.542	0.718	0.679	0.681	0.562	0.781	0.43	0.593	0.674	0.991
0.54	0.676	0.635	0.603	0.535	0.742	0.42	0.547	0.569	0.781
0.549	0.623	0.579	0.576	0.491	0.732	0.405	0.493	0.53	0.662
0.557	0.586	0.515	0.522	0.452	0.701	0.393	0.432	0.496	0.598
0.537	0.52	0.503	0.483	0.403	0.659	0.388	0.391	0.466	0.557
0.532	0.496	0.503	0.466	0.393	0.615	0.386	0.366	0.447	0.564
0.532	0.491	0.513	0.461	0.391	0.576	0.386	0.359	0.457	0.525
0.535	0.488	0.525	0.461	0.393	0.51	0.393	0.359	0.396	0.466
0.54	0.486	0.518	0.469	0.393	0.461	0.391	0.359	0.378	0.439
0.537	0.481	0.5	0.474	0.393	0.425	0.388	0.364	0.376	0.415
0.527	0.488	0.498	0.474	0.391	0.413	0.383	0.364	0.366	0.393
0.527	0.493	0.498	0.469	0.391	0.405	0.383	0.364	0.364	0.378
0.527	0.496	0.498	0.466	0.391	0.405	0.383	0.359	0.361	0.374
0.527	0.496	0.496	0.461	0.393	0.405	0.388	0.356	0.359	0.371
0.527	0.496	0.496	0.466	0.396	0.4	0.391	0.361	0.356	0.369
0.53	0.491	0.493	0.469	0.393	0.403	0.388	0.359	0.359	0.369
0.527	0.488	0.496	0.471	0.393	0.405	0.383	0.361	0.359	0.371
0.527	0.498	0.5	0.461	0.391	0.408	0.383	0.359	0.356	0.374
0.53	0.505	0.503	0.457	0.391	0.41	0.381	0.356	0.356	0.374
0.532	0.505	0.503	0.459	0.393	0.41	0.391	0.356	0.356	0.374
0.53	0.498	0.505	0.461	0.396	0.408	0.388	0.361	0.356	0.371
0.527	0.496	0.498	0.464	0.393	0.405	0.383	0.361	0.359	0.369
0.527	0.496	0.498	0.461	0.391	0.408	0.381	0.364	0.361	0.374
0.522	0.5	0.5	0.457	0.391	0.41	0.381	0.364	0.361	0.369
0.522	0.503	0.503	0.457	0.393	0.413	0.383	0.359	0.359	0.374
0.53	0.498	0.503	0.461	0.396	0.41	0.383	0.359	0.359	0.369
0.532	0.5	0.503	0.466	0.396	0.405	0.383	0.361	0.359	0.371
0.537	0.496	0.5	0.471	0.396	0.405	0.383	0.361	0.361	0.369
0.532	0.496	0.5	0.471	0.396	0.405	0.381	0.364	0.364	0.374
0.532	0.498	0.503	0.469	0.391	0.41	0.383	0.361	0.364	0.374
0.535	0.503	0.505	0.464	0.388	0.413	0.386	0.359	0.361	0.374
0.535	0.503	0.505	0.461	0.398	0.408	0.388	0.359	0.361	0.371
0.532	0.503	0.5	0.466	0.4	0.405	0.388	0.361	0.356	0.371
0.53	0.503	0.498	0.471	0.396	0.403	0.386	0.361	0.361	0.369
0.527	0.5	0.5	0.474	0.396	0.408	0.381	0.361	0.369	0.369
0.53	0.503	0.505	0.469	0.393	0.413	0.381	0.364	0.366	0.374
0.535	0.505	0.505	0.466	0.396	0.415	0.381	0.359	0.364	0.374
0.542	0.503	0.508	0.469	0.398	0.413	0.386	0.359	0.364	0.374
0.54	0.498	0.503	0.471	0.4	0.41	0.386	0.364	0.364	0.371
0.535	0.488	0.5	0.474	0.4	0.41	0.386	0.366	0.369	0.369
0.535	0.493	0.503	0.471	0.396	0.413	0.383	0.366	0.369	0.369
0.535	0.491	0.505	0.503	0.396	0.415	0.383	0.361	0.369	0.371
0.537	0.493	0.508	0.522	0.42	0.417	0.386	0.361	0.364	0.374
0.544	0.493	0.503	0.615	0.435	0.415	0.388	0.359	0.364	0.378
0.588	0.493	0.5	0.693	0.586	0.41	0.391	0.356	0.361	0.374
0.652	0.491	0.498	0.75	1.587	0.41	0.391	0.364	0.366	0.371
0.762	0.491	0.562	0.767	2.256	0.413	0.388	0.369	0.366	0.374
1.143	0.491	0.669	0.759	1.462	0.415	0.386	0.42	0.366	0.378
1.213	0.515	0.75	0.754	1.133	0.415	0.386	0.432	0.364	0.378
1.116	0.588	1.157	0.754	1.384	0.425	0.391	0.542	0.361	0.378
1.089	0.725	1.274	0.767	1.65	0.454	0.439	0.635	0.376	0.376
1.15	1.709	1.05	0.771	1.687	0.525	0.476	0.752	0.408	0.374
1.199	1.36	0.977	0.774	1.687	0.75	0.54	0.898	0.527	0.374
1.208	1.03	0.981	0.781	1.721	1.174	0.776	0.94	1.458	0.378
1.208	1.021	1.003	0.784	1.692	1.169	1.108	0.967	2.288	0.381
1.228	1.248	1.011	0.791	1.66	1.021	1.096	0.964	1.809	0.381
1.23	1.387	1.011	0.791	1.628	1.011	1.082	0.986	1.602	0.378
1.226	1.404	1.008	0.793	1.604	1.077	1.104	1.008	1.956	0.374
1.213	1.396	1.011	0.801	1.472	1.128	1.157	1.008	2.224	0.374
1.23	1.384	1.013	0.798	1.257	1.167	1.182	0.981	2.31	0.378
1.235	1.367	1.021	0.789	1.094	1.182	1.206	0.977	2.336	0.381
1.238	1.309	1.028	0.759	0.979	1.184	1.223	0.967	2.319	0.378
1.233	1.211	1.013	0.728	0.859	1.162	1.199	0.974	2.285	0.378
1.182	1.138	0.937	0.676	0.72	1.15	1.191	0.974	2.283	0.376
1.169	1.096	0.874	0.627	0.669	1.121	1.191	0.967	2.285	0.378
1.125	1.016	0.803	0.579	0.649	1.057	1.206	0.957	2.266	0.378
1.111	0.918	0.779	0.542	0.603	0.994	1.206	0.95	2.217	0.381
1.072	0.874	0.745	0.513	0.564	0.93	1.201	0.916	2.087	0.378
0.95	0.84	0.737	0.513	0.554	0.864	1.128	0.85	1.887	0.376
0.908	0.781	0.752	0.525	0.576	0.798	1.035	0.811	1.707	0.374
0.876	0.789	0.725	0.537	0.532	0.745	0.979	0.798	1.562	0.376
0.781	0.798	0.698	0.525	0.505	0.715	0.925	0.693	1.382	0.378
0.723	0.796	0.676	0.503	0.488	0.627	0.869	0.652	1.216	0.381
0.681	0.757	0.681	0.493	0.496	0.552	0.767	0.601	1.05	0.381
0.657	0.708	0.654	0.496	0.435	0.532	0.701	0.527	0.869	0.376
0.637	0.674	0.669	0.513	0.417	0.496	0.62	0.491	0.745	0.376
0.613	0.605	0.635	0.518	0.42	0.483	0.527	0.491	0.657	0.376
0.576	0.598	0.598	0.498	0.42	0.483	0.505	0.452	0.591	0.378
0.566	0.579	0.583	0.476	0.415	0.471	0.483	0.41	0.579	0.378
0.549	0.54	0.527	0.474	0.396	0.457	0.466	0.391	0.576	0.376
0.544	0.52	0.508	0.476	0.393	0.442	0.457	0.376	0.557	0.376
0.54	0.508	0.498	0.474	0.391	0.432	0.442	0.378	0.51	0.374
0.54	0.508	0.493	0.479	0.391	0.417	0.42	0.376	0.505	0.376
0.54	0.505	0.496	0.479	0.388	0.413	0.4	0.374	0.503	0.378
0.54	0.51	0.498	0.474	0.391	0.417	0.386	0.359	0.493	0.381
0.542	0.508	0.498	0.474	0.391	0.417	0.381	0.356	0.476	0.378
0.54	0.5	0.498	0.476	0.391	0.417	0.398	0.356	0.454	0.376
0.537	0.498	0.496	0.481	0.391	0.413	0.398	0.361	0.42	0.374
0.532	0.505	0.496	0.479	0.386	0.403	0.378	0.361	0.405	0.374
0.537	0.503	0.498	0.479	0.383	0.4	0.371	0.359	0.403	0.376
0.54	0.503	0.5	0.479	0.388	0.398	0.374	0.356	0.4	0.378
0.544	0.5	0.5	0.481	0.391	0.398	0.376	0.354	0.388	0.374
0.542	0.498	0.498	0.481	0.391	0.396	0.376	0.356	0.371	0.376
0.547	0.498	0.496	0.483	0.391	0.393	0.376	0.361	0.369	0.371
0.542	0.5	0.5	0.483	0.386	0.398	0.378	0.361	0.371	0.374
0.544	0.503	0.503	0.486	0.386	0.398	0.376	0.356	0.371	0.376
0.542	0.508	0.505	0.481	0.391	0.396	0.381	0.354	0.366	0.376
0.542	0.508	0.508	0.481	0.393	0.393	0.381	0.354	0.364	0.376
0.544	0.503	0.503	0.476	0.388	0.388	0.383	0.356	0.361	0.374
0.544	0.503	0.503	0.479	0.391	0.391	0.383	0.361	0.364	0.371
0.542	0.505	0.505	0.481	0.383	0.393	0.381	0.364	0.369	0.371
0.544	0.508	0.503	0.479	0.381	0.393	0.378	0.361	0.369	0.376
0.544	0.505	0.505	0.476	0.381	0.4	0.381	0.356	0.366	0.378
0.549	0.508	0.5	0.476	0.383	0.393	0.386	0.356	0.364	0.376
0.549	0.503	0.498	0.479	0.388	0.393	0.381	0.359	0.366	0.374
0.547	0.503	0.498	0.483	0.391	0.393	0.378	0.361	0.369	0.374
0.544	0.505	0.496	0.479	0.386	0.391	0.378	0.359	0.369	0.374
0.544	0.51	0.498	0.481	0.386	0.393	0.376	0.361	0.371	0.376
0.542	0.513	0.496	0.479	0.391	0.391	0.378	0.361	0.366	0.376
0.544	0.508	0.493	0.476	0.393	0.391	0.378	0.361	0.364	0.376
0.544	0.505	0.496	0.479	0.396	0.388	0.381	0.361	0.366	0.374
0.54	0.5	0.491	0.483	0.391	0.388	0.376	0.364	0.366	0.371
0.535	0.505	0.488	0.481	0.388	0.393	0.374	0.364	0.369	0.374
0.537	0.508	0.491	0.474	0.396	0.391	0.376	0.361	0.369	0.376
0.54	0.51	0.496	0.469	0.408	0.388	0.381	0.361	0.366	0.376
0.542	0.505	0.496	0.469	0.413	0.386	0.383	0.356	0.364	0.374
0.544	0.498	0.493	0.471	0.398	0.386	0.383	0.359	0.364	0.374
0.542	0.496	0.491	0.469	0.388	0.388	0.386	0.361	0.366	0.369
0.54	0.496	0.493	0.471	0.386	0.391	0.381	0.361	0.369	0.374
0.535	0.493	0.496	0.476	0.388	0.396	0.383	0.359	0.369	0.376
0.537	0.498	0.498	0.471	0.393	0.4	0.381	0.356	0.366	0.376
0.54	0.496	0.496	0.469	0.393	0.393	0.383	0.356	0.364	0.376
0.547	0.498	0.491	0.471	0.393	0.391	0.386	0.356	0.361	0.398
0.537	0.498	0.493	0.474	0.388	0.391	0.391	0.361	0.364	0.415
0.537	0.5	0.493	0.466	0.383	0.391	0.386	0.361	0.369	0.505
0.535	0.503	0.496	0.469	0.381	0.396	0.388	0.361	0.366	0.574
0.54	0.503	0.5	0.471	0.386	0.396	0.386	0.356	0.361	0.706
0.54	0.5	0.51	0.474	0.391	0.405	0.388	0.356	0.359	0.691
0.537	0.498	0.527	0.476	0.393	0.417	0.386	0.359	0.361	0.674
0.537	0.498	0.53	0.481	0.393	0.417	0.383	0.364	0.364	0.676
0.537	0.493	0.515	0.481	0.391	0.405	0.381	0.364	0.364	0.684
0.537	0.491	0.503	0.476	0.391	0.403	0.378	0.364	0.364	0.706
0.54	0.496	0.5	0.474	0.396	0.403	0.383	0.354	0.361	0.713
0.537	0.496	0.5	0.474	0.396	0.396	0.383	0.354	0.361	0.718
0.537	0.493	0.493	0.479	0.396	0.391	0.388	0.359	0.364	0.728
0.537	0.493	0.488	0.483	0.391	0.391	0.381	0.361	0.366	0.735
0.535	0.491	0.491	0.486	0.386	0.393	0.381	0.364	0.366	0.732
0.537	0.496	0.496	0.483	0.386	0.398	0.383	0.361	0.371	0.732
0.54	0.496	0.498	0.481	0.386	0.403	0.386	0.359	0.361	0.735
0.54	0.493	0.493	0.481	0.391	0.396	0.388	0.356	0.361	0.72
0.542	0.493	0.488	0.488	0.393	0.393	0.388	0.359	0.356	0.71
0.54	0.491	0.486	0.486	0.393	0.391	0.393	0.361	0.364	0.708
0.54	0.493	0.483	0.588	0.388	0.391	0.393	0.361	0.364	0.684
0.54	0.496	0.488	0.952	0.388	0.393	0.396	0.361	0.364	0.667
0.542	0.5	0.491	1.56	0.388	0.393	0.4	0.359	0.361	0.63
0.544	0.496	0.491	1.479	0.393	0.391	0.408	0.359	0.361	0.618
0.54	0.496	0.493	1.462	0.396	0.386	0.403	0.359	0.364	0.576
0.54	0.493	0.505	1.589	0.393	0.391	0.403	0.364	0.366	0.532
0.537	0.493	0.51	1.758	0.391	0.391	0.4	0.366	0.366	0.508
0.535	0.498	0.513	1.885	0.386	0.398	0.4	0.361	0.366	0.498
0.535	0.498	0.518	2.163	0.388	0.405	0.405	0.359	0.361	0.486
0.535	0.496	0.527	2.368	0.393	0.4	0.41	0.356	0.361	0.454
0.537	0.493	0.52	2.476	0.391	0.4	0.405	0.364	0.361	0.449
0.537	0.493	0.515	2.517	0.388	0.403	0.403	0.366	0.364	0.439
0.542	0.496	0.52	2.5	0.386	0.405	0.4	0.364	0.366	0.432
0.547	0.5	0.525	2.451	0.398	0.417	0.403	0.364	0.366	0.43
0.552	0.496	0.527	2.322	0.42	0.427	0.405	0.361	0.364	0.422
0.557	0.496	0.522	2.146	0.547	0.425	0.405	0.364	0.359	0.396
0.557	0.491	0.522	1.887	0.747	0.422	0.415	0.364	0.361	0.396
0.552	0.488	0.52	1.67	1.008	0.425	0.415	0.364	0.364	0.396
0.549	0.493	0.522	1.528	1.089	0.432	0.413	0.364	0.366	0.403
0.552	0.496	0.522	1.331	1.155	0.444	0.415	0.364	0.366	0.4
0.549	0.496	0.525	1.23	1.248	0.442	0.417	0.361	0.361	0.383
0.547	0.498	0.527	1.196	1.343	0.452	0.42	0.356	0.359	0.376
0.542	0.496	0.522	1.143	1.465	0.457	0.42	0.364	0.361	0.371
0.535	0.496	0.515	1.079	1.555	0.552	0.415	0.364	0.364	0.366
0.535	0.496	0.518	1.079	1.624	0.75	0.42	0.364	0.366	0.374
0.537	0.496	0.518	0.967	1.653	1.025	0.42	0.364	0.364	0.369
0.54	0.498	0.52	0.776	1.699	1.079	0.425	0.361	0.364	0.374
0.54	0.498	0.503	0.618	1.729	1.104	0.425	0.364	0.361	0.374
0.537	0.491	0.515	0.547	1.68	1.226	0.427	0.364	0.364	0.366
0.54	0.488	0.513	0.51	1.592	1.304	0.425	0.369	0.366	0.364
0.54	0.488	0.515	0.496	1.497	1.431	0.422	0.369	0.369	0.366
0.544	0.491	0.518	0.488	1.294	1.628	0.422	0.364	0.366	0.369
0.542	0.491	0.518	0.483	1.211	1.843	0.425	0.361	0.364	0.369
0.544	0.488	0.518	0.474	1.172	1.956	0.427	0.361	0.361	0.369
0.544	0.488	0.518	0.476	1.094	2.036	0.43	0.364	0.361	0.366
0.54	0.488	0.515	0.476	0.994	2.046	0.427	0.366	0.366	0.366
0.54	0.491	0.515	0.474	0.918	2.07	0.425	0.369	0.369	0.369
0.537	0.496	0.52	0.471	0.933	2.012	0.425	0.366	0.366	0.371
0.537	0.496	0.525	0.474	0.957	1.833	0.43	0.361	0.364	0.371
0.537	0.493	0.52	0.476	0.891	1.633	0.427	0.361	0.361	0.369
0.532	0.488	0.537	0.481	0.796	1.431	0.425	0.361	0.361	0.366
0.532	0.491	0.637	0.483	0.669	1.311	0.425	0.361	0.366	0.366
0.53	0.491	0.842	0.486	0.527	1.184	0.425	0.364	0.366	0.369
0.53	0.493	1.067	0.481	0.457	1.072	0.417	0.364	0.366	0.374
0.53	0.491	1.145	0.476	0.435	1.052	0.417	0.359	0.361	0.374
0.535	0.488	1.177	0.469	0.413	0.984	0.417	0.361	0.359	0.371
0.544	0.491	1.177	0.476	0.396	0.923	0.415	0.364	0.361	0.366
0.54	0.493	1.199	0.476	0.388	0.889	0.417	0.364	0.364	0.366
0.537	0.498	1.23	0.479	0.388	0.857	0.413	0.364	0.366	0.369
0.54	0.498	1.257	0.474	0.388	0.852	0.413	0.366	0.364	0.371
0.542	0.498	1.313	0.471	0.391	0.779	0.417	0.361	0.361	0.374
0.544	0.493	1.316	0.469	0.398	0.723	0.42	0.359	0.361	0.371
0.542	0.491	1.365	0.474	0.396	0.581	0.415	0.361	0.364	0.369
0.542	0.491	1.379	0.474	0.396	0.486	0.41	0.364	0.364	0.369
0.542	0.491	1.353	0.476	0.393	0.444	0.408	0.361	0.369	0.369
0.544	0.496	1.296	0.474	0.396	0.42	0.403	0.361	0.364	0.374
0.547	0.498	1.218	0.476	0.4	0.398	0.393	0.359	0.364	0.374
0.549	0.496	1.121	0.479	0.41	0.388	0.388	0.359	0.359	0.371
0.549	0.493	1.082	0.481	0.405	0.383	0.393	0.359	0.361	0.369
0.542	0.493	1.084	0.483	0.403	0.383	0.393	0.364	0.361	0.369
0.542	0.493	1.082	0.483	0.398	0.386	0.393	0.364	0.364	0.371
0.542	0.496	1.06	0.479	0.398	0.386	0.386	0.361	0.364	0.371
0.547	0.498	1.011	0.479	0.396	0.386	0.393	0.361	0.361	0.374
0.547	0.498	0.928	0.476	0.4	0.381	0.391	0.356	0.361	0.376
0.547	0.496	0.872	0.476	0.396	0.381	0.393	0.361	0.361	0.371
0.54	0.496	0.793	0.479	0.393	0.381	0.496	0.366	0.366	0.371
0.542	0.515	0.691	0.481	0.391	0.386	1.567	0.381	0.366	0.371
0.542	0.583	0.603	0.476	0.391	0.391	1.716	0.498	0.366	0.371
0.549	0.825	0.564	0.474	0.391	0.388	1.221	0.676	0.361	0.374
0.552	1.57	0.535	0.471	0.393	0.383	1.104	0.767	0.359	0.374
0.549	1.543	0.503	0.469	0.393	0.381	1.216	0.793	0.361	0.366
0.547	1.531	0.508	0.471	0.391	0.381	1.333	0.815	0.364	0.366
0.544	1.692	0.503	0.474	0.388	0.386	1.365	0.93	0.366	0.369
0.542	1.88	0.508	0.474	0.386	0.388	1.401	1.013	0.364	0.374
0.547	2.019	0.508	0.471	0.391	0.388	1.455	1.113	0.361	0.374
0.547	2.251	0.498	0.471	0.393	0.388	1.499	1.24	0.361	0.371
0.547	2.383	0.479	0.476	0.396	0.383	1.523	1.321	0.359	0.369
0.547	2.375	0.474	0.479	0.398	0.391	1.531	1.362	0.364	0.369
0.542	2.319	0.471	0.474	0.388	0.386	1.519	1.37	0.366	0.371
0.54	2.183	0.479	0.476	0.391	0.386	1.514	1.357	0.364	0.374
0.547	2.043	0.493	0.476	0.396	0.386	1.433	1.367	0.361	0.374
0.552	1.853	0.5	0.479	0.391	0.386	1.277	1.35	0.361	0.369
0.549	1.699	0.496	0.481	0.391	0.386	1.177	1.345	0.359	0.371
0.549	1.506	0.496	0.479	0.391	0.388	1.091	1.304	0.366	0.369
0.547	1.323	0.496	0.471	0.388	0.391	1.035	1.177	0.366	0.371
0.544	1.252	0.493	0.474	0.388	0.391	0.957	1.008	0.364	0.374
0.549	1.211	0.496	0.471	0.391	0.393	0.918	0.918	0.364	0.374
0.554	1.128	0.498	0.476	0.393	0.388	0.886	0.881	0.371	0.374
0.544	1.016	0.491	0.481	0.391	0.386	0.808	0.859	0.476	0.369
0.544	0.969	0.493	0.479	0.381	0.391	0.781	0.823	0.593	0.369
0.542	1.011	0.493	0.479	0.383	0.393	0.742	0.757	0.671	0.374
0.54	0.918	0.491	0.479	0.386	0.393	0.708	0.691	0.718	0.376
0.54	0.774	0.491	0.479	0.386	0.391	0.623	0.657	0.71	0.376
0.542	0.63	0.486	0.479	0.388	0.388	0.532	0.598	0.706	0.374
0.54	0.525	0.486	0.479	0.386	0.386	0.481	0.505	0.754	0.371
0.537	0.483	0.483	0.481	0.383	0.391	0.42	0.435	0.85	0.369
0.537	0.481	0.479	0.479	0.376	0.391	0.403	0.396	0.901	0.366
0.537	0.488	0.486	0.474	0.376	0.391	0.388	0.371	0.952	0.374
0.537	0.491	0.491	0.474	0.378	0.391	0.383	0.364	1.084	0.376
0.542	0.488	0.486	0.476	0.378	0.388	0.383	0.364	1.206	0.374
0.535	0.488	0.486	0.476	0.378	0.386	0.381	0.366	1.25	0.374
0.537	0.486	0.483	0.476	0.376	0.388	0.378	0.369	1.282	0.371
0.535	0.491	0.486	0.476	0.376	0.391	0.378	0.369	1.301	0.369
0.537	0.491	0.486	0.469	0.376	0.393	0.376	0.369	1.304	0.374
0.535	0.488	0.486	0.471	0.374	0.393	0.378	0.369	1.296	0.381
0.537	0.486	0.483	0.471	0.381	0.391	0.381	0.369	1.262	0.388
0.532	0.483	0.481	0.474	0.381	0.391	0.393	0.371	1.204	0.381
0.532	0.483	0.479	0.479	0.383	0.391	0.383	0.369	1.13	0.5
0.532	0.491	0.479	0.479	0.378	0.396	0.378	0.369	1.067	0.725
0.532	0.493	0.483	0.474	0.378	0.396	0.378	0.366	1.04	0.942
0.542	0.493	0.483	0.479	0.383	0.393	0.381	0.364	0.957	0.977
0.542	0.491	0.483	0.479	0.383	0.388	0.381	0.366	0.857	0.952
0.54	0.483	0.483	0.481	0.381	0.391	0.381	0.366	0.803	1.021
0.544	0.481	0.481	0.483	0.381	0.396	0.378	0.371	0.774	1.091
0.54	0.486	0.476	0.481	0.378	0.393	0.376	0.371	0.715	1.233
0.537	0.488	0.486	0.476	0.374	0.393	0.374	0.366	0.657	1.36
0.544	0.491	0.483	0.474	0.369	0.391	0.378	0.366	0.625	1.465
0.544	0.486	0.486	0.481	0.378	0.393	0.381	0.366	0.562	1.587
0.542	0.483	0.486	0.483	0.378	0.393	0.381	0.366	0.554	1.675
0.537	0.481	0.483	0.486	0.376	0.393	0.378	0.369	0.486	1.711
0.527	0.483	0.483	0.488	0.378	0.396	0.378	0.371	0.432	1.731
0.53	0.488	0.486	0.481	0.381	0.393	0.378	0.366	0.388	1.741
0.532	0.491	0.486	0.476	0.378	0.391	0.381	0.366	0.369	1.731
0.537	0.486	0.483	0.476	0.386	0.391	0.383	0.366	0.364	1.68
0.537	0.481	0.481	0.479	0.386	0.388	0.383	0.369	0.366	1.609
0.532	0.481	0.481	0.479	0.378	0.388	0.386	0.371	0.366	1.509
0.532	0.483	0.483	0.481	0.376	0.393	0.381	0.369	0.371	1.357
0.532	0.486	0.483	0.474	0.378	0.396	0.378	0.366	0.374	1.211
0.535	0.483	0.486	0.474	0.378	0.391	0.378	0.364	0.374	1.152
0.537	0.479	0.486	0.474	0.381	0.388	0.381	0.361	0.374	1.047
0.615	0.479	0.483	0.479	0.381	0.388	0.383	0.364	0.371	1.003
0.845	0.479	0.481	0.483	0.381	0.393	0.381	0.366	0.378	0.925
1.121	0.481	0.481	0.483	0.381	0.393	0.381	0.369	0.376	0.842
1.218	0.481	0.483	0.479	0.381	0.393	0.378	0.366	0.374	0.703
1.204	0.486	0.486	0.476	0.378	0.4	0.383	0.366	0.371	0.601
1.23	0.483	0.486	0.474	0.378	0.391	0.386	0.366	0.369	0.564
1.306	0.479	0.486	0.479	0.381	0.386	0.383	0.366	0.369	0.515
1.379	0.479	0.486	0.479	0.374	0.391	0.383	0.369	0.371	0.481
1.438	0.476	0.486	0.481	0.369	0.391	0.383	0.371	0.371	0.442
1.47	0.481	0.488	0.479	0.371	0.396	0.386	0.369	0.371	0.444
1.494	0.486	0.488	0.481	0.378	0.408	0.388	0.364	0.366	0.4
1.523	0.483	0.483	0.483	0.378	0.464	0.386	0.366	0.366	0.381
1.541	0.483	0.483	0.491	0.376	0.903	0.386	0.366	0.369	0.371
1.548	0.483	0.483	0.491	0.376	2.461	0.383	0.369	0.369	0.366
1.538	0.483	0.486	0.483	0.378	2.905	0.378	0.366	0.376	0.369
1.492	0.486	0.488	0.486	0.4	2.822	0.381	0.364	0.378	0.371
1.382	0.486	0.486	0.483	0.537	2.817	0.383	0.361	0.374	0.371
1.252	0.481	0.486	0.483	0.908	2.964	0.383	0.359	0.371	0.369
1.145	0.479	0.481	0.486	1.221	3.167	0.383	0.364	0.376	0.369
1.094	0.481	0.481	0.488	1.353	3.308	0.381	0.364	0.376	0.366
1.064	0.483	0.483	0.486	1.384	3.508	0.378	0.364	0.376	0.369
1.006	0.483	0.486	0.483	1.399	3.569	0.378	0.364	0.371	0.371
0.969	0.486	0.491	0.479	1.443	3.574	0.378	0.359	0.371	0.371
0.916	0.483	0.486	0.481	1.56	3.579	0.381	0.359	0.371	0.371
0.876	0.483	0.486	0.481	1.653	3.552	0.391	0.364	0.369	0.369
0.84	0.483	0.486	0.483	1.697	3.503	0.383	0.366	0.374	0.369
0.771	0.486	0.488	0.483	1.689	3.435	0.376	0.369	0.376	0.371
0.649	0.493	0.488	0.483	1.685	3.235	0.374	0.361	0.374	0.374
0.586	0.493	0.491	0.486	1.685	2.91	0.376	0.359	0.371	0.374
0.542	0.488	0.491	0.488	1.685	2.419	0.381	0.356	0.371	0.369
0.515	0.481	0.488	0.488	1.653	1.985	0.378	0.361	0.371	0.369
0.52	0.479	0.486	0.491	1.653	1.631	0.374	0.364	0.374	0.371
0.513	0.488	0.486	0.486	1.609	1.309	0.369	0.364	0.376	0.374
0.52	0.488	0.488	0.51	1.523	1.223	0.369	0.361	0.374	0.374
0.522	0.488	0.488	0.82	1.357	1.152	0.374	0.361	0.371	0.374
0.525	0.483	0.488	3.159	1.238	1.038	0.376	0.359	0.369	0.371
0.527	0.486	0.5	3.613	1.125	0.859	0.376	0.364	0.374	0.366
0.527	0.481	0.508	2.6	1.042	0.854	0.376	0.364	0.371	0.369
0.527	0.483	0.703	2.305	1.047	0.813	0.374	0.364	0.374	0.369
0.532	0.488	1.196	2.271	0.916	0.627	0.378	0.364	0.378	0.371
0.549	0.491	2.048	2.266	0.872	0.493	0.376	0.361	0.369	0.371
0.562	0.491	2.305	2.29	0.82	0.444	0.378	0.361	0.369	0.369
0.564	0.488	2.28	2.292	0.686	0.425	0.386	0.364	0.369	0.369
0.562	0.488	2.261	2.285	0.627	0.469	0.376	0.366	0.374	0.366
0.559	0.488	2.288	2.275	0.515	0.469	0.374	0.364	0.374	0.369
0.554	0.493	2.28	2.297	0.466	0.474	0.374	0.364	0.374	0.371
0.559	0.493	2.219	2.271	0.452	0.471	0.376	0.359	0.371	0.371
0.544	0.491	2.168	2.253	0.457	0.415	0.378	0.359	0.371	0.371
0.532	0.488	2.156	2.197	0.457	0.393	0.376	0.361	0.371	0.366
0.53	0.488	2.158	1.882	0.464	0.391	0.371	0.364	0.374	0.369
0.53	0.491	2.168	1.519	0.466	0.391	0.371	0.369	0.376	0.369
0.532	0.491	2.205	1.287	0.469	0.396	0.371	0.361	0.371	0.371
0.537	0.488	2.212	1.157	0.466	0.393	0.376	0.361	0.371	0.371
0.537	0.488	2.173	1.003	0.454	0.388	0.378	0.364	0.369	0.376
0.54	0.486	2.075	0.967	0.41	0.386	0.381	0.364	0.369	0.369
0.532	0.483	1.951	0.896	0.388	0.386	0.378	0.366	0.376	0.364
0.535	0.488	1.741	0.771	0.381	0.393	0.374	0.366	0.374	0.371
0.535	0.488	1.531	0.625	0.381	0.393	0.378	0.364	0.374	0.369
0.54	0.486	1.343	0.549	0.383	0.396	0.371	0.361	0.369	0.369
0.542	0.483	1.199	0.527	0.383	0.388	0.374	0.364	0.369	0.366
0.542	0.481	1.06	0.527	0.388	0.388	0.376	0.366	0.366	0.364
0.54	0.476	0.994	0.544	0.386	0.391	0.374	0.369	0.369	0.361
0.537	0.479	0.935	0.54	0.386	0.393	0.371	0.369	0.371	0.366
0.54	0.483	0.798	0.54	0.383	0.393	0.374	0.364	0.364	0.369
0.544	0.486	0.701	0.527	0.386	0.393	0.376	0.361	0.366	0.366
0.544	0.483	0.586	0.491	0.388	0.391	0.376	0.376	0.364	0.366
0.54	0.483	0.54	0.483	0.388	0.391	0.376	0.366	0.366	0.364
0.537	0.483	0.527	0.479	0.386	0.391	0.376	0.366	0.369	0.366
0.54	0.488	0.515	0.474	0.386	0.391	0.371	0.366	0.371	0.369
0.535	0.493	0.522	0.474	0.383	0.393	0.369	0.361	0.369	0.369
0.54	0.496	0.53	0.471	0.388	0.393	0.374	0.359	0.366	0.366
0.542	0.493	0.535	0.474	0.386	0.388	0.374	0.361	0.366	0.364
0.542	0.491	0.527	0.476	0.391	0.391	0.374	0.364	0.366	0.361
0.537	0.496	0.508	0.481	0.381	0.393	0.374	0.366	0.369	0.359
0.537	0.493	0.486	0.486	0.381	0.393	0.371	0.366	0.369	0.364
0.54	0.498	0.483	0.479	0.378	0.393	0.374	0.361	0.371	0.364
0.547	0.5	0.481	0.476	0.383	0.393	0.374	0.361	0.366	0.364
0.547	0.493	0.479	0.479	0.388	0.388	0.378	0.361	0.364	0.366
0.547	0.493	0.479	0.481	0.391	0.391	0.376	0.366	0.369	0.361
0.542	0.491	0.474	0.481	0.388	0.393	0.376	0.366	0.371	0.361
0.54	0.493	0.476	0.476	0.386	0.398	0.374	0.364	0.371	0.366
0.542	0.498	0.474	0.474	0.383	0.398	0.374	0.364	0.364	0.366
0.542	0.496	0.479	0.476	0.381	0.396	0.381	0.361	0.364	0.369
0.544	0.496	0.474	0.471	0.386	0.391	0.383	0.364	0.359	0.366
0.542	0.491	0.471	0.474	0.388	0.391	0.381	0.366	0.371	0.366
0.54	0.493	0.471	0.476	0.386	0.391	0.376	0.381	0.398	0.364
0.537	0.496	0.471	0.474	0.386	0.393	0.374	0.486	0.437	0.366
0.535	0.498	0.474	0.474	0.386	0.396	0.371	0.93	0.981	0.366
0.537	0.498	0.476	0.474	0.391	0.396	0.376	1.384	2.729	0.366
0.535	0.498	0.476	0.474	0.393	0.391	0.378	1.482	3.076	0.361
0.527	0.493	0.476	0.476	0.396	0.422	0.376	1.528	2.473	0.359
0.527	0.491	0.474	0.479	0.396	0.415	0.374	1.599	2.246	0.359
0.525	0.493	0.479	0.479	0.391	0.4	0.376	1.685	2.505	0.361
0.53	0.496	0.479	0.476	0.386	0.396	0.376	1.731	2.749	0.366
0.535	0.496	0.481	0.474	0.391	0.391	0.378	1.75	2.778	0.366
0.535	0.493	0.481	0.471	0.393	0.388	0.381	1.772	2.827	0.361
0.535	0.488	0.479	0.474	0.391	0.386	0.376	1.78	2.859	0.361
0.532	0.493	0.474	0.479	0.391	0.381	0.378	1.765	2.852	0.361
0.527	0.491	0.476	0.476	0.386	0.383	0.374	1.775	2.791	0.364
0.527	0.491	0.476	0.474	0.383	0.381	0.378	1.792	2.632	0.366
0.525	0.491	0.476	0.476	0.388	0.381	0.378	1.777	2.449	0.364
0.527	0.486	0.479	0.479	0.388	0.378	0.378	1.802	2.244	0.361
0.525	0.486	0.474	0.479	0.388	0.378	0.378	1.821	2.051	0.361
0.525	0.488	0.476	0.479	0.383	0.381	0.374	1.797	1.843	0.361
0.525	0.51	0.479	0.476	0.388	0.388	0.369	1.648	1.643	0.369
0.53	0.552	0.479	0.476	0.386	0.388	0.371	1.465	1.484	0.366
0.527	1.221	0.479	0.474	0.386	0.391	0.371	1.199	1.331	0.364
0.527	2.727	0.479	0.471	0.388	0.386	0.378	1.067	1.238	0.364
0.532	2.556	0.474	0.479	0.383	0.386	0.378	0.928	1.118	0.364
0.53	1.99	0.474	0.481	0.388	0.383	0.378	0.916	1.025	0.361
0.53	1.794	0.474	0.483	0.386	0.388	0.374	0.874	1.001	0.364
0.532	1.785	0.479	0.476	0.383	0.391	0.376	0.781	0.83	0.369
0.535	1.865	0.479	0.479	0.381	0.386	0.378	0.769	0.647	0.369
0.535	1.909	0.476	0.476	0.386	0.388	0.376	0.688	0.53	0.366
0.532	1.936	0.474	0.479	0.391	0.386	0.378	0.576	0.479	0.366
0.53	1.963	0.474	0.481	0.383	0.388	0.378	0.464	0.471	0.366
0.53	1.953	0.476	0.481	0.383	0.391	0.376	0.427	0.471	0.369
0.53	1.89	0.476	0.479	0.381	0.393	0.383	0.403	0.488	0.371
0.53	1.755	0.476	0.479	0.386	0.396	0.381	0.396	0.505	0.369
0.532	1.626	0.476	0.479	0.388	0.391	0.381	0.386	0.515	0.364
0.532	1.448	0.474	0.486	0.391	0.388	0.381	0.391	0.454	0.364
0.532	1.27	0.471	0.483	0.386	0.386	0.378	0.391	0.403	0.361
0.53	1.145	0.469	0.486	0.383	0.393	0.378	0.388	0.388	0.366
0.53	1.091	0.474	0.479	0.398	0.396	0.376	0.391	0.386	0.371
0.53	0.984	0.476	0.476	0.4	0.396	0.388	0.369	0.376	0.369
0.532	0.83	0.476	0.474	0.393	0.391	0.43	0.361	0.376	0.369
0.532	0.725	0.474	0.476	0.388	0.388	1.069	0.366	0.378	0.364
0.535	0.596	0.471	0.483	0.388	0.393	2.91	0.366	0.381	0.366
0.537	0.547	0.474	0.483	0.4	0.396	2.561	0.371	0.381	0.366
0.537	0.549	0.476	0.476	0.403	0.396	2.031	0.364	0.378	0.369
0.535	0.54	0.483	0.466	0.4	0.393	1.987	0.361	0.376	0.369
0.535	0.532	0.479	0.459	0.405	0.393	2.175	0.361	0.376	0.364
0.535	0.537	0.476	0.459	0.408	0.391	2.424	0.366	0.376	0.364
0.532	0.535	0.474	0.464	0.405	0.393	2.524	0.371	0.381	0.366
0.532	0.527	0.474	0.459	0.403	0.396	2.529	0.366	0.383	0.366
0.53	0.505	0.479	0.461	0.4	0.396	2.542	0.364	0.378	0.366
0.53	0.491	0.479	0.459	0.403	0.393	2.51	0.361	0.369	0.369
0.532	0.486	0.483	0.457	0.408	0.391	2.5	0.364	0.369	0.369
0.53	0.481	0.476	0.461	0.408	0.391	2.395	0.364	0.371	0.366
0.53	0.481	0.474	0.461	0.405	0.391	2.175	0.366	0.374	0.366
0.527	0.486	0.476	0.459	0.405	0.391	1.87	0.364	0.371	0.369
0.53	0.491	0.479	0.454	0.403	0.393	1.606	0.361	0.371	0.403
0.532	0.491	0.479	0.449	0.405	0.393	1.357	0.361	0.369	0.771
0.537	0.488	0.479	0.457	0.405	0.391	1.177	0.364	0.366	2.62
0.535	0.483	0.476	0.457	0.408	0.388	1.094	0.366	0.369	2.869
0.532	0.481	0.471	0.461	0.405	0.391	0.989	0.369	0.374	1.802
0.527	0.481	0.471	0.459	0.408	0.391	1.008	0.369	0.378	1.465
0.527	0.486	0.476	0.457	0.413	0.393	1.028	0.366	0.376	1.667
0.53	0.488	0.476	0.454	0.41	0.396	0.959	0.364	0.374	2.251
0.53	0.486	0.476	0.457	0.41	0.396	0.916	0.364	0.366	2.48
0.53	0.486	0.476	0.459	0.41	0.396	0.828	0.366	0.369	2.522
0.525	0.486	0.476	0.459	0.408	0.398	0.691	0.369	0.369	2.537
0.522	0.483	0.486	0.461	0.41	0.403	0.61	0.366	0.374	2.512
0.527	0.488	0.496	0.457	0.41	0.403	0.54	0.361	0.369	2.341
0.53	0.491	0.505	0.454	0.413	0.4	0.469	0.359	0.369	2.2
0.53	0.483	0.51	0.454	0.417	0.396	0.447	0.356	0.364	2.097
0.527	0.486	0.508	0.459	0.42	0.391	0.432	0.364	0.366	1.943
0.525	0.483	0.503	0.459	0.417	0.388	0.417	0.364	0.369	1.729
0.522	0.486	0.496	0.457	0.415	0.393	0.425	0.366	0.371	1.548
0.52	0.488	0.486	0.457	0.415	0.393	0.447	0.361	0.371	1.46
0.525	0.486	0.481	0.452	0.42	0.393	0.461	0.359	0.366	1.348
0.53	0.481	0.479	0.452	0.422	0.391	0.461	0.356	0.366	1.216
0.532	0.481	0.479	0.452	0.422	0.386	0.42	0.361	0.369	0.989
0.535	0.479	0.481	0.459	0.417	0.386	0.393	0.364	0.371	0.935
0.532	0.479	0.498	0.454	0.415	0.391	0.386	0.366	0.371	0.952
0.535	0.483	0.53	0.454	0.417	0.393	0.388	0.364	0.364	0.92
0.535	0.483	0.627	0.454	0.42	0.391	0.388	0.364	0.364	0.835
0.532	0.483	0.679	0.461	0.42	0.388	0.391	0.366	0.366	0.747
0.53	0.479	0.684	0.461	0.42	0.386	0.391	0.366	0.366	0.596
0.53	0.476	0.698	0.459	0.42	0.388	0.386	0.366	0.371	0.483
0.527	0.481	0.701	0.459	0.42	0.388	0.386	0.369	0.374	0.444
0.53	0.479	0.698	0.459	0.417	0.391	0.388	0.364	0.371	0.432
0.535	0.481	0.718	0.459	0.417	0.391	0.391	0.361	0.369	0.422
0.53	0.481	0.762	0.464	0.413	0.386	0.391	0.361	0.369	0.42
0.527	0.479	0.762	0.461	0.41	0.383	0.388	0.364	0.369	0.435
0.522	0.483	0.757	0.464	0.405	0.386	0.388	0.364	0.371	0.444
0.52	0.481	0.762	0.464	0.4	0.391	0.383	0.361	0.374	0.417
0.522	0.481	0.774	0.461	0.398	0.393	0.383	0.356	0.371	0.396
0.522	0.481	0.786	0.459	0.403	0.393	0.388	0.356	0.369	0.376
0.527	0.476	0.786	0.461	0.408	0.388	0.386	0.364	0.378	0.371
0.52	0.471	0.781	0.466	0.408	0.386	0.383	0.361	0.376	0.371
0.522	0.471	0.764	0.469	0.403	0.388	0.381	0.364	0.391	0.366
0.522	0.474	0.757	0.464	0.4	0.391	0.378	0.364	0.391	0.371
0.522	0.479	0.75	0.459	0.4	0.393	0.376	0.361	0.383	0.374
0.525	0.481	0.703	0.457	0.393	0.393	0.381	0.359	0.381	0.374
0.527	0.476	0.671	0.459	0.393	0.391	0.383	0.359	0.374	0.376
0.525	0.474	0.637	0.459	0.393	0.391	0.383	0.361	0.371	0.374
0.532	0.479	0.583	0.469	0.393	0.391	0.383	0.364	0.374	0.374
0.581	0.481	0.527	0.471	0.391	0.396	0.383	0.364	0.374	0.381
1.426	0.483	0.515	0.474	0.403	0.396	0.381	0.359	0.371	0.381
3.291	0.486	0.515	0.476	0.488	0.393	0.381	0.359	0.371	0.376
2.427	0.479	0.518	0.481	0.82	0.391	0.383	0.361	0.374	0.376
1.68	0.481	0.508	0.481	1.101	0.391	0.383	0.376	0.376	0.374
1.555	0.479	0.496	0.481	0.901	0.393	0.381	0.383	0.376	0.374
1.638	0.481	0.496	0.481	0.828	0.396	0.376	0.391	0.378	0.376
1.772	0.486	0.496	0.474	0.803	0.4	0.378	0.388	0.376	0.378
1.841	0.491	0.496	0.481	0.811	0.396	0.386	0.369	0.374	0.378
1.858	0.486	0.498	0.479	0.818	0.393	0.383	0.364	0.371	0.376
1.863	0.483	0.493	0.486	0.811	0.396	0.381	0.364	0.371	0.374
1.846	0.483	0.493	0.488	0.793	0.391	0.378	0.364	0.374	0.374
1.799	0.488	0.491	0.483	0.762	0.393	0.378	0.364	0.374	0.376
1.699	0.491	0.496	0.479	0.737	0.393	0.378	0.361	0.374	0.378
1.57	0.491	0.496	0.476	0.723	0.391	0.381	0.359	0.371	0.378
1.453	0.486	0.491	0.476	0.71	0.393	0.383	0.359	0.371	0.376
1.292	0.486	0.483	0.476	0.659	0.391	0.383	0.361	0.369	0.374
1.23	0.486	0.486	0.474	0.586	0.393	0.378	0.364	0.376	0.374
1.138	0.488	0.488	0.469	0.569	0.388	0.381	0.361	0.374	0.376
1.106	0.493	0.491	0.471	0.532	0.391	0.381	0.359	0.371	0.381
1.138	0.496	0.491	0.469	0.5	0.391	0.381	0.356	0.369	0.381
1.045	0.498	0.488	0.474	0.481	0.391	0.381	0.349	0.371	0.376
0.896	0.491	0.488	0.476	0.432	0.391	0.378	0.359	0.374	0.374
0.752	0.488	0.486	0.474	0.398	0.388	0.378	0.361	0.378	0.374
0.623	0.493	0.491	0.474	0.388	0.393	0.376	0.359	0.383	0.378
0.586	0.493	0.496	0.476	0.386	0.393	0.376	0.359	0.381	0.381
0.586	0.498	0.496	0.479	0.417	0.388	0.386	0.356	0.376	0.378
0.576	0.496	0.496	0.459	0.415	0.388	0.386	0.361	0.371	0.378
0.562	0.493	0.493	0.469	0.405	0.386	0.383	0.361	0.371	0.376
0.564	0.496	0.493	0.464	0.388	0.391	0.383	0.361	0.374	0.376
0.562	0.498	0.498	0.459	0.386	0.391	0.381	0.364	0.374	0.378
0.557	0.5	0.5	0.454	0.388	0.393	0.381	0.361	0.378	0.381
0.527	0.5	0.5	0.454	0.391	0.388	0.386	0.359	0.381	0.381
0.508	0.498	0.498	0.452	0.391	0.388	0.388	0.356	0.381	0.376
0.5	0.493	0.496	0.457	0.391	0.386	0.388	0.361	0.383	0.376
0.5	0.493	0.498	0.459	0.383	0.391	0.383	0.361	0.386	0.376
0.508	0.498	0.498	0.457	0.381	0.393	0.386	0.359	0.383	0.378
0.513	0.5	0.5	0.452	0.383	0.393	0.388	0.359	0.386	0.378
0.518	0.5	0.503	0.466	0.386	0.391	0.388	0.381	0.383	0.378
0.518	0.503	0.5	0.537	0.386	0.391	0.388	0.452	0.383	0.376
0.51	0.496	0.5	1.68	0.386	0.388	0.391	0.947	0.386	0.376
0.51	0.491	0.498	2.3	0.383	0.391	0.383	0.913	0.388	0.376
0.51	0.493	0.498	1.492	0.383	0.393	0.383	0.862	0.388	0.378
0.51	0.498	0.503	1.326	0.383	0.393	0.383	0.864	0.386	0.378
0.513	0.491	0.5	1.348	0.386	0.391	0.386	0.881	0.383	0.381
0.52	0.491	0.5	1.382	0.386	0.391	0.386	0.894	0.381	0.378
0.513	0.486	0.5	1.418	0.386	0.388	0.383	0.947	0.383	0.374
0.51	0.491	0.503	1.514	0.383	0.391	0.381	1.072	0.388	0.371
0.51	0.493	0.5	1.553	0.381	0.393	0.381	1.106	0.391	0.376
0.51	0.496	0.505	1.565	0.381	0.393	0.383	1.108	0.383	0.378
0.513	0.493	0.505	1.567	0.383	0.393	0.391	1.118	0.386	0.378
0.518	0.491	0.503	1.506	0.386	0.391	0.403	1.106	0.386	0.374
0.515	0.488	0.5	1.438	0.388	0.388	0.408	1.089	0.391	0.374
0.515	0.491	0.5	1.357	0.383	0.391	0.405	1.062	0.408	0.374
0.513	0.488	0.503	1.255	0.381	0.393	0.405	1.018	0.491	0.374
0.513	0.493	0.505	1.157	0.381	0.393	0.403	0.986	0.601	0.376
0.513	0.498	0.505	1.055	0.383	0.391	0.408	0.867	0.564	0.378
0.513	0.493	0.5	0.937	0.386	0.388	0.41	0.73	0.564	0.376
0.51	0.493	0.5	0.867	0.391	0.386	0.41	0.608	0.569	0.374
0.508	0.63	0.498	0.747	0.386	0.388	0.403	0.583	0.574	0.374
0.508	1.846	0.498	0.703	0.383	0.393	0.403	0.532	0.571	0.376
0.513	1.34	0.5	0.642	0.383	0.391	0.405	0.488	0.564	0.378
0.515	1.05	0.498	0.552	0.386	0.391	0.405	0.444	0.564	0.376
0.515	0.962	0.498	0.537	0.388	0.393	0.41	0.449	0.564	0.376
0.518	0.94	0.498	0.559	0.388	0.391	0.408	0.466	0.557	0.371
0.51	0.93	0.496	0.554	0.386	0.391	0.408	0.461	0.562	0.374
0.508	0.928	0.496	0.52	0.381	0.393	0.405	0.449	0.547	0.376
0.51	0.947	0.498	0.505	0.381	0.391	0.413	0.457	0.54	0.378
0.51	0.962	0.496	0.5	0.383	0.388	0.415	0.442	0.53	0.376
0.515	0.95	0.491	0.491	0.388	0.386	0.417	0.444	0.513	0.376
0.522	0.933	0.481	0.488	0.388	0.388	0.413	0.444	0.476	0.376
0.518	0.884	0.476	0.486	0.388	0.388	0.42	0.447	0.459	0.376
0.515	0.808	0.479	0.483	0.388	0.388	0.447	0.444	0.454	0.378
0.508	0.784	0.479	0.486	0.393	0.491	0.569	0.444	0.454	0.378
0.518	0.75	0.476	0.483	0.393	1.76	0.903	0.442	0.422	0.383
0.522	0.679	0.479	0.483	0.398	1.326	0.942	0.442	0.4	0.378
0.518	0.62	0.474	0.466	0.398	0.896	0.894	0.444	0.388	0.374
0.513	0.583	0.471	0.459	0.405	0.823	0.898	0.444	0.386	0.374
0.51	0.576	0.476	0.459	0.417	0.842	0.913	0.437	0.386	0.378
0.51	0.581	0.476	0.454	0.425	0.837	0.92	0.425	0.398	0.378
0.515	0.574	0.476	0.454	0.427	0.83	0.925	0.42	0.417	0.378
0.518	0.571	0.486	0.457	0.435	0.83	0.906	0.422	0.403	0.374
0.518	0.564	0.479	0.459	0.437	0.823	0.894	0.42	0.391	0.374
0.518	0.557	0.476	0.457	0.432	0.825	0.889	0.422	0.391	0.383
0.515	0.554	0.486	0.454	0.422	0.833	0.881	0.42	0.388	0.381
0.515	0.559	0.486	0.454	0.42	0.825	0.886	0.42	0.383	0.41
0.518	0.552	0.486	0.457	0.425	0.815	0.884	0.403	0.383	0.483
0.52	0.547	0.483	0.459	0.427	0.803	0.857	0.417	0.381	0.615
0.518	0.537	0.483	0.461	0.425	0.791	0.837	0.422	0.386	0.764
0.52	0.537	0.481	0.461	0.422	0.776	0.818	0.425	0.388	0.786
0.52	0.542	0.483	0.459	0.415	0.752	0.73	0.422	0.386	0.811
0.513	0.537	0.483	0.457	0.417	0.688	0.625	0.42	0.381	0.835
0.515	0.52	0.486	0.457	0.422	0.623	0.618	0.42	0.381	0.847
0.513	0.515	0.483	0.459	0.42	0.549	0.598	0.422	0.376	0.825
0.503	0.508	0.486	0.457	0.417	0.5	0.53	0.422	0.378	0.837
0.505	0.51	0.486	0.459	0.422	0.483	0.479	0.425	0.381	0.847
0.508	0.513	0.486	0.454	0.42	0.459	0.469	0.42	0.381	0.854
0.508	0.513	0.488	0.452	0.42	0.444	0.459	0.42	0.376	0.869
0.51	0.515	0.486	0.452	0.417	0.417	0.432	0.42	0.376	0.842
0.515	0.496	0.483	0.449	0.403	0.425	0.427	0.42	0.374	0.828
0.515	0.481	0.481	0.454	0.393	0.444	0.427	0.425	0.374	0.83
0.515	0.479	0.481	0.454	0.386	0.42	0.403	0.427	0.376	0.813
0.513	0.479	0.486	0.452	0.383	0.415	0.378	0.425	0.376	0.771
0.52	0.486	0.486	0.449	0.388	0.413	0.371	0.427	0.371	0.72
0.518	0.483	0.488	0.452	0.388	0.408	0.371	0.427	0.376	0.635
0.513	0.483	0.488	0.454	0.391	0.405	0.374	0.432	0.376	0.586
0.513	0.481	0.486	0.454	0.388	0.408	0.378	0.437	0.374	0.525
0.503	0.481	0.486	0.454	0.386	0.41	0.371	0.439	0.381	0.532
0.503	0.481	0.488	0.452	0.388	0.41	0.364	0.435	0.383	0.513
0.508	0.486	0.493	0.452	0.386	0.403	0.361	0.427	0.383	0.476
0.51	0.483	0.491	0.449	0.386	0.391	0.369	0.415	0.381	0.432
0.513	0.483	0.488	0.449	0.391	0.388	0.376	0.413	0.378	0.41
0.505	0.479	0.486	0.454	0.391	0.386	0.374	0.413	0.381	0.393
0.505	0.479	0.481	0.457	0.388	0.391	0.369	0.41	0.383	0.383
0.505	0.479	0.491	0.457	0.393	0.398	0.371	0.405	0.383	0.396
0.508	0.481	0.486	0.449	0.396	0.396	0.371	0.403	0.378	0.383
0.508	0.479	0.491	0.449	0.4	0.391	0.378	0.405	0.378	0.378
0.51	0.476	0.493	0.452	0.408	0.391	0.381	0.408	0.378	0.381
0.505	0.474	0.486	0.454	0.415	0.391	0.378	0.413	0.374	0.381
0.505	0.476	0.483	0.449	0.413	0.4	0.374	0.41	0.381	0.378
0.5	0.481	0.488	0.449	0.408	0.396	0.371	0.408	0.383	0.381
0.498	0.486	0.491	0.454	0.408	0.396	0.376	0.403	0.381	0.381
0.498	0.493	0.498	0.454	0.405	0.396	0.378	0.403	0.376	0.378
0.5	0.488	0.493	0.452	0.403	0.393	0.378	0.408	0.376	0.378
0.498	0.486	0.493	0.449	0.4	0.393	0.378	0.41	0.378	0.376
0.496	0.486	0.493	0.452	0.4	0.391	0.376	0.41	0.381	0.376
0.488	0.488	0.493	0.447	0.396	0.396	0.376	0.405	0.381	0.378
0.493	0.488	0.496	0.447	0.393	0.4	0.378	0.408	0.391	0.378
0.5	0.488	0.496	0.444	0.393	0.403	0.378	0.405	0.393	0.383
0.503	0.486	0.491	0.444	0.393	0.405	0.378	0.408	0.398	0.376
0.5	0.481	0.491	0.447	0.383	0.41	0.376	0.41	0.398	0.374
0.508	0.479	0.491	0.449	0.388	0.405	0.376	0.413	0.403	0.376
0.508	0.481	0.491	0.444	0.386	0.405	0.376	0.408	0.403	0.376
0.51	0.483	0.493	0.437	0.388	0.403	0.374	0.408	0.396	0.381
0.513	0.486	0.496	0.439	0.388	0.4	0.381	0.405	0.381	0.381
0.515	0.488	0.535	0.444	0.391	0.398	0.381	0.408	0.376	0.376
0.605	0.486	0.613	0.449	0.391	0.393	0.381	0.41	0.378	0.374
1.233	0.488	0.752	0.449	0.386	0.396	0.374	0.41	0.381	0.374
1.44	0.491	1.04	0.449	0.383	0.396	0.374	0.415	0.381	0.378
1.162	0.491	1.003	0.459	0.383	0.396	0.376	0.405	0.378	0.381
1.125	0.488	0.952	0.464	0.388	0.393	0.376	0.403	0.376	0.381
1.255	0.486	0.957	0.471	0.388	0.393	0.376	0.396	0.376	0.378
1.306	0.486	0.947	0.461	0.391	0.393	0.376	0.398	0.376	0.376
1.357	0.488	0.923	0.449	0.386	0.398	0.371	0.391	0.381	0.376
1.416	0.488	0.945	0.442	0.378	0.4	0.371	0.381	0.381	0.381
1.462	0.488	1.035	0.442	0.381	0.403	0.371	0.371	0.381	0.381
1.487	0.488	1.062	0.442	0.381	0.398	0.374	0.369	0.376	0.381
1.467	0.486	1.06	0.442	0.388	0.396	0.376	0.366	0.376	0.376
1.421	0.483	1.008	0.447	0.388	0.4	0.371	0.371	0.376	0.374
1.345	0.488	0.986	0.449	0.386	0.403	0.374	0.371	0.381	0.376
1.306	0.493	1.008	0.449	0.383	0.403	0.369	0.374	0.381	0.378
1.235	0.493	1.025	0.444	0.381	0.4	0.371	0.369	0.381	0.381
1.145	0.488	1.035	0.444	0.383	0.398	0.374	0.366	0.378	0.381
1.064	0.483	1.018	0.449	0.383	0.396	0.374	0.366	0.381	0.378
0.925	0.481	0.937	0.454	0.383	0.396	0.371	0.369	0.378	0.374
0.796	0.483	0.894	0.457	0.378	0.396	0.371	0.371	0.381	0.374
0.742	0.491	0.869	0.454	0.378	0.398	0.371	0.364	0.381	0.376
0.762	0.486	0.862	0.452	0.378	0.4	0.371	0.364	0.381	0.378
0.737	0.488	0.833	0.452	0.383	0.398	0.376	0.364	0.378	0.381
0.657	0.481	0.833	0.454	0.383	0.393	0.376	0.364	0.376	0.378
0.581	0.479	0.752	0.454	0.391	0.393	0.374	0.369	0.378	0.376
0.549	0.481	0.652	0.459	0.425	0.393	0.374	0.369	0.381	0.376
0.544	0.481	0.593	0.454	0.608	0.393	0.374	0.366	0.378	0.378
0.554	0.486	0.566	0.449	1.399	0.398	0.378	0.366	0.378	0.383
0.544	0.488	0.552	0.447	1.011	0.393	0.383	0.364	0.376	0.386
0.542	0.488	0.537	0.452	0.894	0.393	0.383	0.366	0.381	0.383
0.532	0.488	0.537	0.457	0.886	0.391	0.381	0.366	0.391	0.381
0.527	0.488	0.549	0.454	0.898	0.393	0.381	0.366	0.391	0.381
0.525	0.488	0.535	0.454	0.962	0.396	0.374	0.369	0.393	0.383
0.527	0.488	0.488	0.452	1.194	0.4	0.378	0.364	0.388	0.383
0.53	0.488	0.476	0.452	1.326	0.398	0.381	0.366	0.386	0.381
0.532	0.483	0.464	0.452	1.384	0.393	0.381	0.364	0.388	0.378
0.535	0.483	0.459	0.454	1.384	0.396	0.381	0.369	0.388	0.376
0.532	0.488	0.464	0.452	1.377	0.398	0.376	0.369	0.386	0.376
0.53	0.488	0.466	0.449	1.34	0.403	0.376	0.369	0.388	0.378
0.535	0.488	0.476	0.447	1.27	0.405	0.376	0.369	0.391	0.381
0.532	0.488	0.474	0.447	1.233	0.403	0.374	0.366	0.388	0.378
0.535	0.483	0.476	0.447	1.177	0.4	0.376	0.369	0.383	0.378
0.527	0.481	0.469	0.454	1.018	0.4	0.376	0.369	0.391	0.374
0.527	0.486	0.469	0.454	0.842	0.403	0.371	0.371	0.393	0.374
0.5	0.488	0.474	0.454	0.796	0.405	0.369	0.369	0.396	0.376
0.498	0.513	0.476	0.452	0.764	0.408	0.371	0.366	0.391	0.378
0.498	0.664	0.476	0.452	0.72	0.405	0.374	0.374	0.388	0.381
0.5	0.735	0.476	0.454	0.676	0.4	0.376	0.405	0.391	0.376
0.5	0.898	0.474	0.457	0.637	0.403	0.371	0.674	0.391	0.374
0.493	1.062	0.471	0.454	0.566	0.408	0.369	1.47	0.396	0.376
0.486	1.057	0.479	0.454	0.525	0.41	0.369	1.067	0.396	0.378
0.486	1.028	0.479	0.454	0.518	0.405	0.371	0.879	0.396	0.381
0.488	1.042	0.479	0.454	0.508	0.408	0.374	0.994	0.393	0.378
0.505	1.079	0.474	0.457	0.503	0.405	0.376	1.143	0.391	0.376
0.51	1.23	0.469	0.461	0.476	0.403	0.371	1.177	0.388	0.374
0.503	1.299	0.466	0.464	0.466	0.41	0.371	1.25	0.386	0.374
0.498	1.316	0.471	0.461	0.481	0.413	0.371	1.384	0.383	0.378
0.503	1.328	0.474	0.459	0.479	0.413	0.366	1.448	0.383	0.378
0.51	1.36	0.471	0.457	0.459	0.41	0.371	1.465	0.378	0.378
0.508	1.377	0.464	0.459	0.449	0.405	0.369	1.489	0.371	0.376
0.51	1.348	0.459	0.459	0.447	0.403	0.371	1.487	0.374	0.376
0.51	1.277	0.461	0.459	0.447	0.4	0.369	1.475	0.376	0.374
0.51	1.204	0.469	0.459	0.447	0.405	0.366	1.421	0.378	0.376
0.51	1.072	0.469	0.457	0.444	0.405	0.369	1.313	0.376	0.376
0.513	0.933	0.469	0.457	0.447	0.4	0.371	1.182	0.374	0.378
0.508	0.884	0.466	0.459	0.447	0.4	0.374	0.994	0.371	0.374
0.503	0.842	0.471	0.461	0.444	0.388	0.371	0.869	0.374	0.371
0.5	0.806	0.474	0.461	0.444	0.391	0.369	0.791	0.378	0.374
0.5	0.723	0.476	0.459	0.439	0.396	0.364	0.764	0.378	0.376
0.5	0.637	0.476	0.457	0.439	0.396	0.366	0.723	0.374	0.378
0.508	0.571	0.474	0.457	0.442	0.396	0.371	0.649	0.371	0.378
0.508	0.542	0.466	0.459	0.447	0.393	0.374	0.547	0.371	0.376
0.51	0.527	0.464	0.464	0.444	0.393	0.369	0.505	0.371	0.371
0.508	0.527	0.464	0.466	0.437	0.393	0.366	0.488	0.374	0.376
0.508	0.515	0.471	0.464	0.437	0.396	0.366	0.483	0.374	0.376
0.508	0.498	0.479	0.461	0.442	0.4	0.369	0.479	0.371	0.376
0.508	0.51	0.518	0.459	0.449	0.393	0.371	0.459	0.369	0.376
0.503	0.515	0.725	0.461	0.483	0.393	0.371	0.43	0.371	0.374
0.508	0.486	0.85	0.464	0.493	0.396	0.369	0.427	0.371	0.371
0.513	0.479	0.923	0.464	0.601	0.398	0.364	0.454	0.371	0.366
0.513	0.483	0.891	0.464	0.857	0.403	0.366	0.435	0.371	0.376
0.51	0.486	0.869	0.459	0.869	0.403	0.364	0.417	0.371	0.376
0.52	0.486	0.872	0.461	0.742	0.383	0.369	0.413	0.369	0.366
0.52	0.481	0.85	0.461	0.718	0.396	0.374	0.415	0.369	0.364
0.508	0.476	0.82	0.461	0.725	0.398	0.366	0.42	0.371	0.364
0.508	0.476	0.793	0.466	0.72	0.403	0.366	0.427	0.374	0.364
0.508	0.479	0.801	0.464	0.859	0.403	0.366	0.42	0.381	0.366
0.51	0.483	0.813	0.461	0.991	0.4	0.369	0.427	0.415	0.369
0.513	0.479	0.806	0.459	1.057	0.398	0.371	0.427	0.576	0.369
0.513	0.476	0.793	0.459	1.113	0.396	0.374	0.43	1.135	0.374
0.513	0.474	0.786	0.459	1.133	0.396	0.374	0.432	0.815	0.378
0.508	0.476	0.784	0.459	1.145	0.398	0.369	0.43	0.723	0.417
0.508	0.483	0.767	0.457	1.15	0.403	0.371	0.43	0.696	0.493
0.51	0.491	0.75	0.452	1.155	0.405	0.374	0.427	0.723	0.762
0.513	0.488	0.732	0.452	1.147	0.4	0.376	0.439	0.71	1.096
0.515	0.483	0.696	0.449	1.106	0.396	0.376	0.437	0.754	0.962
0.518	0.479	0.681	0.452	1.094	0.398	0.378	0.415	0.762	0.859
0.515	0.481	0.667	0.454	1.089	0.4	0.374	0.503	0.789	0.852
0.518	0.483	0.674	0.452	1.089	0.403	0.374	0.559	0.806	0.937
0.522	0.486	0.684	0.449	1.067	0.4	0.374	0.586	0.767	1.099
0.522	0.488	0.684	0.452	0.94	0.398	0.378	0.61	0.747	1.196
0.525	0.483	0.671	0.486	0.752	0.396	0.378	0.605	0.74	1.235
0.52	0.483	0.657	2.3	0.623	0.398	0.376	0.586	0.725	1.223
0.518	0.486	0.632	2.395	0.601	0.4	0.371	0.581	0.698	1.213
0.51	0.486	0.632	2.031	0.583	0.403	0.374	0.591	0.674	1.238
0.496	0.491	0.62	2.09	0.571	0.405	0.371	0.61	0.613	1.279
0.486	0.493	0.618	2.395	0.557	0.4	0.374	0.625	0.579	1.316
0.483	0.488	0.62	2.6	0.547	0.396	0.371	0.63	0.557	1.309
0.483	0.488	0.598	2.903	0.535	0.393	0.371	0.635	0.535	1.248
0.483	0.488	0.544	3.186	0.515	0.393	0.369	0.632	0.505	1.104
0.479	0.493	0.54	3.267	0.491	0.396	0.369	0.615	0.527	0.947
0.483	0.493	0.54	3.364	0.427	0.403	0.369	0.601	0.476	0.857
0.488	0.493	0.549	3.403	0.398	0.396	0.371	0.603	0.452	0.781
0.493	0.488	0.537	3.347	0.388	0.391	0.371	0.605	0.435	0.796
0.488	0.488	0.518	3.284	0.383	0.393	0.366	0.61	0.437	0.764
0.481	0.486	0.52	3.23	0.378	0.398	0.364	0.613	0.449	0.706
0.483	0.483	0.522	3.074	0.378	0.396	0.361	0.613	0.442	0.688
0.486	0.491	0.527	2.747	0.391	0.393	0.391	0.598	0.432	0.659
0.488	0.488	0.508	2.395	0.41	0.391	0.464	0.591	0.425	0.625
0.486	0.488	0.483	2.112	0.417	0.388	1.494	0.583	0.4	0.544
0.483	0.483	0.474	1.729	0.42	0.386	1.726	0.576	0.4	0.503
0.481	0.486	0.471	1.399	0.393	0.393	1.133	0.559	0.403	0.469
0.476	0.488	0.474	1.101	0.378	0.398	1.096	0.549	0.403	0.454
0.476	0.491	0.476	0.923	0.376	0.427	1.262	0.54	0.386	0.444
0.479	0.498	0.479	0.779	0.378	0.454	1.392	0.535	0.383	0.447
0.476	0.496	0.476	0.649	0.381	0.615	1.479	0.532	0.378	0.427
0.518	0.493	0.474	0.549	0.383	0.918	1.685	0.505	0.378	0.396
0.579	0.491	0.471	0.496	0.381	0.806	1.841	0.471	0.376	0.386
0.598	0.493	0.474	0.503	0.378	0.779	1.936	0.454	0.376	0.393
0.718	0.496	0.479	0.486	0.388	0.784	2.031	0.415	0.376	0.396
0.84	0.498	0.479	0.5	0.383	0.769	2.026	0.381	0.371	0.369
1.028	0.496	0.474	0.537	0.386	0.776	1.885	0.383	0.371	0.359
1.069	0.496	0.469	0.527	0.378	0.764	1.707	0.393	0.374	0.359
1.033	0.5	0.461	0.491	0.381	0.786	1.55	0.405	0.378	0.359
1.038	0.53	0.466	0.476	0.378	0.796	1.406	0.41	0.378	0.359
0.999	0.579	0.469	0.474	0.378	0.813	1.27	0.405	0.374	0.361
0.93	0.786	0.466	0.476	0.383	0.823	1.147	0.381	0.374	0.366
0.903	1.03	0.464	0.474	0.383	0.806	1.042	0.371	0.371	0.366
0.901	1.057	0.461	0.474	0.383	0.781	0.947	0.371	0.376	0.361
0.886	1.218	0.464	0.464	0.378	0.769	0.786	0.371	0.378	0.364
0.891	1.27	0.469	0.459	0.376	0.745	0.693	0.369	0.378	0.366
0.894	1.328	0.469	0.459	0.378	0.706	0.649	0.369	0.376	0.369
0.896	1.511	0.474	0.459	0.413	0.708	0.637	0.366	0.374	0.369
0.884	1.667	0.469	0.457	0	0.691	0.62	0.371	0.374	0.371
0.859	1.819	0.469	0.464	0	0.684	0.562	0.371	0.378	0.413
0.845	1.887	0.471	0.461	0	0.625	0.515	0.374	0.383	0.427
0.84	1.946	0.474	0.466	0	0.544	0.498	0.374	0.383	0.439
0.83	1.985	0.476	0.459	0	0.491	0.491	0.371	0.383	0.459
0.808	1.997	0.476	0.464	0	0.491	0.481	0.369	0.378	0.623
0.801	1.978	0.471	0.471	0	0.493	0.479	0.374	0.405	0.793
0.759	1.963	0.469	0.476	0	0.479	0.452	0.371	0.408	0.906
0.676	1.926	0.469	0.5	0	0.464	0.447	0.374	0.525	0.854
0.632	1.812	0.471	0.476	0	0.439	0.452	0.371	0.713	0.728
0.583	1.482	0.474	0.542	0	0.425	0.427	0.371	1.455	0.684
0.574	1.272	0.474	0.74	0	0.425	0.422	0.396	1.465	0.684
0.552	1.062	0.479	0.947	0	0.435	0.425	0.417	1.436	0.679
0.552	0.859	0.486	1.079	0	0.439	0.422	0	1.504	0.667
0.537	0.774	0	1.084	0	0.42	0.425	0	1.704	0.667
0.547	0.747	0	1.101	0	0.413	0.425	0	1.819	0.669
0.549	0.715	0	1.187	0	0.415	0.425	0	1.995	0.669
0.525	0.688	0	1.35	0	0.408	0.493	0	2.1	0.662
0.496	0.669	0	1.458	0	0.408	0.527	0	2.17	0.649
0.488	0.652	0	1.594	0	0.408	0.53	0	2.185	0.647
0.481	0.64	0	1.65	0	0.408	0.591	0	2.205	0.652
0.476	0.637	0	1.677	0	0.41	0.798	0	2.207	0.662
0.481	0.632	0	1.697	0	0.408	0.937	0	2.185	0.679
0.491	0.581	0	1.692	0	0.405	0.933	0	2.068	0.686
0.496	0.542	0	1.707	0	0.405	0.801	0	1.873	0.684
0.488	0.53	0	1.667	0	0.408	0.757	0	1.58	0.679
0.486	0.527	0	1.572	0	0.413	0.725	0	1.292	0.671
0.488	0.527	0	1.372	0	0.415	0.796	0	1.028	0.615
0.486	0.53	0	1.177	0	0.415	0.923	0	0.781	0.571
0.491	0.535	0	1.052	0	0.417	1.008	0	0.686	0.549
0.493	0.532	0	0.979	0	0.413	1.062	0	0.659	0.532
0.486	0.53	0	0.798	0	0.413	1.096	0	0.654	0.552
0.483	0.503	0	0.667	0	0.413	1.104	0	0.64	0.574
0.476	0.498	0	0.618	0	0.415	1.111	0	0.608	0.566
0.476	0.498	0	0.61	0	0.41	1.121	0	0.591	0.544
0.474	0.498	0	0.613	0	0.408	1.145	0	0.564	0.5
0.476	0.498	0	0.618	0	0.408	1.143	0	0.544	0.479
0.476	0.493	0	0.62	0	0.405	1.135	0	0.505	0.486
0.474	0.498	0	0.618	0	0.41	1.104	0	0.437	0.464
0.476	0.498	0	0.61	0	0.41	1.104	0	0.417	0.42
0.481	0.5	0	0.591	0	0.405	1.101	0	0.388	0.405
0.486	0.496	0	0.574	0	0.405	1.101	0	0.376	0.408
0.486	0.488	0	0.571	0	0.403	1.077	0	0.393	0.4
0.479	0.483	0	0.549	0	0.4	1.04	0	0.41	0.391
0.476	0.488	0	0.51	0	0.405	0.937	0	0.415	0.388
0.476	0.491	0	0.466	0	0.41	0.823	0	0.388	0.393
0.474	0.493	0	0.454	0	0.41	0.684	0	0.378	0.378
0.474	0.488	0	0.449	0	0.41	0.618	0	0.374	0.369
0.474	0.483	0	0.454	0	0.408	0.61	0	0.376	0.366
0.476	0.483	0	0.457	0	0.408	0.591	0	0.376	0.369
0.471	0.479	0	0.461	0	0.41	0.583	0	0.381	0.366
0.474	0.486	0	0.43	0	0.408	0.583	0	0.381	0.371
0.476	0.488	0	0.415	0	0.41	0.586	0	0.378	0.374
0.474	0.486	0	0.41	0	0.408	0.554	0	0.376	0.374
0.476	0.483	0	0.415	0	0.408	0.525	0	0.378	0.371
0.474	0.505	0	0.417	0	0.408	0.508	0	0.378	0.364
0.471	0.51	0	0.42	0	0.405	0.488	0	0.383	0.366
0.466	0.505	0	0.413	0	0.405	0.447	0	0.383	0.369
0.471	0.522	0	0.413	0	0.408	0.41	0	0.381	0.371
0.474	0.508	0	0.41	0	0.405	0.405	0	0.378	0.371
0.469	0.503	0	0.41	0	0.403	0.398	0	0.376	0.366
0.469	0	0	0.413	0	0.403	0.378	0	0.381	0.364
0.466	0	0	0.413	0	0.408	0.376	0	0.383	0.369
0.471	0	0	0.41	0	0.413	0.376	0	0	0.378
0.474	0	0	0.41	0	0.41	0.378	0	0	0.391
0.479	0	0	0.413	0	0.408	0.378	0	0	0.376
0.481	0	0	0.417	0	0.408	0.378	0	0	0
0.481	0	0	0.415	0	0.41	0.376	0	0	0
0.479	0	0	0.413	0	0.41	0.374	0	0	0
0.476	0	0	0.408	0	0.41	0.374	0	0	0
0.479	0	0	0.408	0	0.408	0.376	0	0	0
0.483	0	0	0.413	0	0.405	0.381	0	0	0
0.483	0	0	0.408	0	0.405	0.383	0	0	0
0.483	0	0	0.41	0	0.403	0.378	0	0	0
0.481	0	0	0.408	0	0.403	0.381	0	0	0
0.483	0	0	0.408	0	0.403	0.376	0	0	0
0.481	0	0	0.422	0	0.398	0.376	0	0	0
0.483	0	0	0.4	0	0.398	0.378	0	0	0
0.483	0	0	0	0	0.403	0.383	0	0	0
0.486	0	0	0	0	0.403	0.403	0	0	0
0.486	0	0	0	0	0.405	0.403	0	0	0
0.488	0	0	0	0	0.405	0.391	0	0	0
0.488	0	0	0	0	0.408	0.386	0	0	0
0.493	0	0	0	0	0.405	0	0	0	0
0.493	0	0	0	0	0.408	0	0	0	0
0.488	0	0	0	0	0.405	0	0	0	0
0.483	0	0	0	0	0.408	0	0	0	0
0.486	0	0	0	0	0.408	0	0	0	0
0.486	0	0	0	0	0.405	0	0	0	0
0.488	0	0	0	0	0.403	0	0	0	0
0.488	0	0	0	0	0.403	0	0	0	0
0.488	0	0	0	0	0.398	0	0	0	0
0.483	0	0	0	0	0.403	0	0	0	0
0.483	0	0	0	0	0.41	0	0	0	0
0.505	0	0	0	0	0.405	0	0	0	0
0.54	0	0	0	0	0.405	0	0	0	0
0.549	0	0	0	0	0.583	0	0	0	0
0.688	0	0	0	0	0.674	0	0	0	0
0.937	0	0	0	0	0.952	0	0	0	0
1.05	0	0	0	0	1.099	0	0	0	0
1.152	0	0	0	0	1.123	0	0	0	0
1.211	0	0	0	0	1.128	0	0	0	0
1.077	0	0	0	0	1.265	0	0	0	0
1.011	0	0	0	0	1.411	0	0	0	0
0.999	0	0	0	0	1.499	0	0	0	0
1.011	0	0	0	0	1.565	0	0	0	0
0.95	0	0	0	0	1.599	0	0	0	0
0.879	0	0	0	0	1.594	0	0	0	0
0.862	0	0	0	0	1.575	0	0	0	0
0.847	0	0	0	0	1.58	0	0	0	0
0.83	0	0	0	0	1.58	0	0	0	0
0.813	0	0	0	0	1.553	0	0	0	0
0.818	0	0	0	0	1.365	0	0	0	0
0.828	0	0	0	0	1.113	0	0	0	0
0.818	0	0	0	0	0.996	0	0	0	0
0.815	0	0	0	0	0.791	0	0	0	0
0.811	0	0	0	0	0.691	0	0	0	0
0.798	0	0	0	0	0.662	0	0	0	0
0.767	0	0	0	0	0.659	0	0	0	0
0.735	0	0	0	0	0.645	0	0	0	0
0.718	0	0	0	0	0.625	0	0	0	0
0.767	0	0	0	0	0.603	0	0	0	0
0.781	0	0	0	0	0.586	0	0	0	0
0.771	0	0	0	0	0.574	0	0	0	0
0.737	0	0	0	0	0.549	0	0	0	0
0.671	0	0	0	0	0.508	0	0	0	0
0.625	0	0	0	0	0.488	0	0	0	0
0.581	0	0	0	0	0.454	0	0	0	0
0.542	0	0	0	0	0.43	0	0	0	0
0.493	0	0	0	0	0.427	0	0	0	0
0.488	0	0	0	0	0.427	0	0	0	0
0.498	0	0	0	0	0.422	0	0	0	0
0.496	0	0	0	0	0.42	0	0	0	0
0.508	0	0	0	0	0.425	0	0	0	0
0.513	0	0	0	0	0.432	0	0	0	0
0.515	0	0	0	0	0.435	0	0	0	0
0.491	0	0	0	0	0.435	0	0	0	0
0.479	0	0	0	0	0.41	0	0	0	0
0.476	0	0	0	0	0.393	0	0	0	0
0.476	0	0	0	0	0.393	0	0	0	0
0.479	0	0	0	0	0.396	0	0	0	0
0.474	0	0	0	0	0.396	0	0	0	0
0.474	0	0	0	0	0.396	0	0	0	0
0.476	0	0	0	0	0.391	0	0	0	0
0.474	0	0	0	0	0.391	0	0	0	0
0.474	0	0	0	0	0.388	0	0	0	0
0.474	0	0	0	0	0.396	0	0	0	0
0.476	0	0	0	0	0.396	0	0	0	0
0.479	0	0	0	0	0.393	0	0	0	0
0.481	0	0	0	0	0.391	0	0	0	0
0.481	0	0	0	0	0.388	0	0	0	0
0.479	0	0	0	0	0.388	0	0	0	0
0.476	0	0	0	0	0.396	0	0	0	0
0.476	0	0	0	0	0.403	0	0	0	0
0.481	0	0	0	0	0.403	0	0	0	0
0.483	0	0	0	0	0.4	0	0	0	0
0.481	0	0	0	0	0.396	0	0	0	0
0.481	0	0	0	0	0.396	0	0	0	0
0.479	0	0	0	0	0.398	0	0	0	0
0.479	0	0	0	0	0.4	0	0	0	0
0.483	0	0	0	0	0.398	0	0	0	0
0.481	0	0	0	0	0.393	0	0	0	0
0.483	0	0	0	0	0.393	0	0	0	0
0.481	0	0	0	0	0.388	0	0	0	0
0.481	0	0	0	0	0.393	0	0	0	0
0.483	0	0	0	0	0.393	0	0	0	0
0.483	0	0	0	0	0.391	0	0	0	0
0.486	0	0	0	0	0	0	0	0	0
0.488	0	0	0	0	0	0	0	0	0
0.486	0	0	0	0	0	0	0	0	0
0.483	0	0	0	0	0	0	0	0	0
0.503	0	0	0	0	0	0	0	0	0
0.496	0	0	0	0	0	0	0	0	0
0.483	0	0	0	0	0	0	0	0	0
