0.605	0.725	0.605	0.742	0.605	0.605	0.588	0.627	0.664	0.613
0.613	0.725	0.613	0.747	0.613	0.613	0.591	0.63	0.669	0.615
0.623	0.725	0.623	0.745	0.623	0.623	0.593	0.63	0.669	0.627
0.63	0.725	0.63	0.742	0.63	0.63	0.598	0.625	0.669	0.627
0.625	0.732	0.625	0.742	0.625	0.625	0.605	0.627	0.664	0.623
0.625	0.725	0.625	0.74	0.625	0.625	0.61	0.625	0.662	0.618
0.62	0.723	0.62	0.74	0.62	0.62	0.613	0.63	0.664	0.613
0.623	0.723	0.623	0.742	0.623	0.623	0.613	0.635	0.667	0.618
0.627	0.723	0.627	0.737	0.627	0.627	0.608	0.632	0.667	0.625
0.627	0.725	0.627	0.735	0.627	0.627	0.608	0.625	0.669	0.618
0.625	0.73	0.625	0.728	0.625	0.625	0.608	0.625	0.664	0.615
0.625	0.725	0.625	0.723	0.625	0.625	0.615	0.623	0.664	0.613
0.623	0.725	0.623	0.723	0.623	0.623	0.618	0.627	0.669	0.608
0.625	0.725	0.625	0.723	0.625	0.625	0.615	0.627	0.667	0.613
0.632	0.725	0.632	0.723	0.632	0.632	0.61	0.627	0.669	0.618
0.632	0.725	0.632	0.725	0.632	0.632	0.608	0.625	0.671	0.615
0.63	0.728	0.63	0.718	0.63	0.63	0.608	0.63	0.667	0.61
0.625	0.723	0.625	0.72	0.625	0.625	0.618	0.63	0.664	0.605
0.623	0.725	0.623	0.725	0.623	0.623	0.625	0.635	0.669	0.608
0.625	0.723	0.625	0.732	0.625	0.625	0.618	0.637	0.667	0.608
0.627	0.725	0.627	0.728	0.627	0.627	0.613	0.637	0.671	0.613
0.627	0.728	0.627	0.73	0.627	0.627	0.613	0.625	0.669	0.613
0.625	0.728	0.625	0.723	0.625	0.625	0.61	0.625	0.667	0.613
0.62	0.725	0.62	0.723	0.62	0.62	0.618	0.615	0.667	0.608
0.618	0.728	0.618	0.725	0.618	0.618	0.618	0.613	0.671	0.608
0.623	0.728	0.623	0.728	0.623	0.623	0.618	0.613	0.669	0.613
0.632	0.728	0.632	0.725	0.632	0.632	0.615	0.61	0.671	0.61
0.645	0.75	0.645	0.728	0.645	0.645	0.613	0.613	0.674	0.61
0.659	3.364	0.659	0.713	0.659	0.659	0.615	0.64	0.669	0.605
2.954	5.066	2.954	0.718	2.954	2.954	0.972	1.504	0.667	0.603
5.007	5.806	5.007	0.72	5.007	5.007	5.249	3.748	0.718	0.657
5.073	6.218	5.073	0.725	5.073	5.073	4.243	4.292	0.935	1.338
4.988	6.494	4.988	1.206	4.988	4.988	3.191	4.446	2.285	3.645
4.924	6.545	4.924	7.678	4.924	4.924	3.315	4.375	2.583	3.354
4.827	6.519	4.827	8.442	4.827	4.827	3.396	4.229	2.524	3.606
4.536	6.184	4.536	8.191	4.536	4.536	3.511	4.041	2.444	4.561
3.767	5.764	3.767	8.354	3.767	3.767	3.535	3.967	2.341	5.544
2.856	5.706	2.856	8.401	2.856	2.856	3.555	3.821	2.266	6.448
2.175	5.344	2.175	8.389	2.175	2.175	3.569	3.606	2.202	7.175
1.753	4.553	1.753	8.279	1.753	1.753	3.337	3.289	2.151	7.578
1.423	4.216	1.423	7.642	1.423	1.423	2.883	2.805	2.102	7.69
1.23	3.704	1.23	6.238	1.23	1.23	2.375	2.339	2.019	7.744
1.072	3.013	1.072	4.692	1.072	1.072	1.819	1.914	1.917	7.627
0.925	2.554	0.925	3.538	0.925	0.925	1.399	1.553	1.721	7.173
0.811	2.156	0.811	2.588	0.811	0.811	1.162	1.289	1.477	6.609
0.74	1.97	0.74	1.897	0.74	0.74	0.981	1.042	1.245	5.894
0.693	1.875	0.693	1.431	0.693	0.693	0.908	0.891	1.045	5.066
0.686	1.782	0.686	1.201	0.686	0.686	0.837	0.823	0.959	4.189
0.708	1.648	0.708	1.047	0.708	0.708	0.764	0.811	1.018	3.403
0.745	1.406	0.745	0.862	0.745	0.745	0.706	0.701	0.935	2.534
0.754	1.23	0.754	0.781	0.754	0.754	0.664	0.603	0.881	1.809
0.769	1.152	0.769	0.701	0.769	0.769	0.642	0.542	0.896	1.467
0.757	1.094	0.757	0.654	0.757	0.757	0.635	0.5	0.798	1.206
0.718	1.06	0.718	0.63	0.718	0.718	0.637	0.476	0.745	0.945
0.691	1.038	0.691	0.596	0.691	0.691	0.63	0.466	0.703	0.757
0.688	1.016	0.688	0.579	0.688	0.688	0.625	0.461	0.684	0.642
0.676	0.996	0.676	0.569	0.676	0.676	0.618	0.452	0.674	0.574
0.674	0.972	0.674	0.554	0.674	0.674	0.608	0.449	0.662	0.532
0.669	0.964	0.669	0.547	0.669	0.669	0.608	0.439	0.657	0.498
0.667	0.959	0.667	0.547	0.667	0.667	0.615	0.435	0.659	0.479
0.667	0.95	0.667	0.547	0.667	0.667	0.618	0.437	0.657	0.471
0.671	0.947	0.671	0.549	0.671	0.671	0.618	0.437	0.652	0.464
0.669	0.947	0.669	0.557	0.669	0.669	0.613	0.437	0.649	0.461
0.667	0.937	0.667	0.542	0.667	0.667	0.615	0.435	0.647	0.459
0.662	0.933	0.662	0.532	0.662	0.662	0.618	0.43	0.645	0.454
0.659	0.93	0.659	0.527	0.659	0.659	0.62	0.43	0.647	0.452
0.659	0.923	0.659	0.532	0.659	0.659	0.62	0.43	0.642	0.454
0.659	0.92	0.659	0.537	0.659	0.659	0.62	0.432	0.645	0.452
0.664	0.925	0.664	0.542	0.664	0.664	0.62	0.432	0.642	0.454
0.669	0.916	0.669	0.542	0.669	0.669	0.62	0.43	0.642	0.457
0.664	0.916	0.664	0.542	0.664	0.664	0.625	0.425	0.642	0.449
0.659	0.991	0.659	0.542	0.659	0.659	0.623	0.422	0.642	0.449
0.662	1.472	0.662	0.547	0.662	0.662	0.62	0.422	0.642	0.454
0.664	1.648	0.664	0.544	0.664	0.664	0.62	0.425	0.645	0.449
0.667	1.675	0.667	0.544	0.667	0.667	0.62	0.427	0.647	0.452
0.671	1.672	0.671	0.54	0.671	0.671	0.684	0.422	0.649	0.454
0.698	1.67	0.698	0.54	0.698	0.698	0.913	0.415	0.649	0.449
0.701	1.67	0.701	0.54	0.701	0.701	3.057	0.42	0.647	0.449
3.357	1.667	3.357	0.544	3.357	3.357	2.59	4.402	0.645	0.454
3.689	1.665	3.689	0.544	3.689	3.689	1.843	6.255	0.647	0.452
2.644	1.667	2.644	0.54	2.644	2.644	1.372	6.096	0.649	0.454
1.931	1.66	1.931	0.535	1.931	1.931	1.089	6.316	1.355	0.452
1.489	1.66	1.489	0.532	1.489	1.489	0.92	6.479	2.053	0.452
1.216	1.658	1.216	0.535	1.216	1.216	0.808	6.311	1.816	0.452
1.05	1.655	1.05	0.537	1.05	1.05	0.745	5.667	1.614	0.476
0.937	1.653	0.937	0.542	0.937	0.937	0.698	4.929	1.511	1.646
0.876	1.643	0.876	0.537	0.876	0.876	0.667	4.045	1.46	3.247
0.835	1.621	0.835	0.566	0.835	0.835	0.649	3.12	1.44	2.451
0.813	1.602	0.813	2.361	0.813	0.813	0.642	2.332	1.428	1.726
0.801	1.582	0.801	2.686	0.801	0.801	0.632	1.741	1.418	1.257
0.796	1.555	0.796	2.126	0.796	0.796	0.63	1.382	1.414	0.972
0.784	1.536	0.784	1.768	0.784	0.784	0.627	1.152	1.409	0.801
0.747	1.509	0.747	1.511	0.747	0.747	0.625	1.04	1.406	0.698
0.735	1.477	0.735	1.343	0.735	0.735	0.64	0.942	1.404	0.63
0.75	1.453	0.75	1.233	0.75	0.75	0.652	0.862	1.404	0.588
0.754	1.423	0.754	1.167	0.754	0.754	0.645	0.82	1.348	0.559
0.72	1.401	0.72	1.123	0.72	0.72	0.632	0.796	1.182	0.542
0.696	1.387	0.696	1.096	0.696	0.696	0.62	0.774	1.03	0.53
0.686	1.357	0.686	1.064	0.686	0.686	0.613	0.754	0.894	0.505
0.676	1.338	0.676	1.05	0.676	0.676	0.608	0.745	0.803	0.5
0.671	1.316	0.671	1.04	0.671	0.671	0.605	0.73	0.75	0.549
0.664	1.296	0.664	1.003	0.664	0.664	0.603	0.73	0.71	0.635
0.659	1.287	0.659	0.876	0.659	0.659	0.601	0.735	0.688	0.63
0.662	1.282	0.662	0.774	0.662	0.662	0.598	0.735	0.679	0.569
0.662	8.135	0.662	0.674	0.662	0.662	0.598	0.725	0.674	0.469
0.659	9.226	0.659	0.618	0.659	0.659	0.601	0.723	0.671	0.466
0.657	9.231	0.657	0.581	0.657	0.657	0.598	0.718	0.667	0.469
0.654	9.231	0.654	0.562	0.654	0.654	0.601	0.713	0.662	0.476
0.649	9.236	0.649	0.554	0.649	0.649	0.596	0.713	0.662	0.469
0.654	9.248	0.654	0.554	0.654	0.654	0.586	0.713	0.664	0.469
0.659	8.577	0.659	0.547	0.659	0.659	0.583	0.706	0.664	0.466
0.659	7.871	0.659	0.542	0.659	0.659	0.586	0.698	0.667	0.466
0.662	7.375	0.662	0.54	0.662	0.662	0.588	0.693	0.659	0.466
0.662	7.192	0.662	0.544	0.662	0.662	0.591	0.698	0.657	0.471
0.649	6.748	0.649	0.549	0.649	0.649	0.596	0.701	0.659	0.466
0.647	4.846	0.647	0.547	0.647	0.647	0.591	0.706	0.659	0.466
0.652	3.875	0.652	0.544	0.652	0.652	0.588	0.703	0.664	0.464
0.649	3.054	0.649	0.537	0.649	0.649	0.586	0.703	0.669	0.464
0.647	2.417	0.647	0.532	0.647	0.647	0.586	0.703	0.662	0.464
0.652	1.943	0.652	0.532	0.652	0.652	0.588	0.706	0.662	0.466
0.642	1.616	0.642	0.542	0.642	0.642	0.588	0.71	0.662	0.464
1.355	1.372	1.355	0.542	1.355	1.355	0.583	0.718	0.662	0.464
6.235	1.218	6.235	0.581	6.235	6.235	0.588	0.713	0.664	0.474
6.877	1.123	6.877	0.61	6.877	6.877	0.593	0.706	0.667	2.368
7.156	1.047	7.156	0.627	7.156	7.156	0.591	0.693	0.662	2.498
7.375	0.979	7.375	0.645	7.375	7.375	0.591	0.681	0.659	2.493
7.478	0.935	7.478	0.667	7.478	7.478	0.588	0.681	0.659	2.512
7.49	0.894	7.49	0.674	7.49	7.49	0.583	0.686	0.662	2.59
7.183	0.859	7.183	0.679	7.183	7.183	0.581	0.679	0.664	2.778
5.896	0.833	5.896	0.679	5.896	5.896	0.583	0.669	0.664	3.052
4.529	0.813	4.529	0.671	4.529	4.529	0.581	0.669	0.664	3.34
3.489	0.796	3.489	0.667	3.489	3.489	0.586	0.681	0.659	3.542
2.739	0.784	2.739	0.674	2.739	2.739	0.583	0.698	0.659	3.633
2.126	0.764	2.126	0.671	2.126	2.126	0.583	0.706	0.664	3.687
1.638	0.752	1.638	0.676	1.638	1.638	0.583	0.715	0.669	3.704
1.367	0.745	1.367	0.674	1.367	1.367	0.581	0.715	0.669	3.677
1.187	0.735	1.187	0.676	1.187	1.187	0.581	0.713	0.664	3.604
1.013	0.725	1.013	0.676	1.013	1.013	0.583	2.085	0.659	3.464
0.916	0.72	0.916	0.691	0.916	0.916	0.579	6.997	0.657	3.174
0.823	0.701	0.823	0.696	0.823	0.823	0.574	7.849	0.657	2.834
0.762	0.696	0.762	0.696	0.762	0.762	0.581	8.354	0.664	2.563
0.715	0.693	0.715	0.696	0.715	0.715	0.579	8.765	0.659	2.346
0.698	0.691	0.698	0.696	0.698	0.698	0.579	9.014	0.657	2.187
0.669	0.691	0.669	0.693	0.669	0.669	0.583	9.055	0.652	2.046
0.654	0.693	0.654	0.693	0.654	0.654	0.579	8.604	0.652	1.946
0.642	0.688	0.642	0.691	0.642	0.642	0.576	7.627	0.652	1.858
0.64	0.688	0.64	0.684	0.64	0.64	0.576	6.56	0.659	1.785
0.64	0.691	0.64	0.676	0.64	0.64	0.574	5.405	0.657	1.729
0.645	0.688	0.645	0.676	0.645	0.645	0.579	4.268	0.654	1.685
0.637	0.693	0.637	0.676	0.637	0.637	0.581	3.474	0.652	1.631
0.635	0.696	0.635	0.676	0.635	0.635	0.586	2.9	0.654	1.592
0.635	0.693	0.635	0.679	0.635	0.635	0.588	2.322	0.659	1.553
0.635	0.696	0.635	0.679	0.635	0.635	0.588	1.897	0.669	1.516
0.637	0.693	0.637	0.679	0.637	0.637	0.583	1.562	0.664	1.482
0.64	0.696	0.64	0.684	0.64	0.64	0.588	1.274	0.664	1.455
0.632	0.701	0.632	0.688	0.632	0.632	1.956	1.096	0.662	1.423
0.625	0.698	0.625	0.688	0.625	0.625	4.961	0.967	0.662	1.404
0.632	0.698	0.632	0.688	0.632	0.632	3.533	0.889	0.664	1.379
0.632	0.698	0.632	0.684	0.632	0.632	2.649	0.845	0.671	1.365
0.635	0.698	0.635	0.684	0.635	0.635	2.415	0.811	0.664	1.35
0.637	0.703	0.637	0.686	0.637	0.637	2.253	0.791	0.657	1.328
0.632	0.71	0.632	0.691	0.632	0.632	2.148	0.769	0.652	1.306
0.63	0.706	0.63	0.693	0.63	0.63	2.092	0.757	0.649	1.289
0.63	0.706	0.63	0.698	0.63	0.63	2.073	0.737	0.652	1.274
0.632	0.708	0.632	0.708	0.632	0.632	2.014	0.723	0.657	1.26
0.635	0.708	0.635	0.708	0.635	0.635	1.77	0.706	0.657	1.255
0.632	0.713	0.632	0.698	0.632	0.632	1.504	0.696	0.654	1.238
0.63	0.72	0.63	0.691	0.63	0.63	1.321	0.691	0.652	1.228
0.627	0.713	0.627	0.684	0.627	0.627	1.174	0.688	0.652	1.218
0.62	0.715	0.62	0.681	0.62	0.62	1.118	0.688	0.654	1.206
0.618	0.715	0.618	0.681	0.618	0.618	0.979	0.691	0.657	1.196
0.623	0.715	0.623	0.679	0.623	0.623	0.867	0.688	0.654	1.194
0.618	0.72	0.618	0.686	0.618	0.618	0.811	0.698	0.654	1.174
0.613	0.728	0.613	0.691	0.613	0.613	0.771	0.708	0.649	1.165
0.615	0.723	0.615	0.698	0.615	0.615	0.742	0.713	0.652	1.155
0.615	0.72	0.615	0.698	0.615	0.615	0.708	0.715	0.659	1.145
0.623	0.718	0.623	0.701	0.623	0.623	0.659	0.708	0.657	1.14
0.63	0.715	0.63	0.703	0.63	0.63	0.632	0.706	0.654	1.138
0.627	0.715	0.627	2.478	0.627	0.627	0.62	0.706	0.654	1.125
0.625	0.718	0.625	7.622	0.625	0.625	0.615	0.713	0.652	1.123
0.62	0.708	0.62	8.379	0.62	0.62	0.615	0.715	0.654	1.118
0.623	0.706	0.623	8.469	0.623	0.623	0.615	0.723	0.659	1.113
0.627	0.703	0.627	8.545	0.627	0.627	0.601	0.723	0.654	1.111
0.64	0.703	0.64	8.569	0.64	0.64	0.596	0.715	0.654	1.108
0.635	0.703	0.635	7.769	0.635	0.635	0.596	0.703	0.654	1.101
0.632	0.703	0.632	6.167	0.632	0.632	0.598	0.708	0.649	1.099
0.63	0.703	0.63	4.626	0.63	0.63	0.596	0.703	0.649	1.096
0.625	0.703	0.625	3.464	0.625	0.625	0.601	0.703	0.659	1.091
0.627	0.703	0.627	2.637	0.627	0.627	0.593	0.698	0.662	1.089
0.632	0.703	0.632	2.021	0.632	0.632	0.591	0.701	0.664	1.089
0.63	0.708	0.63	1.575	0.63	0.63	0.593	0.706	0.662	1.082
0.63	0.706	0.63	1.272	0.63	0.63	0.593	0.708	0.652	1.079
0.627	0.706	0.627	1.116	0.627	0.627	0.593	0.708	0.652	1.074
0.625	0.708	0.625	0.989	0.625	0.625	0.593	0.718	0.657	1.072
0.63	0.708	0.63	0.889	0.63	0.63	0.588	0.715	0.652	1.074
0.632	0.713	0.632	0.828	0.632	0.632	0.583	0.703	0.649	1.067
0.625	0.723	0.625	0.813	0.625	0.625	0.586	0.701	0.647	1.064
0.625	0.718	0.625	0.811	0.625	0.625	0.581	0.701	0.647	1.062
0.623	0.723	0.623	0.808	0.623	0.623	0.576	0.701	0.647	1.057
0.623	0.725	0.623	0.779	0.623	0.623	0.564	0.701	0.652	1.055
0.625	0.725	0.625	0.745	0.625	0.625	0.547	0.696	0.652	1.057
0.625	0.725	0.625	0.723	0.625	0.625	0.542	0.693	0.654	1.05
0.62	0.732	0.62	0.703	0.62	0.62	0.552	0.696	0.652	1.045
0.623	0.725	0.623	0.693	0.623	0.623	0.566	0.696	0.649	1.042
0.618	0.862	0.618	0.688	0.618	0.618	0.566	0.703	0.649	1.038
0.615	5.327	0.615	0.688	0.615	0.615	0.552	0.71	0.647	1.038
0.62	5.674	0.62	0.691	0.62	0.62	0.549	0.718	0.649	1.04
0.623	5.469	0.623	0.691	0.623	0.623	0.549	0.715	0.649	1.03
0.62	5.139	0.62	0.688	0.62	0.62	0.557	0.715	0.645	1.028
0.618	4.829	0.618	0.698	0.618	0.618	0.564	0.708	0.64	1.025
0.613	4.607	0.613	0.708	0.613	0.613	0.564	0.696	0.642	1.021
0.618	4.47	0.618	0.715	0.618	0.618	0.552	0.696	0.642	1.018
0.625	4.382	0.625	0.703	0.625	0.625	0.549	0.703	0.642	1.021
0.625	4.319	0.625	0.698	0.625	0.625	0.547	0.703	0.645	1.013
0.625	4.28	0.625	0.693	0.625	0.625	0.547	0.71	0.642	1.011
0.623	4.236	0.623	0.693	0.623	0.623	0.549	0.708	0.64	1.008
0.62	4.175	0.62	0.698	0.62	0.62	0.552	0.703	0.645	1.006
0.623	4.019	0.623	0.698	0.623	0.623	0.547	0.708	0.64	1.003
0.632	3.74	0.632	0.703	0.632	0.632	0.542	0.706	0.642	1.003
0.63	3.423	0.63	0.71	0.63	0.63	0.54	0.701	0.64	0.999
0.63	3.103	0.63	0.71	0.63	0.63	0.547	0.701	0.637	0.996
0.625	2.839	0.625	0.718	0.625	0.625	0.552	0.693	0.635	0.994
0.62	2.646	0.62	0.72	0.62	0.62	0.559	0.696	0.637	0.991
0.62	2.502	0.62	0.725	0.62	0.62	0.562	0.701	0.635	0.991
0.63	2.373	0.63	0.723	0.63	0.63	0.559	0.698	0.635	0.986
0.63	2.253	0.63	0.725	0.63	0.63	0.552	0.696	0.632	0.984
0.632	2.134	0.632	0.72	0.632	0.632	0.559	0.696	0.625	0.984
0.627	2.031	0.627	0.725	0.627	0.627	0.559	0.693	0.623	0.979
0.625	1.953	0.625	0.728	0.625	0.625	0.559	0.703	0.623	0.977
0.625	1.885	0.625	0.728	0.625	0.625	0.554	0.703	0.623	0.981
0.627	1.819	0.627	0.725	0.627	0.627	0.552	0.698	0.623	0.974
0.625	1.768	0.625	0.728	0.625	0.625	0.552	0.693	0.62	0.972
0.62	1.711	0.62	0.715	0.62	0.62	0.559	0.688	0.623	0.972
0.615	1.665	0.615	0.715	0.615	0.615	0.569	0.698	0.62	0.967
0.613	1.624	0.613	0.715	0.613	0.613	0.564	0.696	0.623	0.964
0.618	1.584	0.618	0.708	0.618	0.618	0.562	0.688	0.623	0.972
0.623	1.553	0.623	0.708	0.623	0.623	0.564	0.679	0.623	0.962
0.645	1.528	0.645	0.708	0.645	0.645	0.562	0.674	0.627	0.959
0.623	1.494	0.623	0.706	0.623	0.623	0.566	0.664	0.623	0.957
0.62	1.47	0.62	0.71	0.62	0.62	0.576	0.664	0.62	0.955
0.623	1.445	0.623	0.71	0.623	0.623	0.574	0.667	0.618	0.955
0.627	1.421	0.627	0.713	0.627	0.627	0.571	0.669	0.62	0.959
0.627	1.399	0.627	0.713	0.627	0.627	0.564	0.662	0.623	0.95
0.63	1.382	0.63	0.708	0.63	0.63	0.554	0.671	0.632	0.947
0.632	1.355	0.632	0.701	0.632	0.632	0.552	0.669	0.637	0.945
0.627	1.338	0.627	0.703	0.627	0.627	0.554	0.674	0.642	0.942
0.63	1.323	0.63	0.715	0.63	0.63	0.544	0.676	0.64	0.94
0.637	1.306	0.637	0.725	0.637	0.637	0.544	0.681	0.637	0.942
0.635	1.292	0.635	0.728	0.635	0.635	0.54	0.686	0.642	0.937
0.64	1.277	0.64	0.723	0.64	0.64	0.54	0.696	0.642	0.937
0.637	1.257	0.637	0.723	0.637	0.637	0.537	0.696	0.637	0.933
0.635	1.238	0.635	0.725	0.635	0.635	0.544	0.696	0.637	0.933
0.637	1.221	0.637	0.723	0.637	0.637	0.557	0.701	0.63	0.93
0.642	1.204	0.642	0.728	0.642	0.642	0.564	0.703	0.63	0.933
0.637	1.194	0.637	0.723	0.637	0.637	0.564	0.701	0.632	0.928
0.64	1.174	0.64	0.718	0.64	0.64	0.566	0.708	0.627	0.925
0.642	1.162	0.642	0.71	0.642	0.642	0.564	0.703	0.625	0.923
0.637	1.15	0.637	0.706	0.637	0.637	0.571	0.703	0.623	0.92
0.64	1.135	0.64	0.708	0.64	0.64	0.571	0.701	0.62	0.923
0.645	1.123	0.645	0.713	0.645	0.645	0.571	0.701	0.623	0.918
0.645	1.116	0.645	0.72	0.645	0.645	0.566	0.698	0.62	0.916
0.649	1.101	0.649	0.715	0.649	0.649	0.569	0.703	0.615	0.916
0.649	1.091	0.649	0.713	0.649	0.649	0.566	0.701	0.613	0.952
0.649	1.082	0.649	0.718	0.649	0.649	0.564	0.703	0.61	3.396
0.649	1.069	0.649	0.725	0.649	0.649	0.564	0.706	0.608	3.687
0.649	1.06	0.649	0.73	0.649	0.649	0.559	0.71	0.623	3.672
0.654	1.06	0.654	0.732	0.654	0.654	0.559	0.713	0.63	3.665
0.654	1.042	0.654	0.728	0.654	0.654	0.562	0.71	0.635	3.657
0.654	1.038	0.654	0.728	0.654	0.654	0.569	0.703	0.637	3.645
0.652	1.03	0.652	0.728	0.652	0.652	0.571	0.701	0.93	3.635
0.652	1.021	0.652	0.732	0.652	0.652	0.574	0.703	7.322	3.63
0.652	1.016	0.652	0.73	0.652	0.652	0.571	0.713	5.706	3.611
0.657	1.013	0.657	0.725	0.657	0.657	0.569	0.72	4.661	3.601
0.681	1.001	0.681	0.713	0.681	0.681	0.569	0.718	4.985	3.584
0.798	0.991	0.798	0.706	0.798	0.798	0.576	0.72	5.225	3.572
1.382	0.986	1.382	0.708	1.382	1.382	0.576	0.723	5.403	3.562
1.807	0.979	1.807	0.713	1.807	1.807	0.576	0.725	5.544	3.55
1.965	0.977	1.965	0.718	1.965	1.965	0.576	0.73	5.796	3.511
2.083	0.974	2.083	0.713	2.083	2.083	0.574	0.73	5.935	3.43
2.187	0.964	2.187	0.713	2.187	2.187	0.574	0.728	6.013	3.271
2.222	0.959	2.222	0.713	2.222	2.222	0.579	0.725	5.933	3.101
2.261	0.952	2.261	0.715	2.261	2.261	0.576	0.728	5.496	2.952
2.275	0.95	2.275	0.718	2.275	2.275	0.576	0.732	4.951	2.825
2.268	0.947	2.268	0.723	2.268	2.268	0.576	0.735	4.316	2.671
2.278	0.942	2.278	0.715	2.278	2.278	0.574	0.742	3.691	2.549
2.28	0.937	2.28	0.708	2.28	2.28	0.571	0.737	2.971	2.432
2.244	0.935	2.244	0.708	2.244	2.244	0.576	0.735	2.234	2.324
2.214	0.933	2.214	0.71	2.214	2.214	0.574	0.73	1.614	2.224
2.207	0.93	2.207	0.718	2.207	2.207	0.574	0.732	1.233	2.144
2.19	0.93	2.19	0.723	2.19	2.19	0.566	0.737	0.999	2.075
2.146	0.925	2.146	0.718	2.146	2.146	0.562	0.742	0.852	2.017
2.08	0.92	2.08	0.718	2.08	2.08	0.554	0.732	0.762	1.963
1.882	0.918	1.882	0.72	1.882	1.882	0.569	0.732	0.713	1.917
1.582	0.913	1.582	0.715	1.582	1.582	0.571	0.73	0.669	1.88
1.338	0.911	1.338	0.715	1.338	1.338	0.574	0.73	0.649	1.838
1.133	0.913	1.133	0.718	1.133	1.133	0.571	0.732	0.635	1.807
1.062	0.903	1.062	0.713	1.062	1.062	0.569	0.735	0.63	1.775
0.925	0.901	0.925	0.708	0.925	0.925	0.571	0.728	0.625	1.743
0.823	0.898	0.823	0.706	0.823	0.823	0.576	0.725	0.62	1.714
0.762	0.894	0.762	0.706	0.762	0.762	0.581	0.723	0.613	1.689
0.72	0.894	0.72	0.713	0.72	0.72	0.581	0.728	0.615	1.653
0.693	0.898	0.693	0.723	0.693	0.693	0.581	0.732	0.618	1.626
0.679	0.886	0.679	0.718	0.679	0.679	0.581	0.728	0.63	1.599
0.676	0.886	0.676	0.715	0.676	0.676	0.583	0.72	0.637	1.57
0.667	0.884	0.667	0.713	0.667	0.667	0.583	0.718	0.637	1.548
0.657	0.879	0.657	0.713	0.657	0.657	0.586	0.718	0.635	1.538
0.652	0.879	0.652	0.713	0.652	0.652	0.588	0.72	0.632	1.509
0.649	0.879	0.649	0.713	0.649	0.649	0.581	0.725	0.635	1.494
0.649	0.872	0.649	0.706	0.649	0.649	0.579	0.723	0.632	1.479
0.654	0.869	0.654	0.701	0.654	0.654	0.583	0.72	0.632	1.465
0.652	0.864	0.652	0.706	0.652	0.652	0.583	0.715	0.62	1.453
0.654	0.857	0.654	0.713	0.654	0.654	0.586	0.71	0.615	1.445
0.645	0.859	0.645	0.723	0.645	0.645	0.586	0.718	0.613	1.426
0.642	0.859	0.642	0.72	0.642	0.642	0.583	0.725	0.613	1.411
0.649	0.854	0.649	0.72	0.649	0.649	0.581	0.728	0.613	1.399
0.654	0.852	0.654	0.718	0.654	0.654	0.586	0.73	0.618	1.389
0.649	0.85	0.649	0.71	0.649	0.649	0.583	0.725	0.605	1.377
0.652	0.845	0.652	0.713	0.652	0.652	0.586	0.728	0.603	1.367
0.649	0.845	0.649	0.718	0.649	0.649	0.583	0.732	0.603	1.35
0.649	0.84	0.649	0.72	0.649	0.649	0.579	0.74	0.618	1.34
0.652	0.835	0.652	0.72	0.652	0.652	0.576	0.732	0.623	1.326
0.654	0.835	0.654	0.72	0.654	0.654	0.579	0.73	0.635	1.316
0.647	0.83	0.647	0.71	0.647	0.647	0.579	0.725	0.632	1.309
0.647	0.83	0.647	0.71	0.647	0.647	0.581	0.715	0.635	1.299
0.642	0.874	0.642	0.72	0.642	0.642	0.579	0.71	0.64	1.289
0.645	8.66	0.645	0.718	0.645	0.645	0.574	0.713	0.645	1.282
0.649	8.911	0.649	0.718	0.649	0.649	0.574	0.71	0.652	1.267
0.645	9.045	0.645	0.715	0.645	0.645	0.574	0.71	0.659	1.26
0.645	9.109	0.645	0.708	0.645	0.645	0.576	0.706	0.649	1.255
0.647	9.143	0.647	0.708	0.647	0.647	0.579	0.708	0.649	1.24
0.64	9.167	0.64	0.715	0.64	0.64	0.579	0.713	0.647	1.233
0.647	9.17	0.647	0.706	0.647	0.647	0.579	0.715	0.649	1.223
0.657	9.182	0.657	0.701	0.657	0.657	0.579	0.715	0.654	1.213
0.659	9.194	0.659	0.696	0.659	0.659	0.579	0.715	0.657	1.206
0.659	9.197	0.659	0.693	0.659	0.659	0.581	0.713	0.654	1.206
0.657	9.185	0.657	0.698	0.657	0.657	0.583	0.718	0.652	1.189
0.662	9.167	0.662	0.708	0.662	0.662	0.583	0.73	0.652	1.182
0.654	9.126	0.654	0.71	0.654	0.654	0.583	0.73	0.654	1.172
0.657	8.76	0.657	0.708	0.657	0.657	0.581	0.73	0.662	1.162
0.659	7.949	0.659	0.703	0.659	0.659	0.574	0.73	0.657	1.152
0.659	7.034	0.659	0.701	0.659	0.659	0.574	0.73	0.654	1.152
0.649	5.854	0.649	0.708	0.649	0.649	0.576	0.73	0.657	1.135
0.637	5.017	0.637	0.713	0.637	0.637	0.579	0.728	0.659	1.128
0.64	4.346	0.64	0.715	0.64	0.64	0.576	0.718	0.662	1.121
0.64	3.804	0.64	0.71	0.64	0.64	0.581	0.718	0.669	1.113
0.635	3.34	0.635	0.701	0.635	0.635	0.576	0.718	0.664	1.106
0.635	2.905	0.635	0.698	0.635	0.635	0.576	0.713	0.662	1.104
0.625	2.51	0.625	0.706	0.625	0.625	0.579	0.708	0.654	1.094
0.627	2.187	0.627	0.703	0.627	0.627	0.581	0.71	0.652	1.086
0.63	1.926	0.63	0.706	0.63	0.63	0.579	0.706	0.652	1.077
0.64	1.733	0.64	0.703	0.64	0.64	0.576	0.703	0.659	1.069
0.642	1.587	0.642	0.698	0.642	0.642	0.564	0.696	0.657	1.062
0.652	1.475	0.652	0.701	0.652	0.652	0.566	0.696	0.652	1.052
0.642	1.396	0.642	0.701	0.642	0.642	0.571	0.698	0.652	1.045
0.64	1.331	0.64	0.698	0.64	0.64	0.571	0.715	0.652	1.035
0.642	1.27	0.642	0.698	0.642	0.642	0.569	0.732	0.654	1.025
0.647	1.223	0.647	0.688	0.647	0.647	0.571	0.737	0.664	1.018
0.652	1.177	0.652	0.684	0.652	0.652	0.569	0.737	0.659	1.013
0.652	1.14	0.652	0.679	0.652	0.652	0.569	0.735	0.657	1.003
0.645	1.113	0.645	0.686	0.645	0.645	0.574	0.74	0.649	0.996
0.64	1.074	0.64	0.684	0.64	0.64	0.579	0.745	0.647	0.989
0.64	1.045	0.64	0.684	0.64	0.64	0.581	0.745	0.649	0.981
0.642	1.016	0.642	0.681	0.642	0.642	0.581	0.747	0.654	0.974
0.642	0.991	0.642	0.679	0.642	0.642	0.576	0.742	0.649	0.974
0.64	0.972	0.64	0.681	0.64	0.64	0.581	0.737	0.647	0.962
0.635	0.957	0.635	0.691	0.635	0.635	0.583	0.742	0.645	0.952
0.637	0.937	0.637	0.698	0.637	0.637	0.586	0.742	0.645	0.942
0.64	0.928	0.64	0.701	0.64	0.64	0.586	0.74	0.647	0.933
0.642	0.918	0.642	0.698	0.642	0.642	0.576	0.74	0.649	0.925
0.649	0.906	0.649	0.693	0.649	0.649	0.576	0.732	0.649	0.925
0.645	0.896	0.645	0.693	0.645	0.645	0.571	0.735	0.649	0.911
0.642	0.894	0.642	0.696	0.642	0.642	0.571	0.742	0.647	0.903
0.642	0.879	0.642	0.698	0.642	0.642	0.574	0.74	0.649	0.896
0.642	0.872	0.642	0.696	0.642	0.642	0.583	0.74	0.654	0.889
0.647	0.862	0.647	0.696	0.647	0.647	0.576	0.73	0.652	0.886
0.657	0.854	0.657	0.693	0.657	0.657	0.574	0.72	0.654	0.889
0.654	0.847	0.654	0.696	0.654	0.654	0.574	0.715	0.649	0.918
0.654	0.845	0.654	0.698	0.654	0.654	0.576	0.72	0.647	5.146
0.652	0.833	0.652	0.703	0.652	0.652	0.579	0.723	0.645	5.913
0.654	0.828	0.654	0.708	0.654	0.654	0.583	0.725	0.652	6.394
0.654	0.82	0.654	0.713	0.654	0.654	0.576	0.723	0.649	6.963
0.659	0.813	0.659	0.708	0.659	0.659	0.576	0.713	0.649	7.651
0.657	0.811	0.657	0.715	0.657	0.657	0.574	0.71	0.647	8.262
0.649	0.803	0.649	0.715	0.649	0.649	0.571	0.718	0.645	8.501
0.647	0.798	0.647	0.723	0.647	0.647	0.579	0.718	0.635	8.562
0.647	0.793	0.647	0.725	0.647	0.647	0.576	0.723	0.645	8.618
0.654	0.789	0.654	0.72	0.654	0.654	0.571	0.72	0.642	8.718
0.662	0.786	0.662	0.718	0.662	0.662	0.569	0.72	0.642	8.779
0.659	0.786	0.659	0.723	0.659	0.659	0.569	0.715	0.642	8.782
0.659	0.774	0.659	0.723	0.659	0.659	0.571	0.72	0.642	8.738
0.662	0.767	0.662	0.725	0.662	0.662	0.576	0.72	0.642	8.528
0.757	0.762	0.757	0.723	0.757	0.757	0.579	0.723	0.652	6.973
4.187	0.754	4.187	0.728	4.187	4.187	0.574	0.715	0.654	5.569
8.616	0.752	8.616	0.723	8.616	8.616	0.574	0.708	0.657	4.556
9.229	0.752	9.229	0.725	9.229	9.229	0.574	0.696	0.654	3.86
9.233	0.742	9.233	0.723	9.233	9.233	0.576	0.698	0.649	3.401
9.233	0.74	9.233	0.725	9.233	9.233	0.569	0.703	0.645	2.788
9.236	0.737	9.236	0.728	9.236	9.236	0.564	0.706	0.649	2.368
9.238	0.732	9.238	0.723	9.238	9.238	0.566	0.706	0.647	2.075
9.238	0.73	9.238	0.718	9.238	9.238	0.566	0.703	0.642	1.851
9.238	0.732	9.238	0.718	9.238	9.238	0.569	0.698	0.632	1.711
9.241	0.723	9.241	0.72	9.241	9.241	0.571	0.703	0.63	1.594
9.241	0.718	9.241	0.728	9.241	9.241	0.576	0.71	0.63	1.47
9.175	0.713	9.175	0.728	9.175	9.175	0.571	0.713	0.625	1.382
8.606	0.71	8.606	0.732	8.606	8.606	0.569	0.713	0.627	1.335
7.776	0.706	7.776	0.73	7.776	7.776	0.569	0.703	0.627	1.282
6.768	0.708	6.768	0.728	6.768	6.768	0.571	0.703	0.623	1.245
5.85	0.698	5.85	0.723	5.85	5.85	0.576	0.693	0.623	1.218
4.756	0.698	4.756	0.728	4.756	4.756	0.583	0.696	0.625	1.191
3.801	0.696	3.801	0.73	3.801	3.801	0.579	0.703	0.627	1.172
3.01	0.691	3.01	0.732	3.01	3.01	0.571	0.706	0.632	1.16
2.446	0.691	2.446	0.725	2.446	2.446	0.569	0.703	0.632	1.138
1.978	0.691	1.978	0.715	1.978	1.978	0.569	0.706	0.63	1.125
1.541	0.684	1.541	0.715	1.541	1.541	0.571	0.769	0.632	1.108
1.233	0.684	1.233	0.718	1.233	1.233	1.233	1.531	0.637	1.089
1.038	0.679	1.038	0.72	1.038	1.038	5.234	4.998	0.635	1.074
0.913	0.679	0.913	0.718	0.913	0.913	4.653	5.032	0.64	1.062
0.82	0.679	0.82	0.723	0.82	0.82	3.369	4.121	0.642	1.045
0.764	0.676	0.764	0.715	0.764	0.764	2.8	3.635	0.637	1.033
0.725	0.674	0.725	0.715	0.725	0.725	2.686	3.376	0.635	1.018
0.701	0.674	0.701	0.715	0.701	0.701	2.676	3.242	0.64	1.006
0.686	0.671	0.686	0.72	0.686	0.686	2.717	3.181	0.635	0.999
0.684	0.669	0.684	0.728	0.684	0.684	2.805	3.171	0.64	0.984
0.674	0.674	0.674	0.728	0.674	0.674	2.8	3.169	0.637	0.974
0.671	0.667	0.671	0.723	0.671	0.671	2.827	3.184	0.635	0.967
0.662	0.667	0.662	0.725	0.662	0.662	2.859	3.186	0.635	0.957
0.654	0.667	0.654	0.735	0.654	0.654	2.852	3.198	0.635	0.95
0.657	0.664	0.657	0.737	0.657	0.657	2.839	3.171	0.635	0.947
0.659	0.664	0.659	0.737	0.659	0.659	2.803	2.988	0.64	0.935
0.662	0.671	0.662	0.735	0.662	0.662	2.71	2.69	0.637	0.928
0.657	0.662	0.657	0.728	0.657	0.657	2.522	2.38	0.637	0.92
0.654	0.662	0.654	0.728	0.654	0.654	2.219	2.083	0.635	0.913
0.649	0.662	0.649	0.728	0.649	0.649	1.904	1.689	0.635	0.906
0.654	0.659	0.654	0.73	0.654	0.654	1.609	1.497	0.635	0.908
0.654	0.659	0.654	0.732	0.654	0.654	1.396	1.323	0.637	0.896
0.654	0.664	0.654	0.735	0.654	0.654	1.382	1.116	0.637	0.891
0.652	0.657	0.652	0.732	0.652	0.652	1.252	0.969	0.635	0.886
0.642	0.657	0.642	0.728	0.642	0.642	1.218	0.872	0.635	0.881
0.64	0.657	0.64	0.73	0.64	0.64	1.216	0.82	0.632	0.876
0.645	2.742	0.645	0.732	0.645	0.645	1.177	0.781	0.635	0.876
0.642	8.357	0.642	0.73	0.642	0.642	1.033	0.752	0.64	0.864
0.645	8.955	0.645	0.906	0.645	0.645	0.852	0.74	0.642	0.859
0.642	8.975	0.642	3.389	0.642	0.642	0.747	0.725	0.64	0.854
0.632	8.997	0.632	3.914	0.632	0.632	0.691	0.732	0.64	0.852
0.635	9.014	0.635	3.53	0.635	0.635	0.649	0.737	0.637	0.85
0.637	9.036	0.637	3.296	0.637	0.637	0.623	0.742	0.635	0.85
0.635	9.045	0.635	3.164	0.635	0.635	0.603	0.732	0.64	0.84
0.637	9.019	0.637	3.074	0.637	0.637	0.588	0.725	0.637	0.835
0.642	8.823	0.642	3.01	0.642	0.642	0.583	0.723	0.64	0.83
0.64	8.049	0.64	2.949	0.64	0.64	0.586	0.725	0.64	0.825
0.635	7.185	0.635	2.917	0.635	0.635	0.583	0.73	0.635	0.823
0.637	6.445	0.637	2.913	0.637	0.637	0.576	0.73	0.64	0.82
0.635	5.808	0.635	2.91	0.635	0.635	0.571	0.723	0.642	0.813
0.637	5.361	0.637	2.847	0.637	0.637	0.571	0.723	0.642	0.811
0.637	4.841	0.637	2.776	0.637	0.637	0.571	0.718	0.635	0.808
0.63	4.319	0.63	2.573	0.63	0.63	0.583	0.718	0.64	0.806
0.632	3.784	0.632	2.102	0.632	0.632	0.586	0.723	0.635	0.806
0.635	3.32	0.635	1.716	0.635	0.635	0.586	0.725	0.637	0.801
0.635	2.935	0.635	1.523	0.635	0.635	0.586	0.728	0.64	0.796
0.637	2.568	0.637	1.365	0.637	0.637	0.588	0.728	0.637	0.793
0.637	2.307	0.637	1.223	0.637	0.637	0.586	0.725	0.637	0.791
0.635	2.087	0.635	1.042	0.635	0.635	0.588	0.723	0.64	0.789
0.635	1.921	0.635	0.925	0.635	0.635	0.588	0.725	0.635	0.791
0.635	1.799	0.635	0.854	0.635	0.635	0.588	0.725	0.637	0.781
0.64	1.699	0.64	0.811	0.64	0.64	0.581	0.728	0.637	0.781
0.635	1.597	0.635	0.779	0.635	0.635	0.571	0.728	0.64	0.779
0.632	1.509	0.632	0.759	0.632	0.632	0.574	0.73	0.635	0.774
0.627	1.438	0.627	0.747	0.627	0.627	0.574	0.735	0.63	0.771
0.63	1.377	0.63	0.745	0.63	0.63	0.576	0.742	0.63	0.776
0.632	1.328	0.632	0.742	0.632	0.632	0.576	0.742	0.63	0.767
0.635	1.294	0.635	0.74	0.635	0.635	0.576	0.747	0.632	0.764
0.632	1.248	0.632	0.735	0.632	0.632	0.576	0.742	0.635	0.762
0.63	1.201	0.63	0.732	0.63	0.63	0.593	0.742	0.637	0.757
0.632	1.162	0.632	0.737	0.632	0.632	0.598	0.742	0.627	0.757
0.635	1.13	0.635	0.74	0.635	0.635	0.598	0.747	0.625	0.759
0.632	1.104	0.632	0.747	0.632	0.632	0.593	0.754	0.627	0.75
0.64	1.084	0.64	0.737	0.64	0.64	0.583	0.759	0.632	0.747
0.637	1.06	0.637	0.732	0.637	0.637	0.579	0.757	0.632	0.745
0.632	1.047	0.632	0.728	0.632	0.632	0.579	0.754	0.635	0.742
0.635	1.033	0.635	0.73	0.635	0.635	0.574	0.754	0.63	0.74
0.637	1.021	0.637	0.74	0.637	0.637	0.574	0.759	0.63	0.742
0.632	1.011	0.632	0.75	0.632	0.632	0.574	0.762	0.635	0.735
0.635	1.001	0.635	0.745	0.635	0.635	0.566	0.764	0.637	0.732
0.635	0.989	0.635	0.745	0.635	0.635	0.566	0.754	0.642	0.73
0.627	0.981	0.627	0.74	0.627	0.627	0.574	0.747	0.642	0.728
0.627	0.974	0.627	0.74	0.627	0.627	0.571	0.745	0.635	0.728
0.63	0.974	0.63	0.74	0.63	0.63	0.564	0.742	0.635	0.725
0.627	0.974	0.627	0.75	0.627	0.627	0.557	0.745	0.635	0.72
0.635	0.972	0.635	0.745	0.635	0.635	0.552	0.742	0.637	0.72
0.64	0.972	0.64	0.742	0.64	0.64	0.547	0.735	0.64	0.718
0.635	0.969	0.635	0.737	0.635	0.635	0.552	0.732	0.637	0.715
0.635	0.969	0.635	0.74	0.635	0.635	0.554	0.732	0.625	0.718
0.632	0.967	0.632	0.742	0.632	0.632	0.562	0.74	0.625	0.713
0.63	0.972	0.63	0.75	0.63	0.63	0.562	0.747	0.62	0.71
0.632	0.962	0.632	0.745	0.632	0.632	0.562	0.747	0.623	0.708
0.637	0.962	0.637	0.745	0.637	0.637	0.564	0.745	0.625	0.706
0.635	0.962	0.635	0.742	0.635	0.635	0.566	0.742	0.623	0.706
0.706	0.959	0.706	0.747	0.706	0.706	0.574	0.742	0.623	0.71
2.668	0.959	2.668	0.75	2.668	2.668	0.576	0.747	0.625	0.703
8.706	0.969	8.706	0.754	8.706	8.706	0.576	0.752	0.632	0.703
9.236	0.959	9.236	0.75	9.236	9.236	0.576	0.752	0.637	4.248
9.233	0.962	9.233	0.75	9.233	9.233	0.581	0.774	0.642	6.619
9.236	0.962	9.236	0.742	9.236	9.236	0.579	3.33	0.645	7.524
9.243	0.962	9.243	0.74	9.243	9.243	0.581	9.216	0.642	8.003
9.241	0.962	9.241	0.745	9.241	9.241	0.583	9.231	0.642	8.191
8.73	0.967	8.73	0.747	8.73	8.73	0.583	9.238	0.645	8.213
8.062	0.959	8.062	0.747	8.062	8.062	0.583	9.233	0.647	8.193
7.17	0.959	7.17	0.745	7.17	7.17	0.583	9.236	0.652	8.14
6.128	0.959	6.128	0.737	6.128	6.128	0.579	9.241	0.647	7.847
5.112	0.962	5.112	0.74	5.112	5.112	0.583	9.241	2.468	6.831
4.084	4.124	4.084	0.745	4.084	4.084	0.586	9.241	6.655	5.562
3.257	8.232	3.257	0.742	3.257	3.257	0.581	8.955	4.978	4.661
2.534	8.503	2.534	0.735	2.534	2.534	0.579	8.103	3.682	4.006
2.009	8.647	2.009	0.73	2.009	2.009	0.579	7.202	3.088	3.44
1.692	8.706	1.692	0.728	1.692	1.692	0.571	6.223	2.732	3.04
1.482	8.752	1.482	0.73	1.482	1.482	0.574	5.305	2.529	2.783
1.318	8.767	1.318	0.735	1.318	1.318	0.579	4.451	2.444	2.576
1.096	8.74	1.096	0.732	1.096	1.096	0.579	3.606	2.422	2.402
0.923	8.611	0.923	0.73	0.923	0.923	0.574	2.983	2.434	2.266
0.82	8.018	0.82	0.725	0.82	0.82	0.576	2.556	2.415	2.136
0.757	6.526	0.757	0.723	0.757	0.757	0.579	2.205	2.385	2.031
0.713	5.303	0.713	0.725	0.713	0.713	0.581	1.826	2.356	1.931
0.676	4.226	0.676	0.737	0.676	0.676	0.586	1.553	2.183	1.843
0.662	3.479	0.662	0.737	0.662	0.662	0.583	1.311	1.875	1.78
0.649	2.976	0.649	0.737	0.649	0.649	0.576	1.14	1.606	1.719
0.64	2.6	0.64	0.732	0.64	0.64	0.579	1.035	1.497	1.658
0.635	2.334	0.635	0.725	0.635	0.635	0.581	0.984	1.414	1.604
0.63	2.139	0.63	0.723	0.63	0.63	0.583	0.925	1.267	1.541
0.623	1.99	0.623	0.73	0.623	0.623	0.588	0.867	1.228	1.487
0.63	1.86	0.63	0.752	0.63	0.63	0.593	0.828	1.213	1.445
0.64	1.758	0.64	4.543	0.64	0.64	0.598	0.793	1.143	1.416
0.645	1.675	0.645	9.219	0.645	0.645	0.598	0.774	0.957	1.392
0.649	1.597	0.649	9.229	0.649	0.649	0.598	0.762	0.833	1.375
0.647	1.531	0.647	9.231	0.647	0.647	0.603	0.759	0.757	1.345
0.645	1.477	0.645	9.236	0.645	0.645	0.605	0.752	0.706	1.323
0.647	1.421	0.647	9.236	0.647	0.647	0.603	0.747	0.681	1.301
0.654	1.375	0.654	9.238	0.654	0.654	0.605	0.75	0.667	1.282
0.654	1.326	0.654	9.238	0.654	0.654	0.601	0.747	0.652	1.262
0.659	1.287	0.659	9.236	0.659	0.659	0.598	0.75	0.64	1.248
0.652	1.255	0.652	9.243	0.652	0.652	0.603	0.752	0.637	1.223
0.649	1.226	0.649	9.238	0.649	0.649	0.601	0.764	0.635	1.204
0.649	1.187	0.649	9.238	0.649	0.649	0.601	0.774	0.637	1.187
0.645	1.155	0.645	9.241	0.645	0.645	0.603	0.781	0.645	1.169
0.652	1.128	0.652	9.104	0.652	0.652	0.596	0.781	0.642	1.152
0.662	1.111	0.662	8.345	0.662	0.662	0.598	0.781	0.637	1.14
0.654	1.094	0.654	7.036	0.654	0.654	0.771	0.786	0.635	1.118
0.657	1.077	0.657	6.025	0.657	0.657	5.723	0.779	0.632	1.104
0.657	1.06	0.657	4.9	0.657	0.657	7.397	0.759	0.635	1.089
0.659	1.047	0.659	3.772	0.659	0.659	6.814	0.752	0.642	1.074
0.662	1.038	0.662	2.896	0.662	0.662	7.126	0.745	0.635	1.064
0.664	1.028	0.664	2.302	0.664	0.664	7.766	0.747	0.63	1.052
0.649	1.023	0.649	1.826	0.649	0.649	8.296	0.75	0.625	1.038
0.647	1.011	0.647	1.475	0.647	0.647	8.745	0.757	0.625	1.025
0.647	1.001	0.647	1.226	0.647	0.647	9.028	0.757	0.63	1.008
0.652	0.991	0.652	1.045	0.652	0.652	9.167	0.762	0.64	0.999
0.654	0.984	0.654	0.984	0.654	0.654	9.236	0.759	0.642	0.989
0.654	0.979	0.654	0.898	0.654	0.654	9.241	0.759	0.64	0.977
0.679	0.981	0.679	0.859	0.679	0.679	9.089	0.764	0.64	0.964
0.713	0.969	0.713	0.833	0.713	0.713	8.616	0.771	0.635	0.955
6.614	0.959	6.614	0.813	6.614	6.614	7.82	0.774	0.64	0.942
9.226	0.955	9.226	0.793	9.226	9.226	6.76	0.776	0.647	0.935
9.231	0.945	9.231	0.774	9.231	9.231	5.647	0.771	0.64	0.933
9.233	0.94	9.233	0.767	9.233	9.233	4.473	0.764	0.637	0.918
9.238	0.945	9.238	0.769	9.238	9.238	3.484	0.764	0.63	0.908
9.241	0.93	9.241	0.767	9.241	9.241	2.891	0.764	0.627	0.901
9.241	0.923	9.241	0.767	9.241	9.241	2.38	0.764	0.63	0.891
9.241	0.918	9.241	0.762	9.241	9.241	1.98	0.764	0.635	0.884
8.777	0.913	8.777	0.759	8.777	8.777	1.57	0.762	0.635	0.884
7.732	0.908	7.732	0.759	7.732	7.732	1.218	0.762	0.637	0.869
6.213	0.911	6.213	0.762	6.213	6.213	0.986	0.767	0.637	0.862
4.731	0.898	4.731	0.759	4.731	4.731	0.833	0.767	0.637	0.854
3.372	0.896	3.372	0.754	3.372	3.372	0.737	0.769	0.645	0.847
2.354	0.889	2.354	0.74	2.354	2.354	0.671	0.771	0.645	0.842
1.646	0.886	1.646	0.735	1.646	1.646	0.63	0.769	0.64	1.206
1.194	0.884	1.194	0.732	1.194	1.194	0.605	0.767	0.637	7.8
0.911	0.886	0.911	0.735	0.911	0.911	0.591	0.769	0.635	8.447
0.735	0.879	0.735	0.735	0.735	0.735	0.586	0.767	0.637	8.716
0.623	0.876	0.623	0.737	0.623	0.623	0.581	0.771	0.647	8.818
0.559	0.869	0.559	0.725	0.559	0.559	0.569	0.776	0.645	8.865
0.525	0.864	0.525	0.713	0.525	0.525	0.564	0.774	0.647	8.894
0.491	0.862	0.491	0.703	0.491	0.491	0.564	0.774	0.645	8.914
0.471	0.857	0.471	0.701	0.471	0.471	0.564	0.774	0.64	8.938
0.459	0.852	0.459	0.706	0.459	0.459	0.569	0.767	0.635	8.926
0.452	0.845	0.452	0.708	0.452	0.452	0.569	0.767	0.649	8.779
0.454	0.84	0.454	0.703	0.454	0.454	0.564	0.764	0.649	7.825
0.457	0.84	0.457	0.71	0.457	0.457	0.564	0.764	0.649	6.316
0.449	0.837	0.449	0.713	0.449	0.449	0.559	0.764	0.647	5.269
0.444	0.83	0.444	0.703	0.444	0.444	0.559	0.767	0.642	4.465
0.439	0.828	0.439	0.713	0.439	0.439	0.566	0.767	0.64	3.757
0.439	0.828	0.439	0.723	0.439	0.439	0.566	0.767	0.652	3.081
0.442	0.825	0.442	0.72	0.442	0.442	0.559	0.767	0.649	2.632
0.449	0.823	0.449	0.713	0.449	0.449	0.559	0.762	0.649	2.356
0.452	0.828	0.452	0.723	0.452	0.452	0.557	0.759	0.647	2.117
0.444	0.82	0.444	0.72	0.444	0.444	0.564	0.759	0.64	1.938
0.439	0.82	0.439	0.725	0.439	0.439	0.566	0.757	0.642	1.807
0.435	0.82	0.435	0.728	0.435	0.435	0.566	0.757	0.645	1.711
0.452	0.818	0.452	0.723	0.452	0.452	0.562	0.754	0.642	1.658
0.515	0.818	0.515	0.725	0.515	0.515	0.559	0.754	0.642	1.599
0.554	0.825	0.554	0.73	0.554	0.554	0.562	0.757	0.637	1.545
0.581	0.818	0.581	0.73	0.581	0.581	0.569	0.757	0.635	1.497
0.591	0.815	0.591	0.728	0.591	0.591	0.576	0.764	0.635	1.448
0.601	0.813	0.601	0.715	0.601	0.601	0.574	0.764	0.64	1.409
0.615	0.811	0.615	0.708	0.615	0.615	0.574	0.759	0.642	1.379
0.625	0.813	0.625	0.696	0.625	0.625	0.574	0.757	0.642	1.34
0.627	0.815	0.627	0.679	0.627	0.627	0.576	0.757	0.637	1.313
0.63	0.808	0.63	0.688	0.63	0.63	0.581	0.759	0.632	1.284
0.627	0.811	0.627	0.696	0.627	0.627	0.579	0.767	0.627	1.26
0.618	0.835	0.618	0.703	0.618	0.618	0.574	3.081	0.625	1.235
0.623	2.002	0.623	0.708	0.623	0.623	0.569	9.06	0.627	1.223
0.62	3.03	0.62	0.715	0.62	0.62	0.569	9.231	0.63	1.196
0.625	3.035	0.625	0.718	0.625	0.625	0.571	9.238	0.625	1.174
0.62	3.03	0.62	0.723	0.62	0.62	0.576	9.236	0.62	1.157
0.618	3.025	0.618	0.73	0.618	0.618	0.583	9.236	0.625	1.14
0.615	3.022	0.615	0.73	0.615	0.615	0.576	9.241	0.625	1.123
0.623	3.02	0.623	0.732	0.623	0.623	0.576	9.241	0.627	1.108
0.623	3.022	0.623	0.74	0.623	0.623	0.579	8.43	0.623	1.091
0.627	3.02	0.627	0.73	0.627	0.627	0.583	7.268	0.62	1.077
0.625	3.015	0.625	0.73	0.625	0.625	0.586	6.174	0.615	1.062
0.625	3.013	0.625	0.718	0.625	0.625	0.586	5.059	0.623	1.05
0.627	3.003	0.627	0.723	0.627	0.627	0.574	3.96	0.623	1.04
0.632	2.993	0.632	0.793	0.632	0.632	0.576	3.101	0.625	1.025
0.63	2.976	0.63	0.935	0.63	0.63	0.579	2.405	0.623	1.011
0.632	2.935	0.632	4.771	0.632	0.632	0.581	1.938	0.623	0.999
0.632	2.856	0.632	7.246	0.632	0.632	0.586	1.553	0.62	0.986
0.627	2.781	0.627	8.452	0.627	0.627	0.588	1.299	0.688	0.974
0.63	2.695	0.63	9.182	0.63	0.63	0.588	1.116	5.037	0.969
0.632	2.61	0.632	9.241	0.632	0.632	0.586	1.013	7.888	0.955
0.63	2.524	0.63	8.613	0.63	0.63	0.583	0.945	6.914	0.945
0.63	2.422	0.63	7.422	0.63	0.63	0.586	0.903	6.572	0.935
0.62	2.3	0.62	6.365	0.62	0.62	0.593	0.879	6.736	0.925
0.623	2.197	0.623	5.029	0.623	0.623	0.593	0.859	7.039	0.918
0.623	2.104	0.623	3.75	0.623	0.623	0.591	0.845	7.38	0.916
0.623	2.029	0.623	2.749	0.623	0.623	0.588	0.84	7.646	0.901
0.625	1.96	0.625	2.087	0.625	0.625	0.576	0.837	7.778	0.894
0.623	1.882	0.623	1.719	0.623	0.623	0.569	0.83	7.856	0.886
0.613	1.807	0.613	1.458	0.613	0.613	0.569	0.83	7.71	0.876
0.61	1.748	0.61	1.282	0.61	0.61	0.566	0.83	7.151	0.869
0.613	1.704	0.613	1.135	0.613	0.613	0.571	0.833	6.375	0.869
0.61	1.663	0.61	1.069	0.61	0.61	0.569	0.83	5.471	0.854
0.61	1.631	0.61	1.018	0.61	0.61	0.566	0.835	4.612	0.85
0.608	0	0.608	0.93	0.608	0.608	0.571	0.83	3.726	0.842
0.605	0	0.605	0.879	0.605	0.605	0.581	0.83	3.057	0.835
0.608	0	0.608	0.847	0.608	0.608	0.579	0.835	2.51	0.83
0.615	0	0.615	0.801	0.615	0.615	0.566	0.833	2.085	0.828
0.615	0	0.615	0.776	0.615	0.615	0.562	0.83	1.697	0.818
0.615	0	0.615	0.75	0.615	0.615	0.564	0.833	1.455	0.815
0.615	0	0.615	0.745	0.615	0.615	0.569	0.828	1.208	0.811
0.608	0	0.608	0.742	0.608	0.608	0.574	0.833	1.011	0.806
0.608	0	0.608	0.745	0.608	0.608	0.566	0.835	0.886	0.803
0.615	0	0.615	0.75	0.615	0.615	0.559	0.842	0.823	0.801
0.618	0	0.618	0.754	0.618	0.618	0.559	0.845	0.769	0.793
0.623	0	0.623	0.737	0.623	0.623	0.559	0.837	0.715	0.793
0.62	0	0.62	0.73	0.62	0.62	0.559	0.83	0.681	0.791
0.618	0	0.618	0.72	0.618	0.618	0.566	0.823	0.659	0.786
0.618	0	0.618	0.71	0.618	0.618	0.576	0.82	0.645	0.786
0.625	0	0.625	0.713	0.625	0.625	1.484	0.815	0.632	0.781
0.625	0	0.625	0.715	0.625	0.625	6.526	0.815	0.632	0.779
0.627	0	0.627	0.708	0.627	0.627	8.188	0.811	0.632	0.776
0.627	0	0.627	0.701	0.627	0.627	9.05	0.801	0.63	0.774
0.623	0	0.623	0.701	0.623	0.623	9.238	0.796	0.625	0.771
0.623	0	0.623	0.703	0.623	0.623	9.236	0.798	0.618	0.776
0.625	0	0.625	0.703	0.625	0.625	9.028	0.806	0.613	0.767
0.63	0	0.63	0.706	0.63	0.63	8.308	0.815	0.61	0.767
0.632	0	0.632	0.696	0.632	0.632	7.534	0.815	0.608	0.764
0.63	0	0.63	0.691	0.63	0.63	6.545	0.811	0.605	0.762
0.625	0	0.625	0.693	0.625	0.625	5.508	0.813	0.603	0.762
0.63	0	0.63	0.698	0.63	0.63	4.453	0.815	0.603	0.767
0.872	0	0.872	0.713	0.872	0.872	3.457	0.823	0.608	0.757
4.067	0	4.067	0.713	4.067	4.067	2.632	0.884	0.613	0.757
5.195	0	5.195	0.713	5.195	5.195	2.039	0.969	0.613	0.754
4.336	0	4.336	0.718	4.336	4.336	1.675	7.412	0.618	0.752
3.745	0	3.745	0.72	3.745	3.745	1.431	9.229	0.625	0.752
3.455	0	3.455	0.723	3.455	3.455	1.262	9.231	0.635	0.757
3.303	0	3.303	0.73	3.303	3.303	1.111	9.233	0.645	0.747
3.203	0	3.203	0.73	3.203	3.203	0.962	9.236	0.649	0.747
3.147	0	3.147	0.728	3.147	3.147	0.823	9.238	0.654	0.747
3.147	0	3.147	0.725	3.147	3.147	0.747	9.236	0.659	0.742
3.098	0	3.098	0.725	3.098	3.098	0.688	9.238	0.647	0.742
3.025	0	3.025	0.725	3.025	3.025	0.662	9.238	0.649	0.745
2.942	0	2.942	2.07	2.942	2.942	0.645	9.207	0.654	0.74
2.893	0	2.893	9.214	2.893	2.893	0.627	8.291	0.657	0.74
2.834	0	2.834	9.229	2.834	2.834	0.61	7.053	0.659	0.737
2.771	0	2.771	9.231	2.771	2.771	0.605	5.505	0.662	0.735
2.502	0	2.502	9.231	2.502	2.502	0.596	3.999	0.654	0.737
2.075	0	2.075	9.233	2.075	2.075	0.601	2.871	0.654	0.735
1.709	0	1.709	9.243	1.709	1.709	0.603	2.102	0.654	0.732
1.494	0	1.494	9.236	1.494	1.494	0.605	1.626	0.657	0.732
1.282	0	1.282	9.241	1.282	1.282	0.605	1.309	0.659	0.73
1.116	0	1.116	9.243	1.116	1.116	0.608	1.118	0.657	0.73
0.933	0	0.933	8.682	0.933	0.933	0.61	0.999	0.647	0.732
0.808	0	0.808	6.875	0.808	0.808	0.61	0.93	0.647	0.73
0.732	0	0.732	5.195	0.732	0.732	0.61	0.842	0.647	0.764
0.688	0	0.688	3.811	0.688	0.688	0.605	0.759	0.649	3.013
0.662	0	0.662	2.734	0.662	0.662	0.613	0.696	0.649	4.937
0.642	0	0.642	1.99	0.642	0.642	0.615	0.647	0.649	5.977
0.625	0	0.625	1.533	0.625	0.625	0.62	0.62	0.645	6.714
0.615	0	0.615	1.257	0.615	0.615	0.623	0.61	0.642	7.097
0.613	0	0.613	1.06	0.613	0.613	0.62	0.608	0.652	7.19
0.618	0	0.618	0.93	0.618	0.618	0.618	0.598	0.649	7.202
0.615	0	0.615	0.85	0.615	0.615	0.615	0.591	0.649	7.168
0.618	0	0.618	0.801	0.618	0.618	0.608	0.591	0.647	6.975
0.618	0	0.618	0.771	0.618	0.618	0.608	0.593	0.649	6.201
0.61	0	0.61	0.759	0.61	0.61	0.61	0.598	0.654	5.171
0.608	0	0.608	0.75	0.608	0.608	0.608	0.608	0.657	4.358
0.608	0	0.608	0.735	0.608	0.608	0.601	0.613	0.659	3.86
0	0	0	0.72	0	0	0.601	0.613	0.662	3.506
0	0	0	0.706	0	0	0.593	0.608	0.652	3.232
0	0	0	0.706	0	0	0.596	0.605	0.649	2.969
0	0	0	0.72	0	0	0.601	0.608	0.649	2.764
0	0	0	0.725	0	0	0.598	0.615	0.647	2.59
0	0	0	0.725	0	0	0.598	0.61	0.647	2.441
0	0	0	0.725	0	0	0.605	0.608	0.647	2.288
0	0	0	0.723	0	0	0.603	0.605	0.64	2.161
0	0	0	0.72	0	0	0.603	0.603	0.64	2.058
0	0	0	0.73	0	0	0.635	0.605	0.637	1.958
0	0	0	0.737	0	0	2.271	0.61	0.645	1.873
0	0	0	0.73	0	0	9.216	0.603	0.657	1.804
0	0	0	0.723	0	0	9.233	0.598	0.662	1.743
0	0	0	0.72	0	0	9.231	0.598	0.659	1.694
0	0	0	0.723	0	0	9.238	0.598	0.659	1.646
0	0	0	0.728	0	0	9.238	0.605	0.662	1.599
0	0	0	0.723	0	0	9.246	0.61	0.669	1.553
0	0	0	0.723	0	0	9.128	0.605	0.674	1.511
0	0	0	0.728	0	0	8.594	0.605	0.679	1.47
0	0	0	0.732	0	0	7.581	0.603	0.669	1.44
0	0	0	0.737	0	0	6.14	0.598	0.667	0
0	0	0	0.747	0	0	4.712	0.603	0.662	0
0	0	0	0.745	0	0	3.562	0.605	0.664	0
0	0	0	0.752	0	0	2.515	0.608	0.669	0
0	0	0	0.752	0	0	1.819	0.605	0.674	0
0	0	0	0.75	0	0	1.455	0.601	0.669	0
0	0	0	0.75	0	0	1.223	0.598	0.667	0
0	0	0	0.752	0	0	1.05	0.603	0.662	0
0	0	0	0.752	0	0	0.911	0.601	0.664	0
0	0	0	0.747	0	0	0.833	0.601	0.674	0
0	0	0	0.742	0	0	0.786	0.603	0.674	0
0	0	0	0.745	0	0	0.759	0.598	0.718	0
0	0	0	0.747	0	0	0.732	0.593	0.906	0
0	0	0	0.752	0	0	0.718	0.601	5.5	0
0	0	0	0.757	0	0	0.715	0.593	8.191	0
0	0	0	0.757	0	0	0.715	0.583	9.238	0
0	0	0	0.757	0	0	0.703	0.574	9.236	0
0	0	0	0.754	0	0	0.701	0.566	9.241	0
0	0	0	0.759	0	0	0.698	0.566	9.243	0
0	0	0	0.759	0	0	0.662	0.571	8.672	0
0	0	0	0.764	0	0	0.657	0.574	7.815	0
0	0	0	0.762	0	0	0.669	0.576	6.731	0
0	0	0	0.757	0	0	0.676	0.574	5.549	0
0	0	0	0.757	0	0	0.679	0.566	4.521	0
0	0	0	0.762	0	0	0.684	0.571	3.521	0
0	0	0	0.767	0	0	0.684	0.576	2.646	0
0	0	0	0.769	0	0	0.684	0.576	2.051	0
0	0	0	0.774	0	0	0.684	0.576	1.65	0
0	0	0	0.774	0	0	0.674	0.576	1.362	0
0	0	0	0.774	0	0	0.674	0.576	1.15	0
0	0	0	0.779	0	0	0.676	0.581	1.008	0
0	0	0	0.776	0	0	0.674	0.586	0.884	0
0	0	0	0.774	0	0	0.671	0.588	0.808	0
0	0	0	0.767	0	0	0.669	0.588	0.769	0
0	0	0	0.764	0	0	0.659	0.586	0.74	0
0	0	0	0.769	0	0	0.659	0.583	0.72	0
0	0	0	0.769	0	0	0.667	0.583	0.703	0
0	0	0	0.771	0	0	0.669	0.581	0.698	0
0	0	0	0.771	0	0	0.674	0.581	0.696	0
0	0	0	0.767	0	0	0.684	0.581	0.696	0
0	0	0	0.764	0	0	0.701	0.574	0.696	0
0	0	0	0.767	0	0	0.718	0.569	0.686	0
0	0	0	0.769	0	0	0.723	0.576	0.681	0
0	0	0	0.769	0	0	0.728	0.574	0.679	0
0	0	0	0.764	0	0	0.728	0.579	0.681	0
0	0	0	0.757	0	0	0.72	0.579	0.676	0
0	0	0	0.752	0	0	0.723	0.579	0.674	0
0	0	0	0.752	0	0	0.723	0.576	0.676	0
0	0	0	0.752	0	0	0.73	0.583	0.676	0
0	0	0	0.759	0	0	0.732	0.579	0.681	0
0	0	0	0.762	0	0	0.732	0.583	0.688	0
0	0	0	0.762	0	0	0.72	0.581	0.686	0
0	0	0	0.759	0	0	0.713	0.579	0.686	0
0	0	0	0.762	0	0	0.72	0.574	0.679	0
0	0	0	0.767	0	0	0.723	0.579	0.669	0
0	0	0	0.774	0	0	0.725	0.579	0.669	0
0	0	0	0.779	0	0	0.73	0.581	0.674	0
0	0	0	0.781	0	0	0.725	0.581	0.671	0
0	0	0	0.781	0	0	0.725	0.579	0.671	0
0	0	0	0.784	0	0	0.73	0.593	0.667	0
0	0	0	0.779	0	0	0.732	0.618	0.662	0
0	0	0	0.828	0	0	0.723	0.64	0.669	0
0	0	0	3.003	0	0	0.715	0.654	0.676	0
0	0	0	4.785	0	0	0.708	0.671	0.676	0
0	0	0	3.933	0	0	0.706	0.684	0.674	0
0	0	0	3.206	0	0	0.715	0.691	0.669	0
0	0	0	2.749	0	0	0.72	0.706	0.664	0
0	0	0	2.439	0	0	0.73	0.72	0.667	0
0	0	0	2.234	0	0	0.735	0.732	5.142	0
0	0	0	2.058	0	0	0.725	0.737	9.224	0
0	0	0	1.963	0	0	0.725	0.737	9.231	0
0	0	0	1.909	0	0	0.732	0.74	9.231	0
0	0	0	1.851	0	0	0.735	0.735	9.233	0
0	0	0	1.841	0	0	0.737	0.737	9.236	0
0	0	0	1.768	0	0	0.73	0.742	9.233	0
0	0	0	1.536	0	0	0.72	0.74	9.231	0
0	0	0	1.328	0	0	0.72	0.742	9.233	0
0	0	0	1.196	0	0	0.71	0.747	9.238	0
0	0	0	1.118	0	0	0.713	0.747	9.246	0
0	0	0	0.945	0	0	0.71	0.747	9.077	0
0	0	0	0.84	0	0	0.703	0.745	7.476	0
0	0	0	0.774	0	0	0.706	0.745	5.62	0
0	0	0	0.723	0	0	0.708	0.742	3.975	0
0	0	0	0.686	0	0	0.713	0.75	2.756	0
0	0	0	0.671	0	0	0.72	0.745	1.963	0
0	0	0	0.667	0	0	0.728	0.75	1.477	0
0	0	0	0.659	0	0	0.725	0.752	1.174	0
0	0	0	0.649	0	0	0.723	0.75	0.989	0
0	0	0	0.649	0	0	0.723	0.75	0.872	0
0	0	0	0.647	0	0	0.728	0.754	0.789	0
0	0	0	0.645	0	0	0.732	0.75	0.671	0
0	0	0	0.647	0	0	0.742	0.747	0.662	0
0	0	0	0.647	0	0	0.735	0.745	0.662	0
0	0	0	0.649	0	0	0.73	0.737	0.667	0
0	0	0	0.654	0	0	0.735	0.737	0.667	0
0	0	0	0	0	0	0.732	0.74	0.664	0
0	0	0	0	0	0	0.737	0.735	0.664	0
0	0	0	0	0	0	0.74	0.747	0.669	0
0	0	0	0	0	0	0.735	0.762	0.671	0
0	0	0	0	0	0	0.728	0.771	0.671	0
0	0	0	0	0	0	0.72	0.771	0.669	0
0	0	0	0	0	0	0.723	0.769	0.667	0
0	0	0	0	0	0	0.73	0.767	0.669	0
0	0	0	0	0	0	0.728	0.769	0.676	0
0	0	0	0	0	0	0.728	0.771	0.671	0
0	0	0	0	0	0	0.728	0.774	0.674	0
0	0	0	0	0	0	0.73	0.781	0.674	0
0	0	0	0	0	0	0.737	0.781	0.667	0
0	0	0	0	0	0	0.742	0.784	0.662	0
0	0	0	0	0	0	0.745	0.791	0.659	0
0	0	0	0	0	0	0.742	0.793	0.662	0
0	0	0	0	0	0	0.742	0.793	0.667	0
0	0	0	0	0	0	0.74	0.793	0.667	0
0	0	0	0	0	0	0.742	0.784	0.664	0
0	0	0	0	0	0	0.752	0.786	0.667	0
0	0	0	0	0	0	0.747	0.789	0.659	0
0	0	0	0	0	0	0.752	0.791	0.662	0
0	0	0	0	0	0	0.747	0.793	0.659	0
0	0	0	0	0	0	0.74	0.791	0.659	0
0	0	0	0	0	0	0.735	0.781	0.657	0
0	0	0	0	0	0	0.74	0.776	0.657	0
0	0	0	0	0	0	0.74	0.779	0.652	0
0	0	0	0	0	0	0.735	0.779	0.657	0
0	0	0	0	0	0	0.73	0.776	0.659	0
0	0	0	0	0	0	0.725	0.776	0.662	0
0	0	0	0	0	0	0.728	0.767	0.662	0
0	0	0	0	0	0	0.732	0.764	0.659	0
0	0	0	0	0	0	0.735	0.776	0.652	0
0	0	0	0	0	0	0.752	0.781	0.657	0
0	0	0	0	0	0	0.854	0.789	0.654	0
0	0	0	0	0	0	3.225	0.791	0.652	0
0	0	0	0	0	0	6.035	0.789	0.652	0
0	0	0	0	0	0	7.566	0.789	0.649	0
0	0	0	0	0	0	8.723	0.791	0.649	0
0	0	0	0	0	0	9.238	0.793	0.652	0
0	0	0	0	0	0	9.238	0.798	0.654	0
0	0	0	0	0	0	9.238	0.791	0.654	0
0	0	0	0	0	0	9.246	0.791	0.654	0
0	0	0	0	0	0	8.669	0.789	0.649	0
0	0	0	0	0	0	7.236	0.791	0.647	0
0	0	0	0	0	0	5.559	0.796	0.652	0
0	0	0	0	0	0	3.965	0.801	0.654	0
0	0	0	0	0	0	2.893	0.793	0.654	0
0	0	0	0	0	0	2.31	0.793	0.654	0
0	0	0	0	0	0	1.816	0.793	0.649	0
0	0	0	0	0	0	1.445	0.796	0.647	0
0	0	0	0	0	0	1.179	0.798	0.652	0
0	0	0	0	0	0	0.977	0.806	0.652	0
0	0	0	0	0	0	0.845	0.796	0.654	0
0	0	0	0	0	0	0.767	0.791	0.657	0
0	0	0	0	0	0	0.71	0.791	0.647	0
0	0	0	0	0	0	0.679	0.806	0.647	0
0	0	0	0	0	0	0.654	0.959	0.649	0
0	0	0	0	0	0	0.635	2.849	0.652	0
0	0	0	0	0	0	0.63	4.324	0.657	0
0	0	0	0	0	0	0.63	3.433	0.657	0
0	0	0	0	0	0	0.627	2.8	0.645	0
0	0	0	0	0	0	0.627	2.415	0.642	0
0	0	0	0	0	0	0	2.178	0.647	0
0	0	0	0	0	0	0	1.995	0.649	0
0	0	0	0	0	0	0	1.951	0.652	0
0	0	0	0	0	0	0	1.941	0.652	0
0	0	0	0	0	0	0	1.941	0.645	0
0	0	0	0	0	0	0	1.907	0.645	0
0	0	0	0	0	0	0	1.848	0.647	0
0	0	0	0	0	0	0	1.753	0.652	0
0	0	0	0	0	0	0	1.638	0.657	0
0	0	0	0	0	0	0	1.492	0.659	0
0	0	0	0	0	0	0	1.333	0.654	0
0	0	0	0	0	0	0	1.216	0.652	0
0	0	0	0	0	0	0	1.257	0.652	0
0	0	0	0	0	0	0	1.167	0.654	0
0	0	0	0	0	0	0	1.028	0.662	0
0	0	0	0	0	0	0	0.889	0.657	0
0	0	0	0	0	0	0	0.789	0.664	0
0	0	0	0	0	0	0	0.735	0.967	0
0	0	0	0	0	0	0	0.73	3.223	0
0	0	0	0	0	0	0	0.691	3.423	0
0	0	0	0	0	0	0	0.667	2.83	0
0	0	0	0	0	0	0	0.647	2.563	0
0	0	0	0	0	0	0	0.632	2.476	0
0	0	0	0	0	0	0	0.63	2.393	0
0	0	0	0	0	0	0	0.63	2.341	0
0	0	0	0	0	0	0	0.62	2.251	0
0	0	0	0	0	0	0	0.615	2.166	0
0	0	0	0	0	0	0	0.613	2.014	0
0	0	0	0	0	0	0	0	1.855	0
0	0	0	0	0	0	0	0	1.714	0
0	0	0	0	0	0	0	0	1.548	0
0	0	0	0	0	0	0	0	1.365	0
0	0	0	0	0	0	0	0	1.238	0
0	0	0	0	0	0	0	0	1.189	0
0	0	0	0	0	0	0	0	1.074	0
0	0	0	0	0	0	0	0	0.933	0
0	0	0	0	0	0	0	0	0.852	0
0	0	0	0	0	0	0	0	0.793	0
0	0	0	0	0	0	0	0	0.781	0
0	0	0	0	0	0	0	0	0.74	0
0	0	0	0	0	0	0	0	0.703	0
0	0	0	0	0	0	0	0	0.681	0
0	0	0	0	0	0	0	0	0.671	0
0	0	0	0	0	0	0	0	0.664	0
0	0	0	0	0	0	0	0	0.659	0
0	0	0	0	0	0	0	0	0.652	0
0	0	0	0	0	0	0	0	0.645	0
