0.391	0.442	0.598	0.325	0.347	0.366	0.32	0.388	0.359	0.364
0.396	0.596	1.047	0.369	0.359	0.371	0.33	0.422	0.361	0.366
0.542	0.713	1.279	0.471	0.371	0.374	0.359	0.791	0.361	0.361
0.986	0.879	1.03	0.625	0.415	0.374	0.386	1.311	0.361	0.391
0.977	0.864	0.874	0.762	0.527	0.464	0.586	1.187	0.361	0.42
0.823	0.84	0.83	0.72	0.637	0.659	0.737	0.972	0.378	0.84
0.757	0.842	0.884	0.691	0.586	0.872	0.903	0.903	0.432	2.136
0.754	0.916	0.918	0.674	0.581	0.959	0.947	0.894	0.525	1.787
0.771	0.947	0.996	0.742	0.552	0.969	0.977	0.898	0.623	1.101
0.74	0.996	1.086	0.798	0.544	0.962	0.999	0.923	0.637	0.898
0.752	1.045	1.064	0.796	0.544	0.945	1.021	0.942	0.62	0.906
0.754	1.123	1.023	0.718	0.601	0.928	1.086	0.945	0.61	1.03
0.737	1.194	0.981	0.669	0.659	0.945	1.182	0.937	0.623	1.177
0.73	1.226	0.969	0.676	0.691	0.972	1.326	0.94	0.676	1.272
0.73	1.216	0.947	0.691	0.701	0.979	1.445	0.945	0.725	1.299
0.728	1.199	0.896	0.688	0.732	1.008	1.497	0.937	0.757	1.272
0.723	1.15	0.854	0.61	0.723	0.996	1.511	0.869	0.793	1.191
0.698	1.045	0.706	0.542	0.725	0.977	1.516	0.793	0.818	1.111
0.667	0.894	0.571	0.547	0.737	0.979	1.521	0.686	0.828	1.035
0.654	0.82	0.535	0.5	0.759	0.972	1.531	0.518	0.813	0.92
0.63	0.757	0.52	0.466	0.735	0.957	1.514	0.493	0.825	0.774
0.601	0.627	0.503	0.476	0.669	0.913	1.506	0.43	0.825	0.605
0.552	0.498	0.464	0.466	0.627	0.837	1.445	0.388	0.793	0.518
0.53	0.481	0.437	0.461	0.54	0.723	1.321	0.366	0.759	0.461
0.518	0.5	0.417	0.464	0.496	0.608	1.191	0.361	0.737	0.476
0.488	0.476	0.396	0.466	0.486	0.564	1.118	0.354	0.696	0.461
0.544	0.476	0.391	0.41	0.454	0.505	1.021	0.356	0.642	0.425
0.576	0.474	0.396	0.356	0.464	0.503	0.808	0.361	0.571	0.381
0.505	0.447	0.393	0.334	0.435	0.464	0.669	0.361	0.505	0.378
0.535	0.391	0.381	0.325	0.442	0.481	0.566	0.359	0.496	0.378
0.498	0.354	0.378	0.322	0.439	0.425	0.491	0.356	0.435	0.383
0.505	0.361	0.378	0.322	0.393	0.386	0.469	0.356	0.439	0.376
0.476	0.361	0.381	0.32	0.364	0.374	0.403	0.359	0.459	0.366
0.425	0.356	0.381	0.325	0.356	0.371	0.364	0.361	0.454	0.364
0.4	0.356	0.381	0.325	0.352	0.369	0.41	0.364	0.408	0.361
0.391	0.356	0.378	0.325	0.354	0.371	0.388	0.361	0.369	0.361
0.388	0.356	0.374	0.322	0.356	0.369	0.337	0.359	0.361	0.361
0.391	0.359	0.374	0.32	0.359	0.371	0.327	0.356	0.361	0.364
0.393	0.359	0.378	0.32	0.354	0.369	0.327	0.359	0.361	0.366
0.393	0.356	0.381	0.325	0.352	0.371	0.322	0.361	0.359	0.361
0.391	0.356	0.383	0.327	0.352	0.366	0.32	0.359	0.354	0.361
0.388	0.359	0.381	0.325	0.354	0.366	0.32	0.361	0.354	0.359
0.388	0.359	0.378	0.32	0.356	0.366	0.32	0.359	0.356	0.364
0.386	0.361	0.378	0.322	0.356	0.369	0.325	0.359	0.361	0.366
0.391	0.364	0.378	0.32	0.354	0.371	0.327	0.361	0.361	0.369
0.391	0.361	0.381	0.325	0.352	0.366	0.33	0.361	0.356	0.361
0.388	0.356	0.383	0.325	0.352	0.364	0.325	0.364	0.354	0.361
0.388	0.356	0.378	0.322	0.354	0.366	0.32	0.364	0.356	0.364
0.383	0.359	0.376	0.32	0.356	0.366	0.322	0.359	0.359	0.366
0.388	0.361	0.376	0.317	0.359	0.369	0.325	0.356	0.361	0.366
0.391	0.359	0.376	0.322	0.356	0.374	0.325	0.391	0.359	0.369
0.393	0.354	0.381	0.325	0.354	0.366	0.325	0.447	0.356	0.364
0.391	0.352	0.378	0.325	0.354	0.364	0.322	0.454	0.356	0.361
0.388	0.352	0.378	0.325	0.359	0.364	0.322	0.454	0.354	0.361
0.388	0.356	0.376	0.32	0.359	0.366	0.322	0.449	0.356	0.364
0.388	0.356	0.376	0.32	0.359	0.369	0.325	0.449	0.361	0.366
0.391	0.359	0.378	0.32	0.356	0.371	0.327	0.459	0.359	0.366
0.391	0.356	0.381	0.325	0.354	0.366	0.325	0.457	0.356	0.361
0.391	0.354	0.381	0.325	0.352	0.364	0.325	0.457	0.354	0.361
0.386	0.354	0.381	0.325	0.354	0.366	0.322	0.449	0.354	0.361
0.386	0.356	0.378	0.32	0.359	0.364	0.322	0.447	0.356	0.364
0.388	0.359	0.452	0.317	0.359	0.369	0.325	0.449	0.359	0.366
0.393	0.359	0.527	0.322	0.359	0.366	0.337	0.457	0.359	0.371
0.391	0.354	0.549	0.322	0.356	0.366	0.332	0.457	0.359	0.366
0.391	0.354	0.564	0.325	0.354	0.364	0.33	0.459	0.356	0.364
0.388	0.352	0.576	0.325	0.354	0.364	0.376	0.454	0.356	0.361
0.388	0.354	0.579	0.32	0.378	0.366	0.413	0.442	0.359	0.366
0.388	0.356	0.581	0.32	0.459	0.369	0.41	0.405	0.361	0.369
0.393	0.359	0.583	0.322	0.454	0.369	0.498	0.371	0.364	0.371
0.396	0.356	0.588	0.322	0.449	0.366	0.583	0.371	0.361	0.369
0.388	0.352	0.586	0.325	0.444	0.364	0.61	0.366	0.356	0.369
0.388	0.354	0.581	0.322	0.444	0.383	0.615	0.366	0.356	0.393
0.388	0.359	0.581	0.322	0.452	0.415	0.627	0.361	0.359	0.435
0.391	0.369	0.566	0.32	0.452	0.435	0.637	0.359	0.364	0.452
0.452	0.449	0.535	0.322	0.452	0.444	0.662	0.359	0.364	0.459
0.483	0.461	0.486	0.325	0.449	0.452	0.686	0.364	0.366	0.454
0.476	0.466	0.496	0.327	0.447	0.457	0.698	0.364	0.398	0.452
0.474	0.464	0.503	0.322	0.452	0.457	0.708	0.364	0.41	0.452
0.476	0.471	0.479	0.32	0.447	0.457	0.718	0.361	0.42	0.457
0.488	0.466	0.442	0.317	0.439	0.459	0.725	0.359	0.425	0.457
0.488	0.466	0.42	0.317	0.442	0.466	0.723	0.361	0.425	0.459
0.491	0.459	0.393	0.322	0.469	0.464	0.691	0.364	0.42	0.454
0.491	0.457	0.388	0.32	0.457	0.461	0.664	0.364	0.417	0.449
0.488	0.457	0.388	0.317	0.442	0.459	0.63	0.366	0.42	0.452
0.488	0.461	0.381	0.315	0.422	0.435	0.583	0.361	0.42	0.457
0.493	0.469	0.381	0.312	0.381	0.452	0.562	0.359	0.422	0.457
0.498	0.464	0.383	0.32	0.356	0.454	0.515	0.359	0.422	0.452
0.503	0.464	0.388	0.32	0.349	0.435	0.476	0.364	0.422	0.43
0.498	0.464	0.386	0.322	0.349	0.427	0.449	0.364	0.43	0.422
0.488	0.461	0.386	0.32	0.349	0.422	0.386	0.364	0.447	0.425
0.493	0.505	0.383	0.315	0.354	0.422	0.337	0.359	0.447	0.417
0.481	0.486	0.381	0.317	0.354	0.391	0.342	0.359	0.432	0.386
0.483	0.439	0.386	0.317	0.356	0.371	0.327	0.361	0.425	0.366
0.457	0.422	0.388	0.322	0.352	0.366	0.327	0.364	0.393	0.366
0.42	0.383	0.388	0.325	0.352	0.364	0.327	0.364	0.371	0.361
0.403	0.369	0.386	0.322	0.356	0.366	0.32	0.364	0.356	0.361
0.393	0.364	0.383	0.317	0.356	0.366	0.322	0.361	0.359	0.364
0.396	0.361	0.378	0.317	0.361	0.369	0.325	0.359	0.361	0.366
0.398	0.361	0.381	0.317	0.356	0.371	0.327	0.361	0.369	0.366
0.396	0.356	0.383	0.322	0.354	0.366	0.325	0.364	0.361	0.364
0.393	0.354	0.386	0.322	0.354	0.364	0.322	0.366	0.359	0.364
0.388	0.352	0.383	0.317	0.354	0.364	0.317	0.364	0.356	0.364
0.388	0.354	0.383	0.315	0.359	0.366	0.322	0.361	0.356	0.366
0.417	0.356	0.381	0.312	0.361	0.369	0.325	0.356	0.361	0.369
0.398	0.359	0.383	0.315	0.359	0.369	0.327	0.359	0.361	0.366
0.393	0.354	0.386	0.317	0.356	0.369	0.33	0.361	0.359	0.364
0.391	0.356	0.388	0.32	0.352	0.364	0.325	0.361	0.356	0.364
0.386	0.352	0.386	0.317	0.356	0.364	0.325	0.361	0.356	0.364
0.386	0.354	0.383	0.312	0.359	0.366	0.325	0.359	0.359	0.366
0.391	0.356	0.381	0.312	0.359	0.371	0.327	0.359	0.359	0.369
0.393	0.356	0.383	0.315	0.359	0.366	0.327	0.361	0.361	0.369
0.393	0.354	0.386	0.317	0.356	0.369	0.325	0.364	0.356	0.366
0.388	0.352	0.388	0.32	0.354	0.364	0.325	0.364	0.354	0.361
0.388	0.349	0.383	0.317	0.356	0.366	0.322	0.364	0.354	0.364
0.388	0.359	0.381	0.315	0.359	0.369	0.322	0.361	0.356	0.366
0.388	0.356	0.381	0.315	0.359	0.369	0.325	0.359	0.361	0.369
0.393	0.354	0.383	0.317	0.359	0.366	0.327	0.364	0.359	0.366
0.393	0.354	0.386	0.317	0.356	0.369	0.327	0.364	0.359	0.364
0.391	0.352	0.386	0.32	0.354	0.364	0.325	0.366	0.356	0.361
0.388	0.354	0.378	0.32	0.354	0.366	0.325	0.364	0.356	0.361
0.386	0.356	0.422	0.315	0.356	0.366	0.322	0.361	0.359	0.364
0.391	0.359	0.43	0.312	0.356	0.371	0.327	0.359	0.361	0.369
0.393	0.359	0.464	0.312	0.354	0.374	0.33	0.359	0.361	0.366
0.391	0.356	0.432	0.317	0.352	0.361	0.327	0.364	0.359	0.364
0.388	0.354	0.427	0.315	0.352	0.364	0.325	0.366	0.356	0.361
0.386	0.354	0.432	0.322	0.354	0.366	0.322	0.364	0.356	0.364
0.386	0.356	0.427	0.317	0.356	0.366	0.322	0.361	0.359	0.364
0.388	0.359	0.415	0.317	0.352	0.371	0.327	0.361	0.361	0.369
0.391	0.361	0.437	0.322	0.356	0.369	0.33	0.359	0.364	0.369
0.391	0.359	0.459	0.325	0.352	0.366	0.332	0.364	0.356	0.364
0.391	0.356	0.486	0.325	0.352	0.364	0.327	0.364	0.359	0.361
0.388	0.354	0.5	0.325	0.354	0.364	0.325	0.364	0.359	0.361
0.386	0.356	0.503	0.32	0.356	0.366	0.322	0.361	0.359	0.364
0.391	0.359	0.518	0.317	0.359	0.371	0.33	0.361	0.359	0.376
0.393	0.361	0.525	0.317	0.354	0.366	0.33	0.359	0.359	0.391
0.393	0.359	0.527	0.322	0.352	0.371	0.33	0.366	0.356	0.391
0.391	0.354	0.532	0.322	0.354	0.364	0.327	0.366	0.354	0.388
0.388	0.354	0.53	0.317	0.383	0.364	0.325	0.366	0.356	0.371
0.388	0.354	0.52	0.315	0.5	0.366	0.322	0.361	0.359	0.371
0.388	0.356	0.498	0.315	0.518	0.369	0.327	0.361	0.361	0.371
0.393	0.356	0.486	0.317	0.491	0.371	0.33	0.364	0.361	0.369
0.391	0.354	0.479	0.32	0.466	0.369	0.33	0.366	0.364	0.386
0.393	0.352	0.454	0.32	0.461	0.364	0.437	0.366	0.359	0.388
0.388	0.356	0.439	0.32	0.471	0.364	0.488	0.361	0.361	0.388
0.41	0.371	0.422	0.317	0.474	0.366	0.42	0.356	0.361	0.415
0.459	0.366	0.41	0.317	0.5	0.366	0.398	0.356	0.364	0.43
0.471	0.369	0.4	0.32	0.537	0.369	0.396	0.359	0.366	0.432
0.474	0.398	0.393	0.322	0.554	0.364	0.408	0.364	0.369	0.43
0.476	0.396	0.386	0.376	0.564	0.361	0.41	0.366	0.364	0.427
0.476	0.396	0.383	0.483	0.569	0.361	0.41	0.366	0.366	0.435
0.53	0.4	0.381	0.532	0.581	0.361	0.408	0.361	0.369	0.457
0.586	0.403	0.378	0.527	0.576	0.364	0.403	0.361	0.371	0.479
0.613	0.396	0.378	0.557	0.569	0.366	0.405	0.364	0.371	0.488
0.62	0.391	0.383	0.576	0.557	0.359	0.413	0.366	0.366	0.481
0.625	0.376	0.383	0.586	0.52	0.359	0.417	0.366	0.361	0.459
0.608	0.371	0.383	0.586	0.493	0.361	0.42	0.366	0.359	0.435
0.586	0.374	0.381	0.588	0.469	0.364	0.422	0.364	0.361	0.413
0.574	0.366	0.381	0.593	0.425	0.364	0.42	0.364	0.366	0.4
0.574	0.364	0.383	0.588	0.41	0.366	0.405	0.361	0.369	0.376
0.557	0.356	0.386	0.574	0.398	0.364	0.378	0.366	0.361	0.366
0.518	0.349	0.386	0.557	0.396	0.361	0.364	0.366	0.359	0.364
0.498	0.366	0.381	0.505	0.371	0.359	0.342	0.366	0.356	0.361
0.457	0.366	0.378	0.444	0.354	0.364	0.33	0.364	0.364	0.364
0.43	0.359	0.378	0.403	0.352	0.364	0.33	0.361	0.366	0.366
0.4	0.356	0.378	0.405	0.344	0.369	0.33	0.364	0.366	0.359
0.396	0.354	0.381	0.403	0.344	0.364	0.327	0.364	0.364	0.364
0.393	0.352	0.383	0.371	0.339	0.364	0.327	0.364	0.361	0.361
0.393	0.354	0.381	0.327	0.344	0.361	0.322	0.364	0.361	0.359
0.386	0.354	0.378	0.312	0.347	0.364	0.325	0.361	0.361	0.364
0.386	0.356	0.378	0.312	0.349	0.366	0.325	0.361	0.364	0.366
0.393	0.356	0.378	0.312	0.344	0.369	0.327	0.364	0.366	0.369
0.393	0.354	0.383	0.322	0.344	0.366	0.33	0.369	0.364	0.366
0.391	0.354	0.386	0.33	0.342	0.361	0.327	0.366	0.361	0.361
0.391	0.352	0.383	0.322	0.344	0.364	0.325	0.364	0.361	0.361
0.391	0.354	0.381	0.32	0.347	0.364	0.322	0.361	0.364	0.366
0.393	0.356	0.378	0.325	0.349	0.369	0.327	0.361	0.366	0.369
0.393	0.356	0.378	0.322	0.344	0.369	0.33	0.364	0.366	0.366
0.393	0.354	0.383	0.325	0.344	0.366	0.33	0.366	0.366	0.364
0.391	0.354	0.381	0.327	0.344	0.364	0.327	0.366	0.361	0.364
0.388	0.352	0.378	0.327	0.344	0.359	0.325	0.364	0.361	0.364
0.391	0.354	0.378	0.317	0.349	0.366	0.322	0.361	0.364	0.364
0.386	0.356	0.376	0.317	0.347	0.366	0.33	0.361	0.366	0.364
0.393	0.359	0.381	0.32	0.349	0.366	0.332	0.364	0.364	0.359
0.396	0.356	0.381	0.322	0.344	0.364	0.33	0.364	0.361	0.359
0.388	0.352	0.381	0.325	0.342	0.361	0.33	0.366	0.356	0.356
0.386	0.354	0.378	0.32	0.344	0.361	0.325	0.364	0.354	0.359
0.386	0.352	0.378	0.322	0.347	0.364	0.325	0.361	0.361	0.361
0.388	0.356	0.378	0.32	0.347	0.366	0.327	0.361	0.364	0.364
0.391	0.356	0.383	0.317	0.344	0.366	0.33	0.364	0.364	0.364
0.393	0.352	0.383	0.325	0.342	0.369	0.327	0.366	0.361	0.361
0.391	0.352	0.383	0.325	0.342	0.361	0.325	0.366	0.359	0.359
0.388	0.347	0.381	0.322	0.342	0.361	0.325	0.366	0.359	0.359
0.388	0.356	0.378	0.32	0.344	0.364	0.327	0.366	0.361	0.364
0.391	0.356	0.378	0.32	0.344	0.366	0.33	0.388	0.366	0.364
0.393	0.359	0.381	0.322	0.344	0.366	0.33	0.576	0.366	0.364
0.391	0.359	0.383	0.322	0.337	0.366	0.33	1.931	0.364	0.364
0.391	0.352	0.386	0.32	0.339	0.361	0.327	2.329	0.359	0.359
0.388	0.354	0.383	0.322	0.342	0.361	0.325	1.494	0.361	0.361
0.388	0.352	0.378	0.32	0.344	0.361	0.325	1.033	0.361	0.361
0.391	0.356	0.374	0.32	0.344	0.366	0.327	0.955	0.366	0.366
0.393	0.359	0.381	0.32	0.347	0.366	0.33	0.962	0.366	0.364
0.393	0.356	0.383	0.325	0.344	0.361	0.33	0.979	0.364	0.364
0.391	0.352	0.383	0.325	0.344	0.361	0.327	0.972	0.361	0.359
0.388	0.352	0.381	0.322	0.349	0.359	0.325	0.967	0.359	0.361
0.391	0.354	0.376	0.322	0.349	0.361	0.327	0.959	0.364	0.364
0.391	0.356	0.376	0.32	0.349	0.364	0.327	0.972	0.364	0.366
0.396	0.354	0.378	0.325	0.349	0.364	0.33	0.955	0.366	0.364
0.393	0.356	0.383	0.325	0.344	0.364	0.332	0.864	0.364	0.361
0.393	0.356	0.383	0.325	0.349	0.361	0.327	0.83	0.361	0.359
0.388	0.354	0.383	0.325	0.352	0.359	0.327	0.737	0.361	0.361
0.388	0.354	0.378	0.32	0.356	0.366	0.325	0.62	0.364	0.366
0.391	0.356	0.378	0.317	0.356	0.369	0.327	0.562	0.366	0.366
0.393	0.356	0.378	0.32	0.354	0.369	0.33	0.586	0.369	0.366
0.393	0.352	0.381	0.322	0.354	0.366	0.33	0.579	0.366	0.364
0.393	0.352	0.383	0.327	0.352	0.361	0.325	0.515	0.361	0.356
0.391	0.352	0.381	0.322	0.356	0.361	0.322	0.449	0.359	0.356
0.391	0.354	0.378	0.327	0.359	0.364	0.325	0.42	0.359	0.361
0.391	0.356	0.378	0.352	0.354	0.366	0.327	0.391	0.366	0.364
0.393	0.359	0.378	0.369	0.354	0.366	0.327	0.391	0.366	0.369
0.393	0.359	0.383	0.388	0.352	0.364	0.33	0.398	0.364	0.361
0.391	0.354	0.383	0.4	0.349	0.364	0.325	0.42	0.361	0.361
0.388	0.349	0.383	0.398	0.354	0.364	0.322	0.417	0.361	0.359
0.388	0.356	0.376	0.391	0.356	0.364	0.322	0.378	0.364	0.366
0.391	0.359	0.376	0.386	0.356	0.366	0.327	0.366	0.364	0.366
0.396	0.356	0.376	0.381	0.354	0.364	0.33	0.366	0.366	0.366
0.396	0.356	0.381	0.386	0.352	0.366	0.327	0.369	0.361	0.361
0.393	0.352	0.386	0.383	0.352	0.361	0.327	0.369	0.361	0.361
0.388	0.352	0.376	0.374	0.354	0.361	0.325	0.366	0.361	0.359
0.391	0.354	0.376	0.364	0.356	0.364	0.33	0.364	0.361	0.364
0.391	0.359	0.376	0.359	0.354	0.364	0.33	0.364	0.369	0.366
0.393	0.354	0.378	0.359	0.349	0.364	0.332	0.366	0.381	0.366
0.393	0.356	0.381	0.361	0.352	0.364	0.33	0.369	0.515	0.364
0.393	0.354	0.383	0.361	0.352	0.361	0.327	0.369	0.996	0.361
0.391	0.356	0.378	0.359	0.354	0.359	0.325	0.369	2.117	0.361
0.388	0.356	0.378	0.344	0.354	0.364	0.327	0.364	1.917	0.364
0.391	0.359	0.378	0.327	0.354	0.364	0.33	0.364	1.326	0.366
0.391	0.361	0.378	0.327	0.352	0.364	0.332	0.366	1.104	0.366
0.393	0.356	0.383	0.327	0.347	0.359	0.332	0.366	1.155	0.361
0.393	0.354	0.388	0.33	0.352	0.356	0.327	0.366	1.25	0.361
0.388	0.356	0.381	0.327	0.354	0.359	0.325	0.364	1.284	0.361
0.388	0.356	0.378	0.325	0.354	0.359	0.325	0.361	1.282	0.364
0.427	0.359	0.381	0.32	0.356	0.366	0.33	0.361	1.27	0.364
0.54	0.359	0.381	0.327	0.354	0.369	0.332	0.364	1.272	0.366
1.609	0.361	0.383	0.327	0.352	0.364	0.33	0.364	1.206	0.361
2.634	0.354	0.383	0.327	0.349	0.361	0.33	0.369	1.062	0.359
2.302	0.354	0.386	0.325	0.349	0.376	0.327	0.364	0.95	0.361
1.511	0.356	0.381	0.32	0.352	0.381	0.325	0.364	0.835	0.361
1.35	0.359	0.381	0.32	0.352	0.532	0.33	0.361	0.715	0.364
1.628	0.359	0.378	0.32	0.349	0.64	0.332	0.364	0.649	0.364
1.887	0.356	0.383	0.325	0.347	0.918	0.332	0.366	0.691	0.361
1.97	0.354	0.383	0.327	0.347	1.03	0.33	0.369	0.698	0.359
2.026	0.354	0.381	0.327	0.347	1.042	0.327	0.369	0.591	0.359
2.026	0.354	0.378	0.322	0.349	1.006	0.327	0.364	0.52	0.364
2.053	0.356	0.378	0.322	0.352	0.974	0.33	0.361	0.486	0.364
2.078	0.359	0.378	0.325	0.349	0.957	0.332	0.364	0.449	0.364
2.019	0.359	0.383	0.325	0.347	0.962	0.33	0.366	0.452	0.361
1.858	0.354	0.383	0.327	0.342	0.964	0.327	0.369	0.403	0.359
1.582	0.352	0.381	0.298	0.344	0.959	0.325	0.366	0.376	0.361
1.277	0.356	0.381	0.325	0.349	0.957	0.327	0.361	0.378	0.359
1.001	0.359	0.378	0.322	0.349	0.947	0.327	0.361	0.376	0.361
0.903	0.359	0.381	0.325	0.349	0.93	0.332	0.366	0.366	0.361
0.793	0.356	0.383	0.327	0.344	0.889	0.33	0.369	0.361	0.361
0.784	0.354	0.383	0.327	0.347	0.837	0.325	0.371	0.356	0.359
0.757	0.356	0.378	0.325	0.344	0.789	0.325	0.369	0.356	0.359
0.647	0.356	0.376	0.322	0.347	0.723	0.325	0.364	0.356	0.364
0.593	0.359	0.376	0.317	0.349	0.586	0.33	0.361	0.356	0.364
0.53	0.361	0.376	0.322	0.349	0.552	0.33	0.361	0.359	0.364
0.476	0.356	0.381	0.325	0.347	0.559	0.33	0.364	0.354	0.361
0.439	0.352	0.378	0.327	0.347	0.559	0.327	0.366	0.354	0.359
0.427	0.349	0.381	0.325	0.347	0.569	0.327	0.364	0.352	0.359
0.42	0.354	0.378	0.322	0.349	0.535	0.327	0.364	0.354	0.361
0.427	0.356	0.378	0.32	0.352	0.488	0.33	0.361	0.361	0.366
0.422	0.359	0.378	0.32	0.352	0.461	0.332	0.364	0.361	0.364
0.396	0.356	0.383	0.325	0.347	0.405	0.33	0.369	0.359	0.361
0.391	0.354	0.383	0.325	0.359	0.391	0.327	0.369	0.356	0.359
0.391	0.356	0.381	0.32	0.366	0.391	0.325	0.369	0.356	0.361
0.388	0.354	0.378	0.32	0.488	0.396	0.33	0.366	0.359	0.364
0.391	0.359	0.378	0.317	0.627	0.383	0.33	0.364	0.364	0.366
0.396	0.361	0.378	0.317	0.815	0.376	0.332	0.364	0.364	0.366
0.391	0.359	0.383	0.325	0.864	0.366	0.332	0.369	0.359	0.361
0.393	0.359	0.381	0.322	0.801	0.361	0.33	0.369	0.359	0.359
0.388	0.356	0.386	0.32	0.791	0.361	0.327	0.366	0.359	0.361
0.391	0.361	0.378	0.315	0.796	0.361	0.33	0.364	0.359	0.361
0.391	0.364	0.378	0.315	0.818	0.364	0.332	0.364	0.361	0.366
0.393	0.364	0.381	0.32	0.83	0.369	0.332	0.364	0.361	0.361
0.398	0.361	0.383	0.322	0.815	0.364	0.332	0.366	0.359	0.361
0.393	0.361	0.383	0.327	0.806	0.361	0.33	0.369	0.359	0.359
0.391	0.356	0.383	0.325	0.813	0.359	0.327	0.364	0.356	0.361
0.391	0.361	0.381	0.322	0.808	0.364	0.33	0.361	0.361	0.361
0.391	0.364	0.378	0.32	0.818	0.366	0.332	0.361	0.364	0.364
0.393	0.364	0.381	0.322	0.828	0.369	0.334	0.361	0.364	0.366
0.391	0.359	0.383	0.325	0.823	0.364	0.332	0.366	0.361	0.361
0.391	0.359	0.386	0.327	0.811	0.361	0.332	0.369	0.359	0.359
0.388	0.359	0.381	0.347	0.784	0.361	0.33	0.366	0.359	0.361
0.388	0.359	0.381	0.356	0.752	0.364	0.327	0.361	0.361	0.364
0.391	0.361	0.383	0.581	0.664	0.366	0.332	0.364	0.364	0.366
0.393	0.359	0.383	2.195	0.554	0.366	0.334	0.364	0.364	0.364
0.391	0.359	0.386	2.715	0.515	0.364	0.332	0.366	0.359	0.361
0.391	0.356	0.386	1.917	0.583	0.364	0.332	0.366	0.359	0.361
0.391	0.356	0.383	1.284	0.564	0.361	0.327	0.366	0.359	0.361
0.391	0.359	0.381	1.135	0.566	0.364	0.327	0.361	0.359	0.366
0.391	0.361	0.378	1.106	0.5	0.366	0.332	0.359	0.361	0.364
0.393	0.361	0.383	1.125	0.413	0.366	0.334	0.359	0.359	0.364
0.396	0.359	0.386	1.152	0.378	0.364	0.332	0.364	0.359	0.361
0.396	0.354	0.388	1.157	0.371	0.361	0.33	0.366	0.356	0.359
0.391	0.354	0.381	1.187	0.371	0.361	0.327	0.366	0.359	0.359
0.393	0.359	0.381	1.184	0.374	0.364	0.33	0.417	0.361	0.364
0.391	0.361	0.378	1.187	0.405	0.369	0.332	0.547	0.364	0.366
0.396	0.359	0.381	1.121	0.408	0.369	0.332	0.64	0.364	0.366
0.396	0.381	0.383	0.994	0.369	0.364	0.332	0.62	0.359	0.364
0.393	0.374	0.386	0.828	0.359	0.361	0.33	0.581	0.359	0.361
0.391	0.498	0.383	0.75	0.359	0.364	0.327	0.571	0.356	0.361
0.386	0.649	0.378	0.659	0.359	0.364	0.327	0.571	0.361	0.366
0.391	0.864	0.381	0.618	0.361	0.366	0.33	0.574	0.364	0.369
0.393	0.928	0.383	0.586	0.359	0.361	0.332	0.591	0.364	0.366
0.396	0.891	0.391	0.579	0.356	0.364	0.332	0.613	0.361	0.361
0.393	0.852	0.415	0.508	0.356	0.361	0.332	0.623	0.356	0.391
0.388	0.815	0.41	0.444	0.361	0.361	0.327	0.623	0.356	0.505
0.388	0.789	0.393	0.415	0.361	0.364	0.33	0.625	0.359	1.575
0.391	0.779	0.452	0.352	0.361	0.366	0.332	0.62	0.364	2.522
0.393	0.771	0.557	0.356	0.356	0.366	0.334	0.588	0.361	1.938
0.393	0.767	0.625	0.354	0.354	0.361	0.332	0.518	0.359	1.04
0.393	0.757	0.674	0.352	0.354	0.361	0.327	0.461	0.356	0.806
0.388	0.747	0.688	0.337	0.359	0.361	0.325	0.464	0.356	0.774
0.388	0.74	0.679	0.334	0.359	0.366	0.327	0.454	0.361	0.789
0.391	0.762	0.671	0.33	0.359	0.369	0.327	0.444	0.364	0.801
0.393	0.776	0.72	0.325	0.356	0.371	0.33	0.439	0.361	0.793
0.391	0.779	0.801	0.327	0.356	0.366	0.332	0.466	0.361	0.776
0.393	0.784	0.862	0.327	0.354	0.361	0.327	0.461	0.359	0.732
0.388	0.771	0.898	0.325	0.356	0.359	0.325	0.452	0.359	0.688
0.391	0.72	0.913	0.322	0.359	0.369	0.325	0.388	0.361	0.674
0.388	0.623	0.923	0.32	0.361	0.369	0.33	0.366	0.364	0.652
0.391	0.52	0.991	0.322	0.359	0.371	0.332	0.364	0.364	0.63
0.388	0.491	1.04	0.325	0.356	0.366	0.332	0.366	0.361	0.544
0.391	0.52	1.057	0.325	0.354	0.361	0.327	0.369	0.359	0.574
0.386	0.483	1.072	0.325	0.354	0.364	0.325	0.364	0.359	0.564
0.386	0.544	1.082	0.32	0.359	0.364	0.327	0.361	0.361	0.486
0.388	0.503	1.084	0.317	0.354	0.369	0.33	0.361	0.364	0.449
0.391	0.432	1.079	0.322	0.361	0.369	0.332	0.361	0.364	0.413
0.393	0.405	1.079	0.327	0.354	0.364	0.334	0.366	0.361	0.405
0.391	0.388	1.079	0.325	0.354	0.361	0.33	0.366	0.359	0.41
0.388	0.381	1.094	0.325	0.356	0.359	0.327	0.364	0.361	0.422
0.388	0.381	1.094	0.32	0.359	0.364	0.327	0.361	0.381	0.42
0.391	0.388	1.091	0.32	0.359	0.366	0.332	0.364	0.464	0.408
0.393	0.371	1.082	0.322	0.359	0.366	0.332	0.366	0.657	0.378
0.396	0.366	1.077	0.325	0.354	0.364	0.33	0.369	0.786	0.364
0.388	0.359	1.064	0.325	0.356	0.361	0.33	0.371	0.776	0.361
0.391	0.356	1.03	0.325	0.359	0.361	0.327	0.366	0.754	0.361
0.388	0.359	1.013	0.32	0.361	0.364	0.327	0.364	0.762	0.364
0.388	0.361	1.018	0.317	0.361	0.366	0.33	0.364	0.757	0.366
0.393	0.361	0.962	0.322	0.364	0.371	0.332	0.364	0.754	0.361
0.393	0.359	0.903	0.325	0.356	0.364	0.332	0.369	0.754	0.361
0.393	0.356	0.808	0.325	0.356	0.359	0.33	0.366	0.752	0.359
0.391	0.356	0.72	0.325	0.354	0.354	0.327	0.366	0.752	0.359
0.388	0.359	0.649	0.32	0.356	0.359	0.33	0.364	0.759	0.361
0.391	0.361	0.579	0.315	0.356	0.364	0.332	0.364	0.715	0.361
0.393	0.361	0.537	0.32	0.354	0.366	0.332	0.366	0.667	0.361
0.396	0.359	0.547	0.325	0.352	0.366	0.33	0.366	0.61	0.356
0.437	0.356	0.53	0.325	0.354	0.359	0.332	0.366	0.564	0.356
0.547	0.356	0.52	0.325	0.352	0.361	0.327	0.364	0.527	0.356
0.635	0.356	0.471	0.322	0.354	0.366	0.332	0.364	0.535	0.361
0.669	0.359	0.417	0.32	0.356	0.366	0.33	0.361	0.532	0.364
0.691	0.361	0.386	0.322	0.354	0.369	0.332	0.361	0.483	0.364
0.684	0.359	0.381	0.325	0.352	0.364	0.332	0.366	0.452	0.361
0.679	0.356	0.381	0.327	0.347	0.361	0.327	0.366	0.417	0.359
0.686	0.359	0.383	0.325	0.352	0.361	0.327	0.366	0.393	0.359
0.676	0.359	0.4	0.322	0.352	0.366	0.325	0.361	0.391	0.364
0.669	0.361	0.408	0.322	0.354	0.369	0.327	0.361	0.415	0.366
0.671	0.361	0.388	0.322	0.352	0.369	0.332	0.364	0.43	0.366
0.679	0.359	0.383	0.325	0.349	0.364	0.366	0.366	0.439	0.361
0.669	0.356	0.381	0.325	0.347	0.361	0.427	0.369	0.381	0.359
0.664	0.359	0.378	0.322	0.349	0.354	0.879	0.369	0.371	0.359
0.654	0.359	0.376	0.32	0.352	0.361	2.319	0.364	0.364	0.364
0.62	0.361	0.374	0.317	0.352	0.376	2.495	0.364	0.366	0.364
0.615	0.361	0.376	0.32	0.352	0.669	1.877	0.366	0.366	0.366
0.605	0.356	0.378	0.322	0.347	1.223	1.65	0.369	0.364	0.361
0.549	0.356	0.381	0.322	0.347	0.981	1.902	0.371	0.361	0.361
0.471	0.356	0.378	0.317	0.349	0.74	2.241	0.366	0.361	0.361
0.449	0.359	0.378	0.317	0.352	0.696	2.383	0.364	0.361	0.364
0.444	0.359	0.376	0.317	0.352	0.774	2.463	0.361	0.364	0.366
0.459	0.361	0.378	0.322	0.349	0.815	2.566	0.364	0.364	0.364
0.464	0.356	0.381	0.325	0.347	0.854	2.6	0.366	0.361	0.364
0.471	0.356	0.378	0.322	0.347	0.884	2.615	0.369	0.359	0.361
0.476	0.361	0.378	0.325	0.347	0.908	2.6	0.369	0.359	0.361
0.471	0.361	0.376	0.32	0.352	0.923	2.556	0.364	0.361	0.364
0.413	0.361	0.376	0.32	0.354	0.918	2.498	0.364	0.364	0.364
0.4	0.364	0.374	0.317	0.349	0.872	2.295	0.361	0.371	0.359
0.396	0.361	0.381	0.325	0.349	0.85	2.083	0.366	0.361	0.359
0.393	0.359	0.378	0.327	0.349	0.803	1.826	0.369	0.359	0.359
0.388	0.356	0.376	0.322	0.349	0.75	1.484	0.366	0.359	0.359
0.388	0.359	0.374	0.32	0.349	0.674	1.189	0.364	0.361	0.361
0.391	0.364	0.376	0.322	0.349	0.608	1.003	0.364	0.364	0.364
0.393	0.364	0.378	0.322	0.347	0.532	0.828	0.366	0.364	0.361
0.388	0.364	0.376	0.325	0.349	0.469	0.742	0.366	0.359	0.361
0.391	0.359	0.374	0.327	0.349	0.454	0.691	0.366	0.359	0.359
0.388	0.356	0.378	0.322	0.349	0.457	0.72	0.364	0.361	0.359
0.386	0.359	0.374	0.317	0.354	0.452	0.61	0.364	0.361	0.361
0.391	0.364	0.371	0.315	0.359	0.449	0.527	0.364	0.364	0.364
0.393	0.361	0.374	0.317	0.354	0.432	0.449	0.364	0.364	0.364
0.393	0.361	0.396	0.322	0.352	0.381	0.41	0.369	0.361	0.361
0.393	0.359	0.603	0.322	0.349	0.366	0.378	0.371	0.359	0.359
0.391	0.359	0.886	0.325	0.354	0.364	0.356	0.369	0.359	0.356
0.388	0.361	0.889	0.32	0.356	0.366	0.349	0.364	0.364	0.361
0.393	0.361	0.767	0.315	0.359	0.369	0.369	0.361	0.364	0.364
0.393	0.364	0.789	0.32	0.359	0.366	0.352	0.364	0.364	0.364
0.393	0.361	0.818	0.325	0.354	0.366	0.339	0.378	0.361	0.364
0.391	0.359	0.835	0.325	0.352	0.361	0.332	0.378	0.359	0.359
0.388	0.359	0.845	0.322	0.354	0.361	0.33	0.378	0.359	0.359
0.391	0.359	0.854	0.32	0.356	0.364	0.327	0.391	0.361	0.364
0.391	0.364	0.879	0.317	0.359	0.369	0.332	0.41	0.364	0.364
0.393	0.364	0.894	0.322	0.354	0.369	0.334	0.469	0.364	0.364
0.396	0.361	0.906	0.325	0.354	0.366	0.334	0.688	0.361	0.361
0.393	0.359	0.894	0.325	0.354	0.364	0.332	0.823	0.356	0.359
0.391	0.359	0.876	0.317	0.359	0.361	0.33	0.857	0.359	0.356
0.391	0.361	0.835	0.32	0.356	0.366	0.334	0.906	0.364	0.361
0.391	0.361	0.754	0.32	0.359	0.369	0.332	0.957	0.364	0.366
0.396	0.361	0.632	0.327	0.356	0.369	0.334	0.979	0.364	0.364
0.398	0.359	0.571	0.325	0.354	0.366	0.332	0.989	0.361	0.361
0.393	0.359	0.474	0.325	0.354	0.364	0.33	1.028	0.359	0.359
0.391	0.356	0.442	0.325	0.356	0.359	0.327	1.03	0.359	0.356
0.391	0.359	0.42	0.32	0.361	0.364	0.33	1.018	0.361	0.364
0.393	0.364	0.444	0.32	0.364	0.369	0.33	0.974	0.364	0.364
0.396	0.361	0.464	0.32	0.364	0.369	0.332	0.918	0.364	0.364
0.393	0.361	0.486	0.325	0.361	0.364	0.332	0.85	0.361	0.359
0.393	0.356	0.479	0.325	0.359	0.364	0.327	0.791	0.356	0.359
0.391	0.356	0.479	0.322	0.518	0.364	0.327	0.671	0.359	0.361
0.391	0.356	0.42	0.32	0.879	0.366	0.332	0.605	0.359	0.361
0.393	0.361	0.383	0.317	1.04	0.369	0.332	0.447	0.364	0.364
0.396	0.364	0.376	0.317	0.972	0.369	0.334	0.398	0.366	0.361
0.396	0.361	0.378	0.325	0.942	0.366	0.33	0.393	0.361	0.361
0.396	0.356	0.378	0.325	0.945	0.364	0.332	0.396	0.359	0.359
0.391	0.356	0.376	0.322	0.955	0.364	0.33	0.41	0.361	0.361
0.391	0.361	0.376	0.32	0.972	0.366	0.332	0.41	0.359	0.364
0.393	0.361	0.378	0.317	0.979	0.369	0.33	0.41	0.422	0.364
0.396	0.361	0.383	0.32	0.972	0.369	0.334	0.41	0.483	0.364
0.396	0.361	0.381	0.322	0.969	0.369	0.332	0.42	0.43	0.361
0.393	0.359	0.383	0.322	0.955	0.364	0.33	0.396	0.496	0.359
0.391	0.352	0.381	0.322	0.933	0.364	0.33	0.371	0.479	0.361
0.388	0.359	0.381	0.317	0.918	0.369	0.33	0.364	0.535	0.427
0.391	0.361	0.378	0.315	0.845	0.369	0.332	0.376	0.635	0.61
0.396	0.364	0.383	0.317	0.754	0.369	0.334	0.366	0.71	0.813
0.396	0.361	0.383	0.32	0.625	0.366	0.334	0.366	0.706	0.852
0.393	0.356	0.386	0.322	0.544	0.364	0.332	0.366	0.684	0.842
0.391	0.356	0.386	0.32	0.496	0.366	0.33	0.364	0.671	0.837
0.391	0.378	0.378	0.317	0.459	0.366	0.33	0.361	0.669	0.842
0.393	0.444	0.378	0.317	0.435	0.371	0.332	0.359	0.674	0.859
0.396	0.618	0.378	0.32	0.437	0.376	0.334	0.361	0.713	0.852
0.396	0.71	0.383	0.322	0.449	0.369	0.334	0.364	0.762	0.867
0.393	0.706	0.383	0.325	0.442	0.364	0.332	0.369	0.715	0.879
0.393	0.701	0.381	0.322	0.417	0.361	0.33	0.364	0.708	0.889
0.391	0.725	0.378	0.317	0.381	0.364	0.33	0.359	0.698	0.886
0.393	0.762	0.376	0.32	0.371	0.371	0.332	0.361	0.693	0.884
0.393	0.82	0.378	0.32	0.369	0.369	0.334	0.359	0.645	0.884
0.396	0.864	0.383	0.322	0.366	0.364	0.332	0.366	0.62	0.84
0.393	0.959	0.383	0.43	0.364	0.364	0.332	0.366	0.547	0.776
0.391	0.979	0.378	0.691	0.364	0.366	0.33	0.361	0.508	0.647
0.391	0.981	0.378	0.857	0.369	0.369	0.327	0.361	0.474	0.542
0.391	0.981	0.378	0.901	0.371	0.371	0.332	0.359	0.447	0.5
0.393	0.979	0.378	0.925	0.366	0.369	0.334	0.361	0.427	0.474
0.396	0.972	0.378	0.93	0.364	0.369	0.334	0.364	0.425	0.447
0.393	0.972	0.376	0.93	0.364	0.366	0.332	0.366	0.422	0.422
0.388	0.955	0.378	0.93	0.366	0.366	0.33	0.364	0.41	0.435
0.388	0.894	0.374	0.933	0.369	0.369	0.33	0.359	0.408	0.452
0.391	0.767	0.374	0.935	0.371	0.371	0.332	0.359	0.403	0.444
0.4	0.688	0.376	0.957	0.371	0.371	0.334	0.364	0.403	0.439
0.393	0.642	0.378	0.967	0.364	0.369	0.337	0.364	0.396	0.43
0.432	0.588	0.381	0.964	0.361	0.366	0.332	0.369	0.396	0.386
0.862	0.476	0.378	0.942	0.371	0.366	0.33	0.364	0.396	0.361
1.099	0.432	0.378	0.94	0.369	0.369	0.33	0.361	0.413	0.359
1.174	0.447	0.378	0.94	0.369	0.371	0.332	0.359	0.386	0.359
1.221	0.466	0.376	0.872	0.364	0.369	0.334	0.364	0.391	0.356
1.226	0.481	0.381	0.735	0.364	0.371	0.332	0.366	0.378	0.359
1.211	0.471	0.383	0.618	0.361	0.364	0.332	0.366	0.364	0.359
1.199	0.427	0.383	0.491	0.364	0.364	0.33	0.364	0.359	0.361
1.235	0.398	0.378	0.474	0.369	0.369	0.327	0.361	0.361	0.364
1.279	0.396	0.381	0.471	0.369	0.371	0.332	0.359	0.364	0.366
1.284	0.396	0.386	0.496	0.366	0.371	0.334	0.361	0.364	0.366
1.287	0.391	0.386	0.481	0.364	0.369	0.332	0.364	0.359	0.361
1.282	0.388	0.383	0.447	0.364	0.366	0.332	0.366	0.359	0.361
1.255	0.386	0.376	0.386	0.366	0.366	0.33	0.361	0.359	0.359
1.213	0.391	0.378	0.361	0.369	0.366	0.33	0.361	0.361	0.366
1.194	0.396	0.381	0.354	0.369	0.371	0.334	0.359	0.364	0.369
1.086	0.396	0.378	0.356	0.364	0.371	0.337	0.361	0.364	0.366
0.999	0.391	0.381	0.359	0.364	0.366	0.334	0.366	0.361	0.364
0.83	0.391	0.381	0.359	0.364	0.366	0.332	0.364	0.359	0.361
0.713	0.391	0.378	0.354	0.361	0.364	0.33	0.359	0.359	0.361
0.62	0.393	0.376	0.352	0.366	0.369	0.33	0.361	0.361	0.366
0.508	0.396	0.374	0.352	0.366	0.369	0.332	0.359	0.364	0.369
0.491	0.393	0.371	0.356	0.361	0.369	0.334	0.361	0.364	0.366
0.471	0.391	0.376	0.356	0.361	0.366	0.332	0.364	0.361	0.364
0.449	0.391	0.376	0.359	0.364	0.366	0.33	0.364	0.359	0.364
0.42	0.391	0.378	0.356	0.364	0.364	0.337	0.425	0.361	0.364
0.413	0.391	0.376	0.354	0.369	0.369	0.332	0.532	0.364	0.366
0.403	0.393	0.376	0.354	0.369	0.371	0.334	0.706	0.361	0.366
0.4	0.393	0.378	0.354	0.364	0.374	0.334	0.735	0.364	0.369
0.398	0.391	0.381	0.356	0.361	0.371	0.334	0.664	0.361	0.361
0.393	0.391	0.381	0.356	0.359	0.366	0.332	0.642	0.359	0.361
0.391	0.391	0.376	0.354	0.361	0.364	0.327	0.63	0.356	0.366
0.391	0.391	0.374	0.352	0.364	0.369	0.327	0.627	0.359	0.366
0.393	0.396	0.374	0.354	0.369	0.374	0.332	0.627	0.364	0.366
0.398	0.393	0.378	0.359	0.364	0.371	0.337	0.635	0.364	0.366
0.4	0.396	0.378	0.359	0.361	0.371	0.332	0.64	0.361	0.364
0.396	0.391	0.381	0.356	0.361	0.366	0.33	0.637	0.359	0.361
0.393	0.391	0.378	0.359	0.364	0.369	0.327	0.635	0.359	0.361
0.391	0.391	0.376	0.354	0.364	0.369	0.332	0.613	0.361	0.364
0.393	0.396	0.376	0.352	0.366	0.371	0.332	0.576	0.361	0.366
0.396	0.396	0.378	0.354	0.364	0.371	0.325	0.564	0.364	0.366
0.396	0.396	0.381	0.359	0.364	0.371	0.334	0.547	0.361	0.364
0.398	0.391	0.381	0.359	0.364	0.366	0.33	0.537	0.361	0.361
0.393	0.386	0.381	0.359	0.364	0.364	0.327	0.513	0.361	0.364
0.391	0.388	0.374	0.354	0.366	0.369	0.33	0.452	0.364	0.366
0.393	0.393	0.371	0.352	0.369	0.371	0.332	0.41	0.366	0.366
0.396	0.393	0.374	0.356	0.364	0.369	0.334	0.383	0.41	0.366
0.4	0.391	0.378	0.356	0.364	0.369	0.334	0.376	0.481	0.364
0.396	0.391	0.381	0.356	0.364	0.366	0.33	0.376	0.591	0.361
0.393	0.391	0.378	0.354	0.364	0.364	0.342	0.371	0.806	0.359
0.391	0.393	0.378	0.352	0.369	0.371	0.334	0.364	0.747	0.366
0.391	0.396	0.378	0.352	0.369	0.371	0.452	0.364	0.649	0.366
0.391	0.396	0.381	0.356	0.366	0.371	1.333	0.366	0.681	0.366
0.393	0.396	0.408	0.356	0.364	0.371	1.741	0.369	0.754	0.364
0.391	0.393	0.4	0.356	0.364	0.366	1.504	0.369	0.771	0.361
0.391	0.391	0.422	0.354	0.366	0.369	1.367	0.366	0.786	0.361
0.388	0.396	0.427	0.352	0.369	0.369	1.306	0.364	0.806	0.364
0.391	0.398	0.479	0.352	0.371	0.374	1.301	0.366	0.825	0.366
0.396	0.396	0.823	0.352	0.366	0.374	1.301	0.366	0.823	0.364
0.398	0.393	0.894	0.356	0.366	0.369	1.318	0.366	0.833	0.364
0.396	0.391	0.95	0.356	0.364	0.369	1.333	0.364	0.835	0.371
0.391	0.388	1.042	0.356	0.369	0.369	1.348	0.366	0.828	0.422
0.391	0.388	1.113	0.354	0.369	0.388	1.35	0.364	0.801	0.72
0.393	0.393	1.13	0.352	0.369	0.82	1.355	0.364	0.715	0.942
0.398	0.396	1.208	0.354	0.369	1.475	1.35	0.364	0.637	0.964
0.396	0.393	1.27	0.356	0.408	1.13	1.338	0.366	0.601	0.957
0.393	0.393	1.323	0.356	0.393	0.874	1.27	0.369	0.579	0.977
0.391	0.391	1.328	0.354	0.447	0.818	1.113	0.364	0.557	1.074
0.391	0.393	1.323	0.352	0.505	0.818	0.901	0.364	0.552	1.226
0.393	0.396	1.292	0.352	0.586	0.82	0.774	0.364	0.513	1.357
0.396	0.396	1.255	0.354	0.789	0.835	0.671	0.364	0.479	1.406
0.398	0.396	1.211	0.354	0.83	0.864	0.605	0.366	0.425	1.394
0.393	0.391	1.135	0.356	0.837	0.894	0.52	0.369	0.376	1.396
0.391	0.391	1.03	0.352	0.85	0.898	0.437	0.364	0.369	1.453
0.388	0.393	0.911	0.352	0.813	0.908	0.405	0.361	0.369	1.453
0.393	0.396	0.786	0.352	0.808	0.906	0.42	0.361	0.369	1.458
0.398	0.396	0.645	0.352	0.833	0.894	0.43	0.364	0.366	1.433
0.398	0.393	0.554	0.356	0.876	0.869	0.381	0.366	0.366	1.379
0.398	0.391	0.447	0.359	0.911	0.806	0.369	0.369	0.364	1.279
0.393	0.393	0.422	0.356	0.974	0.696	0.361	0.366	0.366	1.086
0.396	0.393	0.413	0.354	0.996	0.552	0.364	0.364	0.366	0.957
0.396	0.396	0.42	0.352	1.038	0.488	0.369	0.364	0.366	0.811
0.4	0.396	0.415	0.354	1.074	0.466	0.371	0.366	0.361	0.662
0.4	0.393	0.391	0.359	1.023	0.454	0.369	0.369	0.364	0.566
0.398	0.391	0.386	0.359	0.901	0.415	0.366	0.366	0.359	0.479
0.396	0.391	0.381	0.354	0.776	0.378	0.366	0.369	0.359	0.452
0.393	0.393	0.376	0.352	0.696	0.369	0.366	0.366	0.364	0.439
0.393	0.396	0.378	0.352	0.54	0.369	0.369	0.366	0.366	0.4
0.4	0.398	0.381	0.352	0.444	0.366	0.371	0.366	0.366	0.374
0.4	0.396	0.381	0.356	0.425	0.364	0.369	0.369	0.361	0.366
0.4	0.391	0.383	0.356	0.405	0.361	0.366	0.371	0.359	0.361
0.393	0.391	0.383	0.361	0.386	0.361	0.364	0.366	0.356	0.361
0.396	0.393	0.381	0.352	0.378	0.364	0.366	0.364	0.361	0.364
0.396	0.396	0.378	0.349	0.371	0.369	0.369	0.364	0.364	0.366
0.4	0.396	0.378	0.349	0.366	0.366	0.371	0.366	0.366	0.364
0.398	0.396	0.383	0.356	0.361	0.376	0.371	0.369	0.361	0.364
0.398	0.391	0.383	0.356	0.361	0.366	0.364	0.371	0.359	0.361
0.396	0.393	0.386	0.356	0.361	0.364	0.364	0.369	0.359	0.364
0.393	0.393	0.381	0.349	0.366	0.366	0.364	0	0.361	0.366
0.396	0.396	0.381	0.349	0.369	0.369	0.366	0	0.364	0.366
0.398	0.398	0.381	0.352	0.356	0.371	0.369	0	0.364	0.364
0.4	0.396	0.383	0.352	0.361	0.366	0.366	0	0.364	0.364
0.398	0.393	0.386	0.352	0.359	0.366	0.366	0	0.361	0.361
0.393	0.391	0.383	0.349	0.364	0.364	0.361	0	0.359	0.361
0.393	0.396	0.378	0.349	0.364	0.366	0.364	0	0.364	0.364
0.396	0.396	0.376	0.347	0.364	0.369	0.366	0	0.366	0.366
0.398	0.396	0.381	0.349	0.361	0.369	0.369	0	0.369	0.366
0.4	0.396	0.383	0.354	0.361	0.364	0.369	0	0.361	0.361
0.398	0.391	0.386	0.354	0.359	0.364	0.366	0	0.359	0.361
0.393	0.391	0.383	0.354	0.364	0.364	0.364	0	0.361	0.361
0.393	0.396	0.378	0.352	0.366	0.366	0.361	0	0.361	0.364
0.391	0.398	0.378	0.352	0.369	0.369	0.366	0	0.364	0.366
0.398	0.398	0.381	0.352	0.366	0.369	0.366	0	0.364	0.369
0.403	0.396	0.383	0.354	0.364	0.366	0.369	0	0.364	0.364
0.393	0.393	0.386	0.354	0.361	0.366	0.364	0	0.361	0.364
0.393	0.391	0.383	0.354	0.366	0.364	0.361	0	0.361	0.361
0.388	0.393	0.381	0.352	0.366	0.366	0.364	0	0.364	0.364
0.396	0.398	0.381	0.352	0.366	0.369	0.366	0	0.366	0.369
0.396	0.398	0.381	0.352	0.364	0.371	0.369	0	0.369	0.366
0.396	0.393	0.383	0.354	0.364	0.366	0.366	0	0.361	0.364
0.393	0.393	0.383	0.354	0.361	0.364	0.366	0	0.361	0.364
0.391	0.393	0.386	0.352	0.364	0.361	0.361	0	0.361	0.364
0.391	0.391	0.381	0.349	0.366	0.364	0.361	0	0.361	0.364
0.393	0.396	0.376	0.349	0.366	0.369	0.366	0	0.364	0.366
0.396	0.398	0.383	0.349	0.364	0.369	0.369	0	0.364	0.369
0.4	0.396	0.449	0.356	0.361	0.366	0.369	0	0.364	0.364
0.393	0.393	0.442	0.356	0.361	0.364	0.364	0	0.361	0.361
0.393	0.393	0.518	0.354	0.361	0.361	0.364	0	0.361	0.366
0.391	0.393	0.737	0.352	0.366	0.366	0.366	0	0.364	0.366
0.396	0.398	1.245	0.349	0.366	0.366	0.369	0	0.366	0.366
0.396	0.4	1.504	0.352	0.364	0.364	0.369	0	0.366	0.364
0.398	0.396	1.338	0.354	0.361	0.361	0.369	0	0.366	0.376
0.393	0.393	1.265	0.356	0.361	0.361	0.366	0	0.361	0.449
0.393	0.393	1.292	0.354	0.369	0.361	0.364	0	0.361	0.613
0.391	0.396	1.326	0.352	0.366	0.366	0.366	0	0.366	0.923
0.393	0.398	1.353	0.352	0.369	0.366	0.369	0	0.366	0.85
0.398	0.398	1.399	0.354	0.366	0.366	0.369	0	0.366	0.776
0.398	0.396	1.443	0.354	0.361	0.364	0.366	0	0.361	0.762
0.396	0.393	1.45	0.354	0.374	0.361	0.364	0	0.359	0.771
0.393	0.388	1.438	0.376	0.386	0.359	0.361	0	0	0.789
0.393	0.393	1.414	0.42	0.449	0.364	0.364	0	0	0.823
0.393	0.396	1.316	0.513	0.598	0.369	0.364	0	0	0.891
0.396	0.396	1.147	0.5	1.067	0.376	0.366	0	0	0.916
0.398	0.393	0.977	0.754	1.233	0.493	0.364	0	0	0.925
0.396	0.393	0.859	0.676	1.055	0.83	0.361	0	0	0.93
0.391	0.393	0.835	0.537	0.95	1.174	0.359	0	0	0.928
0.393	0.396	0.774	0.491	0.93	0.994	0.361	0	0	0.925
0.393	0.4	0.728	0.5	0.93	0.789	0.364	0	0	0.898
0.396	0.396	0.715	0.505	0.933	0.747	0.449	0	0	0.798
0.398	0.403	0.686	0.493	0.95	0.735	0.537	0	0	0.671
0.393	0.393	0.637	0.513	0.972	0.732	0.564	0	0	0.603
0.391	0.396	0.62	0.527	0.989	0.757	0.598	0	0	0.586
0.391	0.391	0.581	0.518	1.006	0.781	0.679	0	0	0.574
0.396	0.398	0.532	0.505	1.018	0.786	0.911	0	0	0.564
0.396	0.4	0.496	0.496	1.011	0.779	0.898	0	0	0.552
0.398	0.393	0.469	0.454	0.981	0.771	0.84	0	0	0.532
0.396	0.393	0.452	0.417	0.962	0.742	0.801	0	0	0.488
0.393	0.393	0.408	0.376	0.903	0.703	0.784	0	0	0.449
0.393	0.396	0.403	0.356	0.823	0.674	0.82	0	0	0.41
0.393	0.398	0.378	0.366	0.754	0.637	0.854	0	0	0.378
0.396	0.398	0.378	0.386	0.679	0.63	0.889	0	0	0.369
0.398	0.396	0.381	0.403	0.662	0.627	0.911	0	0	0.364
0.396	0.393	0.391	0.4	0.667	0.593	0.928	0	0	0.364
0.393	0.393	0.408	0.378	0.669	0.554	0.906	0	0	0.366
0.393	0.393	0.42	0.364	0.637	0.515	0.916	0	0	0.364
0.393	0.398	0.408	0.366	0.598	0.498	0.923	0	0	0.369
0.398	0.398	0.422	0.354	0.537	0.469	0.908	0	0	0.366
0.398	0.396	0.43	0.354	0.508	0.4	0.85	0	0	0.364
0.396	0.391	0.432	0.359	0.491	0.386	0.776	0	0	0.361
0.393	0.391	0.408	0.359	0.474	0.378	0.723	0	0	0.361
0.396	0.393	0.383	0.352	0.459	0.381	0.637	0	0	0.366
0.435	0.396	0.376	0.352	0.439	0.386	0.603	0	0	0.369
0.532	0.4	0.381	0.354	0.417	0.388	0.542	0	0	0.366
0.928	0.393	0.378	0.354	0.393	0.393	0.481	0	0	0.366
1.296	0.393	0.378	0.359	0.396	0.398	0.449	0	0	0.364
1.074	0.393	0.378	0.354	0.4	0.403	0.425	0	0	0.364
0.864	0.396	0.376	0.352	0.376	0.378	0.422	0	0	0.366
0.837	0.396	0.374	0.352	0.376	0.371	0.42	0	0	0.366
0.906	0.398	0.378	0.354	0.369	0.371	0.417	0	0	0.369
0.935	0.396	0.381	0.356	0.364	0.364	0.4	0	0	0.364
0.955	0.393	0.388	0.354	0.364	0.364	0.393	0	0	0.361
0.977	0.391	0.378	0.352	0.366	0.361	0.378	0	0	0.364
0.984	0.393	0.378	0.349	0.369	0.364	0.364	0	0	0.364
1.008	0.396	0.376	0.347	0.371	0.366	0.364	0	0	0.369
1.011	0.396	0.378	0.349	0.369	0.366	0.369	0	0	0.369
1.013	0.396	0.381	0.354	0.364	0.364	0.369	0	0	0.364
1.016	0.393	0.383	0.356	0.364	0.361	0.366	0	0	0.361
1.016	0.393	0.381	0.356	0.366	0.361	0.364	0	0	0.361
0.974	0.396	0.378	0.352	0.369	0.366	0.364	0	0	0.366
0.896	0.398	0.378	0.352	0.374	0.369	0.369	0	0	0.369
0.845	0.396	0.378	0.354	0.366	0.366	0.371	0	0	0.371
0.803	0.398	0.381	0.356	0.366	0.364	0.369	0	0	0.364
0.735	0.425	0.378	0.359	0.364	0.361	0.366	0	0	0.364
0.698	0.542	0.378	0.359	0.364	0.364	0.364	0	0	0.364
0.657	1.104	0.376	0.354	0.369	0.366	0.364	0	0	0.369
0.593	1.292	0.374	0.354	0.371	0.371	0.366	0	0	0.369
0.564	1.296	0.376	0.354	0.369	0.369	0.369	0	0	0.371
0.542	1.377	0.381	0.356	0.364	0.366	0.369	0	0	0.366
0.547	1.597	0.381	0.359	0.364	0.361	0.364	0	0	0.364
0.491	1.897	0.386	0.356	0.366	0.361	0.364	0	0	0.364
0.452	2.122	0.378	0.354	0.369	0.364	0.366	0	0	0.366
0.444	2.385	0.374	0.352	0.369	0.366	0.369	0	0	0.369
0.439	2.461	0.374	0.354	0.366	0.366	0.369	0	0	0.371
0.442	2.534	0.398	0.359	0.364	0.366	0.369	0	0	0.366
0.459	2.598	0.42	0.361	0.361	0.361	0.364	0	0	0.364
0.464	2.62	0	0.359	0.369	0.361	0.364	0	0	0.366
0.466	2.607	0	0.356	0.369	0.366	0.364	0	0	0.369
0.471	2.578	0	0.354	0.369	0.366	0.369	0	0	0.371
0.476	2.561	0	0.356	0.366	0.366	0.371	0	0	0.371
0.476	2.556	0	0.371	0.366	0.364	0.371	0	0	0.366
0.444	2.471	0	0.457	0.364	0.359	0.366	0	0	0.366
0.4	2.275	0	0.874	0.366	0.361	0.364	0	0	0.366
0.388	2.08	0	1.897	0.369	0.364	0.366	0	0	0.369
0.388	1.841	0	1.587	0.369	0.364	0.369	0	0	0.369
0.398	1.609	0	1.245	0.366	0.366	0.371	0	0	0.366
0.403	1.467	0	1.143	0.364	0.361	0.369	0	0	0.364
0.396	1.292	0	1.118	0.361	0.359	0.364	0	0	0.364
0.391	1.064	0	1.13	0.366	0.359	0.361	0	0	0.369
0.391	0.884	0	1.145	0.366	0.361	0.364	0	0	0.366
0.391	0.615	0	1.174	0.366	0.364	0.369	0	0	0.369
0.396	0.476	0	1.199	0.364	0.364	0.369	0	0	0.366
0.393	0.447	0	1.204	0.364	0.361	0.369	0	0	0.364
0.393	0.42	0	1.208	0.359	0.359	0.364	0	0	0.364
0.393	0.403	0	1.213	0.364	0.359	0.361	0	0	0.364
0.391	0.4	0	1.172	0.369	0.364	0.361	0	0	0.366
0.393	0.4	0	1.091	0.369	0.364	0.366	0	0	0.366
0.396	0.398	0	0.945	0.364	0.371	0.369	0	0	0.364
0.398	0.388	0	0.808	0.364	0.364	0.361	0	0	0.364
0.393	0.388	0	0.667	0.364	0.361	0.364	0	0	0.361
0.391	0.386	0	0.61	0.361	0.361	0.364	0	0	0.364
0.391	0.391	0	0.586	0.366	0.364	0.361	0	0	0.366
0.393	0.393	0	0.554	0.369	0.366	0.366	0	0	0.366
0.396	0.393	0	0.542	0.366	0.364	0.369	0	0	0.366
0.396	0.391	0	0.535	0	0.361	0.366	0	0	0.366
0.393	0.388	0	0.454	0	0.361	0.364	0	0	0.364
0.391	0.386	0	0.405	0	0.361	0.361	0	0	0.361
0.388	0.391	0	0.391	0	0.364	0.364	0	0	0
0.393	0.396	0	0.396	0	0.366	0.366	0	0	0
0.396	0.393	0	0.408	0	0.364	0.369	0	0	0
0.396	0.393	0	0.415	0	0.366	0.369	0	0	0
0.391	0.388	0	0.42	0	0.361	0.364	0	0	0
0.388	0.386	0	0.4	0	0.364	0.364	0	0	0
0.388	0.391	0	0.361	0	0.391	0.366	0	0	0
0.391	0.393	0	0.366	0	0	0.381	0	0	0
0.393	0.391	0	0.361	0	0	0.447	0	0	0
0.398	0.391	0	0.359	0	0	0.825	0	0	0
0.393	0.388	0	0.359	0	0	2.161	0	0	0
0.391	0.383	0	0.359	0	0	1.626	0	0	0
0.388	0.393	0	0.354	0	0	1.223	0	0	0
0.393	0.393	0	0.352	0	0	1.194	0	0	0
0.396	0.398	0	0.354	0	0	1.316	0	0	0
0.396	0.391	0	0.356	0	0	1.382	0	0	0
0.396	0.391	0	0.356	0	0	1.458	0	0	0
0.393	0.391	0	0.359	0	0	1.589	0	0	0
0.391	0.391	0	0.354	0	0	1.682	0	0	0
0.393	0.393	0	0.352	0	0	1.719	0	0	0
0.396	0.393	0	0.361	0	0	1.772	0	0	0
0.396	0.393	0	0.359	0	0	1.897	0	0	0
0.391	0.391	0	0.356	0	0	1.965	0	0	0
0.396	0.388	0	0.352	0	0	2.046	0	0	0
0.413	0.391	0	0.349	0	0	2.002	0	0	0
0.686	0.396	0	0.347	0	0	1.846	0	0	0
1.001	0.398	0	0.352	0	0	1.665	0	0	0
1.047	0.391	0	0.354	0	0	1.489	0	0	0
0.935	0.391	0	0.356	0	0	1.287	0	0	0
0.898	0.391	0	0.359	0	0	1.082	0	0	0
0.928	0.393	0	0.349	0	0	0.82	0	0	0
0	0.396	0	0.347	0	0	0.71	0	0	0
0	0.398	0	0.352	0	0	0.642	0	0	0
0	0.4	0	0.354	0	0	0.581	0	0	0
0	0.391	0	0.354	0	0	0.552	0	0	0
0	0.432	0	0.352	0	0	0.547	0	0	0
0	0.527	0	0.349	0	0	0.52	0	0	0
0	1.604	0	0.349	0	0	0.464	0	0	0
0	2.163	0	0.354	0	0	0.427	0	0	0
0	2.175	0	0.354	0	0	0.413	0	0	0
0	2.185	0	0.354	0	0	0.408	0	0	0
0	2.212	0	0.352	0	0	0.427	0	0	0
0	2.209	0	0.349	0	0	0.432	0	0	0
0	2.202	0	0.347	0	0	0.449	0	0	0
0	2.187	0	0.352	0	0	0.439	0	0	0
0	2.168	0	0.352	0	0	0.442	0	0	0
0	2.126	0	0.349	0	0	0.386	0	0	0
0	2.097	0	0.359	0	0	0.369	0	0	0
0	2.063	0	0.354	0	0	0.369	0	0	0
0	2.065	0	0.352	0	0	0.376	0	0	0
0	2.043	0	0.352	0	0	0.378	0	0	0
0	2.026	0	0.354	0	0	0.374	0	0	0
0	1.97	0	0.356	0	0	0.366	0	0	0
0	1.865	0	0.359	0	0	0.359	0	0	0
0	1.609	0	0.354	0	0	0.359	0	0	0
0	1.455	0	0.352	0	0	0.364	0	0	0
0	1.272	0	0.354	0	0	0.366	0	0	0
0	1.104	0	0.359	0	0	0.364	0	0	0
0	0.881	0	0.359	0	0	0.361	0	0	0
0	0.813	0	0.359	0	0	0.359	0	0	0
0	0.764	0	0.356	0	0	0.356	0	0	0
0	0.71	0	0.352	0	0	0.364	0	0	0
0	0.647	0	0.354	0	0	0.369	0	0	0
0	0.571	0	0	0	0	0.364	0	0	0
0	0.532	0	0	0	0	0.361	0	0	0
0	0.503	0	0	0	0	0.361	0	0	0
0	0.42	0	0	0	0	0.364	0	0	0
0	0.405	0	0	0	0	0.366	0	0	0
0	0.4	0	0	0	0	0.369	0	0	0
0	0.393	0	0	0	0	0.366	0	0	0
0	0.408	0	0	0	0	0.364	0	0	0
0	0.422	0	0	0	0	0.361	0	0	0
0	0.437	0	0	0	0	0.364	0	0	0
0	0.417	0	0	0	0	0.366	0	0	0
0	0.403	0	0	0	0	0.369	0	0	0
0	0.393	0	0	0	0	0.366	0	0	0
0	0.381	0	0	0	0	0.364	0	0	0
0	0.374	0	0	0	0	0.361	0	0	0
0	0.374	0	0	0	0	0.364	0	0	0
0	0.374	0	0	0	0	0.366	0	0	0
0	0.374	0	0	0	0	0.369	0	0	0
0	0.371	0	0	0	0	0.364	0	0	0
0	0.371	0	0	0	0	0.364	0	0	0
0	0.369	0	0	0	0	0.364	0	0	0
0	0.374	0	0	0	0	0.364	0	0	0
0	0.374	0	0	0	0	0.366	0	0	0
0	0.369	0	0	0	0	0.369	0	0	0
0	0.371	0	0	0	0	0.366	0	0	0
0	0.369	0	0	0	0	0.364	0	0	0
0	0.369	0	0	0	0	0.361	0	0	0
0	0.374	0	0	0	0	0.359	0	0	0
0	0.376	0	0	0	0	0.366	0	0	0
0	0.378	0	0	0	0	0.369	0	0	0
0	0.376	0	0	0	0	0.366	0	0	0
0	0.374	0	0	0	0	0.364	0	0	0
0	0.371	0	0	0	0	0.361	0	0	0
0	0.374	0	0	0	0	0.364	0	0	0
0	0.376	0	0	0	0	0.369	0	0	0
0	0.381	0	0	0	0	0.369	0	0	0
0	0.374	0	0	0	0	0.366	0	0	0
0	0.374	0	0	0	0	0.364	0	0	0
0	0.374	0	0	0	0	0.364	0	0	0
0	0.374	0	0	0	0	0	0	0	0
0	0.376	0	0	0	0	0	0	0	0
0	0.376	0	0	0	0	0	0	0	0
0	0.376	0	0	0	0	0	0	0	0
0	0.374	0	0	0	0	0	0	0	0
0	0.374	0	0	0	0	0	0	0	0
0	0.376	0	0	0	0	0	0	0	0
0	0.376	0	0	0	0	0	0	0	0
0	0.378	0	0	0	0	0	0	0	0
0	0.376	0	0	0	0	0	0	0	0
0	0.374	0	0	0	0	0	0	0	0
0	0.374	0	0	0	0	0	0	0	0
0	0.374	0	0	0	0	0	0	0	0
0	0.378	0	0	0	0	0	0	0	0
0	0.374	0	0	0	0	0	0	0	0
0	0.376	0	0	0	0	0	0	0	0
0	0.374	0	0	0	0	0	0	0	0
0	0.374	0	0	0	0	0	0	0	0
0	0.378	0	0	0	0	0	0	0	0
0	0.383	0	0	0	0	0	0	0	0
0	0.383	0	0	0	0	0	0	0	0
0	0.381	0	0	0	0	0	0	0	0
0	0.376	0	0	0	0	0	0	0	0
0	0.378	0	0	0	0	0	0	0	0
0	0.378	0	0	0	0	0	0	0	0
0	0.383	0	0	0	0	0	0	0	0
0	0.386	0	0	0	0	0	0	0	0
0	0.381	0	0	0	0	0	0	0	0
0	0.376	0	0	0	0	0	0	0	0
0	0.376	0	0	0	0	0	0	0	0
0	0.378	0	0	0	0	0	0	0	0
0	0.381	0	0	0	0	0	0	0	0
0	0.383	0	0	0	0	0	0	0	0
0	0.383	0	0	0	0	0	0	0	0
0	0.381	0	0	0	0	0	0	0	0
0	0.378	0	0	0	0	0	0	0	0
0	0.386	0	0	0	0	0	0	0	0
0	0.383	0	0	0	0	0	0	0	0
0	0.381	0	0	0	0	0	0	0	0
0	0.381	0	0	0	0	0	0	0	0
