0.444	1.338	0.476	0.452	0.452	0.449	0.479	0.457	0.977	0.444
0.447	1.479	0.479	0.447	0.457	0.452	0.493	0.459	1.033	0.442
0.447	1.416	0.474	0.447	0.454	0.452	0.542	0.461	1.104	0.439
0.444	1.357	0.474	0.449	0.449	1.152	0.813	0.459	1.204	0.442
0.442	1.318	1.292	0.457	0.449	2.71	0.923	0.459	1.34	0.447
0.449	1.292	1.965	0.532	0.449	1.846	0.952	0.459	1.396	0.449
0.522	1.267	1.24	2.08	0.469	1.145	0.933	0.469	1.379	0.464
0.891	1.25	0.908	2.283	0.515	0.981	0.94	0.576	1.35	0.493
1.035	1.218	0.793	1.689	0.608	0.95	0.964	0.925	1.328	0.857
0.935	1.206	0.745	1.511	0.757	0.945	0.986	1.045	1.252	1.023
0.889	1.206	0.759	1.516	0.808	0.964	1.008	1.15	0.964	1.235
0.901	1.208	0.786	1.555	0.823	0.969	0.991	1.221	0.791	1.436
0.93	1.199	0.811	1.619	0.823	0.972	0.957	1.416	0.681	1.509
0.908	1.191	0.818	1.665	0.862	0.962	0.937	1.641	0.598	1.521
0.876	1.14	0.828	1.702	0.94	0.952	0.862	1.67	0.562	1.587
0.872	1.006	0.845	1.736	0.986	0.942	0.806	1.606	0.576	1.609
0.869	0.823	0.859	1.797	1.013	0.92	0.747	1.587	0.603	1.501
0.896	0.637	0.823	1.782	1.025	0.884	0.679	1.548	0.608	1.499
0.908	0.591	0.701	1.812	1.025	0.837	0.618	1.477	0.562	1.501
0.906	0.583	0.627	1.755	1.035	0.725	0.593	1.331	0.479	1.506
0.906	0.586	0.559	1.702	1.03	0.667	0.571	1.118	0.464	1.345
0.923	0.549	0.581	1.462	0.986	0.61	0.535	0.996	0.464	1.155
0.952	0.479	0.593	1.206	0.964	0.557	0.503	0.933	0.459	1.018
0.952	0.461	0.574	0.972	0.925	0.527	0.486	0.813	0.459	0.92
0.925	0.449	0.535	0.872	0.825	0.486	0.481	0.696	0.454	0.776
0.908	0.459	0.508	0.771	0.706	0.486	0.476	0.652	0.457	0.684
0.852	0.452	0.488	0.681	0.625	0.469	0.471	0.63	0.452	0.645
0.762	0.449	0.488	0.64	0.566	0.457	0.476	0.61	0.454	0.623
0.701	0.452	0.491	0.605	0.583	0.452	0.479	0.598	0.457	0.574
0.664	0.449	0.479	0.557	0.513	0.449	0.481	0.51	0.457	0.566
0.627	0.452	0.486	0.481	0.469	0.449	0.479	0.464	0.452	0.527
0.593	0.454	0.479	0.459	0.464	0.452	0.476	0.459	0.452	0.461
0.588	0.457	0.474	0.454	0.461	0.454	0.479	0.466	0.452	0.447
0.549	0.457	0.471	0.452	0.466	0.459	0.476	0.459	0.457	0.447
0.544	0.457	0.474	0.461	0.469	0.449	0.479	0.454	0.459	0.444
0.542	0.452	0.476	0.459	0.471	0.449	0.479	0.452	0.459	0.449
0.496	0.452	0.476	0.454	0.476	0.449	0.476	0.452	0.457	0.454
0.454	0.452	0.474	0.449	0.461	0.452	0.474	0.454	0.454	0.444
0.444	0.457	0.469	0.449	0.459	0.454	0.474	0.457	0.452	0.444
0.449	0.457	0.469	0.449	0.454	0.452	0.476	0.457	0.457	0.444
0.435	0.457	0.466	0.454	0.449	0.449	0.479	0.454	0.459	0.444
0.43	0.454	0.471	0.454	0.449	0.447	0.479	0.452	0.459	0.449
0.435	0.452	0.476	0.452	0.454	0.447	0.476	0.449	0.452	0.447
0.432	0.454	0.476	0.452	0.457	0.452	0.474	0.454	0.452	0.442
0.432	0.457	0.469	0.447	0.457	0.454	0.474	0.457	0.454	0.439
0.43	0.457	0.469	0.454	0.452	0.452	0.476	0.454	0.454	0.442
0.427	0.454	0.474	0.454	0.449	0.449	0.479	0.452	0.459	0.444
0.43	0.452	0.474	0.449	0.449	0.447	0.491	0.452	0.464	0.447
0.432	0.452	0.476	0.452	0.452	0.444	2.725	0.452	0.518	0.447
0.435	0.449	0.474	0.447	0.454	0.452	4.465	0.454	3.604	0.444
0.432	0.452	0.471	0.449	0.454	0.452	2.227	0.508	3.914	0.442
0.43	0.454	0.471	0.444	0.449	0.449	1.143	3.225	1.843	0.439
0.427	0.457	0.471	0.454	0.447	0.449	0.845	3.667	1.057	0.447
0.43	0.449	0.476	0.454	0.447	0.447	0.815	1.624	0.83	0.447
0.466	0.452	0.476	0.452	0.452	0.447	0.803	0.815	0.801	0.444
0.791	0.449	0.476	0.447	0.454	0.452	0.83	0.593	0.808	0.442
1.843	0.457	0.474	0.444	0.454	0.454	0.854	0.542	0.803	0.439
1.162	0.459	0.471	0.449	0.449	0.454	0.859	0.53	0.803	0.442
0.674	0.457	0.471	0.454	0.447	2.456	0.881	0.525	0.801	0.444
0.564	0.454	0.476	0.454	0.447	6.033	0.881	0.53	0.796	0.447
0.566	0.452	0.476	0.449	0.449	3.03	0.872	0.527	0.793	0.444
0.571	0.454	0.474	0.449	0.454	1.406	0.879	0.527	0.793	0.444
0.576	0.977	0.469	0.889	0.452	0.95	0.879	0.53	0.789	0.452
0.579	4.019	0.51	3.928	0.449	0.989	0.859	0.53	0.793	2.617
0.576	2.966	6.274	3.293	0.447	0.989	0.857	0.525	0.791	5.051
0.576	1.394	6.025	1.487	0.447	0.984	0.845	0.525	0.789	2.129
0.579	0.972	2.527	1.064	0.471	0.994	0.84	0.525	0.784	1.062
0.583	0.908	1.387	1.011	4.265	1.001	0.833	0.525	0.781	0.74
0.583	0.896	1.104	1.001	4.341	0.996	0.835	0.527	0.774	0.659
0.586	0.896	1.277	0.974	1.75	0.994	0.808	0.527	0.745	0.684
0.588	0.908	1.482	0.972	0.881	0.994	0.757	0.525	0.72	0.725
0.593	0.92	1.528	0.972	0.671	1.003	0.72	0.522	0.676	0.764
0.593	0.913	1.511	0.957	0.713	1.021	0.647	0.522	0.601	0.784
0.593	0.913	1.501	0.942	0.732	1.025	0.605	0.53	0.547	0.791
0.591	0.92	1.511	0.916	0.723	0.999	0.64	0.52	0.522	0.789
0.591	0.918	1.499	0.903	0.73	0.911	0.608	0.52	0.51	0.774
0.581	0.918	1.494	0.879	0.73	0.815	0.574	0.476	0.479	0.767
0.583	0.913	1.482	0.859	0.723	0.798	0.54	0.464	0.469	0.767
0.583	0.903	1.46	0.835	0.735	0.757	0.486	0.454	0.454	0.767
0.586	0.891	1.377	0.759	0.735	0.71	0.461	0.454	0.449	0.764
0.588	0.847	1.226	0.806	0.723	0.713	0.459	0.457	0.449	0.75
0.583	0.728	1.135	0.779	0.718	0.627	0.481	0.454	0.452	0.693
0.579	0.691	1.052	0.747	0.71	0.557	0.474	0.452	0.454	0.62
0.571	0.64	0.903	0.696	0.693	0.503	0.466	0.449	0.454	0.613
0.532	0.562	0.83	0.667	0.688	0.464	0.461	0.452	0.452	0.608
0.488	0.544	0.801	0.598	0.642	0.457	0.459	0.452	0.449	0.571
0.444	0.54	0.742	0.535	0.583	0.457	0.459	0.454	0.447	0.527
0.43	0.493	0.684	0.515	0.579	0.457	0.459	0.454	0.452	0.508
0.425	0.474	0.61	0.479	0.618	0.449	0.464	0.449	0.452	0.486
0.425	0.459	0.564	0.461	0.569	0.449	0.461	0.449	0.452	0.461
0.425	0.454	0.527	0.457	0.562	0.452	0.459	0.452	0.452	0.452
0.427	0.457	0.498	0.452	0.571	0.454	0.457	0.454	0.447	0.449
0.425	0.459	0.488	0.449	0.557	0.457	0.457	0.457	0.447	0.444
0.422	0.461	0.486	0.449	0.522	0.454	0.459	0.457	0.449	0.444
0.422	0.457	0.483	0.457	0.488	0.449	0.461	0.457	0.454	0.447
0.422	0.454	0.488	0.457	0.464	0.449	0.459	0.452	0.454	0.449
0.427	0.452	0.488	0.454	0.457	0.449	0.457	0.454	0.454	0.447
0.427	0.454	0.486	0.452	0.459	0.457	0.454	0.454	0.449	0.444
0.427	0.459	0.483	0.449	0.464	0.459	0.452	0.457	0.449	0.442
0.425	0.459	0.481	0.454	0.457	0.457	0.459	0.457	0.452	0.442
0.422	0.459	0.481	0.457	0.454	0.452	0.461	0.457	0.457	0.442
0.422	0.457	0.486	0.459	0.454	0.452	0.461	0.454	0.454	0.444
0.427	0.457	0.488	0.454	0.457	0.454	0.459	0.454	0.452	0.449
0.43	0.461	0.488	0.452	0.457	0.459	0.457	0.457	0.449	0.444
0.43	0.461	0.486	0.449	0.454	0.457	0.454	0.459	0.449	0.442
0.427	0.461	0.483	0.454	0.452	0.454	0.459	0.459	0.452	0.437
0.422	0.461	0.486	0.457	0.452	0.452	0.461	0.459	0.457	0.444
0.427	0.454	0.488	0.459	0.449	0.452	0.461	0.454	0.457	0.447
0.427	0.454	0.488	0.452	0.454	0.452	0.459	0.457	0.449	0.449
0.43	0.454	0.486	0.452	0.457	0.452	0.457	0.457	0.449	0.439
0.432	0.457	0.483	0.449	0.457	0.454	0.457	0.461	0.449	0.437
0.43	0.457	0.483	0.452	0.454	0.454	0.459	0.464	0.452	0.437
0.427	0.452	0.483	0.454	0.452	0.449	0.461	0.457	0.454	0.442
0.427	0.457	0.488	0.454	0.452	0.449	0.461	0.454	0.457	0.442
0.427	0.457	0.491	0.452	0.454	0.449	0.459	0.454	0.452	0.442
0.43	0.459	0.488	0.449	0.457	0.454	0.476	0.459	0.449	0.437
0.432	0.464	0.486	0.449	0.459	0.481	0.825	0.461	0.449	0.432
0.43	0.464	0.483	0.449	0.457	0.876	0.937	0.459	0.449	0.437
0.427	0.459	0.483	0.454	0.452	0.95	1.055	0.457	0.452	0.437
0.427	0.459	0.486	0.457	0.457	0.928	1.123	0.454	0.452	0.437
0.43	0.454	0.491	0.452	0.454	1.099	1.245	0.457	0.449	0.513
0.432	0.457	0.491	0.469	0.457	1.577	1.299	0.457	0.447	1.328
0.432	0.457	0.505	0.83	0.457	1.855	1.328	0.459	0.447	1.528
0.427	0.457	1.094	0.94	0.454	1.963	1.318	0.459	0.449	1.592
0.425	0.454	1.128	0.925	0.452	1.97	1.326	0.457	0.452	1.653
0.425	0.452	0.955	0.935	0.454	1.948	1.328	0.454	0.452	1.772
0.43	0.454	0.874	1.033	0.457	1.936	1.257	0.454	0.452	1.814
0.432	0.454	0.847	1.064	0.459	1.926	1.113	0.459	0.447	1.812
0.43	0.459	0.879	1.052	0.457	1.885	0.937	0.459	0.447	1.802
0.43	0.461	0.923	1.045	0.457	1.689	0.735	0.459	0.449	1.819
0.427	0.483	0.974	1.06	0.454	1.323	0.635	0.457	0.452	1.831
0.43	0.605	1.008	1.06	0.452	1.072	0.579	0.454	0.452	1.768
0.427	0.637	1.025	1.067	0.457	0.854	0.559	0.454	0.449	1.658
0.43	0.632	1.035	1.013	0.459	0.737	0.493	0.457	0.447	1.533
0.427	0.652	1.018	0.945	0.457	0.632	0.464	0.461	0.447	1.287
0.427	0.674	1.008	0.801	0.454	0.537	0.457	0.459	0.452	1.023
0.422	0.693	0.972	0.698	0.452	0.53	0.459	0.457	0.452	0.732
0.422	0.732	0.937	0.605	0.449	0.527	0.459	0.454	0.452	0.657
0.425	0.75	0.869	0.566	0.457	0.505	0.454	0.454	0.452	0.579
0.427	0.757	0.754	0.542	0.481	0.474	0.452	0.457	0.447	0.552
0.427	0.776	0.671	0.508	0.576	0.452	0.452	0.459	0.447	0.513
0.425	0.796	0.601	0.508	0.581	0.447	0.454	0.459	0.449	0.474
0.422	0.781	0.574	0.479	0.564	0.444	0.459	0.457	0.452	0.459
0.422	0.786	0.601	0.457	0.547	0.439	0.457	0.454	0.449	0.425
0.422	0.757	0.579	0.447	0.53	0.439	0.454	0.454	0.449	0.413
0.427	0.669	0.518	0.444	0.53	0.444	0.449	0.457	0.447	0.41
0.425	0.559	0.498	0.447	0.603	0.447	0.449	0.483	0.447	0.408
0.425	0.508	0.491	0.449	0.686	0.447	0.454	0.823	0.449	0.405
0.422	0.513	0.488	0.452	0.776	0.442	0.459	0.891	0.449	0.408
0.422	0.508	0.488	0.452	0.835	0.442	0.457	0.979	0.449	0.41
0.427	0.471	0.491	0.449	0.872	0.437	0.452	1.074	0.447	0.413
0.427	0.461	0.486	0.447	0.867	0.442	0.449	1.328	0.447	0.408
0.43	0.481	0.483	0.447	0.859	0.444	0.452	1.592	0.444	0.403
0.43	0.469	0.481	0.449	0.845	0.442	0.454	1.687	0.447	0.403
0.537	0.459	0.483	0.452	0.85	0.439	0.459	1.699	0.452	0.403
0.686	0.457	0.491	0.452	0.845	0.439	0.457	1.66	0.449	0.405
0.698	0.457	0.496	0.452	0.793	0.442	0.454	1.548	0.447	0.405
0.693	0.457	0.491	0.449	0.696	0.447	0.449	1.418	0.444	0.405
0.706	0.461	0.491	0.447	0.627	0.447	0.452	1.201	0.447	0.403
0.774	0.461	0.483	0.447	0.588	0.447	0.454	1.04	0.449	0.403
0.811	0.461	0.491	0.452	0.554	0.444	0.457	0.845	0.452	0.408
0.845	0.457	0.493	0.452	0.508	0.442	0.457	0.725	0.454	0.408
0.864	0.454	0.493	0.447	0.474	0.444	0.452	0.591	0.452	0.41
0.879	0.454	0.496	0.447	0.481	0.444	0.452	0.54	0.447	0.41
0.889	0.459	0.491	0.444	0.481	0.444	0.452	0.527	0.449	0.408
0.884	0.461	0.488	0.442	0.459	0.447	0.454	0.53	0.452	0.408
0.879	0.459	0.491	0.452	0.449	0.442	0.457	0.5	0.457	0.413
0.857	0.454	0.491	0.454	0.449	0.442	0.457	0.461	0.457	0.415
0.835	0.457	0.493	0.449	0.452	0.439	0.452	0.452	0.452	0.417
0.754	0.459	0.496	0.444	0.454	0.444	0.449	0.454	0.449	0.413
0.627	0.464	0.493	0.447	0.454	0.447	0.449	0.454	0.449	0.408
0.532	0.464	0.491	0.447	0.452	0.447	0.452	0.452	0.452	0.41
0.481	0.464	0.493	0.452	0.447	0.442	0.454	0.452	0.454	0.415
0.496	0.459	0.496	0.452	0.447	0.439	0.459	0.449	0.454	0.417
0.474	0.459	0.496	0.449	0.452	0.442	0.454	0.449	0.452	0.417
0.435	0.459	0.491	0.447	0.454	0.444	0.447	0.452	0.449	0.415
0.427	0.464	0.486	0.444	0.454	0.447	0.447	0.449	0.449	0.413
0.422	0.466	0.481	0.449	0.452	0.442	0.449	0.454	0.452	0.41
0.42	0.461	0.476	0.449	0.447	0.439	0.452	0.449	0.454	0.413
0.422	0.459	0.486	0.452	0.447	0.437	0.452	0.447	0.454	0.415
0.427	0.459	0.491	0.449	0.449	0.439	0.449	0.447	0.452	0.417
0.427	0.461	0.488	0.444	0.457	0.442	0.447	0.447	0.449	0.415
0.427	0.461	0.488	0.444	0.457	0.447	0.449	0.452	0.447	0.413
0.422	0.466	0.488	0.452	0.454	0.447	0.449	0.449	0.452	0.415
0.417	0.459	0.491	0.452	0.452	0.439	0.452	0.449	0.452	0.417
0.415	0.459	0.493	0.454	0.452	0.435	0.452	0.447	0.452	0.417
0.42	0.459	0.491	0.452	0.457	0.432	0.452	0.447	0.452	0.417
0.422	0.459	0.491	0.449	0.457	0.437	0.447	0.452	0.447	0.415
0.422	0.464	0.491	0.449	0.459	0.442	0.449	0.454	0.449	0.413
0.417	0.466	0.491	0.447	0.457	0.439	0.452	0.457	0.452	0.413
0.417	0.461	0.491	0.457	0.452	0.437	0.454	0.452	0.454	0.417
0.415	0.461	0.493	0.459	0.452	0.437	0.454	0.452	0.454	0.42
0.42	0.459	0.496	0.459	0.457	0.439	0.449	0.452	0.449	0.42
0.422	0.461	0.496	0.454	0.459	0.444	0.447	0.454	0.447	0.42
0.422	0.464	0.491	0.454	0.459	0.444	0.444	0.454	0.447	0.42
0.42	0.466	0.488	0.459	0.457	0.444	0.449	0.457	0.452	0.417
0.415	0.464	0.486	0.459	0.454	0.442	0.452	0.452	0.452	0.42
0.417	0.461	0.488	0.459	0.452	0.437	0.452	0.449	0.452	0.42
0.417	0.459	0.488	0.457	0.454	0.439	0.449	0.449	0.449	0.417
0.422	0.461	0.491	0.454	0.457	0.447	0.447	0.452	0.449	0.42
0.42	0.464	0.491	0.454	0.459	0.444	0.449	0.454	0.454	0.415
0.417	0.466	0.488	0.457	0.457	0.439	0.449	0.452	0.452	0.415
0.42	0.464	0.486	0.459	0.452	0.439	0.452	0.449	0.454	0.417
0.422	0.459	0.488	0.459	0.454	0.437	0.457	0.447	0.454	0.42
0.425	0.459	0.491	0.459	0.457	0.439	0.449	0.449	0.449	0.42
0.427	0.461	0.488	0.454	0.459	0.439	0.444	0.452	0.449	0.417
0.425	0.464	0.486	0.452	0.459	0.442	0.444	0.454	0.447	0.413
0.425	0.464	0.486	0.454	0.454	0.442	0.449	0.454	0.449	0.415
0.422	0.461	0.488	0.459	0.452	0.442	0.454	0.449	0.454	0.417
0.422	0.459	0.488	0.461	0.457	0.437	0.449	0.449	0.454	0.42
0.425	0.459	0.491	0.457	0.457	0.439	0.452	0.449	0.452	0.42
0.43	0.457	0.493	0.457	0.459	0.442	0.447	0.452	0.447	0.415
0.43	0.461	0.488	0.454	0.459	0.444	0.449	0.452	0.447	0.415
0.425	0.464	0.486	0.459	0.457	0.444	0.449	0.447	0.449	0.415
0.425	0.461	0.488	0.459	0.454	0.439	0.449	0.447	0.452	0.415
0.42	0.459	0.488	0.459	0.454	0.439	0.457	0.444	0.452	0.42
0.427	0.459	0.491	0.459	0.457	0.437	0.452	0.447	0.449	0.422
0.43	0.459	0.491	0.457	0.459	0.442	0.447	0.447	0.449	0.427
0.43	0.461	0.486	0.457	0.459	0.444	0.447	0.449	0.449	0.422
0.425	0.464	0.486	0.457	0.454	0.442	0.449	0.452	0.449	0.417
0.425	0.461	0.486	0.461	0.454	0.442	0.452	0.449	0.454	0.415
0.425	0.459	0.488	0.461	0.454	0.439	0.454	0.447	0.454	0.42
0.427	0.459	0.491	0.459	0.454	0.437	0.449	0.447	0.452	0.425
0.43	0.459	0.493	0.457	0.459	0.442	0.447	0.449	0.447	0.417
0.43	0.461	0.488	0.454	0.459	0.442	0.442	0.449	0.449	0.413
0.427	0.464	0.486	0.457	0.454	0.444	0.449	0.452	0.449	0.417
0.425	0.461	0.486	0.459	0.454	0.439	0.452	0.449	0.454	0.432
0.427	0.457	0.488	0.461	0.454	0.437	0.452	0.447	0.452	0.457
0.427	0.459	0.488	0.454	0.457	0.439	0.447	0.447	0.449	0.454
0.432	0.461	0.488	0.454	0.459	0.442	0.447	0.452	0.449	0.437
0.43	0.464	0.486	0.454	0.459	0.444	0.447	0.452	0.449	0.427
0.427	0.459	0.483	0.454	0.457	0.442	0.449	0.452	0.449	0.427
0.425	0.464	0.481	0.454	0.454	0.439	0.452	0.449	0.452	0.417
0.422	0.457	0.486	0.459	0.454	0.437	0.449	0.449	0.452	0.42
0.427	0.459	0.486	0.457	0.457	0.439	0.447	0.449	0.449	0.42
0.43	0.457	0.488	0.452	0.459	0.442	0.444	0.452	0.447	0.417
0.43	0.461	0.488	0.452	0.461	0.444	0.447	0.452	0.447	0.413
0.427	0.464	0.488	0.452	0.457	0.444	0.447	0.454	0.447	0.413
0.425	0.464	0.488	0.454	0.454	0.437	0.452	0.452	0.452	0.417
0.425	0.459	0.488	0.454	0.454	0.437	0.452	0.447	0.452	0.42
0.427	0.459	0.488	0.454	0.457	0.439	0.447	0.452	0.449	0.42
0.43	0.459	0.488	0.452	0.459	0.442	0.447	0.452	0.447	0.415
0.427	0.464	0.486	0.452	0.459	0.444	0.447	0.452	0.444	0.413
0.427	0.464	0.488	0.457	0.457	0.444	0.449	0.452	0.449	0.413
0.425	0.464	0.488	0.452	0.454	0.442	0.452	0.452	0.452	0.417
0.427	0.461	0.493	0.454	0.454	0.439	0.449	0.449	0.454	0.42
0.427	0.461	0.493	0.449	0.454	0.442	0.449	0.447	0.454	0.42
0.43	0.461	0.493	0.447	0.459	0.442	0.444	0.449	0.452	0.417
0.427	0.461	0.491	0.444	0.459	0.444	0.449	0.447	0.452	0.413
0.425	0.464	0.488	0.447	0.454	0.449	0.447	0.452	0.454	0.415
0.422	0.461	0.486	0.449	0.452	0.442	0.452	0.449	0.457	0.422
0.425	0.459	0.491	0.457	0.449	0.439	0.449	0.447	0.457	0.422
0.427	0.459	0.493	0.454	0.454	0.439	0.449	0.447	0.454	0.422
0.427	0.459	0.493	0.449	0.459	0.444	0.444	0.447	0.454	0.42
0.435	0.461	0.491	0.449	0.457	0.447	0.447	0.449	1.143	0.417
0.427	0.464	0.488	0.454	0.452	0.449	0.447	0.452	1.494	0.417
0.425	0.461	0.488	0.452	0.452	0.454	0.452	0.452	1.575	0.42
0.425	0.459	0.491	0.454	0.452	0.444	0.452	0.449	1.753	0.42
0.43	0.459	0.493	0.461	0.457	0.442	0.449	0.454	2.141	0.422
0.432	0.459	0.491	0.464	0.459	0.449	0.447	0.452	2.437	0.42
0.43	0.464	0.488	0.547	0.457	0.449	0.447	0.454	2.607	0.415
0.425	0.464	0.486	0.591	0.457	0.449	0.449	0.457	2.676	0.417
0.425	0.461	0.486	0.623	0.454	0.449	0.474	0.454	2.683	0.42
0.425	0.459	0.488	0.637	0.454	0.444	0.52	0.452	2.646	0.425
0.43	0.459	0.491	0.608	0.457	0.457	0.51	0.449	2.588	0.422
0.43	0.461	0.496	0.588	0.459	0.454	0.491	0.454	2.454	0.42
0.43	0.464	0.488	0.566	0.459	0.452	0.483	0.454	2.375	0.417
0.427	0.464	0.527	0.552	0.457	0.449	0.488	0.454	2.251	0.42
0.422	0.461	2.664	0.547	0.454	0.447	0.483	0.452	1.912	0.42
0.425	0.459	5.051	0.544	0.454	0.444	0.483	0.449	1.577	0.42
0.427	0.457	3.091	0.525	0.457	0.444	0.488	0.449	1.121	0.42
0.43	0.459	1.497	0.486	0.459	0.449	0.461	0.452	0.891	0.42
0.43	0.461	0.996	0.491	0.457	0.452	0.452	0.457	0.745	0.415
0.427	0.464	0.923	0.488	0.457	0.452	0.447	0.457	0.645	0.415
0.425	0.459	1.079	0.466	0.452	0.447	0.449	0.454	0.603	0.42
0.425	0.459	1.221	0.459	0.454	0.444	0.452	0.449	0.559	0.422
0.427	0.459	1.267	0.454	0.457	0.444	0.449	0.454	0.537	0.425
0.43	0.459	1.274	0.452	0.459	0.447	0.449	0.452	0.515	0.42
0.427	0.464	1.279	0.452	0.459	0.449	0.454	0.454	0.483	0.417
0.427	0.464	1.299	0.452	0.454	0.449	0.457	0.459	0.471	0.415
0.425	0.461	1.313	0.454	0.452	0.447	0.459	0.452	0.466	0.42
0.422	0.459	1.292	0.454	0.454	0.444	0.457	0.449	0.469	0.425
0.427	0.54	1.26	0.452	0.457	0.442	0.454	0.449	0.469	0.427
0.432	3.125	1.257	0.452	0.459	0.449	0.452	0.452	0.464	0.417
0.432	4.082	1.201	0.447	0.459	0.449	0.449	0.454	0.464	0.413
0.432	2.056	1.111	0.454	0.454	0.452	0.449	0.454	0.469	0.415
0.427	1.235	0.955	0.454	0.452	0.444	0.454	0.449	0.469	0.417
0.427	1.138	0.862	0.457	0.449	0.442	0.452	0.447	0.461	0.422
0.43	1.399	0.754	0.454	0.457	0.442	0.449	0.444	0.459	0.422
0.432	1.653	0.693	0.449	0.459	0.447	0.447	0.452	0.452	0.417
0.43	1.719	0.632	0.449	0.457	0.449	0.447	0.457	0.452	0.417
0.43	1.748	0.547	0.447	0.454	0.449	0.449	0.459	0.454	0.415
0.427	1.741	0.52	0.454	0.452	0.444	0.452	0.457	0.457	0.415
0.427	1.743	0.522	0.454	0.452	0.442	0.449	0.459	0.454	0.42
0.43	1.741	0.518	0.454	0.459	0.444	0.449	0.491	0.457	0.417
0.43	1.741	0.5	0.449	0.459	0.447	0.447	0.496	0.454	0.417
0.43	1.782	0.493	0.447	0.457	0.449	0.447	0.474	0.452	0.415
0.427	1.831	0.486	0.449	0.457	0.447	0.449	0.457	0.457	0.413
0.425	1.838	0.486	0.454	0.452	0.444	0.452	0.452	0.461	0.417
0.427	1.746	0.488	0.454	0.454	0.439	0.449	0.447	0.466	0.42
0.427	1.567	0.493	0.452	0.457	0.444	0.449	0.447	0.457	0.422
0.43	1.333	0.491	0.449	0.459	0.444	0.447	0.447	0.457	0.415
0.43	1.208	0.486	0.447	0.461	0.447	0.444	0.452	0.457	0.413
0.427	1.138	0.483	0.449	0.457	0.444	0.449	0.452	0.459	0.41
0.427	1.094	0.483	0.454	0.454	0.442	0.452	0.452	0.459	0.415
0.427	0.972	0.488	0.454	0.454	0.439	0.452	0.447	0.444	0.417
0.43	0.869	0.491	0.454	0.457	0.437	0.449	0.447	0.437	0.417
0.432	0.735	0.491	0.449	0.459	0.442	0.449	0.449	0.432	0.415
0.432	0.674	0.483	0.452	0.459	0.444	0.447	0.452	0.43	0.413
0.43	0.645	0.483	0.449	0.457	0.444	0.449	0.452	0.435	0.415
0.427	0.601	0.486	0.454	0.454	0.442	0.452	0.449	0.437	0.415
0.425	0.508	0.488	0.454	0.449	0.442	0.452	0.447	0.437	0.417
0.43	0.486	0.491	0.452	0.457	0.444	0.449	0.444	0.432	0.42
0.432	0.479	0.491	0.449	0.459	0.447	0.444	0.447	0.43	0.42
0.432	0.471	0.486	0.447	0.459	0.447	0.447	0.447	0.432	0.417
0.43	0.466	0.486	0.442	0.457	0.444	0.449	0.447	0.435	0.415
0.427	0.464	0.481	0.452	0.452	0.442	0.452	0.444	0.437	0.417
0.427	0.457	0.488	0.452	0.454	0.439	0.452	0.439	0.439	0.42
0.43	0.457	0.491	0.452	0.454	0.439	0.449	0.439	0.439	0.42
0.432	0.457	0.493	0.447	0.459	0.444	0.444	0.439	0.435	0.415
0.43	0.461	0.488	0.449	0.464	0.444	0.447	0.444	0.435	0.413
0.43	0.461	0.486	0.452	0.457	0.444	0.449	0.444	0.439	0.413
0.51	0.459	0.488	0.454	0.452	0.442	0.452	0.442	0.444	0.42
3.892	0.459	0.491	0.457	0.454	0.439	0.454	0.439	0.444	0.422
5.01	0.457	0.491	0.454	0.457	0.437	0.452	0.439	0.442	0.42
2.422	0.459	0.491	0.449	0.459	0.444	0.447	0.447	0.439	0.42
1.487	0.464	0.488	0.452	0.457	0.447	0.449	0.447	0.437	0.417
1.318	0.464	0.483	0.452	0.454	0.444	0.449	0.449	0.439	0.417
1.401	0.461	0.486	0.457	0.452	0.444	0.452	0.447	0.442	0.417
1.467	0.459	0.488	0.457	0.454	0.439	0.449	0.449	0.449	0.422
1.489	0.459	0.488	0.454	0.457	0.439	0.447	0.447	0.447	0.42
1.521	0.461	0.491	0.452	0.459	0.442	0.444	0.452	0.437	0.417
1.528	0.461	0.486	0.447	0.459	0.442	0.444	0.457	0.439	0.417
1.531	0.464	0.481	0.452	0.454	0.437	0.447	0.454	0.442	0.417
1.533	0.464	0.483	0.454	0.452	0.437	0.447	0.449	0.444	0.417
1.516	0.459	0.486	0.454	0.454	0.437	0.447	0.449	0.447	0.42
1.489	0.457	0.488	0.454	0.457	0.437	0.444	0.447	0.442	0.425
1.479	0.457	0.488	0.449	0.461	0.439	0.439	0.449	0.442	0.422
1.475	0.461	0.488	0.452	0.459	0.444	0.442	0.452	0.442	0.417
1.472	0.464	0.483	0.452	0.457	0.442	0.442	0.452	0.442	0.417
1.462	0.461	0.483	0.454	0.452	0.435	0.447	0.449	0.447	0.42
1.455	0.459	0.488	0.457	0.454	0.432	0.447	0.447	0.444	0.422
1.399	0.459	0.491	0.452	0.457	0.435	0.444	0.444	0.439	0.42
1.248	0.461	0.491	0.449	0.459	0.439	0.442	0.449	0.439	0.42
1.089	0.464	0.488	0.447	0.457	0.442	0.442	0.452	0.439	0.417
0.906	0.464	0.488	0.447	0.454	0.439	0.444	0.452	0.439	0.415
0.774	0.464	0.486	0.454	0.452	0.437	0.447	0.449	0.447	0.417
0.688	0.459	0.488	0.457	0.452	0.437	0.454	0.444	0.449	0.422
0.618	0.461	0.493	0.457	0.457	0.437	0.442	0.447	0.447	0.422
0.54	0.461	0.491	0.452	0.457	0.439	0.442	0.449	0.444	0.417
0.488	0.464	0.486	0.452	0.459	0.442	0.442	0.452	0.442	0.417
0.466	0.464	0.479	0.452	0.454	0.442	0.447	0.447	0.444	0.42
0.447	0.461	0.481	0.454	0.454	0.437	0.447	0.444	0.447	0.42
0.447	0.461	0.481	0.466	0.452	0.435	0.466	0.442	0.444	0.425
0.442	0.459	0.491	2.285	0.454	0.437	1.313	0.439	0.442	0.422
0.432	0.461	0.488	5.061	0.459	0.439	4.648	0.447	0.439	0.422
0.43	0.464	0.491	3.093	0.459	0.439	4.089	0.452	0.439	0.417
0.422	0.464	0.488	1.46	0.457	0.439	2.026	0.452	0.442	0.417
0.425	0.464	0.488	0.984	0.452	0.439	1.445	0.452	0.447	0.422
0.425	0.459	0.493	1.05	0.454	0.437	1.34	0.447	0.447	0.427
0.425	0.459	0.496	1.233	0.457	0.435	1.389	0.447	0.444	0.427
0.427	0.459	0.493	1.401	0.459	0.442	1.45	0.447	0.437	0.422
0.425	0.461	0.491	1.443	0.459	0.444	1.467	0.452	0.435	0.42
0.422	0.464	0.486	1.467	0.457	0.442	1.475	0.452	0.439	0.422
0.42	0.464	0.486	1.462	0.454	0.442	1.482	0.447	0.442	0.422
0.417	0.459	0.488	1.431	0.454	0.437	1.467	0.444	0.442	0.425
0.425	0.459	0.488	1.409	0.459	0.437	1.45	0.439	0.442	0.42
0.425	0.457	0.483	1.399	0.457	0.442	1.423	0.449	0.442	0.42
0.425	0.464	0.483	1.384	0.459	0.447	1.414	0.454	0.442	0.413
0.422	0.466	0.481	1.375	0.457	0.454	1.423	0.452	0.447	0.413
0.422	0.461	0.481	1.372	0.452	0.444	1.404	0.525	0.447	0.42
0.42	0.459	0.486	1.362	0.452	0.442	1.335	3.022	0.444	0.422
0.425	0.457	0.488	1.292	0.457	0.444	1.213	3.63	0.444	0.422
0.425	0.459	0.491	1.226	0.459	0.454	1.135	1.675	0.439	0.417
0.425	0.461	0.486	1.116	0.461	1.86	1.052	1.035	0.439	0.413
0.422	0.464	0.483	1.086	0.457	5.852	0.908	0.928	0.437	0.413
0.422	0.459	0.483	0.969	0.454	2.991	0.823	0.937	0.439	0.417
0.42	0.459	0.488	0.859	0.452	1.306	0.73	1.016	0.439	0.42
0.425	0.459	0.491	0.718	0.452	0.879	0.681	1.011	0.437	0.42
0.43	0.459	0.493	0.676	0.459	0.786	0.627	0.984	0.435	0.417
0.432	0.461	0.491	0.642	0.461	0.847	0.542	0.974	0.432	0.417
0.432	0.464	0.486	0.569	0.457	0.876	0.51	0.967	0.435	0.415
0.43	0.464	0.486	0.503	0.454	0.908	0.486	0.947	0.439	0.42
0.43	0.459	0.491	0.476	0.459	0.894	0.474	0.94	0.442	0.422
0.432	0.457	0.491	0.479	0.457	0.881	0.474	0.933	0.439	0.425
0.437	0.454	0.491	0.469	0.459	0.85	0.459	0.923	0.437	0.42
0.43	0.461	0.486	0.461	0.459	0.845	0.452	0.923	0.437	0.417
0.427	0.466	0.483	0.452	0.457	0.842	0.457	0.918	0.439	0.415
0.427	0.459	0.491	0.457	0.454	0.84	0.457	0.884	0.444	0.417
0.43	0.459	0.488	0.457	0.457	0.833	0.457	0.84	0.444	0.42
0.435	0.457	0.491	0.452	0.459	0.881	0.454	0.774	0.444	0.422
0.435	0.454	0.491	0.449	0.459	0.847	0.449	0.75	0.437	0.422
0.435	0.464	0.491	0.447	0.459	0.806	0.452	0.725	0.435	0.415
0.435	0.461	0.488	0.449	0.457	0.771	0.454	0.752	0.439	0.413
0.427	0.461	0.483	0.454	0.454	0.693	0.457	0.681	0.444	0.415
0.425	0.457	0.491	0.454	0.452	0.684	0.454	0.674	0.444	0.42
0.43	0.452	0.493	0.457	0.457	0.642	0.454	0.652	0.444	0.42
0.432	0.459	0.493	0.454	0.461	0.571	0.452	0.569	0.439	0.415
0.432	0.461	0.488	0.449	0.459	0.508	0.452	0.5	0.442	0.413
0.43	0.461	0.488	0.452	0.457	0.496	0.454	0.479	0.447	0.415
0.425	0.459	0.483	0.452	0.454	0.486	0.457	0.474	0.447	0.415
0.425	0.457	0.488	0.452	0.457	0.476	0.457	0.476	0.449	0.42
0.432	0.457	0.491	0.449	0.459	0.464	0.454	0.461	0.444	0.422
0.435	0.457	0.491	0.449	0.461	0.464	0.452	0.461	0.442	0.417
0.435	0.461	0.488	0.449	0.459	0.464	0.449	0.461	0.442	0.415
0.432	0.464	0.486	0.452	0.459	0.459	0.452	0.461	0.444	0.415
0.43	0.464	0.488	0.452	0.454	0.459	0.457	0.457	0.447	0.42
0.427	0.459	0.491	0.452	0.457	0.457	0.457	0.454	0.447	0.42
0.43	0.459	0.493	0.452	0.459	0.459	0.454	0.454	0.444	0.43
0.435	0.459	0.491	0.449	0.461	0.459	0.449	0.457	0.442	0.42
0.427	0.461	0.493	0.447	0.466	0.461	0.449	0.459	0.439	0.42
0.43	0.464	0.496	0.449	0.461	0.466	0.454	0.459	0.442	0.42
0.43	0.464	0.503	0.452	0.459	0.459	0.457	0.457	0.447	0.422
0.432	0.459	0.51	0.452	0.459	0.459	0.457	0.454	0.449	0.425
0.435	0.459	0.51	0.452	0.461	0.457	0.454	0.452	0.444	0.427
0.437	0.459	0.505	0.447	0.464	0.459	0.452	0.454	0.444	0.42
0.437	0.461	0.53	0.449	0.464	0.461	0.454	0.457	0.439	0.417
0.432	0.469	0.535	0.452	0.459	0.459	0.454	0.457	0.444	0.417
0.427	0.474	0.547	0.452	0.459	0.457	0.459	0.457	0.447	0.42
0.432	0.471	0.559	0.454	0.459	0.454	0.457	0.454	0.444	0.422
0.432	0.469	0.537	0.454	0.464	0.452	0.457	0.452	0.442	0.42
0.439	0.471	0.525	0.449	0.466	0.459	0.454	0.454	0.439	0.42
0.439	0.476	0.498	0.447	0.466	0.461	0.452	0.459	0.442	0.415
0.435	0.469	0.488	0.447	0.466	0.464	0.454	0.459	0.444	0.417
0.43	0.464	0.488	0.452	0.459	0.457	0.457	0.454	0.449	0.42
0.432	0.459	0.491	0.452	0.459	0.454	0.457	0.454	0.444	0.422
0.435	0.457	0.505	0.449	0.464	0.454	0.454	0.454	0.444	0.425
0.437	0.459	0.513	0.444	0.466	0.459	0.452	0.457	0.442	0.417
0.435	0.479	0.493	0.444	0.466	0.461	0.452	0.457	0.442	0.417
0.432	0.51	0.488	0.447	0.461	0.459	0.454	0.459	0.444	0.42
0.43	0.505	0.486	0.447	0.461	0.457	0.457	0.454	0.447	0.42
0.43	0.5	0.491	0.452	0.461	0.457	0.457	0.452	0.452	0.425
0.43	0.476	0.493	0.452	0.464	0.457	0.454	0.454	0.447	0.422
0.432	0.474	0.503	0.444	0.466	0.459	0.452	0.454	0.442	0.422
0.432	0.474	0.508	0.444	0.466	0.459	0.452	0.457	0.442	0.417
0.432	0.466	0.505	0.447	0.461	0.461	0.454	0.457	0.442	0.42
0.43	0.474	0.508	0.449	0.461	0.457	0.457	0.454	0.447	0.42
0.43	0.479	0.498	0.447	0.459	0.454	0.454	0.452	0.447	0.425
0.432	0.479	0.493	0.447	0.461	0.454	0.454	0.454	0.444	0.422
0.435	0.466	0.491	0.444	0.466	0.459	0.452	0.457	0.442	0.42
0.435	0.464	0.488	0.444	0.466	0.461	0.452	0.459	0.439	0.417
0.435	0.464	0.486	0.449	0.461	0.459	0.454	0.459	0.442	0.415
0.43	0.461	0.486	0.449	0.461	0.457	0.457	0.454	0.449	0.42
0.432	0.459	0.488	0.449	0.461	0.457	0.454	0.452	0.447	0.422
0.432	0.457	0.496	0.449	0.464	0.457	0.452	0.452	0.444	0.422
0.432	0.459	0.496	0.444	0.466	0.459	0.452	0.452	0.442	0.42
0.43	0.464	0.496	0.444	0.466	0.461	0.452	0.457	0.442	0.417
0.427	0.464	0.493	0.444	0.464	0.459	0.454	0.457	0.444	0.417
0.425	0.464	0.488	0.449	0.461	0.459	0.457	0.454	0.444	0.42
0.427	0.459	0.493	0.449	0.461	0.454	0.459	0.452	0.444	0.425
0.427	0.459	0.496	0.449	0.464	0.454	0.452	0.447	0.439	0.425
0.432	0.461	0.491	0.447	0.469	0.457	0.452	0.454	0.437	0.422
0.432	0.464	0.488	0.447	0.469	0.461	0.452	0.457	0.435	0.42
0.43	0.464	0.486	0.447	0.466	0.461	0.454	0.457	0.437	0.417
0.427	0.459	0.483	0.452	0.461	0.457	0.457	0.454	0.447	0.422
0.427	0.459	0.486	0.452	0.461	0.452	0.457	0.452	0.444	0.425
0.427	0.457	0.491	0.454	0.466	0.454	0.454	0.454	0.439	0.425
0.43	0.479	0.488	0.449	0.469	0.454	0.449	0.457	0.435	0.422
0.432	0.464	0.486	0.447	0.469	0.459	0.452	0.457	0.435	0.417
0.43	0.464	0.483	0.449	0.464	0.459	0.459	0.459	0.435	0.417
0.427	0.464	0.483	0.452	0.461	0.454	0.557	0.457	0.437	0.42
0.427	0.461	0.486	0.452	0.461	0.454	0.725	0.452	0.435	0.425
0.435	0.459	0.488	0.452	0.464	0.459	0.767	0.452	0.437	0.425
0.439	0.457	0.488	0.447	0.469	0.457	0.798	0.457	0.432	0.422
0.437	0.464	0.486	0.444	0.469	0.459	0.845	0.459	0.432	0.417
0.439	0.466	0.483	0.449	0.466	0.459	0.964	0.459	0.435	0.417
0.437	0.461	0.483	0.452	0.461	0.459	1.074	0.454	0.439	0.42
0.437	0.459	0.486	0.454	0.464	0.454	1.143	0.452	0.439	0.422
0.439	0.454	0.491	0.447	0.464	0.454	1.16	0.452	0.439	0.43
0.442	0.457	0.491	0.447	0.466	0.459	1.174	0.454	0.437	2.024
0.439	0.461	0.483	0.447	0.466	0.461	1.13	0.457	0.435	5.586
0.439	0.464	0.483	0.442	0.464	0.461	1.113	0.459	0.435	3.374
0.437	0.459	0.488	0.447	0.461	0.457	1.086	0.454	0.437	1.418
0.442	0.459	0.488	0.449	0.464	0.454	0.996	0.452	0.437	0.881
0.439	0.457	0.491	0.449	0.464	0.457	0.881	0.452	0.435	0.801
0.444	0.459	0.491	0.444	0.466	0.459	0.801	0.457	0.591	0.872
0.444	0.461	0.488	0.447	0.466	0.464	0.742	0.457	4.351	0.925
0.439	0.881	0.486	0.449	0.466	0.459	0.693	0.457	4.539	0.957
0.439	2.183	0.486	0.452	0.461	0.459	0.596	0.457	2.124	0.986
0.437	2.151	0.488	0.454	0.459	0.454	0.564	0.452	1.226	0.981
0.439	1.956	0.491	0.452	0.464	0.457	0.522	0.452	1.067	0.977
0.442	1.938	0.493	0.447	0.466	0.459	0.508	0.454	1.121	0.984
0.442	1.965	0.488	0.444	0.466	0.461	0.542	0.459	1.172	0.991
0.439	2.007	0.486	0.447	0.464	0.461	0.557	0.454	1.189	1.001
0.437	2.026	0.486	0.452	0.461	0.459	0.54	0.457	1.167	1.001
0.439	2.068	0.488	0.452	0.459	0.457	0.483	0.454	1.143	0.989
0.439	2.09	0.491	0.454	0.464	0.454	0.459	0.454	1.113	0.947
0.442	2.122	0.491	0.447	0.466	0.457	0.466	0.454	1.079	0.896
0.442	2.119	0.486	0.444	0.479	0.459	0.471	0.459	1.079	0.862
0.439	2.08	0.483	0.447	1.433	0.457	0.466	0.461	1.106	0.786
0.437	2.009	0.483	0.452	4.739	0.454	0.459	0.457	1.125	0.718
0.437	1.926	0.488	0.449	3.181	0.452	0.454	0.454	1.121	0.664
0.439	1.692	0.491	0.447	1.484	0.452	0.454	0.454	1.101	0.637
0.442	1.338	0.491	0.447	0.94	0.457	0.449	0.457	1.091	0.603
0.444	1.064	0.488	0.444	0.85	0.459	0.449	0.459	1.072	0.54
0.439	0.769	0.486	0.449	0.854	0.461	0.452	0.461	1.008	0.466
0.435	0.63	0.486	0.452	0.979	0.459	0.454	0.457	0.94	0.442
0.437	0.586	0.488	0.452	1.133	0.457	0.454	0.452	0.898	0.454
0.442	0.593	0.491	0.449	1.174	0.459	0.452	0.454	0.793	0.454
0.444	0.596	0.491	0.444	1.201	0.459	0.449	0.454	0.725	0.444
0.444	0.574	0.486	0.444	1.218	0.459	0.449	0.459	0.664	0.422
0.442	0.51	0.483	0.444	1.218	0.454	0.452	0.459	0.605	0.42
0.437	0.471	0.483	0.449	1.201	0.457	0.454	0.459	0.54	0.422
0.435	0.457	0.488	0.452	1.189	0.454	0.457	0.454	0.483	0.422
0.442	0.452	0.491	0.449	1.14	0.454	0.452	0.452	0.457	0.425
0.444	0.452	0.488	0.442	1.123	0.459	0.452	0.454	0.442	0.422
0.442	0.454	0.486	0.444	1.072	0.461	0.447	0.459	0.442	0.415
0.439	0.452	0.483	0.452	0.979	0.461	0.452	0.459	0.435	0.413
0.439	0.452	0.483	0.466	0.867	0.457	0.454	0.457	0.437	0.42
0.437	0.444	0.486	0.479	0.823	0.457	0.452	0.454	0.442	0.42
0.439	0.444	0.488	0.479	0.74	0.454	0.452	0.452	0.437	0.42
0.444	0.444	0.491	0.479	0.703	0.459	0.449	0.457	0.432	0.417
0.444	0.452	0.488	0.476	0.625	0.461	0.449	0.457	0.435	0.415
0.442	0.457	0.486	0.479	0.586	0.464	0.449	0.454	0.435	0.417
0.437	0.449	0.486	0.498	0.525	0.457	0.454	0.454	0.439	0.417
0.439	0.454	0.486	0.513	0.522	0.454	0.454	0.452	0.439	0.42
0.439	0.454	0.488	0.515	0.505	0.454	0.452	0.452	0.437	0.422
0.442	0.454	0.488	0.527	0.505	0.457	0.447	0.452	0.435	0.422
0.444	0.459	0.486	0.513	0.503	0.459	0.449	0.457	0.43	0.42
0.442	0.464	0.483	0.479	0.486	0.457	0.449	0.454	0.432	0.417
0.437	0.464	0.486	0.486	0.476	0.457	0.454	0.454	0.435	0.417
0.437	0.461	0.491	0.479	0.474	0.452	0.452	0.454	0.437	0.422
0.439	0.457	0.493	0.481	0.476	0.449	0.449	0.454	0.435	0.417
0.442	0.459	0.493	0.481	0.481	0.459	0.444	0.454	0.432	0.417
0.439	0.464	0.491	0.481	0.479	0.52	0.449	0.459	0.427	0.415
0.439	0.464	0.488	0.471	0.479	0.652	0.449	0.459	0.432	0.415
0.437	0.464	0.491	0.464	0.474	0.657	0.454	0.454	0.435	0.417
0.439	0.461	0.493	0.452	0.471	0.579	0.454	0.452	0.437	0.422
0.442	0.459	0.496	0.449	0.479	0.537	0.449	0.454	0.437	0.425
0.447	0.461	0.496	0.444	0.479	0.515	0.449	0.454	0.435	0.422
0.464	0.464	0.488	0.449	0.479	0.486	0.449	0.457	0.43	0.417
1.694	0.464	0.488	0.466	0.479	0.466	0.452	0.459	0.432	0.415
1.912	0.466	0.486	0.471	0.474	0.461	0.454	0.454	0.437	0.417
1.66	0.464	0.493	0.476	0.471	0.461	0.452	0.454	0.437	0.422
1.536	0.459	0.496	0.464	0.476	0.459	0.449	0.452	0.435	0.422
1.504	0.461	0.493	0.449	0.479	0.471	0.447	0.454	0.43	0.42
1.497	0.464	0.491	0.442	0.483	0.476	0.447	0.459	0.43	0.415
1.526	0.464	0.488	0.447	0.476	0.476	0.449	0.459	0.435	0.417
1.541	0.464	0.488	0.444	0.474	0.476	0.452	0.452	0.435	0.415
1.55	0.461	0.491	0.447	0.474	0.476	0.454	0.452	0.437	0.42
1.58	0.461	0.496	0.447	0.476	0.481	0.449	0.452	0.437	0.422
1.606	0.461	0.493	0.442	0.479	0.481	0.447	0.457	0.432	0.417
1.597	0.466	0.491	0.442	0.479	0.486	0.447	0.457	0.43	0.415
1.575	0.466	0.488	0.444	0.474	0.486	0.449	0.459	0.432	0.415
1.555	0.466	0.488	0.449	0.474	0.483	0.452	0.457	0.437	0.415
1.45	0.464	0.491	0.449	0.471	0.479	0.452	0.452	0.439	0.417
1.328	0.461	0.493	0.449	0.476	0.483	0.452	0.454	0.437	0.413
1.108	0.464	0.493	0.447	0.479	0.486	0.447	0.454	0.435	0.415
0.864	0.466	0.491	0.444	0.479	0.491	0.447	0.457	0.432	0.413
0.664	0.469	0.488	0.444	0.476	0.491	0.449	0.457	0.437	0.413
0.601	0.469	0.491	0.449	0.474	0.488	0.452	0.457	0.439	0.413
0.581	0.464	0.491	0.449	0.471	0.486	0.449	0.452	0.439	0.417
0.571	0.464	0.496	0.447	0.479	0.486	0.447	0.454	0.437	0.417
0.576	0.469	0.496	0.444	0.476	0.488	0.447	0.454	0.435	0.413
0.559	0.469	0.493	0.444	0.481	0.488	0.449	0.459	0.435	0.413
0.542	0.471	0.486	0.444	0.476	0.488	0.452	0.454	0.435	0.415
0.479	0.471	0.488	0.449	0.474	0.483	0.454	0.457	0.439	0.417
0.464	0.464	0.491	0.449	0.474	0.481	0.452	0.452	0.439	0.42
0.466	0.464	0.493	0.447	0.474	0.479	0.449	0.452	0.437	0.42
0.469	0.466	0.491	0.447	0.476	0.486	0.447	0.457	0.435	0.417
0.466	0.469	0.488	0.447	0.479	0.486	0.449	0.459	0.432	0.413
0.469	0.469	0.488	0.452	0.474	0.486	0.454	0.457	0.435	0.415
0.469	0.469	0.486	0.452	0.474	0.486	0.454	0.454	0.439	0.42
0.471	0.466	0.488	0.452	0.471	0.486	0.459	0.452	0.439	0.42
0.476	0.464	0.491	0.449	0.476	0.481	0.449	0.452	0.439	0.422
0.476	0.461	0.493	0.447	0.479	0.483	0.449	0.454	0.435	0.42
0.474	0.464	0.488	0.449	0.479	0.486	0.449	0.459	0.43	0.417
0.469	0.466	0.486	0.444	0.476	0.488	0.457	0.459	0.435	0.417
0.464	0.464	0.488	0.452	0.471	0.486	0.454	0.454	0.437	0.42
0.464	0.469	0.488	0.469	0.474	0.483	0.449	0.452	0.437	0.422
0.469	0.569	0.493	0.476	0.476	0.488	0.486	0.452	0.435	0.422
0.471	0.627	0.493	0.505	0.479	0.491	0.53	0.454	0.43	0.42
0.471	1.56	0.491	0.569	0.476	0.493	0.74	0.459	0.432	0.415
0.471	2.336	0.488	0.825	0.474	0.488	1.816	0.459	0.432	0.415
0.466	2.278	0.488	1.001	0.471	0.488	1.729	0.459	0.435	0.42
0.469	2.385	0.493	1.04	0.469	0.486	1.711	0.452	0.437	0.42
0.471	2.998	0.496	1.055	0.476	0.486	1.809	0.452	0.435	0.422
0.474	3.44	0.496	1.052	0.479	0.491	1.968	0.452	0.435	0.417
0.474	3.633	0.493	1.04	0.479	0.493	2.061	0.454	0.432	0.415
0.469	3.633	0.488	1.025	0.476	0.493	2.07	0.457	0.435	0.413
0.466	3.704	0.488	1.016	0.474	0.488	2.183	0.459	0.437	0.415
0.471	3.752	0.496	1.03	0.474	0.491	2.236	0.454	0.439	0.42
0.471	3.794	0.498	1.033	0.474	0.491	2.249	0.471	0.444	0.42
0.474	3.784	0.493	1.016	0.479	0.493	2.224	0.601	0.435	0.415
0.474	3.423	0.493	1.001	0.479	0.493	2.073	0.686	0.435	0.417
0.471	3.005	0.491	1.001	0.476	0.491	1.824	0.71	0.437	0.415
0.469	2.571	0.491	1.001	0.474	0.488	1.616	0.737	0.442	0.417
0.466	2.166	0.5	0.981	0.474	0.486	1.343	0.842	0.442	0.417
0.471	1.78	0.498	0.93	0.474	0.488	1.099	0.925	0.439	0.42
0.476	1.392	0.51	0.869	0.479	0.491	0.872	0.937	0.437	0.42
0.476	1.079	0.522	0.701	0.479	0.496	0.645	0.916	0.437	0.417
0.474	0.781	0.518	0.542	0.476	0.493	0.579	0.898	0.442	0.415
0.471	0.647	0.518	0.52	0.471	0.493	0.576	0.911	0.444	0.415
0.471	0.605	0.518	0.518	0.469	0.488	0.576	0.901	0.442	0.422
0.474	0.581	0.525	0.535	0.474	0.488	0.54	0.886	0.439	0.422
0.476	0.535	0.53	0.52	0.479	0.493	0.493	0.872	0.437	0.42
0.476	0.498	0.537	0.5	0.476	0.496	0.479	0.84	0.437	0.417
0.474	0.491	0.542	0.469	0.476	0.491	0.461	0.808	0.442	0.415
0.469	0.474	0.547	0.471	0.474	0.488	0.459	0.781	0.442	0.417
0.469	0.471	0.547	0.461	0.471	0.488	0.459	0.718	0.442	0.422
0.471	0.469	0.554	0.459	0.474	0.488	0.457	0.637	0.439	0.422
0.476	0.471	0.552	0.457	0.479	0.496	0.454	0.547	0.439	0.42
0.476	0.483	0.552	0.457	0.476	0.493	0.452	0.513	0.437	0.442
0.474	0.479	0.544	0.454	0.479	0.496	0.452	0.542	0.437	0.803
0.469	0.481	0.544	0.461	0.474	0.493	0.459	0.554	0.444	0.94
0.471	0.476	0.544	0.464	0.474	0.486	0.459	0.53	0.444	1.023
0.474	0.476	0.547	0.461	0.474	0.486	0.457	0.466	0.442	1.077
0.476	0.476	0.547	0.459	0.479	0.486	0.452	0.454	0.437	1.328
0.474	0.479	0.537	0.459	0.479	0.493	0.454	0.459	0.435	1.655
0.471	0.479	0.535	0.461	0.474	0.493	0.459	0.461	0.435	1.809
0.469	0.481	0.53	0.464	0.474	0.491	0.464	0.454	0.439	1.841
0.469	0.474	0.525	0.466	0.474	0.488	0.461	0.449	0.439	1.848
0.471	0.469	0.527	0.466	0.474	0.488	0.459	0.444	0.442	1.826
0.476	0.469	0.527	0.459	0.479	0.493	0.457	0.447	0.437	1.75
0.481	0.471	0.527	0.457	0.479	0.496	0.459	0.452	0.432	1.672
0.471	0.474	0.525	0.464	0.476	0.493	0.459	0.449	0.43	1.589
0.469	0.474	0.522	0.464	0.471	0.493	0.461	0.449	0.437	1.514
0.469	0.469	0.52	0.464	0.471	0.488	0.461	0.444	0.442	1.409
0.474	0.469	0.522	0.464	0.476	0.488	0.459	0.447	0.439	1.16
0.476	0.466	0.52	0.459	0.479	0.496	0.454	0.449	0.435	0.93
0.481	0.464	0.52	0.459	0.479	0.498	0.454	0.452	0.432	0.847
0.474	0.469	0.515	0.459	0.476	0.496	0.459	0.452	0.435	0.85
0.471	0.466	0.52	0.461	0.471	0.493	0.461	0.449	0.437	0.72
0.469	0.466	0.522	0.464	0.471	0.491	0.457	0.447	0.439	0.674
0.474	0.459	0.527	0.464	0.471	0.488	0.457	0.447	0.439	0.603
0.474	0.464	0.522	0.461	0.476	0.476	0.457	0.449	0.437	0.544
0.474	0.469	0.52	0.461	0.476	0.474	0.457	0.452	0.432	0.549
0.469	0.469	0.513	0.464	0.474	0.471	0.459	0.454	0.435	0.54
0.466	0.464	0.51	0.464	0.471	0.471	0.461	0.452	0.437	0.496
0.469	0.464	0.51	0.469	0.471	0.466	0.461	0.447	0.437	0.464
0.588	0.464	0.5	0.464	0.476	0.466	0.459	0.447	0.437	0.454
0.667	0.464	0.496	0.461	0.479	0.469	0.457	0.449	0.437	0.449
0.913	0.466	0.505	0.461	0.476	0.474	0.457	0.452	0.437	0.447
1.096	0.469	0.513	0.461	0.474	0.469	0.459	0.452	0.442	0.442
0.933	0.469	0.518	0.461	0.474	0.466	0.461	0.447	0.444	0.447
0.889	0.464	0.52	0.461	0.471	0.464	0.464	0.447	0.444	0.444
0.984	0.461	0.522	0.461	0.474	0.461	0.459	0.449	0.442	0.447
1.167	0.461	0.522	0.457	0.479	0.469	0.457	0.447	0.439	0.444
1.311	0.471	0.52	0.452	0.474	0.469	0.457	0.449	0.439	0.444
1.533	0.537	0.513	0.459	0.474	0.469	0.461	0.449	0.437	0.444
1.628	2.061	0.496	0.459	0.471	0.466	0.464	0.449	0.442	0.447
1.616	3.333	0.493	0.459	0.466	0.461	0.466	0.444	0.442	0.449
1.621	3.604	0.493	0.459	0.474	0.461	0.459	0.442	0.439	0.449
1.621	3.65	0.493	0.454	0.476	0.464	0.457	0.447	0.439	0.447
1.631	3.677	0.488	0.452	0.476	0.469	0.459	0.449	0.437	0.442
1.621	3.701	0.488	0.457	0.476	0.474	0.461	0.449	0.442	0.442
1.541	3.682	0.488	0.461	0.471	0.466	0.466	0.447	0.442	0.444
1.34	3.625	0.493	0.459	0.471	0.461	0.466	0.447	0.444	0.447
1.179	3.591	0.493	0.461	0.474	0.464	0.461	0.447	0.439	0.444
0.989	3.35	0.496	0.461	0.476	0.466	0.459	0.449	0.437	0.449
0.825	2.937	0.491	0.457	0.479	0.466	0.459	0.452	0.437	0.442
0.691	2.485	0.491	0.452	0.476	0.466	0.461	0.452	0.437	0.444
0.637	2.1	0.491	0.457	0.474	0.464	0.464	0.452	0.442	0.447
0.593	1.699	0.493	0.459	0.474	0.461	0.461	0.447	0.442	0.449
0.566	1.406	0.496	0.461	0.474	0.464	0.461	0.444	0.439	0.449
0.537	1.057	0.496	0.452	0.476	0.466	0.459	0.449	0.437	0.447
0.503	0.847	0.491	0.454	0.481	0.469	0.459	0.449	0.435	0.444
0.493	0.786	0.488	0.452	0.474	0.469	0.459	0.449	0.437	0.442
0.479	0.715	0.488	0.457	0.474	0.466	0.464	0.449	0.439	0.444
0.471	0.671	0.491	0.459	0.474	0.461	0.461	0.447	0.439	0.447
0.474	0.583	0.493	0.457	0.476	0.461	0.461	0.444	0.439	0.444
0.479	0.498	0.496	0.452	0.481	0.466	0.459	0.447	0.439	0.444
0.476	0.479	0.493	0.452	0.479	0.469	0.459	0.447	0.437	0.442
0.471	0.488	0.488	0.457	0.476	0.469	0.461	0.449	0.437	0.442
0.471	0.5	0.486	0.461	0.474	0.466	0.464	0.444	0.439	0.442
0.469	0.481	0.491	0.464	0.474	0.461	0.466	0.442	0.439	0.444
0.479	0.471	0.493	0.459	0.476	0.464	0.461	0.447	0.442	0.447
0.479	0.471	0.496	0.454	0.479	0.466	0.459	0.447	0.439	0.444
0.479	0.476	0.488	0.452	0.479	0.469	0.461	0.449	0.437	0.442
0.474	0.479	0.488	0.454	0.476	0.469	0.461	0.449	0.439	0.439
0.471	0.474	0.488	0.454	0.474	0.466	0.464	0.449	0.442	0.442
0.476	0.474	0.491	0.457	0.474	0.464	0.466	0.442	0.442	0.444
0.471	0.471	0.493	0.454	0.476	0.464	0.461	0.442	0.442	0.444
0.476	0.474	0.493	0.452	0.476	0.469	0.457	0.449	0.439	0.442
0.476	0.476	0.491	0.452	0.479	0.466	0.459	0.454	0.437	0.444
0.476	0.476	0.491	0.454	0.479	0.469	0.464	0.449	0.442	0.444
0.471	0.474	0.486	0.457	0.474	0.471	0.464	0.449	0.444	0.447
0.471	0.474	0.488	0.459	0.474	0.464	0.464	0.444	0.444	0.449
0.474	0.471	0.491	0.461	0.474	0.461	0.461	0.444	0.442	0.447
0.476	0.471	0.491	0.461	0.476	0.466	0.459	0.447	0.437	0.449
0.476	0.474	0.488	0.918	0.479	0.469	0.457	0.449	0.437	0.444
0.476	0.474	0.486	2.585	0.476	0.469	0.461	0.452	0.439	0.444
0.474	0.474	0.486	3.027	0.474	0.466	0.464	0.447	0.442	0.447
0.471	0.469	0.488	3.118	0.471	0.464	0.466	0.444	0.444	0.449
0.476	0.469	0.491	3.149	0.474	0.461	0.461	0.444	0.442	0.454
0.476	0.469	0.491	3.23	0.479	0.466	0.457	0.447	0.437	0.449
0.479	0.471	0.488	3.257	0.479	0.469	0.454	0.449	0.437	0.444
0.476	0.474	0.488	3.289	0.476	0.466	0.459	0.449	0.437	0.444
0.471	0.471	0.488	3.281	0.471	0.464	0.464	0.447	0.442	0.449
0.471	0.471	0.486	3.289	0.471	0.461	0.464	0.444	0.439	0.447
0.476	0.466	0.486	3.262	0.476	0.464	0.459	0.447	0.442	0.447
0.554	0.466	0.481	3.159	0.476	0.466	0.459	0.447	0.437	0.444
1.531	0.471	0.483	3.008	0.479	0.471	0.459	0.449	0.447	0.439
1.553	0.474	0.481	2.786	0.476	0.471	0.461	0.449	0.535	0.442
1.201	0.471	0.483	2.39	0.474	0.469	0.464	0.449	0.63	0.439
1.23	0.471	0.488	1.99	0.471	0.464	0.464	0.447	0.676	0.447
1.323	0.469	0.488	1.685	0.474	0.466	0.459	0.447	0.708	0.442
1.377	0.471	0.488	1.416	0.476	0.469	0.459	0.449	0.781	0.444
1.453	0.474	0.486	1.13	0.479	0.471	0.457	0.454	0.833	0.449
1.519	0.476	0.474	0.869	0.476	0.471	0.466	0.459	0.901	0.454
1.533	0.471	0.466	0.742	0.474	0.469	0.503	0.469	0.972	0.447
1.55	0.471	0.474	0.632	0.469	0.464	1.392	0.481	1.064	0.454
1.521	0.466	0.476	0.532	0.474	0.464	1.724	1.98	1.108	0.542
1.46	0.464	0.476	0.486	0.479	0.466	1.956	2.515	1.082	1.052
1.321	0.469	0.476	0.461	0.479	0.469	2.339	2.446	1.082	2.712
1.143	0.471	0.471	0.459	0.476	0.469	2.659	2.368	1.06	3.14
1.021	0.471	0.474	0.461	0.474	0.464	2.9	2.358	1.021	3.523
0.894	0.466	0.474	0.461	0.471	0.461	2.988	2.371	0.93	3.899
0.75	0.466	0.479	0.461	0.471	0.461	3.027	2.405	0.881	4.258
0.632	0.471	0.479	0.454	0.479	0.466	3.035	2.461	0.913	4.412
0.583	0.474	0.474	0.457	0.476	0.464	3.027	2.522	0.889	4.465
0.574	0.476	0.474	0.457	0.476	0.464	3.01	2.512	0.779	4.585
0.554	0.474	0.474	0.457	0.474	0.459	2.874	2.366	0.627	4.717
0.542	0.471	0.479	0.454	0.471	0.457	2.568	2.087	0.562	4.756
0.5	0.466	0.479	0.454	0.474	0.457	2.219	1.821	0.518	4.641
0.483	0.466	0.476	0.449	0.481	0.459	1.904	1.65	0.537	4.348
0.481	0.474	0.474	0.447	0.479	0.466	1.589	1.401	0.552	3.936
0.476	0.476	0.471	0.447	0.474	0.466	1.309	1.13	0.527	3.557
0.474	0.476	0.469	0.452	0.471	0.461	1.067	0.894	0.483	3.154
0.476	0.469	0.474	0.454	0.471	0.457	0.842	0.649	0.449	2.549
0.481	0.466	0.479	0.452	0.474	0.459	0.71	0.562	0.442	1.97
0.481	0.471	0.476	0.449	0.476	0.464	0.632	0.544	0.437	1.562
0.476	0.476	0.474	0.449	0.476	0.464	0.588	0.508	0.435	1.189
0.474	0.476	0.471	0.447	0.476	0.459	0.559	0.503	0.439	0.811
0.471	0.474	0.471	0.454	0.471	0.459	0.552	0.488	0.442	0.645
0.476	0.471	0.474	0.459	0.474	0.454	0.522	0.466	0.444	0.574
0.479	0.469	0.476	0.454	0.469	0.452	0.476	0.459	0.442	0.532
0.479	0.469	0.479	0.452	0.476	0.457	0.466	0.461	0.442	0.52
0.479	0.471	0.476	0.452	0.476	0.459	0.469	0.466	0.437	0.5
0.479	0.474	0.474	0.452	0.476	0.457	0.471	0.469	0.439	0.476
0.476	0.474	0.476	0.454	0.471	0.454	0.469	0.461	0.442	0.469
0.476	0.471	0.479	0.457	0.471	0.449	0.466	0.461	0.442	0.464
0.479	0.469	0.479	0.457	0.474	0.449	0.461	0.461	0.444	0.461
0.483	0.471	0.479	0.454	0.476	0.454	0.457	0.461	0.437	0.457
0.483	0.474	0.476	0.452	0.479	0.457	0.461	0.464	0.437	0.459
0.481	0.479	0.471	0.452	0.474	0.457	0.459	0.466	0.442	0.459
0.479	0.476	0.471	0.457	0.474	0.454	0.461	0.461	0.447	0.454
0.479	0.471	0.474	0.457	0.471	0.449	0.466	0.459	0.447	0.452
0.481	0.466	0.479	0.454	0.471	0.449	0.464	0.459	0.442	0.454
0.481	0.469	0.476	0.452	0.476	0.454	0.461	0.459	0.442	0.449
0.479	0.471	0.474	0.449	0.481	0.459	0.461	0.464	0.442	0.444
0.476	0.474	0.471	0.449	0.474	0.459	0.466	0.464	0.444	0.447
0.474	0.471	0.474	0.454	0.471	0.457	0.466	0.461	0.447	0.452
0.471	0.469	0.474	0.459	0.471	0.452	0.464	0.457	0.442	0.452
0.479	0.469	0.476	0.457	0.474	0.452	0.464	0.457	0.442	0.454
0.481	0.474	0.476	0.452	0.476	0.454	0.461	0.461	0.439	0.449
0.481	0.474	0.474	0.449	0.476	0.457	0.461	0.464	0.437	0.447
0.479	0.474	0.469	0.449	0.479	0.454	0.464	0.464	0.442	0.442
0.479	0.471	0.469	0.457	0.471	0.454	0.466	0.464	0.444	0.447
0.476	0.469	0.471	0.457	0.471	0.452	0.464	0.459	0.442	0.452
0.479	0.466	0.476	0.452	0.476	0.452	0.464	0.459	0.437	0.452
0.481	0.469	0.476	0.715	0.476	0.457	0.461	0.459	0.437	0.452
0.488	0.474	0.476	3.372	0.479	0.459	0.461	0.464	0.439	0.447
0.483	0.476	0.474	4.341	0.474	0.459	0.459	0.464	0.439	0.447
0.483	0.474	0.474	4.514	0.471	0.454	0.461	0.461	0.444	0.449
0.481	0.471	0.474	4.614	0.471	0.452	0.464	0.459	0.444	0.449
0.486	0.469	0.479	4.651	0.474	0.452	0.459	0.454	0.439	0.447
0.486	0.471	0.479	4.636	0.476	0.454	0.459	0.459	0.437	0.449
0.488	0.474	0.479	4.597	0.476	0.457	0.457	0.464	0.437	0.447
0.486	0	0.471	4.5	0.476	0.459	0.457	0.464	0.442	0.447
0.483	0	0.474	4.16	0.474	0.457	0.461	0.461	0.444	0.449
0.481	0	0.476	3.569	0.471	0.452	0.464	0.459	0.447	0.454
0.483	0	0.479	2.686	0.474	0.452	0.461	0.459	0.442	0.454
0.486	0	0.479	2.051	0.476	0.454	0.461	0.461	0.439	0.454
0.486	0	0.474	1.638	0.479	0.454	0.459	0.503	0.439	0.449
0.486	0	0.471	1.135	0.474	0.457	0.459	0.552	0.439	0.452
0.481	0	0.474	0.869	0.818	0.454	0.461	1.338	0.444	0.454
0.479	0	0.474	0.828	1.206	0.449	0.461	2.612	0.447	0.457
0.481	0	0.476	0.754	1.208	0.452	0.459	3.096	0.444	0.459
0.483	0	0.476	0.723	1.235	0.454	0.457	3.242	0.439	0.457
0.483	0	0.474	0.669	1.27	0.457	0.454	3.335	0.439	0.454
0.483	0	0.471	0.554	1.309	0.457	0.459	3.452	0.442	0.452
0.483	0	0.469	0.488	1.316	0.454	0.461	3.518	0.447	0.481
0.481	0	0.469	0.54	1.318	0.449	0.457	3.513	0.444	0.537
0.481	0	0.474	0.527	1.304	0.452	0.457	3.489	0.442	1.838
0.483	0	0.471	0.525	1.306	0.457	0.454	3.442	0.439	3.953
0.486	0	0.469	0.474	1.304	0.459	0.454	3.391	0.437	4.47
0.481	0	0.466	0.461	1.294	0.457	0.459	3.335	0.439	4.536
0.479	0	0.466	0.459	1.287	0.454	0.461	3.269	0.442	4.697
0.479	0	0.471	0.459	1.27	0.449	0.464	2.705	0.447	5.039
0.479	0	0.471	0.454	1.25	0.452	0.461	1.951	0.439	5.134
0.483	0	0.471	0.452	1.194	0.457	0.459	1.169	0.437	5.168
0.483	0	0.471	0.452	1.021	0.466	0.459	0.845	0.437	5.195
0.483	0	0.471	0.452	0.903	0.657	0.464	0.852	0.439	5.193
0.479	0	0.483	0.454	0.762	0.881	0.466	0.786	0.439	5.1
0.479	0	1.663	0.461	0.625	0.969	0.466	0.728	0.442	5.022
0.483	0	3.962	0.457	0.559	1.018	0.461	0.684	0.437	4.893
0.486	0	2.358	0.454	0.542	1.111	0.461	0.576	0.437	4.468
0.488	0	1.46	0.452	0.574	1.204	0.461	0.52	0.437	3.911
0.483	0	1.499	0.449	0.588	1.262	0.464	0.515	0.439	3.118
0.479	0	1.697	0.452	0.564	1.274	0.466	0.508	0.442	2.332
0.479	0	1.87	0.454	0.544	1.257	0.464	0.469	0.503	1.868
0.481	0	2.512	0.457	0.488	1.196	0.461	0.457	0.549	1.445
0.483	0	2.988	0.454	0.469	1.15	0.461	0.459	0.681	1.167
0.483	0	3.137	0.454	0.466	1.03	0.459	0.464	1.079	0.908
0.483	0	3.208	0.459	0.464	0.942	0.461	0.464	1.401	0.811
0.479	0	3.193	0.459	0.461	0.847	0.464	0.461	1.978	0.713
0.479	0	3.042	0.461	0.459	0.742	0.466	0.459	2.478	0.583
0.483	0	2.866	0.461	0.459	0.623	0.461	0.461	2.834	0.525
0.486	0	2.654	0.457	0.459	0.576	0.461	0.461	2.917	0.52
0.486	0	2.38	0.454	0.459	0.552	0.459	0.464	2.915	0.493
0.483	0	2.026	0.459	0.459	0.542	0	0.461	3.032	0.464
0.481	0	1.392	0.459	0.459	0.557	0	0.461	3.018	0.461
0.483	0	1.074	0.464	0.459	0.579	0	0.459	2.898	0.454
0.483	0	0.972	0.461	0.461	0.554	0	0.459	2.681	0.452
0.486	0	0.876	0.457	0.464	0.503	0	0.464	2.268	0.449
0.486	0	0.73	0.454	0.464	0.476	0	0.464	1.841	0.442
0.483	0	0.635	0.454	0.461	0.469	0	0.466	1.558	0.444
0.481	0	0.598	0.457	0.459	0.469	0	0.464	1.228	0.439
0.481	0	0.544	0.459	0.459	0.466	0	0.461	0.864	0.447
0.481	0	0.559	0.457	0.464	0.469	0	0.461	0.688	0.447
0.483	0	0.535	0.457	0.466	0.469	0	0.464	0.608	0.447
0.483	0	0.461	0.457	0.466	0.471	0	0.469	0.605	0.442
0.479	0	0.449	0.461	0.466	0.469	0	0.466	0.586	0.442
0.476	0	0.444	0.461	0.461	0.466	0	0.466	0.547	0.444
0.479	0	0.447	0.464	0.464	0.466	0	0.461	0.522	0.447
0.481	0	0.452	0.461	0.464	0.469	0	0.459	0.491	0.449
0.483	0	0.442	0.459	0.469	0.469	0	0.461	0.466	0.444
0.496	0	0.43	0.452	0.469	0.471	0	0.464	0.447	0.442
0.498	0	0.425	0.444	0.466	0.471	0	0.466	0.447	0.442
0.493	0	0.425	0.449	0.461	0.469	0	0.461	0.452	0.444
0.496	0	0.432	0.449	0.459	0.466	0	0.459	0.452	0.449
0.498	0	0.43	0.447	0.466	0.464	0	0.459	0.449	0.452
0.498	0	0.43	0.444	0.466	0.469	0	0.464	0.447	0.447
0.496	0	0.427	0.442	0.466	0.474	0	0.464	0.444	0.447
0.496	0	0.425	0.437	0.464	0.474	0	0.466	0.444	0.444
0.493	0	0.422	0.444	0.461	0.469	0	0.461	0.449	0.447
0.496	0	0.425	0.447	0.459	0.464	0	0.459	0.452	0.449
0.498	0	0.432	0.447	0.461	0.464	0	0.459	0.452	0.449
0.498	0	0.43	0.442	0.464	0.469	0	0.459	0.447	0.447
0.5	0	0.425	0.439	0.466	0.471	0	0.461	0.447	0.442
0.486	0	0.425	0.442	0.464	0.476	0	0.464	0.449	0.442
0.479	0	0.422	0.444	0.461	0.466	0	0.461	0.452	0.437
0.481	0	0.427	0.447	0.459	0.464	0	0.459	0.457	0.447
0.481	0	0.43	0.447	0.461	0.466	0	0.459	0.454	0.449
0.483	0	0.43	0.442	0.466	0.469	0	0.461	0.452	0.444
0.481	0	0.43	0.439	0.461	0.471	0	0.464	0.452	0.442
0.481	0	0.425	0.442	0.464	0.471	0	0.464	0.452	0.439
0.481	0	0.427	0.444	0.461	0.469	0	0.459	0.454	0.442
0.479	0	0.43	0.447	0.461	0.466	0	0.459	0.457	0.444
0.479	0	0.43	0.447	0.464	0.464	0	0.459	0.452	0.447
0.483	0	0.43	0.447	0.466	0.466	0	0.459	0.454	0.444
0.483	0	0.432	0.442	0.466	0.469	0	0.466	0.449	0.442
0.483	0	0.425	0.447	0.466	0.469	0	0.466	0.454	0.439
0.479	0	0.422	0.449	0.461	0.466	0	0.464	0.457	0.444
0.481	0	0.427	0.449	0.459	0.464	0	0.459	0.457	0.447
0.481	0	0.432	0.449	0.461	0.464	0	0.461	0.454	0.447
0.483	0	0.43	0.444	0.466	0.466	0	0.461	0.452	0.444
0.486	0	0.43	0.439	0.469	0.469	0	0.464	0.449	0.442
0.483	0	0.427	0.442	0.466	0.469	0	0.471	0.452	0.439
0.476	0	0.427	0.444	0.464	0.466	0	0.461	0.454	0.444
0.474	0	0.43	0.447	0.461	0.461	0	0.459	0.457	0.447
0.476	0	0.432	0.447	0.571	0.461	0	0.457	0.452	0.447
0.483	0	0.427	0.444	0.667	0.466	0	0.457	0.449	0.447
0.486	0	0.43	0.442	0.798	0.469	0	0.461	0.449	0.442
0.483	0	0.425	0.442	1.611	0.469	0	0.461	0.449	0.442
0.481	0	0.427	0.444	2.314	0.466	0	0.461	0.452	0.442
0.481	0	0.43	0.447	2.493	0.461	0	0.459	0.454	0.447
0.483	0	0.435	0.444	2.507	0.464	0	0.457	0.454	0.447
0.486	0	0.432	0.442	2.842	0.466	0	0.459	0.447	0.447
0.486	0	0.43	0.442	2.998	0.469	0	0.464	0.447	0.442
0.486	0	0.427	0.444	3.088	0.469	0	0.459	0.479	0.439
0.481	0	0.427	0.449	3.103	0.461	0	0.461	0.549	0.442
0.479	0	0.427	0.449	3.142	0.461	0	0.459	2.563	0.447
0.481	0	0.435	0.449	3.147	0.459	0	0.457	4.363	0.447
0.5	0	0.435	0.444	3.074	0.464	0	0.459	4.746	0.444
0.613	0	0.43	0.442	2.954	0.466	0	0.461	4.854	0.442
2.844	0	0.427	0.442	2.749	0.466	0	0.461	4.897	0.442
3.098	0	0.427	0.444	2.324	0.464	0	0.461	4.888	0.447
1.86	0	0.432	0.444	1.853	0.461	0	0.459	4.851	0.447
0	0	0.432	0.444	1.448	0.461	0	0.457	4.866	0.449
0	0	0.435	0.439	1.113	0.479	0	0.459	4.871	0.447
0	0	0.43	0.439	0.815	0.527	0	0.464	4.797	0.442
0	0	0.427	0.439	0.669	0.708	0	0.466	4.6	0.442
0	0	0.427	0.442	0.615	2.017	0	0.464	4.014	0.444
0	0	0.43	0.444	0.554	2.512	0	0.459	3.174	0.447
0	0	0.435	0.442	0.53	2.71	0	0.459	2.285	0.447
0	0	0.432	0.439	0.51	2.861	0	0.461	1.775	0.447
0	0	0.432	0.435	0.508	3.105	0	0.464	1.152	0.444
0	0	0.476	0.435	0.471	3.289	0	0.464	0.911	0.442
0	0	0.601	0.439	0.461	3.34	0	0.461	0.879	0.444
0	0	0.813	0.439	0.454	3.333	0	0.459	0.83	0.447
0	0	1.238	0.439	0.452	3.271	0	0.459	0.762	0.447
0	0	1.25	0.437	0.454	3.118	0	0.461	0.671	0.444
0	0	1.245	0.444	0.459	2.676	0	0.464	0.588	0.444
0	0	1.362	0.449	0.457	2.166	0	0.466	0.515	0.442
0	0	1.611	0.452	0.454	1.685	0	0.464	0.52	0.447
0	0	1.929	0.454	0.459	1.367	0	0.459	0.508	0.449
0	0	2.297	0.454	0.461	1.167	0	0.461	0.464	0.447
0	0	2.402	0.452	0.466	0.928	0	0.464	0.457	0.447
0	0	2.476	0.449	0.469	0.752	0	0.464	0.454	0.444
0	0	2.478	0.452	0.466	0.632	0	0.464	0.454	0.442
0	0	2.458	0.452	0.461	0.566	0	0.461	0.457	0.449
0	0	2.3	0.454	0.459	0.542	0	0.459	0.459	0.449
0	0	2.075	0.452	0.464	0.53	0	0.459	0.459	0.449
0	0	1.897	0.449	0.466	0.52	0	0.461	0.454	0.449
0	0	1.75	0.447	0.466	0.479	0	0.464	0.454	0.447
0	0	1.531	0.449	0.464	0.466	0	0.464	0.452	0.442
0	0	1.157	0.452	0.461	0.461	0	0.464	0.457	0.444
0	0	0.933	0.454	0.461	0.457	0	0.459	0.459	0.449
0	0	0.693	0.457	0.461	0.457	0	0.459	0.457	0.449
0	0	0.591	0.452	0.466	0.457	0	0.461	0.454	0.447
0	0	0.559	0.452	0.464	0.464	0	0.466	0.452	0.444
0	0	0.518	0.452	0.466	0.461	0	0.466	0.454	0.442
0	0	0.496	0.454	0.461	0.459	0	0.464	0.457	0.442
0	0	0.481	0.457	0.461	0.457	0	0.461	0.459	0.447
0	0	0.457	0.454	0.461	0.457	0	0.461	0.461	0.447
0	0	0.437	0.447	0.466	0.459	0	0.466	0.457	0.449
0	0	0.437	0.444	0.469	0.461	0	0.469	0.457	0.442
0	0	0.432	0.447	0.466	0.459	0	0.469	0.457	0.442
0	0	0.43	0.452	0.464	0.457	0	0.464	0.459	0.444
0	0	0.427	0.457	0.466	0.454	0	0.461	0.459	0.447
0	0	0.43	0.454	0.466	0.454	0	0.461	0.454	0.449
0	0	0.43	0.452	0.469	0.459	0	0.461	0.454	0.447
0	0	0.427	0.447	0.474	0.461	0	0.464	0.452	0.444
0	0	0.422	0.449	0.476	0.461	0	0.466	0.454	0.442
0	0	0.427	0.449	1.089	0.457	0	0.461	0.457	0.444
0	0	0.425	0.452	2.803	0.457	0	0.461	0.459	0.447
0	0	0.427	0.449	2.798	0.457	0	0.461	0.457	0.449
0	0	0.427	0.447	2.759	0.457	0	0.464	0.454	0.447
0	0	0.425	0.447	2.788	0.461	0	0.464	0.452	0.444
0	0	0.422	0.454	3.032	0.461	0	0.461	0.454	0.439
0	0	0.425	0.452	3.198	0.459	0	0.461	0.457	0.447
0	0	0.425	0.452	3.303	0.457	0	0.459	0.459	0.452
0	0	0.427	0.454	3.325	0.454	0	0.461	0.454	0.449
0	0	0.425	0.449	3.323	0.459	0	0.461	0.452	0.447
0	0	0.422	0.447	3.289	0.461	0	0.466	0.452	0.444
0	0	0.422	0.449	2.874	0.461	0	0.466	0.452	0.442
0	0	0.422	0.452	2.275	0.459	0	0.464	0.457	0.449
0	0	0.422	0.454	1.802	0.457	0	0.461	0.459	0.449
0	0	0.43	0.452	1.482	0.457	0	0.461	0.454	0.452
0	0	0.427	0.449	1.15	0.459	0	0.461	0.457	0.454
0	0	0.425	0.447	0.842	0.461	0	0.466	0.454	0.447
0	0	0.422	0.447	0.72	0.464	0	0.469	0.454	0.447
0	0	0.422	0.452	0.691	0.461	0	0.464	0.459	0.447
0	0	0.427	0.454	0.635	0.457	0	0.461	0.461	0.452
0	0	0.43	0.452	0.596	0.457	0	0.461	0.459	0.452
0	0	0.427	0.449	0.549	0.459	0	0.464	0.454	0.452
0	0	0.427	0.447	0.518	0.464	0	0.466	0.454	0.447
0	0	0.422	0.447	0.515	0.464	0	0.469	0.457	0.447
0	0	0.42	0.452	0.488	0.461	0	0.464	0.459	0.449
0	0	0.42	0.452	0.483	0.459	0	0.461	0.459	0.452
0	0	0.43	0.454	0.481	0.459	0	0.459	0.454	0.452
0	0	0.435	0.449	0.476	0.474	0	0.461	0.454	0.452
0	0	0.608	0.447	0.471	0.532	0	0.466	0.452	0.447
0	0	3.027	0.447	0.471	2.139	0	0.466	0.449	0.444
0	0	3.909	0.452	0.466	4.038	0	0.464	0.457	0.447
0	0	4.141	0.454	0.466	4.453	0	0.461	0.459	0.452
0	0	4.221	0.452	0.464	4.487	0	0.461	0.452	0.454
0	0	4.497	0.449	0.469	4.426	0	0.464	0.454	0.452
0	0	4.631	0.447	0.469	4.341	0	0.466	0.454	0.447
0	0	4.585	0	0.469	4.297	0	0.469	0.457	0.447
0	0	4.512	0	0.466	4.119	0	0.464	0.459	0.452
0	0	4.419	0	0.466	3.63	0	0.461	0.459	0.452
0	0	4.299	0	0.464	2.91	0	0.461	0.459	0.452
0	0	4.07	0	0.471	2.102	0	0.464	0.454	0.454
0	0	3.481	0	0.471	1.484	0	0.466	0.454	0.447
0	0	2.649	0	0.471	0.901	0	0.466	0.454	0.447
0	0	2.051	0	0.469	0.833	0	0.464	0.457	0.447
0	0	1.584	0	0.466	0.811	0	0.461	0.459	0.452
0	0	0.937	0	0.469	0.776	0	0.461	0.457	0.449
0	0	0.911	0	0.469	0.703	0	0.461	0.454	0.449
0	0	0.891	0	0.471	0.649	0	0.466	0.454	0.447
0	0	0.75	0	0.471	0.559	0	0.466	0.454	0.447
0	0	0.664	0	0.469	0.522	0	0.466	0.459	0.452
0	0	0.566	0	0.466	0.532	0	0.461	0.459	0.452
0	0	0.503	0	0.469	0.532	0	0.459	0.459	0.452
0	0	0.474	0	0.471	0.503	0	0.464	0.457	0.454
0	0	0.454	0	0.474	0.476	0	0.466	0.454	0.447
0	0	0.439	0	0.471	0.466	0	0.464	0.457	0.447
0	0	0.43	0	0.466	0.466	0	0.466	0.459	0.447
0	0	0.422	0	0.466	0.459	0	0.461	0.459	0.452
0	0	0.422	0	0.466	0.459	0	0.464	0.459	0.454
0	0	0.425	0	0.471	0.461	0	0.466	0.454	0.452
0	0	0.422	0	0.471	0.466	0	0.469	0.454	0.447
0	0	0.42	0	0.469	0.464	0	0.469	0.457	0.444
0	0	0.42	0	0.464	0.461	0	0.464	0.459	0.447
0	0	0.422	0	0.464	0.459	0	0.464	0.459	0
0	0	0.427	0	0.466	0.461	0	0.459	0.459	0
0	0	0.427	0	0.469	0.464	0	0.464	0.457	0
0	0	0.425	0	0.471	0.466	0	0.466	0.452	0
0	0	0.42	0	0.461	0.466	0	0.469	0.454	0
0	0	0.42	0	0.466	0.464	0	0.466	0.457	0
0	0	0.422	0	0.466	0.459	0	0.461	0.461	0
0	0	0.427	0	0.466	0.461	0	0.461	0.459	0
0	0	0.43	0	0.469	0.464	0	0.461	0.454	0
0	0	0.425	0	0.471	0.466	0	0.466	0.454	0
0	0	0.42	0	0.469	0.464	0	0.471	0.454	0
0	0	0.417	0	0.466	0.461	0	0.466	0.459	0
0	0	0.422	0	0.461	0.459	0	0.461	0.461	0
0	0	0.425	0	0.461	0.461	0	0.461	0.459	0
0	0	0.427	0	0.464	0.461	0	0.466	0.457	0
0	0	0.427	0	0.464	0.464	0	0.469	0.454	0
0	0	0.425	0	0.464	0.466	0	0.469	0.457	0
0	0	0.425	0	0.459	0.461	0	0.464	0.457	0
0	0	0.425	0	0.459	0.459	0	0.461	0.461	0
0	0	0.43	0	0.461	0.457	0	0.461	0.459	0
0	0	0.43	0	0.464	0.459	0	0.464	0.457	0
0	0	0.427	0	0.466	0.464	0	0.469	0.454	0
0	0	0.422	0	0.464	0.466	0	0.471	0.457	0
0	0	0.422	0	0.459	0.457	0	0.466	0.459	0
0	0	0.427	0	0.459	0.459	0	0.461	0.459	0
0	0	0.427	0	0.459	0.457	0	0.457	0.457	0
0	0	0.43	0	0.464	0.459	0	0.466	0.454	0
0	0	0.425	0	0.466	0.464	0	0.466	0.454	0
0	0	0.422	0	0.459	0.464	0	0.466	0.459	0
0	0	0.425	0	0.461	0.461	0	0.464	0.457	0
0	0	0.425	0	0.459	0.457	0	0.461	0.459	0
0	0	0.43	0	0.461	0.457	0	0.461	0.459	0
0	0	0.427	0	0.461	0.459	0	0.461	0.457	0
0	0	0.427	0	0.464	0.461	0	0.466	0.452	0
0	0	0.422	0	0.464	0.464	0	0.466	0.454	0
0	0	0.422	0	0.457	0.459	0	0.469	0.459	0
0	0	0.425	0	0.457	0.459	0	0.461	0.459	0
0	0	0.427	0	0.457	0.459	0	0.461	0.459	0
0	0	0.427	0	0.461	0.461	0	0.461	0.454	0
0	0	0.425	0	0.461	0.464	0	0.466	0.454	0
0	0	0.42	0	0.461	0.461	0	0.466	0.452	0
0	0	0.422	0	0.457	0.461	0	0.464	0.459	0
0	0	0.425	0	0.457	0.459	0	0.459	0.459	0
0	0	0.427	0	0.459	0.457	0	0.459	0.457	0
0	0	0.427	0	0.461	0.461	0	0.461	0.457	0
0	0	0.425	0	0.464	0.464	0	0.466	0.454	0
0	0	0.422	0	0.461	0.461	0	0.466	0.452	0
0	0	0.422	0	0.457	0.461	0	0.464	0.457	0
0	0	0.425	0	0.457	0.457	0	0.469	0.459	0
0	0	0.427	0	0.457	0.457	0	0.483	0.457	0
0	0	0.427	0	0.461	0.459	0	0.493	0.457	0
0	0	0.427	0	0.461	0.464	0	0.493	0.452	0
0	0	0.422	0	0.459	0.469	0	0.486	0.454	0
0	0	0.422	0	0.457	0.459	0	0.488	0.457	0
0	0	0.425	0	0.457	0.459	0	0.486	0.459	0
0	0	0.427	0	0.457	0.459	0	0.486	0.457	0
0	0	0.427	0	0.461	0.461	0	0.491	0.454	0
0	0	0.425	0	0.461	0.464	0	0.491	0.452	0
0	0	0.417	0	0.459	0.464	0	0.491	0.459	0
0	0	0.422	0	0.457	0.461	0	0.488	0.457	0
0	0	0.425	0	0.457	0.457	0	0.486	0.459	0
0	0	0.427	0	0.457	0.471	0	0.486	0.459	0
0	0	0.427	0	0.461	0.483	0	0.486	0.454	0
0	0	0.427	0	0.461	0.488	0	0.491	0.452	0
0	0	0.422	0	0.459	0.493	0	0.491	0.452	0
0	0	0.422	0	0.457	0.493	0	0.5	0.457	0
0	0	0.425	0	0.457	0.493	0	0.481	0.457	0
0	0	0.427	0	0.459	0.491	0	0.476	0.457	0
0	0	0.427	0	0.459	0.496	0	0.476	0	0
0	0	0.425	0	0.466	0.496	0	0.481	0	0
0	0	0.425	0	0.459	0.5	0	0.481	0	0
0	0	0.422	0	0.457	0.496	0	0.479	0	0
0	0	0.422	0	0.454	0.493	0	0.476	0	0
0	0	0.43	0	0.452	0.491	0	0.469	0	0
0	0	0.43	0	0.461	0.493	0	0.471	0	0
0	0	0.427	0	0.464	0.493	0	0.476	0	0
0	0	0.425	0	0.461	0.496	0	0.476	0	0
0	0	0.425	0	0.457	0.493	0	0.474	0	0
0	0	0.427	0	0.457	0.491	0	0.471	0	0
0	0	0.43	0	0.459	0.493	0	0.466	0	0
0	0	0.43	0	0.461	0.496	0	0.464	0	0
0	0	0.427	0	0.464	0.498	0	0.466	0	0
0	0	0.425	0	0.461	0.5	0	0.471	0	0
0	0	0.417	0	0.459	0.496	0	0.464	0	0
0	0	0.425	0	0.457	0.493	0	0.461	0	0
0	0	0.427	0	0.459	0.493	0	0.461	0	0
0	0	0.43	0	0.464	0.496	0	0.464	0	0
0	0	0.427	0	0.459	0.498	0	0.466	0	0
0	0	0.425	0	0.461	0.498	0	0.466	0	0
0	0	0.422	0	0.459	0.496	0	0.464	0	0
0	0	0.427	0	0.457	0.491	0	0.461	0	0
0	0	0.427	0	0.459	0.491	0	0.461	0	0
0	0	0.427	0	0.461	0.493	0	0.464	0	0
0	0	0.427	0	0.464	0.496	0	0.466	0	0
0	0	0.425	0	0.461	0.498	0	0.471	0	0
0	0	0.422	0	0.459	0.496	0	0.464	0	0
0	0	0.427	0	0.457	0.493	0	0.461	0	0
0	0	0.427	0	0.459	0.486	0	0.459	0	0
0	0	0.427	0	0.461	0.488	0	0.461	0	0
0	0	0.425	0	0.464	0.488	0	0.466	0	0
0	0	0.422	0	0.464	0.476	0	0.466	0	0
0	0	0.42	0	0.459	0.466	0	0.464	0	0
0	0	0.425	0	0.457	0.464	0	0.461	0	0
0	0	0.43	0	0.461	0.483	0	0.464	0	0
0	0	0.43	0	0.461	0.491	0	0.464	0	0
0	0	0.427	0	0.464	0.496	0	0.466	0	0
0	0	0.425	0	0.461	0.496	0	0.464	0	0
0	0	0.425	0	0.459	0.498	0	0.466	0	0
0	0	0.427	0	0.459	0.493	0	0.461	0	0
0	0	0.43	0	0.459	0.493	0	0.459	0	0
0	0	0.435	0	0.461	0.496	0	0.461	0	0
0	0	0.432	0	0.464	0.498	0	0.466	0	0
0	0	0.43	0	0.461	0.496	0	0.466	0	0
0	0	0.413	0	0	0.491	0	0.464	0	0
0	0	0.43	0	0	0.488	0	0.461	0	0
0	0	0.435	0	0	0.488	0	0.461	0	0
0	0	0.437	0	0	0.491	0	0.461	0	0
0	0	0.432	0	0	0.496	0	0.466	0	0
0	0	0.43	0	0	0.493	0	0.469	0	0
0	0	0.43	0	0	0.491	0	0.464	0	0
0	0	0.432	0	0	0.488	0	0.461	0	0
0	0	0.435	0	0	0.491	0	0.461	0	0
0	0	0.435	0	0	0.491	0	0.461	0	0
0	0	0.435	0	0	0.496	0	0.466	0	0
0	0	0.43	0	0	0.496	0	0.469	0	0
0	0	0.43	0	0	0.491	0	0.464	0	0
0	0	0.432	0	0	0.488	0	0.461	0	0
0	0	0.435	0	0	0.486	0	0.461	0	0
0	0	0.442	0	0	0.486	0	0.491	0	0
0	0	0.439	0	0	0.488	0	0	0	0
0	0	0.435	0	0	0.491	0	0	0	0
0	0	0.435	0	0	0.491	0	0	0	0
0	0	0.435	0	0	0.488	0	0	0	0
0	0	0.435	0	0	0.491	0	0	0	0
0	0	0.425	0	0	0.488	0	0	0	0
0	0	0.427	0	0	0.493	0	0	0	0
0	0	0.425	0	0	0.498	0	0	0	0
0	0	0.425	0	0	0.493	0	0	0	0
0	0	0.427	0	0	0.491	0	0	0	0
0	0	0.43	0	0	0.488	0	0	0	0
0	0	0.432	0	0	0.491	0	0	0	0
0	0	0.43	0	0	0.493	0	0	0	0
0	0	0.427	0	0	0.498	0	0	0	0
0	0	0.425	0	0	0.493	0	0	0	0
0	0	0.427	0	0	0.488	0	0	0	0
0	0	0.43	0	0	0.488	0	0	0	0
0	0	0.432	0	0	0.491	0	0	0	0
0	0	0.43	0	0	0.493	0	0	0	0
0	0	0.427	0	0	0.493	0	0	0	0
0	0	0.43	0	0	0.493	0	0	0	0
0	0	0.43	0	0	0.491	0	0	0	0
0	0	0.435	0	0	0.486	0	0	0	0
0	0	0.432	0	0	0.493	0	0	0	0
0	0	0.432	0	0	0.496	0	0	0	0
0	0	0.43	0	0	0.493	0	0	0	0
0	0	0.427	0	0	0.496	0	0	0	0
0	0	0.432	0	0	0.493	0	0	0	0
0	0	0.435	0	0	0.491	0	0	0	0
0	0	0.432	0	0	0.491	0	0	0	0
0	0	0.43	0	0	0.498	0	0	0	0
0	0	0.43	0	0	0.496	0	0	0	0
0	0	0.432	0	0	0.491	0	0	0	0
0	0	0.43	0	0	0.491	0	0	0	0
0	0	0.435	0	0	0.488	0	0	0	0
0	0	0.435	0	0	0.491	0	0	0	0
0	0	0.432	0	0	0.493	0	0	0	0
0	0	0.427	0	0	0.496	0	0	0	0
0	0	0.43	0	0	0.493	0	0	0	0
0	0	0.427	0	0	0.488	0	0	0	0
0	0	0.432	0	0	0.488	0	0	0	0
0	0	0.432	0	0	0.491	0	0	0	0
0	0	0.427	0	0	0	0	0	0	0
0	0	0.43	0	0	0	0	0	0	0
0	0	0.43	0	0	0	0	0	0	0
0	0	0.43	0	0	0	0	0	0	0
0	0	0.432	0	0	0	0	0	0	0
0	0	0.432	0	0	0	0	0	0	0
0	0	0.432	0	0	0	0	0	0	0
0	0	0.43	0	0	0	0	0	0	0
0	0	0.427	0	0	0	0	0	0	0
0	0	0.43	0	0	0	0	0	0	0
0	0	0.432	0	0	0	0	0	0	0
0	0	0.432	0	0	0	0	0	0	0
0	0	0.43	0	0	0	0	0	0	0
0	0	0.427	0	0	0	0	0	0	0
