0.435	0.293	0.276	0.415	1.814	0.273	0.312	0.278	0.286	0.264
1.284	0.295	0.276	1.233	1.926	0.273	0.31	0.278	0.447	0.266
2.146	0.298	0.31	2.239	2.129	0.276	0.312	0.276	0.872	0.271
2.007	0.32	0.447	2.302	2.231	0.278	0.312	0.273	1.309	0.325
1.77	0.557	1.399	2.126	2.395	0.288	0.312	0.276	1.418	0.618
1.753	1.353	2.212	2.126	2.493	0.564	0.31	0.273	1.44	1.267
1.799	1.814	1.833	2.434	2.461	3.013	0.337	0.33	1.458	1.609
1.882	1.631	1.387	2.666	2.4	3.184	1.807	1.75	1.616	1.521
1.934	1.479	1.274	2.747	2.349	1.938	4.382	3.75	1.719	1.438
1.965	1.465	1.326	2.759	2.307	1.667	3.65	2.375	1.777	1.497
1.973	1.548	1.501	2.759	2.239	2.024	2.708	1.333	1.807	1.716
1.97	1.663	1.592	2.754	2.141	2.28	2.847	1.113	1.79	1.865
1.98	1.694	1.624	2.688	2.053	2.456	3.513	1.514	1.763	1.921
1.936	1.711	1.619	2.451	1.892	2.512	3.855	1.968	1.682	1.948
1.826	1.765	1.665	2.3	1.746	2.498	4.048	2.1	1.514	2.043
1.655	1.772	1.653	2.17	1.577	2.227	4.209	2.185	1.421	2.009
1.521	1.768	1.594	1.943	1.389	1.992	4.312	2.183	1.382	2.012
1.318	1.772	1.533	1.743	1.196	1.89	4.387	2.192	1.301	2.097
1.125	1.746	1.482	1.577	0.93	1.831	4.417	2.251	1.121	2.136
1.011	1.665	1.423	1.433	0.789	1.709	4.375	2.268	0.996	2.18
0.869	1.509	1.277	1.396	0.613	1.555	4.243	2.219	0.969	2.178
0.776	1.357	1.152	1.316	0.513	1.345	3.975	2.146	0.886	2.144
0.706	1.252	0.955	1.123	0.432	1.086	3.862	2.109	0.786	2.053
0.562	1.13	0.789	0.93	0.352	1.047	3.882	2.107	0.703	1.96
0.466	0.989	0.732	0.789	0.332	0.95	3.86	2.053	0.532	1.843
0.439	0.847	0.625	0.757	0.332	0.889	3.784	1.995	0.481	1.758
0.378	0.776	0.513	0.732	0.33	0.74	3.701	1.931	0.41	1.599
0.334	0.691	0.469	0.62	0.325	0.544	3.599	1.848	0.347	1.396
0.349	0.576	0.381	0.535	0.293	0.427	3.418	1.743	0.339	1.289
0.339	0.483	0.344	0.457	0.281	0.312	3.108	1.594	0.325	1.157
0.332	0.491	0.337	0.369	0.278	0.261	2.739	1.438	0.325	0.974
0.32	0.383	0.325	0.352	0.281	0.251	2.366	1.287	0.327	0.881
0.312	0.347	0.32	0.33	0.281	0.254	1.985	1.167	0.33	0.786
0.312	0.334	0.317	0.322	0.281	0.256	1.638	1.06	0.327	0.72
0.312	0.334	0.305	0.325	0.276	0.254	1.25	0.959	0.322	0.688
0.315	0.33	0.283	0.317	0.276	0.229	0.986	0.845	0.31	0.62
0.312	0.33	0.278	0.317	0.278	0.215	0.857	0.754	0.295	0.527
0.288	0.332	0.278	0.322	0.283	0.22	0.686	0.654	0.293	0.51
0.283	0.339	0.281	0.366	0.281	0.234	0.552	0.486	0.293	0.435
0.283	0.339	0.281	0.413	0.283	0.217	0.53	0.481	0.295	0.339
0.286	0.322	0.388	0.515	0.278	0.212	0.525	0.415	0.295	0.337
0.286	0.303	0.439	0.596	0.278	0.208	0.461	0.339	0.293	0.33
0.283	0.293	0.588	0.642	0.278	0.212	0.386	0.322	0.288	0.327
0.281	0.288	0.647	0.667	0.281	0.215	0.269	0.315	0.291	0.33
0.278	0.286	0.691	0.681	0.281	0.22	0.239	0.305	0.291	0.325
0.281	0.286	0.698	0.703	0.281	0.215	0.312	0.305	0.293	0.322
0.283	0.291	0.667	0.737	0.278	0.215	0.322	0.305	0.295	0.3
0.283	0.293	0.664	0.798	0.278	0.215	0.317	0.305	0.291	0.295
0.283	0.291	0.667	0.837	0.278	0.215	0.312	0.308	0.291	0.293
0.281	0.293	0.684	0.847	0.281	0.215	0.308	0.308	0.354	0.295
0.278	0.291	0.696	0.835	0.281	0.212	0.288	0.286	0.488	0.293
0.281	0.293	0.713	0.845	0.278	0.212	0.283	0.281	0.703	0.291
0.283	0.293	0.713	0.859	0.278	0.208	0.283	0.276	0.981	0.288
0.286	0.293	0.708	0.891	0.278	0.203	0.281	0.278	0.935	0.283
0.425	0.291	0.708	0.918	0.278	0.203	0.278	0.281	0.811	0.283
0.439	0.288	0.696	0.94	0.281	0.205	0.276	0.283	0.759	0.283
0.652	0.288	0.684	0.955	0.281	0.205	0.278	0.281	0.769	0.281
0.73	0.291	0.679	0.972	0.281	0.203	0.344	0.278	0.806	0.278
0.771	0.293	0.679	0.972	0.278	0.2	0.591	0.396	0.906	0.278
0.791	0.291	0.706	0.957	0.278	0.19	2.771	0.615	0.955	0.286
0.796	0.288	0.696	0.928	0.281	0.21	2.764	1.072	0.967	0.291
0.813	0.288	0.669	0.903	0.408	0.232	1.541	1.172	0.974	0.293
0.84	0.291	0.647	0.918	0.608	0.237	0.979	0.93	0.986	0.291
0.879	0.291	0.615	0.864	0.906	0.239	0.847	0.779	0.984	0.286
0.903	0.293	0.583	0.769	1.084	0.237	0.994	0.752	0.981	0.286
0.898	0.293	0.527	0.703	1.035	0.327	1.079	0.803	0.977	0.291
0.918	0.288	0.505	0.654	0.989	0.627	1.152	0.881	0.95	0.291
0.925	0.288	0.405	0.593	0.974	3.459	1.238	0.928	0.913	0.288
0.918	0.288	0.364	0.527	0.991	3.25	1.313	0.952	0.881	0.283
0.901	0.288	0.31	0.474	1.016	1.902	1.353	0.972	0.874	0.286
0.879	0.291	0.288	0.408	1.008	1.35	1.365	0.986	0.854	0.398
0.884	0.291	0.308	0.381	1.011	1.27	1.384	0.999	0.801	0.439
0.884	0.288	0.3	0.359	1.035	1.313	1.404	1.003	0.735	0.618
0.879	0.286	0.283	0.339	1.062	1.421	1.404	1.016	0.679	0.698
0.876	0.288	0.281	0.3	1.035	1.589	1.387	1.011	0.618	0.703
0.859	0.291	0.281	0.3	1.05	1.702	1.299	0.979	0.54	0.686
0.859	0.293	0.278	0.298	1.052	1.763	1.177	0.957	0.483	0.679
0.825	0.291	0.278	0.295	1.052	1.768	1.023	0.945	0.432	0.669
0.742	0.288	0.278	0.295	1.052	1.78	0.864	0.928	0.391	0.664
0.708	0.288	0.33	0.295	1.021	1.78	0.825	0.886	0.354	0.654
0.652	0.288	0.679	0.4	0.991	1.797	0.903	0.818	0.31	0.64
0.596	0.293	0.911	0.496	0.955	1.809	0.876	0.776	0.3	0.64
0.554	0.295	0.654	0.542	0.889	1.804	0.769	0.774	0.3	0.63
0.449	0.293	0.535	0.559	0.811	1.743	0.596	0.737	0.295	0.62
0.388	0.293	0.525	0.549	0.757	1.626	0.493	0.664	0.293	0.625
0.371	0.291	0.569	0.547	0.662	1.455	0.427	0.598	0.293	0.63
0.342	0.291	0.608	0.574	0.586	1.257	0.337	0.559	0.293	0.62
0.295	0.293	0.649	0.596	0.518	0.937	0.295	0.481	0.298	0.61
0.286	0.293	0.691	0.618	0.435	0.815	0.286	0.422	0.295	0.579
0.283	0.293	0.723	0.615	0.374	0.811	0.283	0.396	0.291	0.552
0.283	0.291	0.725	0.625	0.332	0.767	0.276	0.378	0.283	0.52
0.281	0.291	0.745	0.627	0.293	0.645	0.276	0.322	0.283	0.479
0.281	0.291	0.776	0.623	0.283	0.549	0.278	0.291	0.286	0.447
0.281	0.293	0.796	0.623	0.281	0.461	0.281	0.281	0.288	0.378
0.283	0.295	0.793	0.623	0.278	0.396	0.281	0.283	0.288	0.33
0.286	0.293	0.769	0.615	0.278	0.337	0.278	0.281	0.288	0.276
0.283	0.291	0.725	0.603	0.278	0.293	0.276	0.283	0.286	0.264
0.281	0.288	0.657	0.569	0.281	0.283	0.278	0.286	0.288	0.261
0.317	0.291	0.557	0.461	0.283	0.278	0.281	0.286	0.293	0.259
0.388	0.293	0.486	0.42	0.283	0.278	0.283	0.281	0.295	0.254
0.681	0.293	0.427	0.369	0.281	0.278	0.283	0.278	0.295	0.256
0.696	0.293	0.388	0.369	0.278	0.273	0.278	0.281	0.293	0.259
0.691	0.291	0.381	0.361	0.281	0.273	0.278	0.283	0.288	0.259
0.693	0.291	0.359	0.342	0.283	0.273	0.276	0.283	0.288	0.261
0.713	0.293	0.342	0.339	0.283	0.276	0.278	0.281	0.291	0.261
0.774	0.295	0.352	0.332	0.281	0.276	0.281	0.278	0.295	0.259
0.791	0.295	0.337	0.317	0.278	0.278	0.281	0.276	0.342	0.259
0.791	0.295	0.315	0.3	0.278	0.271	0.305	0.278	0.452	0.261
0.789	0.293	0.288	0.293	0.281	0.271	1.79	0.278	0.962	0.261
0.779	0.291	0.283	0.295	0.281	0.273	2.527	0.283	0.813	0.264
0.801	0.291	0.283	0.298	0.281	0.273	1.882	0.281	0.698	0.261
0.798	0.293	0.283	0.298	0.281	0.273	1.572	0.278	0.713	0.256
0.786	0.298	0.281	0.295	0.278	0.273	1.506	0.278	0.869	0.254
0.801	0.293	0.281	0.293	0.278	0.273	1.543	0.278	0.969	0.256
0.791	0.288	0.276	0.293	0.281	0.273	1.616	0.422	1.06	0.259
0.774	0.288	0.278	0.291	0.283	0.273	1.816	1.357	1.133	0.261
0.771	0.286	0.281	0.295	0.283	0.273	1.931	1.282	1.145	0.259
0.771	0.291	0.283	0.295	0.283	0.276	2	0.789	1.133	0.256
0.713	0.291	0.281	0.291	0.278	0.273	2.114	0.635	1.082	0.251
0.647	0.291	0.278	0.288	0.278	0.273	2.275	0.632	1.023	0.256
0.564	0.288	0.278	0.288	0.278	0.271	2.283	0.698	0.884	0.259
0.471	0.291	0.281	0.293	0.281	0.273	2.107	0.723	0.789	0.261
0.417	0.291	0.283	0.293	0.283	0.276	1.958	0.735	0.691	0.256
0.417	0.293	0.283	0.295	0.281	0.276	1.846	0.764	0.515	0.251
0.4	0.293	0.281	0.293	0.276	0.273	1.677	0.781	0.403	0.254
0.393	0.288	0.278	0.291	0.276	0.273	1.411	0.796	0.388	0.254
0.386	0.288	0.278	0.291	0.278	0.271	1.147	0.789	0.398	0.259
0.391	0.286	0.278	0.293	0.283	0.271	0.945	0.769	0.376	0.266
0.342	0.288	0.281	0.291	0.283	0.273	0.771	0.774	0.352	0.266
0.303	0.288	0.283	0.293	0.281	0.276	0.557	0.791	0.33	0.264
0.293	0.291	0.278	0.291	0.278	0.273	0.457	0.781	0.31	0.264
0.286	0.291	0.276	0.288	0.278	0.271	0.432	0.769	0.303	0.261
0.286	0.288	0.278	0.286	0.281	0.273	0.435	0.713	0.298	0.264
0.281	0.286	0.278	0.291	0.283	0.273	0.435	0.667	0.298	0.264
0.281	0.288	0.281	0.293	0.281	0.276	0.43	0.662	0.298	0.278
0.281	0.288	0.281	0.288	0.281	0.273	0.4	0.605	0.3	0.291
0.281	0.291	0.281	0.288	0.278	0.273	0.347	0.52	0.3	0.295
0.283	0.293	0.276	0.278	0.276	0.273	0.312	0.469	0.295	0.298
0.283	0.286	0.276	0.278	0.281	0.273	0.288	0.425	0.295	0.303
0.281	0.286	0.278	0.276	0.281	0.273	0.283	0.378	0.291	0.303
0.278	0.288	0.281	0.281	0.281	0.276	0.283	0.337	0.295	0.298
0.278	0.288	0.281	0.281	0.281	0.276	0.283	0.317	0.293	0.295
0.281	0.291	0.281	0.278	0.278	0.273	0.283	0.293	0.295	0.295
0.283	0.288	0.278	0.276	0.278	0.273	0.281	0.283	0.295	0.298
0.283	0.288	0.278	0.276	0.278	0.276	0.278	0.283	0.293	0.298
0.278	0.288	0.298	0.278	0.281	0.276	0.278	0.283	0.291	0.298
0.278	0.286	0.31	0.283	0.283	0.276	0.281	0.283	0.293	0.298
0.278	0.288	0.31	0.286	0.278	0.276	0.283	0.281	0.295	0.298
0.283	0.291	0.303	0.283	0.278	0.278	0.283	0.278	0.295	0.295
0.283	0.291	0.283	0.388	0.276	0.273	0.281	0.278	0.295	0.298
0.283	0.288	0.278	0.417	0.278	0.273	0.278	0.283	0.293	0.3
0.281	0.286	0.281	0.486	0.281	0.273	0.278	0.283	0.293	0.3
0.281	0.288	0.281	0.518	0.281	0.276	0.281	0.281	0.293	0.3
0.281	0.288	0.31	0.532	0.278	0.276	0.283	0.278	0.298	0.298
0.283	0.291	0.366	0.537	0.278	0.276	0.283	0.278	0.295	0.295
0.283	0.291	0.41	0.527	0.276	0.276	0.283	0.281	0.295	0.298
0.283	0.291	0.435	0.574	0.281	0.273	0.278	0.283	0.293	0.3
0.283	0.288	0.442	0.701	0.281	0.276	0.278	0.283	0.293	0.3
0.281	0.291	0.442	0.818	0.281	0.276	0.278	0.283	0.293	0.298
0.283	0.271	0.427	0.886	0.278	0.276	0.283	0.281	0.295	0.298
0.283	0.298	0.427	0.908	0.276	0.276	0.286	0.281	0.317	0.298
0.286	0.295	0.41	0.93	0.276	0.273	0.283	0.278	0.312	0.3
0.286	0.293	0.396	0.942	0.278	0.271	0.281	0.283	0.427	0.303
0.283	0.447	0.391	0.945	0.786	0.273	0.281	0.283	0.522	0.303
0.281	0.989	0.413	0.95	2.288	0.276	0.281	0.281	0.571	0.3
0.281	2.922	0.378	0.937	1.641	0.276	0.281	0.278	0.591	0.298
0.283	1.729	0.337	0.928	1.001	0.273	0.283	0.278	0.618	0.298
0.283	1.013	0.315	0.903	0.974	0.273	0.281	0.278	0.659	0.298
0.283	0.784	0.298	0.874	1.189	0.271	0.278	0.281	0.664	0.3
0.278	0.718	0.288	0.842	1.292	0.273	0.281	0.281	0.701	0.3
0.278	0.74	0.288	0.815	1.348	0.273	0.283	0.281	0.771	0.3
0.278	0.803	0.286	0.784	1.421	0.276	0.283	0.278	0.842	0.298
0.281	0.842	0.283	0.75	1.45	0.276	0.286	0.276	0.879	0.293
0.281	0.854	0.281	0.737	1.401	0.271	0.283	0.276	0.886	0.298
0.281	0.864	0.278	0.696	1.348	0.271	0.283	0.278	0.894	0.3
0.278	0.864	0.283	0.637	1.338	0.271	0.278	0.281	0.881	0.386
0.278	0.867	0.288	0.525	1.243	0.273	0.278	0.281	0.884	1.03
0.278	0.864	0.288	0.469	1.003	0.273	0.283	0.276	0.894	1.396
0.281	0.864	0.288	0.469	0.828	0.273	0.286	0.276	0.908	1.152
0.283	0.847	0.286	0.513	0.564	0.273	0.283	0.278	0.898	1.045
0.283	0.823	0.283	0.474	0.435	0.271	0.281	0.278	0.894	1.089
0.278	0.776	0.281	0.386	0.398	0.273	0.281	0.281	0.884	1.211
0.281	0.752	0.281	0.322	0.374	0.276	0.283	0.278	0.872	1.299
0.281	0.725	0.281	0.295	0.369	0.276	0.283	0.276	0.84	1.406
0.283	0.691	0.278	0.283	0.315	0.273	0.286	0.276	0.791	1.443
0.286	0.63	0.276	0.278	0.288	0.273	0.283	0.276	0.752	1.45
0.286	0.537	0.276	0.276	0.293	0.271	0.281	0.278	0.708	1.465
0.281	0.427	0.276	0.276	0.288	0.273	0.278	0.281	0.715	1.44
0.278	0.354	0.276	0.281	0.286	0.315	0.283	0.278	0.574	1.333
0.281	0.31	0.278	0.278	0.281	2.136	0.283	0.276	0.51	1.179
0.283	0.327	0.278	0.273	0.281	1.88	0.283	0.278	0.525	1.05
0.283	0.344	0.273	0.276	0.278	1.128	0.286	0.278	0.41	0.903
0.283	0.293	0.273	0.276	0.281	1.157	0.281	0.278	0.325	0.732
0.281	0.278	0.276	0.278	0.283	1.379	0.281	0.281	0.295	0.496
0.278	0.273	0.281	0.278	0.283	1.543	0.281	0.281	0.298	0.435
0.278	0.276	0.281	0.278	0.281	1.631	0.286	0.276	0.298	0.427
0.283	0.278	0.278	0.281	0.276	1.758	0.286	0.276	0.293	0.381
0.283	0.276	0.276	0.276	0.278	1.86	0.283	0.278	0.291	0.337
0.281	0.283	0.273	0.276	0.278	1.89	0.283	0.278	0.293	0.325
0.281	0.312	0.276	0.278	0.281	1.816	0.281	0.281	0.291	0.31
0.278	0.342	0.278	0.281	0.278	1.702	0.283	0.281	0.291	0.303
0.281	0.479	0.281	0.281	0.278	1.553	0.283	0.327	0.291	0.293
0.281	0.542	0.278	0.281	0.276	1.375	0.283	2.48	0.293	0.293
0.281	0.571	0.276	0.278	0.276	1.094	0.283	3.008	0.291	0.293
0.281	0.615	0.276	0.276	0.278	0.811	0.281	1.956	0.288	0.298
0.278	0.73	0.276	0.278	0.281	0.547	0.281	1.306	0.288	0.298
0.281	0.791	0.278	0.278	0.281	0.466	0.283	1.135	0.286	0.298
0.278	0.84	0.278	0.281	0.278	0.417	0.283	1.184	0.286	0.295
0.281	0.898	0.278	0.281	0.276	0.393	0.286	1.306	0.291	0.293
0.283	0.962	0.276	0.276	0.273	0.381	0.283	1.411	0.293	0.295
0.283	0.911	0.276	0.278	0.276	0.315	0.281	1.482	0.291	0.298
0.291	0.852	0.276	0.278	0.278	0.288	0.281	1.487	0.291	0.298
0.281	0.83	0.278	0.281	0.278	0.283	0.281	1.492	0.295	0.295
0.283	0.786	0.278	0.281	0.276	0.281	0.283	1.501	0.298	0.293
0.413	0.732	0.276	0.278	0.276	0.276	0.286	1.489	0.3	0.293
0.452	0.73	0.276	0.278	0.273	0.276	0.278	1.487	0.298	0.295
0.427	0.667	0.273	0.278	0.276	0.273	0.278	1.438	0.298	0.298
0.486	0.552	0.278	0.281	0.281	0.278	0.278	1.375	0.298	0.298
0.549	0.496	0.278	0.283	0.281	0.278	0.281	1.331	0.298	0.298
0.615	0.493	0.281	0.281	0.278	0.281	0.281	1.262	0.3	0.295
0.713	0.493	0.281	0.281	0.276	0.278	0.283	1.194	0.298	0.295
0.771	0.498	0.276	0.278	0.276	0.276	0.281	1.082	0.293	0.295
0.835	0.488	0.273	0.278	0.278	0.276	0.278	0.999	0.288	0.298
0.864	0.417	0.276	0.278	0.278	0.276	0.278	0.793	0.286	0.3
0.901	0.374	0.278	0.281	0.281	0.278	0.278	0.774	0.286	0.298
0.918	0.356	0.278	0.283	0.281	0.281	0.278	0.671	0.288	0.295
0.935	0.359	0.278	0.281	0.278	0.278	0.283	0.686	0.286	0.295
0.937	0.347	0.276	0.278	0.278	0.276	0.281	0.645	0.288	0.295
0.937	0.312	0.276	0.278	0.281	0.276	0.278	0.474	0.293	0.298
0.93	0.298	0.273	0.281	0.281	0.278	0.276	0.376	0.291	0.3
0.891	0.278	0.278	0.283	0.281	0.278	0.278	0.344	0.293	0.295
0.823	0.273	0.278	0.283	0.281	0.278	0.281	0.33	0.288	0.293
0.781	0.273	0.278	0.281	0.278	0.278	0.283	0.327	0.288	0.291
0.757	0.273	0.276	0.278	0.276	0.276	0.283	0.315	0.291	0.291
0.737	0.269	0.276	0.278	0.278	0.278	0.281	0.31	0.288	0.293
0.693	0.269	0.278	0.281	0.283	0.278	0.278	0.312	0.288	0.295
0.654	0.271	0.278	0.281	0.281	0.278	0.281	0.317	0.291	0.295
0.598	0.271	0.278	0.281	0.278	0.281	0.283	0.312	0.295	0.293
0.496	0.273	0.278	0.276	0.276	0.273	0.286	0.312	0.293	0.295
0.452	0.273	0.276	0.276	0.276	0.278	0.283	0.312	0.291	0.295
0.476	0.271	0.278	0.276	0.278	0.679	0.281	0.315	0.286	0.3
0.566	0.271	0.276	0.276	0.278	1.667	0.278	0.317	0.286	0.303
0.449	0.271	0.278	0.278	0.278	1.182	0.281	0.315	0.288	0.298
0.356	0.273	0.278	0.281	0.281	0.898	0.283	0.308	0.291	0.295
0.303	0.273	0.278	0.278	0.276	0.706	0.286	0.305	0.293	0.293
0.288	0.273	0.276	0.276	0.276	0.684	0.281	0.305	0.291	0.293
0.283	0.273	0.276	0.276	0.276	0.72	0.278	0.312	0.288	0.291
0.281	0.271	0.278	0.278	0.281	0.791	0.278	0.315	0.291	0.288
0.281	0.271	0.278	0.281	0.283	0.93	0.278	0.312	0.288	0.283
0.278	0.276	0.281	0.281	0.298	1.06	0.283	0.308	0.293	0.281
0.281	0.278	0.278	0.278	1.008	1.116	0.283	0.308	0.295	0.291
0.283	0.276	0.276	0.276	1.709	1.125	0.281	0.31	0.298	0.295
0.283	0.273	0.273	0.276	1.23	1.128	0.278	0.31	0.295	0.295
0.281	0.271	0.276	0.281	0.872	1.116	0.278	0.312	0.295	0.298
0.278	0.273	0.278	0.278	0.667	1.084	0.278	0.31	0.295	0.298
0.278	0.276	0.278	0.281	0.703	1.047	0.278	0.308	0.295	0.293
0.283	0.276	0.278	0.283	0.776	1.006	0.281	0.308	0.293	0.291
0.278	0.278	0.276	0.322	0.833	0.986	0.278	0.31	0.293	0.298
0.281	0.276	0.273	0.315	0.967	0.913	0.278	0.312	0.293	0.579
0.278	0.271	0.276	0.293	1.099	0.901	0.278	0.312	0.291	1.882
0.276	0.273	0.278	0.283	1.133	0.872	0.283	0.312	0.291	1.851
0.276	0.276	0.281	0.283	1.104	0.857	0.283	0.31	0.293	1.301
0.278	0.278	0.276	0.278	1.074	0.803	0.286	0.31	0.295	1.067
0.283	0.276	0.273	0.278	1.057	0.698	0.283	0.312	0.293	1.028
0.283	0.276	0.273	0.278	1.018	0.593	0.281	0.315	0.291	1.064
0.278	0.273	0.273	0.283	1.003	0.623	0.281	0.317	0.293	1.094
0.278	0.273	0.276	0.288	0.977	0.608	0.281	0.312	0.293	1.104
0.278	0.273	0.278	0.291	0.896	0.498	0.283	0.31	0.283	1.104
0.281	0.278	0.273	0.291	0.815	0.366	0.283	0.312	0.3	1.111
0.283	0.276	0.273	0.288	0.808	0.303	0.283	0.312	0.298	1.133
0.283	0.273	0.273	0.291	0.789	0.283	0.281	0.315	0.293	1.15
0.281	0.273	0.273	0.293	0.786	0.278	0.281	0.312	0.293	1.155
0.278	0.273	0.278	0.295	0.815	0.281	0.278	0.312	0.293	1.145
0.278	0.276	0.278	0.295	0.793	0.281	0.286	0.312	0.295	1.145
0.281	0.278	0.278	0.288	0.667	0.278	0.286	0.312	0.295	1.133
0.283	0.278	0.273	0.288	0.659	0.276	0.283	0.315	0.291	1.121
0.283	0.276	0.273	0.288	0.684	0.271	0.288	0.315	0.288	1.096
0.281	0.276	0.273	0.291	0.635	0.276	0.435	0.317	0.288	0.92
0.278	0.276	0.278	0.293	0.518	0.276	0.984	0.315	0.288	0.742
0.278	0.278	0.278	0.291	0.381	0.276	1.123	0.312	0.291	0.623
0.281	0.278	0.276	0.291	0.305	0.276	1.069	0.312	0.293	0.659
0.283	0.278	0.273	0.288	0.286	0.273	1.062	0.312	0.295	0.735
0.283	0.276	0.273	0.288	0.281	0.276	1.084	0.303	0.293	0.652
0.283	0.276	0.276	0.349	0.283	0.276	1.101	0.295	0.291	0.552
0.281	0.276	0.278	0.947	0.281	0.278	1.14	0.278	0.291	0.417
0.283	0.278	0.278	1.514	0.281	0.276	1.16	0.273	0.327	0.361
0.283	0.278	0.278	1.594	0.278	0.278	1.177	0.266	0.393	0.325
0.283	0.278	0.273	1.533	0.278	0.273	1.216	0.261	0.525	0.315
0.283	0.276	0.273	1.533	0.281	0.273	1.216	0.261	0.63	0.315
0.281	0.286	0.276	1.538	0.283	0.276	1.172	0.264	0.759	0.315
0.278	0.366	0.278	1.565	0.283	0.278	1.187	0.264	0.818	0.312
0.278	0.559	0.276	1.582	0.281	0.276	1.204	0.261	0.85	0.305
0.281	0.779	0.276	1.572	0.281	0.278	1.191	0.264	0.872	0.303
0.283	0.757	0.276	1.509	0.278	0.276	1.133	0.264	0.95	0.303
0.281	0.623	0.273	1.357	0.281	0.276	1.099	0.266	1.025	0.308
0.281	0.579	0.273	1.189	0.281	0.276	1.086	0.264	1.013	0.308
0.278	0.549	0.276	1.143	0.281	0.276	1.069	0.261	1.033	0.305
0.278	0.571	0.276	1.108	0.281	0.278	1.028	0.259	1.057	0.303
0.281	0.623	0.276	1.072	0.278	0.278	0.994	0.259	1.062	0.305
0.283	0.671	0.273	1.016	0.276	0.273	0.916	0.259	1.062	0.305
0.283	0.708	0.273	0.93	0.278	0.273	0.852	0.259	1.069	0.305
0.281	0.718	0.273	0.864	0.283	0.276	0.806	0.259	1.079	0.305
0.281	0.725	0.278	0.857	0.283	0.278	0.632	0.259	1.067	0.305
0.278	0.732	0.276	0.845	0.281	0.278	0.615	0.259	1.045	0.3
0.283	0.72	0.276	0.779	0.276	0.276	0.608	0.259	1.013	0.3
0.283	0.701	0.273	0.737	0.276	0.273	0.444	0.266	0.945	0.305
0.283	0.679	0.273	0.701	0.281	0.271	0.327	0.271	0.898	0.308
0.281	0.657	0.273	0.625	0.283	0.276	0.293	0.281	0.837	0.308
0.278	0.647	0.276	0.569	0.283	0.276	0.286	0.283	0.769	0.305
0.281	0.645	0.276	0.51	0.281	0.278	0.286	0.281	0.754	0.303
0.281	0.64	0.276	0.4	0.276	0.276	0.286	0.278	0.732	0.298
0.283	0.635	0.273	0.334	0.278	0.276	0.283	0.298	0.693	0.3
0.283	0.63	0.273	0.3	0.281	0.276	0.281	0.3	0.681	0.305
0.281	0.632	0.276	0.303	0.281	0.276	0.281	0.3	0.649	0.308
0.278	0.63	0.278	0.303	0.337	0.278	0.281	0.291	0.593	0.308
0.281	0.61	0.276	0.293	0.281	0.278	0.286	0.259	0.503	0.303
0.283	0.525	0.276	0.291	0.278	0.278	0.286	0.247	0.413	0.3
0.286	0.486	0.276	0.286	0.278	0.276	0.283	0.269	0.325	0.305
0.286	0.459	0.273	0.286	0.281	0.276	0.281	0.271	0.288	0.308
0.283	0.491	0.273	0.291	0.283	0.276	0.281	0.273	0.291	0.308
0.281	0.474	0.276	0.293	0.281	0.278	0.283	0.269	0.288	0.298
0.281	0.376	0.276	0.293	0.281	0.278	0.283	0.264	0.286	0.3
0.283	0.31	0.276	0.291	0.278	0.278	0.283	0.261	0.286	0.3
0.286	0.286	0.273	0.288	0.278	0.276	0.283	0.269	0.288	0.305
0.283	0.276	0.273	0.291	0.281	0.276	0.281	0.271	0.286	0.303
0.281	0.273	0.273	0.291	0.281	0.278	0.278	0.273	0.288	0.308
0.281	0.271	0.276	0.293	0.283	0.278	0.281	0.266	0.286	0.305
0.281	0.276	0.276	0.293	0.281	0.281	0.283	0.261	0.288	0.305
0.283	0.276	0.273	0.291	0.278	0.278	0.286	0.259	0.288	0.303
0.286	0.276	0.273	0.291	0.276	0.276	0.283	0.261	0.286	0.305
0.286	0.273	0.273	0.288	0.278	0.273	0.281	0.269	0.286	0.305
0.281	0.271	0.276	0.288	0.283	0.273	0.281	0.271	0.286	0.3
0.278	0.271	0.276	0.291	0.281	0.276	0.283	0.266	0.286	0.3
0.281	0.273	0.273	0.291	0.278	0.278	0.283	0.266	0.288	0.3
0.283	0.276	0.276	0.288	0.278	0.276	0.286	0.269	0.283	0.305
0.286	0.273	0.276	0.286	0.278	0.273	0.283	0.286	0.278	0.305
0.283	0.271	0.273	0.288	0.278	0.273	0.281	0.303	0.278	0.305
0.281	0.271	0.273	0.291	0.283	0.276	0.281	0.308	0.283	0.303
0.278	0.271	0.276	0.291	0.281	0.278	0.283	0.305	0.283	0.298
0.281	0.276	0.276	0.288	0.278	0.281	0.283	0.303	0.283	0.3
0.283	0.278	0.273	0.291	0.278	0.281	0.286	0.3	0.283	0.298
0.286	0.276	0.271	0.288	0.278	0.276	0.283	0.305	0.286	0.298
0.283	0.273	0.271	0.288	0.278	0.278	0.281	0.31	0.283	0.303
0.283	0.273	0.273	0.293	0.281	0.276	0.281	0.305	0.283	0.303
0.281	0.273	0.276	0.293	0.283	0.278	0.283	0.298	0.283	0.303
0.281	0.276	0.273	0.293	0.278	0.281	0.286	0.293	0.286	0.3
0.283	0.278	0.271	0.291	0.278	0.278	0.286	0.295	0.286	0.303
0.286	0.276	0.271	0.291	0.278	0.278	0.283	0.291	0.288	0.303
0.283	0.273	0.271	0.291	0.278	0.276	0.281	0.288	0.288	0.303
0.283	0.273	0.273	0.291	0.303	0.278	0.281	0.295	0.291	0.31
0.278	0.273	0.276	0.295	0.374	0.281	0.283	0.303	0.291	0.305
0.278	0.276	0.278	0.295	0.393	0.281	0.283	0.3	0.295	0.303
0.278	0.278	0.295	0.293	0.352	0.281	0.286	0.295	0.295	0.303
0.283	0.276	0.295	0.291	0.325	0.276	0.281	0.298	0.293	0.303
0.281	0.273	0.295	0.291	0.295	0.276	0.281	0.298	0.291	0.303
0.278	0.271	0.298	0.293	0.291	0.276	0.283	0.3	0.288	0.308
0.278	0.273	0.3	0.295	0.286	0.281	0.281	0.298	0.291	0.305
0.278	0.273	0.303	0.293	0.281	0.281	0.283	0.295	0.293	0.305
0.281	0.273	0.303	0.293	0.278	0.281	0.286	0.295	0.293	0.305
0.281	0.273	0.32	0.291	0.276	0.278	0.283	0.295	0.288	0.305
0.281	0.271	0.337	0.291	0.278	0.278	0.281	0.295	0.288	0.31
0.281	0.271	0.342	0.291	0.281	0.276	0.281	0.3	0.286	0.31
0.276	0.273	0.344	0.293	0.281	0.281	0.283	0.303	0.286	0.305
0.278	0.273	0.339	0.293	0.278	0.283	0.283	0.298	0.288	0.298
0.281	0.276	0.339	0.291	0.278	0.278	0.286	0.293	0.288	0.295
0.283	0.276	0.334	0.291	0.278	0.278	0.283	0.288	0.286	0.3
0.283	0.273	0.33	0.293	0.281	0.276	0.278	0.295	0.283	0.303
0.281	0.271	0.325	0.293	0.281	0.276	0.278	0.31	0.281	0.308
0.278	0.273	0.322	0.295	0.283	0.281	0.281	0.3	0.283	0.308
0.278	0.276	0.325	0.295	0.281	0.281	0.281	0.3	0.286	0.3
0.281	0.276	0.325	0.293	0.278	0.278	0.283	0.33	0.288	0.298
0.283	0.276	0.317	0.291	0.276	0.276	0.281	0.342	0.286	0.3
0.283	0.273	0.317	0.291	0.281	0.276	0.278	0.347	0.281	0.298
0.281	0.269	0.32	0.293	0.281	0.276	0.281	0.347	0.278	0.298
0.278	0.271	0.322	0.295	0.283	0.278	0.281	0.352	0.281	0.298
0.278	0.271	0.322	0.295	0.281	0.281	0.283	0.349	0.283	0.295
0.281	0.276	0.32	0.293	0.278	0.278	0.281	0.349	0.283	0.295
0.286	0.273	0.305	0.291	0.278	0.276	0.286	0.354	0.283	0.295
0.291	0.271	0.298	0.293	0.281	0.293	0.344	0.354	0.286	0.295
0.342	0.269	0.295	0.293	0.281	0.496	0.388	0.354	0.286	0.298
0.647	0.271	0.3	0.295	0.283	1.45	0.408	0.354	0.286	0.293
1.375	0.273	0.3	0.388	0.278	1.768	0.356	0.352	0.288	0.295
1.453	0.273	0.295	0.376	0.278	1.501	0.31	0.349	0.291	0.295
1.45	0.273	0.293	0.608	0.278	1.316	0.288	0.349	0.288	0.298
1.445	0.271	0.295	1.797	0.281	1.301	0.278	0.354	0.286	0.3
1.455	0.273	0.293	2.446	0.281	1.313	0.276	0.356	0.283	0.3
1.499	0.271	0.293	2.505	0.283	1.343	0.278	0.354	0.286	0.303
1.663	0.273	0.3	2.498	0.281	1.377	0.281	0.352	0.286	0.3
1.829	0.286	0.305	2.49	0.278	1.384	0.281	0.352	0.281	0.298
1.973	0.276	0.308	2.476	0.276	1.345	0.281	0.354	0.281	0.298
2.036	0.271	0.308	2.446	0.278	1.238	0.278	0.352	0.283	0.3
2.1	0.271	0.31	2.434	0.281	1.108	0.276	0.359	0.281	0.3
2.07	0.273	0.312	2.314	0.281	1.086	0.278	0.359	0.281	0.298
2.002	0.276	0.315	2.014	0.278	1.089	0.283	0.356	0.286	0.298
1.838	0.276	0.312	1.658	0.278	1.055	0.283	0.361	0.288	0.295
1.687	0.276	0.31	1.377	0.276	1.025	0.283	0.4	0.286	0.298
1.594	0.273	0.31	1.082	0.278	0.94	0.281	0.61	0.283	0.3
1.533	0.269	0.31	0.93	0.283	0.864	0.278	0.867	0.286	0.3
1.443	0.273	0.312	0.725	0.283	0.828	0.281	1.111	0.283	0.298
1.299	0.276	0.312	0.486	0.283	0.82	0.283	1.145	0.281	0.298
1.143	0.276	0.312	0.366	0.278	0.803	0.281	1.16	0.276	0.298
1.082	0.276	0.31	0.332	0.278	0.784	0.281	1.169	0.273	0.298
1.077	0.273	0.308	0.327	0.278	0.759	0.278	1.204	0.254	0.303
1.074	0.273	0.312	0.337	0.281	0.708	0.276	1.206	0.237	0.305
0.972	0.273	0.312	0.327	0.281	0.691	0.278	1.255	0.227	0.305
0.92	0.276	0.312	0.327	0.281	0.559	0.281	1.304	0.232	0.303
0.864	0.276	0.31	0.32	0.278	0.525	0.281	1.34	0.234	0.3
0.774	0.276	0.308	0.312	0.278	0.391	0.278	1.37	0.227	0.303
0.784	0.273	0.31	0.308	0.281	0.317	0.278	1.399	0.225	0.3
0.703	0.273	0.31	0.308	0.281	0.291	0.276	1.426	0.222	0.303
0.637	0.312	0.312	0.31	0.283	0.291	0.278	1.421	0.227	0.303
0.452	0.293	0.312	0.31	0.281	0.286	0.281	1.418	0.312	0.3
0.347	0.281	0.31	0.312	0.278	0.278	0.281	1.426	0.374	0.3
0.308	0.278	0.308	0.308	0.276	0.278	0.278	1.428	1.035	0.303
0.308	0.276	0.308	0.308	0.278	0.276	0.276	1.387	2.385	0.305
0.288	0.273	0.31	0.308	0.281	0.276	0.276	1.311	2.449	0.305
0.281	0.276	0.312	0.308	0.283	0.278	0.278	1.248	2.463	0.308
0.283	0.276	0.312	0.31	0.278	0.278	0.281	1.111	2.781	0.32
0.281	0.278	0.312	0.305	0.278	0.276	0.281	1.016	2.979	0.391
0.283	0.278	0.312	0.305	0.276	0.276	0.281	0.981	3.108	1.14
0.286	0.276	0.349	0.305	0.278	0.276	0.276	0.925	3.308	2.019
0.283	0.273	0.505	0.31	0.281	0.276	0.276	0.857	3.403	2.056
0.281	0.276	0.94	0.312	0.281	0.281	0.278	0.818	3.389	1.831
0.281	0.276	1.172	0.31	0.281	0.281	0.281	0.74	3.237	1.792
0.283	0.278	1.201	0.305	0.278	0.278	0.281	0.647	3.022	1.807
0.283	0.278	1.218	0.308	0.276	0.276	0.278	0.576	2.649	1.821
0.283	0.276	1.233	0.3	0.278	0.276	0.276	0.515	2.432	1.841
0.281	0.271	1.328	0.303	0.283	0.276	0.276	0.413	2.241	1.858
0.281	0.271	1.477	0.305	0.283	0.278	0.278	0.376	2.07	1.836
0.281	0.276	1.538	0.308	0.281	0.278	0.281	0.376	1.851	1.758
0.283	0.276	1.516	0.308	0.276	0.278	0.281	0.364	1.707	1.663
0.286	0.273	1.504	0.308	0.276	0.278	0.278	0.359	1.519	1.577
0.283	0.271	1.506	0.31	0.278	0.276	0.276	0.361	1.362	1.499
0.281	0.269	1.499	0.317	0.278	0.276	0.278	0.361	1.189	1.418
0.278	0.269	1.482	0.369	0.278	0.278	0.278	0.361	0.969	1.335
0.278	0.271	1.431	0.425	0.278	0.281	0.281	0.359	0.742	1.206
0.281	0.273	1.365	1.038	0.276	0.278	0.281	0.356	0.557	1.021
0.283	0.271	1.299	2.434	0.276	0.276	0.278	0.359	0.447	0.911
0.283	0.271	1.279	2.5	0.276	0.276	0.278	0.361	0.43	0.835
0.281	0.269	1.23	2.461	0.281	0.276	0.278	0.361	0.439	0.83
0.278	0.271	1.147	2.468	0.278	0.278	0.278	0.361	0.413	0.791
0.278	0.271	1.096	2.51	0.281	0.281	0.283	0.356	0.342	0.742
0.281	0.271	1.013	2.537	0.278	0.278	0.283	0.359	0.298	0.725
0.283	0.271	0.991	2.542	0.278	0.276	0.281	0.361	0.278	0.75
0.283	0.271	0.959	2.542	0.278	0.273	0.278	0.361	0.273	0.723
0.281	0.461	0.945	2.534	0.278	0.276	0.278	0.361	0.266	0.63
0.281	1.021	0.925	2.512	0.281	0.276	0.276	0.359	0.259	0.471
0.281	1.326	0.852	2.388	0.281	0.278	0.281	0.359	0.259	0.378
0.281	1.387	0.791	2.043	0.278	0.278	0.278	0.359	0.254	0.322
0.283	1.389	0.72	1.638	0.278	0.273	0.281	0.361	0.251	0.312
0.283	1.375	0.735	1.226	0.281	0.276	0.276	0.366	0.251	0.305
0.278	1.394	0.662	0.879	0.283	0.276	0.276	0.364	0.251	0.303
0.278	1.431	0.527	0.649	0.283	0.276	0.278	0.364	0.264	0.303
0.278	1.482	0.42	0.576	0.281	0.278	0.281	0.361	0.269	0.3
0.281	1.494	0.349	0.508	0.281	0.278	0.281	0.361	0.271	0.298
0.283	1.487	0.332	0.476	0.278	0.276	0.278	0.359	0.271	0.3
0.283	1.448	0.327	0.413	0.278	0.273	0.276	0.364	0.269	0.305
0.281	1.372	0.317	0.378	0.281	0.276	0.278	0.364	0.266	0.308
0.278	1.296	0.317	0.347	0.281	0.278	0.278	0.361	0.269	0.305
0.281	1.238	0.315	0.327	0.278	0.278	0.281	0.359	0.271	0.3
0.281	1.138	0.312	0.361	0.276	0.276	0.281	0.356	0.273	0.298
0.283	1.028	0.312	0.393	0.278	0.273	0.278	0.359	0.269	0.3
0.286	1.001	0.312	0.41	0.278	0.273	0.276	0.364	0.269	0.303
0.281	0.959	0.312	0.33	0.281	0.276	0.278	0.364	0.271	0.305
0.278	0.889	0.317	0.303	0.278	0.276	0.276	0.361	0.269	0.303
0.278	0.823	0.317	0.288	0.278	0.278	0.281	0.359	0.271	0.3
0.281	0.779	0.312	0.283	0.276	0.276	0.283	0.359	0.273	0.3
0.281	0.762	0.31	0.278	0.276	0.273	0.281	0.359	0.269	0.3
0.281	0.754	0.31	0.281	0.276	0.273	0.278	0.361	0.266	0.303
0.278	0.679	0.31	0.278	0.278	0.273	0.276	0.361	0.264	0.305
0.278	0.605	0.315	0.281	0.278	0.278	0.278	0.359	0.264	0.303
0.281	0.466	0.317	0.281	0.278	0.281	0.281	0.359	0.269	0.3
0.281	0.347	0.315	0.278	0.276	0.278	0.283	0.356	0.271	0.303
0.283	0.295	0.312	0.276	0.273	0.278	0.278	0.361	0.266	0.303
0.281	0.286	0.31	0.278	0.276	0.276	0.278	0.364	0.269	0.305
0.281	0.276	0.315	0.281	0.281	0.281	0.276	0.364	0.271	0.308
0.278	0.273	0.32	0.283	0.281	0.281	0.278	0.361	0.271	0.305
0.278	0.276	0.32	0.283	0.278	0.281	0.281	0.361	0.271	0.303
0.281	0.276	0.32	0.281	0.276	0.281	0.281	0.361	0.273	0.3
0.283	0.276	0.317	0.278	0.276	0.278	0.278	0.361	0.273	0.303
0.283	0.271	0.315	0.276	0.278	0.276	0.276	0.364	0.251	0.303
0.281	0.273	0.317	0.278	0.278	0.278	0.278	0.366	0.239	0.303
0.281	0.271	0.322	0.281	0.278	0.281	0.278	0.361	0.242	0.3
0.281	0.273	0.322	0.283	0.281	0.281	0.281	0.361	0.242	0.3
0.283	0.273	0.32	0.303	0.276	0.281	0.281	0.361	0.244	0.3
0.283	0.273	0.317	0.408	0.276	0.278	0.298	0.364	0.269	0.305
0.283	0.271	0.317	0.583	0.278	0.276	0.396	0.361	0.286	0.308
0.281	0.271	0.317	0	0.281	0.273	0.933	0.361	0.479	0.31
0.278	0.271	0.322	0	0.278	0.281	1.304	0.364	1.067	0.305
0.278	0.273	0.322	0	0.276	0.469	1.392	0.361	1.702	0.3
0.281	0.273	0.317	0	0.276	0.652	1.423	0.356	1.79	0.3
0.283	0.273	0.315	0	0.278	1.555	1.409	0.359	1.831	0.298
0.283	0.271	0.315	0	0.278	2.734	1.409	0.364	1.885	0.3
0.278	0.271	0.317	0	0.278	2.854	1.414	0.364	1.912	0.3
0.281	0.269	0.32	0	0.281	2.91	1.448	0.364	1.904	0.298
0.281	0.273	0.322	0	0.281	2.969	1.499	0.359	1.885	0.298
0.283	0.273	0.317	0	0.278	3.081	1.589	0.359	1.885	0.298
0.288	0.271	0.315	0	0.278	3.042	1.646	0.361	1.877	0.3
0.286	0.271	0.315	0	0.278	2.925	1.682	0.361	1.758	0.303
0.281	0.269	0.317	0	0.281	2.944	1.626	0.364	1.567	0.3
0.281	0.271	0.317	0	0.283	2.969	1.594	0.361	1.245	0.3
0.281	0.273	0.32	0	0.283	2.817	1.567	0.359	0.933	0.298
0.283	0.273	0.32	0	0.281	2.458	1.519	0.356	0.703	0.295
0.286	0.273	0.317	0	0.278	2.061	1.472	0.359	0.583	0.295
0.283	0.273	0.315	0	0.281	1.67	1.436	0.361	0.544	0.3
0.281	0.273	0.315	0	0.283	1.44	1.396	0.361	0.474	0.3
0.278	0.273	0.32	0	0.283	1.101	1.318	0.361	0.393	0.298
0.281	0.276	0.32	0	0.281	0.823	1.279	0.359	0.366	0.295
0.283	0.276	0.317	0	0.281	0.747	1.15	0.356	0.334	0.295
0.317	0.276	0.315	0	0.278	0.554	1.052	0.361	0.312	0.298
0.344	0.276	0.315	0	0.283	0.41	0.947	0.361	0.3	0.303
0.364	0.273	0.315	0	0.283	0.3	0.811	0.361	0.325	0.305
0.535	0.273	0.32	0	0.283	0.286	0.759	0.359	0.354	0.303
0.657	0.276	0.322	0	0.281	0.283	0.71	0.359	0.347	0.298
1.47	0.278	0.317	0	0.278	0.281	0.728	0.359	0.278	0.298
2.07	0.276	0.315	0	0.276	0.281	0.635	0.356	0.271	0.3
2.068	0.273	0.315	0	0.281	0.286	0.449	0.359	0.247	0.303
2.156	0.273	0.317	0	0.283	0.286	0.361	0.383	0.222	0.305
2.327	0.273	0.396	0	0.283	0.286	0.305	0.642	0.237	0.305
2.368	0.276	0.508	0	0.281	0.283	0.298	0.664	0.247	0.303
2.336	0.273	1.025	0	0.278	0.283	0.288	0.828	0.254	0.303
2.283	0.273	2.361	0	0.278	0.281	0.283	1.675	0.288	0.303
2.271	0.273	2.615	0	0.281	0.278	0.278	2.153	0.295	0.303
2.317	0.271	2.766	0	0.281	0.286	0.278	2.124	0.298	0.308
2.307	0.271	3.149	0	0.283	0.283	0.281	2.114	0.3	0.305
2.28	0.276	3.267	0	0.281	0.288	0.281	2.261	0.303	0.3
2.275	0.276	3.323	0	0.278	0.288	0.283	2.31	0.303	0.3
2.275	0.276	3.374	0	0.276	0.286	0.283	2.312	0.303	0.303
2.258	0.273	3.359	0	0.278	0.281	0.278	2.324	0.3	0.303
2.236	0.271	3.333	0	0.281	0.281	0.278	2.339	0.3	0.305
2.227	0.273	3.22	0	0.281	0.283	0.278	2.229	0.298	0.303
2.217	0.276	3.069	0	0.278	0.286	0.283	1.895	0.3	0.3
2.144	0.276	2.871	0	0.278	0.288	0.281	1.641	0.305	0.298
2.078	0.276	2.688	0	0.276	0.286	0.281	1.292	0.3	0.298
1.97	0.273	2.495	0	0.276	0.281	0.276	0.952	0	0.303
1.855	0.281	2.388	0	0.283	0.286	0.276	0.815	0	0.303
1.724	0.286	2.258	0	0.283	0.283	0.278	0.767	0	0.303
1.594	0.288	1.99	0	0.42	0.286	0.281	0.684	0	0.298
1.399	0.288	1.638	0	1.631	0.283	0.283	0.493	0	0.3
1.223	0.291	1.387	0	2.522	0.281	0.281	0.4	0	0.3
0.986	0.288	1.082	0	2.549	0.283	0.278	0.356	0	0.303
0.876	0.286	0.854	0	2.529	0.283	0.276	0.347	0	0.303
0.757	0.286	0.664	0	2.532	0.286	0.278	0.349	0	0.305
0.588	0.288	0.532	0	2.542	0.283	0.281	0.344	0	0.303
0.439	0.288	0.488	0	2.563	0.286	0.278	0.347	0	0.303
0.371	0.288	0.457	0	2.646	0.283	0.278	0.347	0	0.444
0.337	0.286	0.427	0	2.825	0.281	0.278	0.349	0	0.547
0.32	0.283	0.354	0	2.961	0.278	0.281	0.352	0	1.016
0.303	0.288	0.322	0	2.93	0.283	0.281	0.344	0	2.214
0.293	0.288	0.317	0	2.742	0.283	0.283	0.332	0	2.222
0.283	0.293	0.317	0	2.52	0.283	0.288	0.322	0	2.144
0.283	0.291	0.32	0	2.441	0.281	0.288	0.315	0	2.344
0.281	0.286	0.317	0	2.429	0.281	0.288	0.312	0	2.456
0.278	0.286	0.32	0	2.419	0.281	0.286	0.303	0	2.451
0.278	0.286	0.332	0	2.383	0.286	0.291	0.3	0	2.415
0.278	0.291	0.342	0	2.324	0.278	0.293	0.291	0	2.456
0.281	0.293	0.342	0	2.275	0.308	0.293	0.3	0	2.471
0.283	0.288	0.349	0	2.214	0.486	0.293	0.293	0	2.363
0.281	0.286	0.356	0	2.146	1.868	0.295	0.293	0	2.168
0.281	0.286	0.356	0	2.031	2.058	0.295	0.298	0	1.919
0.278	0.286	0.359	0	1.753	1.736	0.3	0.293	0	1.697
0.281	0.288	0.356	0	1.538	1.819	0.303	0.293	0	1.489
0.281	0.288	0.352	0	1.204	2.007	0.303	0.288	0	1.343
0.283	0.288	0.352	0	0.935	2.053	0.298	0.288	0	1.201
0.283	0.286	0.352	0	0.859	1.968	0.298	0.291	0	0.986
0.281	0.286	0.354	0	0.801	1.753	0.298	0.293	0	0.806
0.278	0.286	0.354	0	0.769	1.558	0.3	0.295	0	0.591
0.278	0.288	0.356	0	0.723	1.201	0.3	0.3	0	0.405
0.281	0.283	0.356	0	0.588	0.862	0.303	0.3	0	0.32
0.283	0.276	0.349	0	0.391	0.671	0.3	0.298	0	0.295
0.283	0.273	0.347	0	0.32	0.593	0.298	0.3	0	0.288
0.278	0.273	0.347	0	0.308	0.513	0.298	0.303	0	0.278
0.276	0.322	0.352	0	0.291	0.479	0.3	0.303	0	0.273
0.276	0.41	0.361	0	0.283	0.442	0.3	0.305	0	0.271
0.281	0.537	0.356	0	0.278	0.415	0.298	0.3	0	0.271
0.278	1.245	0.354	0	0.276	0.374	0.295	0.303	0	0.273
0.283	2.19	0.352	0	0.278	0.356	0.293	0.303	0	0.278
0.281	2.38	0.354	0	0.278	0.342	0.295	0.303	0	0.278
0.281	2.371	0.359	0	0.281	0.317	0.298	0.3	0	0.276
0.281	2.41	0.364	0	0.281	0.327	0.298	0.383	0	0.273
0.278	2.412	0.391	0	0.278	0.354	0.298	0.437	0	0.276
0.281	2.456	0.437	0	0.278	0.31	0.295	0.808	0	0.276
0.281	2.532	0.454	0	0.278	0.281	0.295	1.27	0	0.281
0.278	2.571	0.613	0	0.281	0.273	0.295	1.587	0	0.276
0.278	2.615	1.404	0	0.283	0.273	0.298	1.716	0	0.276
0.281	2.637	1.772	0	0.283	0.276	0.3	1.78	0	0.271
0.281	2.644	1.655	0	0.278	0.276	0.308	2.029	0	0.269
0.286	2.651	1.65	0	0.278	0.273	0.312	2.09	0	0.271
0.383	2.642	1.636	0	0.281	0.276	0.315	2.1	0	0.276
0.476	2.625	1.624	0	0.283	0.273	0.317	2.114	0	0.278
0.718	2.583	1.631	0	0.283	0.276	0.32	2.146	0	0.276
2.08	2.52	1.648	0	0.281	0.276	0.322	2.122	0	0.273
1.926	2.429	1.66	0	0.278	0.276	0.32	2.126	0	0.273
1.628	2.305	1.558	0	0.276	0.271	0.322	2.109	0	0.276
1.777	2.166	1.467	0	0.278	0	0.325	1.929	0	0.278
2.061	1.997	1.277	0	0.281	0	0.325	1.553	0	0.278
2.224	1.897	0.999	0	0.283	0	0.325	1.213	0	0.278
2.346	1.794	0.803	0	0.276	0	0.327	0.845	0	0.276
2.454	1.636	0.623	0	0.278	0	0.325	0.771	0	0.276
2.458	1.414	0.562	0	0.278	0	0.327	0.747	0	0.278
2.39	1.218	0.518	0	0.281	0	0.325	0.693	0	0.281
2.214	1.143	0.486	0	0.283	0	0.461	0.64	0	0.278
1.978	0.979	0.491	0	0.281	0	0.62	0.566	0	0.278
1.738	0.793	0.496	0	0.281	0	0.791	0.476	0	0.273
1.426	0.632	0.469	0	0.278	0	1.367	0.388	0	0.273
1.062	0.515	0.417	0	0.276	0	2.129	0.339	0	0.273
0.84	0.437	0.415	0	0.278	0	2.253	0.339	0	0.283
0.725	0.349	0.439	0	0.281	0	2.407	0.332	0	0.298
0.662	0.317	0.447	0	0.281	0	2.686	0.305	0	0.43
0.576	0.291	0.452	0	0.281	0	2.803	0.286	0	2.29
0.571	0.281	0.427	0	0.278	0	2.883	0.281	0	2.966
0.586	0.273	0.391	0	0.276	0	2.932	0.278	0	3.13
0.559	0.269	0.33	0	0.278	0	2.952	0.281	0	3.257
0.486	0.266	0.312	0	0.281	0	2.927	0.283	0	3.328
0.466	0.266	0.31	0	0.283	0	2.927	0.281	0	3.345
0.457	0.269	0.31	0	0.281	0	2.917	0.278	0	3.379
0.435	0.269	0.308	0	0.278	0	2.854	0.283	0	3.354
0.437	0.266	0.305	0	0.276	0	2.605	0.288	0	3.311
0.366	0.266	0.308	0	0.278	0	2.312	0.295	0	3.252
0.32	0.266	0.31	0	0.281	0	1.938	0.3	0	3.113
0.288	0.266	0.312	0	0.283	0	1.641	0.3	0	2.764
0.273	0.266	0.31	0	0.281	0	1.223	0.295	0	2.395
0.269	0.269	0.31	0	0.278	0	0.896	0.293	0	2.048
0.269	0.266	0.31	0	0.278	0	0.793	0.291	0	1.736
0.269	0.266	0.31	0	0.278	0	0.496	0.288	0	1.338
0.269	0.266	0.312	0	0.281	0	0.354	0.291	0	1.025
0.264	0.264	0.315	0	0.283	0	0.312	0.291	0	0.771
0.266	0.269	0.315	0	0.278	0	0.3	0.293	0	0.64
0.266	0.271	0.312	0	0.278	0	0.295	0.288	0	0.591
0	0.269	0.31	0	0.278	0	0.291	0.276	0	0.537
0	0.266	0.31	0	0.278	0	0.291	0.256	0	0.496
0	0.298	0.312	0	0.281	0	0.288	0.269	0	0.483
0	0.266	0.315	0	0.281	0	0.293	0.264	0	0.452
0	0.269	0.315	0	0.281	0	0.293	0.256	0	0.398
0	0.269	0.312	0	0.278	0	0.295	0.256	0	0.361
0	0.269	0.31	0	0.276	0	0.295	0.259	0	0.352
0	0.266	0.308	0	0.278	0	0.293	0.261	0	0.354
0	0.264	0.312	0	0.281	0	0.295	0.264	0	0.332
0	0.266	0.376	0	0.281	0	0.295	0	0	0.33
0	0.266	0.505	0	0.278	0	0.298	0	0	0.31
0	0.271	0.549	0	0.278	0	0.298	0	0	0.305
0	0.269	0.664	0	0.278	0	0.295	0	0	0.305
0	0.264	0	0	0.278	0	0.293	0	0	0.31
0	0.264	0	0	0.281	0	0.293	0	0	0.31
0	0.269	0	0	0.283	0	0.293	0	0	0.31
0	0.266	0	0	0.281	0	0.298	0	0	0.308
0	0.269	0	0	0.281	0	0.298	0	0	0.305
0	0.269	0	0	0.278	0	0.3	0	0	0.308
0	0.266	0	0	0.278	0	0.295	0	0	0.31
0	0.264	0	0	0.283	0	0.293	0	0	0.31
0	0.266	0	0	0.281	0	0.298	0	0	0.312
0	0.266	0	0	0.281	0	0.3	0	0	0.308
0	0.269	0	0	0.276	0	0.3	0	0	0.305
0	0.269	0	0	0.276	0	0.298	0	0	0.308
0	0.264	0	0	0.278	0	0.312	0	0	0.31
0	0.266	0	0	0.281	0	0.352	0	0	0.31
0	0.264	0	0	0.281	0	0.359	0	0	0.308
0	0.266	0	0	0.281	0	0.518	0	0	0.305
0	0.269	0	0	0.276	0	1.27	0	0	0.305
0	0.266	0	0	0.278	0	1.841	0	0	0.308
0	0.266	0	0	0.278	0	1.992	0	0	0.31
0	0.264	0	0	0.452	0	2.048	0	0	0.308
0	0.266	0	0	0.557	0	2.061	0	0	0
0	0.269	0	0	0.667	0	2.048	0	0	0
0	0.269	0	0	0.813	0	2.07	0	0	0
0	0.269	0	0	1.262	0	2.083	0	0	0
0	0.266	0	0	1.763	0	2.073	0	0	0
0	0.266	0	0	1.802	0	2.065	0	0	0
0	0.266	0	0	1.931	0	2.068	0	0	0
0	0.269	0	0	2.09	0	2.051	0	0	0
0	0.269	0	0	2.156	0	2.021	0	0	0
0	0.269	0	0	2.148	0	1.946	0	0	0
0	0.266	0	0	2.08	0	1.733	0	0	0
0	0.266	0	0	2.061	0	1.448	0	0	0
0	0.269	0	0	2.051	0	1.177	0	0	0
0	0.271	0	0	1.902	0	0.933	0	0	0
0	0.273	0	0	1.68	0	0.708	0	0	0
0	0.269	0	0	1.504	0	0.637	0	0	0
0	0.269	0	0	1.355	0	0.581	0	0	0
0	0.266	0	0	1.05	0	0.527	0	0	0
0	0.269	0	0	0.75	0	0.483	0	0	0
0	0.269	0	0	0.667	0	0.459	0	0	0
0	0.271	0	0	0.505	0	0.43	0	0	0
0	0.271	0	0	0.405	0	0.388	0	0	0
0	0.266	0	0	0.33	0	0.371	0	0	0
0	0.266	0	0	0.31	0	0.366	0	0	0
0	0.269	0	0	0.315	0	0.366	0	0	0
0	0.266	0	0	0.295	0	0.374	0	0	0
0	0.31	0	0	0.283	0	0.334	0	0	0
0	0.378	0	0	0.278	0	0.325	0	0	0
0	0.437	0	0	0.278	0	0.312	0	0	0
0	0.449	0	0	0.281	0	0.312	0	0	0
0	0.427	0	0	0.283	0	0.31	0	0	0
0	0.481	0	0	0.281	0	0.312	0	0	0
0	0.642	0	0	0.281	0	0.315	0	0	0
0	0.952	0	0	0.276	0	0.312	0	0	0
0	1.267	0	0	0.281	0	0.312	0	0	0
0	1.345	0	0	0.281	0	0.312	0	0	0
0	1.389	0	0	0.281	0	0.312	0	0	0
0	1.555	0	0	0.281	0	0.312	0	0	0
0	1.699	0	0	0.278	0	0.312	0	0	0
0	1.819	0	0	0.281	0	0.31	0	0	0
0	1.985	0	0	0.281	0	0.308	0	0	0
0	2.021	0	0	0.281	0	0.308	0	0	0
0	2.051	0	0	0.281	0	0.308	0	0	0
0	2.083	0	0	0.278	0	0.308	0	0	0
0	2.122	0	0	0.278	0	0.31	0	0	0
0	2.114	0	0	0.276	0	0.305	0	0	0
0	2.129	0	0	0.278	0	0.305	0	0	0
0	2.102	0	0	0.278	0	0.308	0	0	0
0	2.039	0	0	0.281	0	0.308	0	0	0
0	1.948	0	0	0.281	0	0.312	0	0	0
0	1.782	0	0	0.276	0	0.312	0	0	0
0	1.592	0	0	0.276	0	0.31	0	0	0
0	1.543	0	0	0.278	0	0.308	0	0	0
0	1.367	0	0	0.278	0	0.308	0	0	0
0	1.05	0	0	0.281	0	0.308	0	0	0
0	0.774	0	0	0.278	0	0.312	0	0	0
0	0.608	0	0	0.276	0	0.312	0	0	0
0	0.542	0	0	0.276	0	0.31	0	0	0
0	0.518	0	0	0.278	0	0	0	0	0
0	0.476	0	0	0.281	0	0	0	0	0
0	0.457	0	0	0.281	0	0	0	0	0
0	0.439	0	0	0.356	0	0	0	0	0
0	0.417	0	0	0.344	0	0	0	0	0
0	0.432	0	0	0.43	0	0	0	0	0
0	0.42	0	0	1.116	0	0	0	0	0
0	0.41	0	0	1.921	0	0	0	0	0
0	0.413	0	0	2.007	0	0	0	0	0
0	0.413	0	0	2.046	0	0	0	0	0
0	0.327	0	0	2.065	0	0	0	0	0
0	0.303	0	0	2.056	0	0	0	0	0
0	0.286	0	0	2.075	0	0	0	0	0
0	0.273	0	0	2.09	0	0	0	0	0
0	0.271	0	0	2.083	0	0	0	0	0
0	0.276	0	0	2.068	0	0	0	0	0
0	0.276	0	0	1.941	0	0	0	0	0
0	0	0	0	1.726	0	0	0	0	0
0	0	0	0	1.541	0	0	0	0	0
0	0	0	0	1.294	0	0	0	0	0
0	0	0	0	1.013	0	0	0	0	0
0	0	0	0	0.796	0	0	0	0	0
0	0	0	0	0.642	0	0	0	0	0
0	0	0	0	0.576	0	0	0	0	0
0	0	0	0	0.522	0	0	0	0	0
0	0	0	0	0.476	0	0	0	0	0
0	0	0	0	0.464	0	0	0	0	0
0	0	0	0	0.371	0	0	0	0	0
0	0	0	0	0.31	0	0	0	0	0
0	0	0	0	0.295	0	0	0	0	0
0	0	0	0	0.303	0	0	0	0	0
0	0	0	0	0.317	0	0	0	0	0
0	0	0	0	0.298	0	0	0	0	0
0	0	0	0	0.291	0	0	0	0	0
0	0	0	0	0.281	0	0	0	0	0
0	0	0	0	0.281	0	0	0	0	0
0	0	0	0	0.281	0	0	0	0	0
0	0	0	0	0.281	0	0	0	0	0
0	0	0	0	0.281	0	0	0	0	0
0	0	0	0	0.278	0	0	0	0	0
0	0	0	0	0.276	0	0	0	0	0
0	0	0	0	0.273	0	0	0	0	0
0	0	0	0	0.276	0	0	0	0	0
0	0	0	0	0.278	0	0	0	0	0
0	0	0	0	0.278	0	0	0	0	0
0	0	0	0	0.271	0	0	0	0	0
0	0	0	0	0.271	0	0	0	0	0
0	0	0	0	0.271	0	0	0	0	0
0	0	0	0	0.271	0	0	0	0	0
0	0	0	0	0.276	0	0	0	0	0
0	0	0	0	0.276	0	0	0	0	0
0	0	0	0	0.278	0	0	0	0	0
0	0	0	0	0.278	0	0	0	0	0
0	0	0	0	0.273	0	0	0	0	0
0	0	0	0	0.276	0	0	0	0	0
0	0	0	0	0.278	0	0	0	0	0
