0.488	0.459	0.447	0.601	0.574	0.479	0.474	0.505	0.471	0.439
0.491	0.461	0.439	0.603	0.576	0.483	0.466	0.5	0.474	0.444
0.5	0.464	0.435	0.603	0.564	0.486	0.459	0.498	0.476	0.449
0.498	0.471	0.425	0.608	0.559	0.486	0.461	0.503	0.471	0.464
0.498	0.469	0.43	0.605	0.562	0.483	0.459	0.513	0.469	0.474
0.5	0.469	0.437	0.601	0.571	0.481	0.461	0.51	0.469	0.483
0.496	0.466	0.432	0.601	0.571	0.483	0.469	0.508	0.469	0.481
0.498	0.464	0.425	0.605	0.574	0.483	0.461	0.505	0.471	0.481
0.508	0.461	0.425	0.605	0.569	0.488	0.459	0.505	0.476	0.488
0.5	0.466	0.43	0.601	0.564	0.486	0.459	0.51	0.469	0.493
0.496	0.469	0.437	0.576	0.564	0.483	0.457	0.51	0.469	0.493
0.488	0.466	0.444	0.571	0.571	0.481	0.459	0.508	0.466	0.496
0.481	0.466	0.442	0.576	0.569	0.483	0.466	0.505	0.469	0.491
0.483	0.461	0.435	0.579	0.564	0.486	0.461	0.505	0.466	0.493
0.491	0.466	0.427	0.586	0.564	0.488	0.459	0.508	0.476	0.491
0.488	0.466	0.427	0.593	0.559	0.488	0.459	0.518	0.469	0.493
0.491	0.464	0.435	0.586	0.557	0.486	0.459	0.52	0.471	0.496
0.486	0.469	0.427	0.586	0.569	0.483	0.466	0.52	0.469	0.498
0.486	0.464	0.432	0.588	0.566	0.483	0.469	0.515	0.469	0.483
0.486	0.454	0.454	0.591	0.569	0.479	0.464	0.515	0.476	0.474
0.488	0.457	0.452	0.598	0.566	0.483	0.464	0.518	0.479	0.466
0.488	0.461	0.439	0.598	0.566	0.481	0.464	0.527	0.474	0.461
0.488	0.466	0.435	0.591	0.564	0.486	0.464	0.522	0.469	0.461
0.486	0.466	0.432	0.583	0.569	0.488	0.471	0.52	0.469	0.461
0.488	0.471	0.439	0.586	0.569	0.491	0.476	0.52	0.469	0.461
0.491	0.471	0.432	0.583	0.571	0.498	0.474	0.518	0.471	0.464
0.496	0.469	0.422	0.586	0.571	0.5	0.471	0.52	0.471	0.466
0.496	0.474	0.42	0.591	0.581	0.498	0.469	0.527	0.466	0.476
0.493	0.476	0.437	0.593	0.586	0.496	0.471	0.52	0.459	0.481
0.491	0.483	0.442	1.108	0.605	0.496	0.479	0.515	0.461	0.483
0.491	0.52	0.449	1.37	0.601	0.491	0.486	0.508	0.466	0.479
0.503	0.542	0.452	1.079	0.596	0.52	0.654	0.508	0.469	0.469
0.542	0.544	0.452	0.894	0.601	0.613	0.72	0.537	0.471	0.471
0.632	0.547	0.452	0.786	0.662	0.752	0.637	0.547	0.469	0.479
0.593	0.549	0.461	0.747	0.759	0.798	0.576	0.549	0.476	0.52
0.549	0.552	0.464	0.72	0.847	0.815	0.552	0.566	0.491	0.544
0.522	0.542	0.464	0.684	0.879	0.774	0.693	0.569	0.513	0.566
0.503	0.559	0.461	0.669	0.876	0.747	0.859	0.564	0.515	0.593
0.537	0.591	0.459	0.696	0.864	0.769	0.913	0.547	0.503	0.62
0.625	0.586	0.457	0.713	0.852	0.771	0.916	0.54	0.493	0.669
0.706	0.591	0.452	0.725	0.857	0.811	0.964	0.53	0.483	0.703
0.757	0.608	0.449	0.742	0.847	0.862	0.999	0.52	0.481	0.71
0.801	0.62	0.452	0.759	0.847	0.884	1.042	0.513	0.5	0.71
0.874	0.627	0.452	0.774	0.837	0.908	1.064	0.508	0.522	0.715
0.913	0.635	0.486	0.781	0.857	0.925	1.079	0.505	0.532	0.723
0.959	0.635	0.471	0.774	0.908	0.947	1.062	0.51	0.544	0.728
0.957	0.61	0.464	0.764	0.947	0.972	1.018	0.505	0.544	0.732
0.967	0.588	0.461	0.762	0.977	0.996	0.994	0.505	0.547	0.728
0.979	0.562	0.459	0.757	0.999	0.999	0.964	0.505	0.547	0.723
0.986	0.537	0.452	0.713	1.003	0.989	0.94	0.5	0.549	0.723
0.935	0.54	0.449	0.688	1.006	0.964	0.901	0.508	0.535	0.737
0.852	0.525	0.454	0.662	1.006	0.898	0.833	0.508	0.508	0.754
0.759	0.513	0.459	0.657	0.979	0.796	0.735	0.51	0.496	0.686
0.642	0.51	0.461	0.671	0.908	0.679	0.657	0.51	0.488	0.598
0.566	0.496	0.461	0.723	0.852	0.605	0.601	0.505	0.488	0.552
0.527	0.488	0.457	0.723	0.759	0.576	0.562	0.5	0.498	0.537
0.5	0.491	0.452	0.693	0.688	0.571	0.537	0.51	0.515	0.508
0.481	0.493	0.459	0.679	0.652	0.544	0.532	0.513	0.537	0.493
0.464	0.493	0.457	0.645	0.627	0.52	0.525	0.518	0.54	0.481
0.457	0.496	0.452	0.623	0.601	0.503	0.522	0.518	0.53	0.476
0.452	0.488	0.454	0.613	0.566	0.496	0.513	0.518	0.557	0.474
0.449	0.488	0.452	0.61	0.53	0.498	0.505	0.53	0.532	0.471
0.447	0.491	0.452	0.61	0.505	0.498	0.508	0.562	0.498	0.469
0.442	0.493	0.454	0.603	0.486	0.491	0.503	0.544	0.491	0.476
0.437	0.496	0.457	0.596	0.522	0.493	0.505	0.547	0.486	0.476
0.432	0.498	0.459	0.596	0.5	0.483	0.51	0.544	0.486	0.469
0.432	0.498	0.464	0.596	0.508	0.479	0.503	0.527	0.488	0.464
0.435	0.5	0.464	0.598	0.515	0.479	0.498	0.513	0.486	0.464
0.442	0.5	0.466	0.598	0.518	0.479	0.498	0.52	0.483	0.466
0.442	0.503	0.469	0.598	0.53	0.471	0.498	0.508	0.481	0.471
0.447	0.505	0.464	0.598	0.525	0.474	0.503	0.505	0.479	0.471
0.447	0.5	0.464	0.593	0.527	0.466	0.503	0.503	0.481	0.471
0.452	0.491	0.464	0.593	0.535	0.474	0.503	0.498	0.486	0.471
0.447	0.488	0.459	0.598	0.527	0.479	0.503	0.498	0.481	0.471
0.449	0.483	0.454	0.593	0.52	0.481	0.498	0.505	0.476	0.474
0.454	0.483	0.466	0.593	0.518	0.483	0.5	0.505	0.474	0.481
0.452	0.481	0.471	0.586	0.51	0.488	0.505	0.505	0.471	0.479
0.452	0.476	0.476	0.581	0.51	0.483	0.5	0.505	0.476	0.479
0.457	0.476	0.469	0.581	0.51	0.479	0.5	0.505	0.483	0.479
0.452	0.481	0.461	0.588	0.508	0.486	0.503	0.508	0.481	0.479
0.452	0.483	0.454	0.586	0.508	0.488	0.5	0.51	0.476	0.483
0.464	0.486	0.449	0.608	0.51	0.491	0.5	0.508	0.474	0.486
0.459	0.496	0.449	0.635	0.5	0.493	0.505	0.505	0.471	0.481
0.461	0.486	0.447	0.654	0.503	0.486	0.505	0.503	0.474	0.481
0.466	0.491	0.447	0.654	0.503	0.486	0.51	0.503	0.476	0.476
0.488	0.496	0.442	0.645	0.493	0.483	0.508	0.508	0.466	0.479
0.508	0.513	0.444	0.637	0.474	0.5	0.503	0.508	0.466	0.486
0.513	0.527	0.437	0.63	0.469	0.508	0.5	0.51	0.454	0.491
0.52	0.537	0.447	0.618	0.479	0.505	0.505	0.513	0.449	0.486
0.547	0.525	0.452	0.623	0.515	0.496	0.505	0.51	0.457	0.488
0.535	0.522	0.454	0.637	0.52	0.491	0.508	0.505	0.469	0.486
0.513	0.522	0.454	0.662	0.513	0.491	0.503	0.5	0.476	0.491
0.51	0.535	0.461	0.681	0.508	0.493	0.498	0.491	0.476	0.51
0.515	0.549	0.464	0.701	0.503	0.493	0.5	0.491	0.474	0.527
0.522	0.564	0.471	0.703	0.5	0.491	0.503	0.491	0.469	0.535
0.535	0.569	0.471	0.703	0.5	0.486	0.505	0.491	0.471	0.537
0.544	0.576	0.469	0.725	0.5	0.491	0.505	0.491	0.481	0.535
0.552	0.583	0.469	0.75	0.5	0.493	0.505	0.491	0.481	0.542
0.562	0.586	0.474	0.757	0.488	0.496	0.503	0.486	0.471	0.557
0.566	0.593	0.464	0.74	0.471	0.498	0.503	0.488	0.466	0.554
0.569	0.596	0.464	0.728	0.461	0.491	0.503	0.493	0.466	0.552
0.564	0.591	0.464	0.71	0.464	0.486	0.508	0.493	0.474	0.557
0.557	0.591	0.452	0.691	0.479	0.488	0.515	0.488	0.481	0.554
0.552	0.581	0.449	0.686	0.488	0.488	0.505	0.493	0.486	0.559
0.542	0.564	0.444	0.671	0.498	0.488	0.498	0.493	0.481	0.571
0.52	0.554	0.437	0.654	0.488	0.488	0.5	0.508	0.474	0.569
0.498	0.544	0.437	0.657	0.491	0.476	0.496	0.513	0.469	0.569
0.488	0.537	0.442	0.662	0.493	0.474	0.498	0.503	0.476	0.566
0.483	0.525	0.444	0.679	0.5	0.474	0.496	0.496	0.483	0.559
0.535	0.513	0.447	0.664	0.503	0.479	0.493	0.503	0.488	0.535
0.562	0.508	0.449	0.635	0.508	0.486	0.491	0.537	0.493	0.513
0.527	0.503	0.452	0.627	0.505	0.488	0.498	0.562	0.493	0.5
0.508	0.515	0.457	0.696	0.508	0.481	0.496	0.574	0.493	0.488
0.498	0.522	0.459	0.691	0.515	0.479	0.498	0.574	0.493	0.496
0.486	0.508	0.461	0.657	0.513	0.471	0.503	0.569	0.488	0.51
0.481	0.491	0.469	0.623	0.513	0.474	0.5	0.562	0.486	0.493
0.476	0.488	0.464	0.605	0.51	0.476	0.498	0.549	0.479	0.483
0.474	0.493	0.461	0.588	0.503	0.481	0.496	0.547	0.476	0.474
0.466	0.481	0.466	0.576	0.5	0.471	0.483	0.547	0.479	0.469
0.466	0.479	0.466	0.569	0.5	0.466	0.483	0.547	0.486	0.461
0.459	0.471	0.469	0.571	0.5	0.461	0.483	0.542	0.486	0.461
0.464	0.469	0.471	0.571	0.5	0.464	0.479	0.532	0.483	0.461
0.466	0.469	0.461	0.571	0.503	0.469	0.476	0.535	0.483	0.466
0.466	0.479	0.461	0.566	0.5	0.466	0.481	0.522	0.483	0.466
0.466	0.474	0.459	0.562	0.505	0.461	0.476	0.51	0.488	0.461
0.464	0.471	0.461	0.547	0.505	0.459	0.479	0.505	0.496	0.459
0.459	0.471	0.461	0.549	0.51	0.457	0.481	0.503	0.496	0.459
0.466	0.474	0.461	0.549	0.513	0.464	0.476	0.496	0.498	0.464
0.464	0.479	0.452	0.557	0.513	0.466	0.474	0.493	0.491	0.464
0.466	0.488	0.449	0.557	0.508	0.461	0.476	0.493	0.483	0.464
0.469	0.486	0.452	0.557	0.508	0.459	0.481	0.493	0.479	0.464
0.466	0.486	0.457	0.562	0.505	0.457	0.486	0.498	0.479	0.454
0.466	0.479	0.801	0.562	0.508	0.454	0.486	0.508	0.488	0.452
0.471	0.479	0.911	0.554	0.513	0.459	0.486	0.508	0.493	0.457
0.474	0.483	0.732	0.552	0.503	0.464	0.483	0.515	0.491	0.447
0.476	0.486	0.62	0.547	0.5	0.461	0.481	0.515	0.491	0.471
0.476	0.488	0.559	0.542	0.496	0.459	0.479	0.518	0.496	0.483
0.469	0.488	0.593	0.547	0.498	0.459	0.479	0.518	0.493	0.576
0.466	0.488	0.637	0.547	0.505	0.459	0.476	0.52	0.493	0.586
0.466	0.491	0.671	0.552	0.508	0.457	0.469	0.513	0.498	0.593
0.498	0.488	0.701	0.557	0.498	0.461	0.469	0.508	0.498	0.601
1.404	0.488	0.723	0.557	0.5	0.459	0.466	0.513	0.493	0.635
1.487	0.483	0.737	0.566	0.5	0.459	0.471	0.515	0.493	0.696
1.128	0.479	0.745	0.61	0.5	0.457	0.476	0.52	0.488	0.74
0.884	0.474	0.757	0.645	0.503	0.457	0.479	0.518	0.503	0.774
0.762	0.474	0.776	0.657	0.498	0.459	0.474	0.513	0.52	0.786
0.696	0.481	0.784	0.676	0.479	0.466	0.476	0.513	0.515	0.786
0.664	0.486	0.769	0.693	0.483	0.461	0.471	0.52	0.503	0.779
0.674	0.488	0.73	0.708	0.491	0.461	0.471	0.527	0.505	0.754
0.659	0.486	0.664	0.684	0.496	0.461	0.474	0.537	0.491	0.74
0.679	0.483	0.623	0.74	0.5	0.464	0.471	0.525	0.483	0.732
0.686	0.483	0.562	0.779	0.508	0.466	0.469	0.52	0.476	0.728
0.696	0.488	0.53	0.801	0.5	0.476	0.469	0.52	0.479	0.718
0.693	0.488	0.525	0.798	0.498	0.476	0.459	0.527	0.476	0.708
0.662	0.491	0.569	0.808	0.508	0.481	0.459	0.574	0.479	0.669
0.615	0.498	0.601	0.859	0.51	0.5	0.464	0.569	0.479	0.598
0.586	0.991	0.601	0.923	0.53	0.518	0.461	0.544	0.479	0.542
0.569	1.152	0.564	0.972	0.562	0.535	0.464	0.559	0.479	0.513
0.547	0.955	0.52	0.991	0.571	0.544	0.461	0.598	0.476	0.513
0.518	0.825	0.496	1.003	0.562	0.549	0.461	0.652	0.476	0.525
0.488	0.767	0.481	1.003	0.547	0.552	0.466	0.669	0.474	0.525
0.469	0.747	0.476	0.94	0.527	0.557	0.469	0.664	0.466	0.513
0.457	0.725	0.474	0.872	0.525	0.559	0.471	0.657	0.469	0.522
0.452	0.723	0.466	0.801	0.515	0.562	0.466	0.657	0.466	0.525
0.452	0.742	0.464	0.74	0.515	0.566	0.461	0.654	0.464	0.522
0.457	0.771	0.464	0.681	0.554	0.571	0.479	0.657	0.461	0.522
0.454	0.803	0.469	0.645	0.586	0.566	0.508	0.652	0.466	0.488
0.452	0.823	0.474	0.593	0.605	0.564	0.527	0.649	0.476	0.474
0.454	0.833	0.479	0.554	0.62	0.559	0.542	0.642	0.496	0.469
0.452	0.84	0.476	0.54	0.62	0.557	0.566	0.637	0.522	0.454
0.454	0.847	0.471	0.525	0.618	0.552	0.586	0.625	0.537	0.454
0.464	0.859	0.469	0.513	0.618	0.549	0.608	0.62	0.552	0.457
0.459	0.818	0.469	0.53	0.615	0.547	0.598	0.603	0.537	0.454
0.459	0.769	0.471	0.54	0.618	0.544	0.593	0.571	0.51	0.452
0.457	0.72	0.476	0.54	0.627	0.547	0.588	0.547	0.496	0.454
0.461	0.686	0.474	0.547	0.625	0.54	0.593	0.527	0.483	0.449
0.464	0.61	0.471	0.544	0.635	0.542	0.583	0.518	0.479	0.454
0.471	0.566	0.469	0.53	0.608	0.53	0.576	0.515	0.479	0.454
0.464	0.537	0.466	0.522	0.583	0.5	0.586	0.51	0.471	0.452
0.461	0.51	0.471	0.513	0.591	0.481	0.598	0.503	0.471	0.449
0.461	0.498	0.469	0.513	0.576	0.471	0.605	0.498	0.479	0.447
0.461	0.496	0.466	0.518	0.562	0.474	0.608	0.496	0.483	0.442
0.459	0.486	0.464	0.515	0.549	0.466	0.593	0.493	0.483	0.442
0.461	0.479	0.461	0.51	0.53	0.461	0.586	0.5	0.486	0.437
0.454	0.466	0.464	0.508	0.522	0.454	0.583	0.503	0.481	0.437
0.452	0.459	0.471	0.5	0.522	0.452	0.581	0.5	0.479	0.435
0.447	0.452	0.469	0.503	0.527	0.452	0.581	0.496	0.483	0.435
0.447	0.449	0.471	0.5	0.527	0.461	0.591	0.491	0.483	0.432
0.452	0.447	0.469	0.515	0.525	0.469	0.583	0.493	0.483	0.435
0.452	0.452	0.469	0.525	0.522	0.469	0.591	0.5	0.486	0.432
0.447	0.452	0.474	0.527	0.518	0.471	0.588	0.503	0.481	0.435
0.444	0.449	0.479	0.53	0.522	0.471	0.579	0.496	0.486	0.432
0.439	0.452	0.474	0.54	0.522	0.471	0.552	0.493	0.488	0.427
0.447	0.449	0.476	0.547	0.518	0.471	0.544	0.491	0.491	0.427
0.457	0.452	0.476	0.554	0.508	0.466	0.547	0.491	0.488	0.427
0.461	0.454	0.474	0.557	0.503	0.466	0.518	0.491	0.483	0.43
0.461	0.459	0.476	0.557	0.5	0.464	0.498	0.493	0.479	0.43
0.459	0.461	0.483	0.554	0.51	0.464	0.488	0.486	0.481	0.432
0.457	0.464	0.479	0.559	0.515	0.469	0.481	0.483	0.483	0.43
0.459	0.466	0.476	0.559	0.515	0.466	0.474	0.476	0.491	0.43
0.469	0.471	0.469	0.562	0.513	0.469	0.466	0.479	0.493	0.432
0.459	0.474	0.466	0.559	0.515	0.474	0.464	0.483	0.491	0.437
0.457	0.474	0.464	0.544	0.515	0.474	0.464	0.493	0.491	0.432
0.447	0.474	0.471	0.54	0.525	0.474	0.466	0.488	0.493	0.437
0.442	0.474	0.471	0.54	0.522	0.474	0.476	0.486	0.493	0.43
0.444	0.469	0.469	0.537	0.522	0.469	0.469	0.481	0.493	0.432
0.452	0.474	0.461	0.54	0.518	0.469	0.466	0.479	0.498	0.435
0.449	0.479	0.454	0.54	0.513	0.464	0.464	0.483	0.496	0.439
0.449	0.479	0.461	0.527	0.518	0.464	0.464	0.488	0.493	0.444
0.447	0.481	0.466	0.53	0.527	0.459	0.464	0.483	0.498	0.449
0.442	0.479	0.469	0.525	0.527	0.466	0.469	0.483	0.5	0.442
0.447	0.474	0.471	0.522	0.535	0.464	0.461	0.481	0.505	0.447
0.457	0.471	0.474	0.522	0.532	0.469	0.457	0.483	0.508	0.449
0.454	0.466	0.474	0.527	0.53	0.474	0.452	0.483	0.498	0.449
0.452	0.466	0.476	0.515	0.535	0.471	0.452	0.479	0.493	0.447
0.449	0.464	0.476	0.52	0.542	0.469	0.457	0.479	0.493	0.449
0.447	0.461	0.476	0.518	0.542	0.474	0.464	0.479	0.491	0.442
0.461	0.447	0.474	0.515	0.542	0.469	0.457	0.471	0.488	0.449
0.474	0.439	0.471	0.51	0.54	0.474	0.454	0.466	0.491	0.449
0.474	0.447	0.469	0.518	0.537	0.474	0.447	0.466	0.483	0.457
0.474	0.457	0.471	0.515	0.537	0.476	0.452	0.466	0.479	0.454
0.459	0.461	0.474	0.52	0.542	0.474	0.457	0.469	0.479	0.452
0.452	0.466	0.471	0.518	0.537	0.479	0.461	0.466	0.486	0.452
0.449	0.464	0.471	0.522	0.532	0.479	0.459	0.466	0.491	0.449
0.444	0.466	0.466	0.527	0.53	0.479	0.454	0.464	0.496	0.449
0.442	0.469	0.461	0.525	0.525	0.476	0.457	0.469	0.491	0.454
0.437	0.471	0.469	0.522	0.532	0.476	0.459	0.469	0.488	0.457
0.43	0.474	0.466	0.522	0.54	0.479	0.464	0.476	0.488	0.452
0.425	0.474	0.466	0.525	0.542	0.476	0.466	0.469	0.491	0.449
0.432	0.464	0.461	0.527	0.537	0.481	0.464	0.464	0.496	0.447
0.437	0.461	0.457	0.527	0.53	0.488	0.461	0.461	0.498	0.447
0.442	0.471	0.459	0.525	0.527	0.486	0.457	0.466	0.496	0.449
0.444	0.479	0.459	0.532	0.535	0.486	0.461	0.464	0.491	0.449
0.442	0.481	0.483	0.537	0.535	0.483	0.466	0.459	0.491	0.442
0.442	0.479	0.461	0.542	0.54	0.476	0.461	0.457	0.496	0.442
0.447	0.476	0.459	0.544	0.54	0.474	0.459	0.452	0.496	0.439
0.447	0.476	0.454	0.547	0.532	0.474	0.457	0.457	0.493	0.437
0.452	0.481	0.454	0.544	0.535	0.471	0.457	0.464	0.493	0.437
0.452	0.488	0.459	0.544	0.537	0.474	0.452	0.464	0.488	0.437
0.452	0.498	0.457	0.544	0.542	0.476	0.461	0.464	0.488	0.432
0.457	0.493	0.459	0.542	0.547	0.474	0.457	0.464	0.493	0.43
0.459	0.491	0.457	0.532	0.549	0.479	0.457	0.461	0.496	0.432
0.454	0.491	0.454	0.54	0.547	0.486	0.454	0.466	0.488	0.435
0.449	0.496	0.454	0.532	0.544	0.488	0.449	0.474	0.486	0.435
0.437	0.496	0.457	0.535	0.549	0.488	0.452	0.469	0.486	0.437
0.432	0.496	0.461	0.547	0.542	0.488	0.459	0.469	0.483	0.43
0.432	0.488	0.461	0.559	0.542	0.483	0.457	0.461	0.488	0.425
0.439	0.488	0.457	0.569	0.532	0.483	0.457	0.457	0.498	0.425
0.439	0.491	0.454	0.576	0.525	0.486	0.454	0.461	0.496	0.427
0.435	0.493	0.461	0.569	0.52	0.486	0.452	0.466	0.491	0.432
0.427	0.498	0.459	0.564	0.522	0.483	0.457	0.471	0.486	0.437
0.42	0.503	0.464	0.566	0.525	0.488	0.461	0.474	0.486	0.43
0.417	0.496	0.466	0.569	0.525	0.483	0.459	0.474	0.488	0.437
0.425	0.496	0.459	0.569	0.522	0.486	0.457	0.498	0.493	0.439
0.422	0.498	0.449	0.581	0.525	0.486	0.454	0.566	0.488	0.447
0.425	0.5	0.469	0.579	0.525	0.493	0.454	0.637	0.486	0.457
0.43	0.498	0.481	0.576	0.525	0.496	0.457	0.691	0.481	0.459
0.432	0.5	0.681	0.579	0.53	0.498	0.461	0.725	0.481	0.449
0.437	0.488	1.001	0.583	0.53	0.498	0.461	0.73	0.481	0.449
0.439	0.488	0.972	0.588	0.532	0.5	0.459	0.713	0.486	0.444
0.442	0.486	0.94	0.593	0.532	0.496	0.452	0.701	0.479	0.439
0.442	0.488	0.942	0.598	0.532	0.493	0.447	0.674	0.479	0.442
0.439	0.486	1.089	0.598	0.532	0.496	0.449	0.654	0.476	0.444
0.437	0.476	1.189	0.593	0.537	0.491	0.452	0.642	0.479	0.444
0.435	0.469	1.221	0.596	0.54	0.488	0.454	0.632	0.483	0.447
0.432	0.461	1.245	0.603	0.537	0.486	0.454	0.63	0.481	0.442
0.43	0.464	1.255	0.601	0.532	0.483	0.449	0.632	0.474	0.442
0.435	0.464	1.274	0.598	0.535	0.488	0.452	0.627	0.474	0.449
0.435	0.464	1.282	0.591	0.53	0.486	0.459	0.627	0.466	0.449
0.427	0.466	1.272	0.586	0.527	0.476	0.459	0.623	0.464	0.449
0.427	0.464	1.252	0.586	0.527	0.474	0.461	0.615	0.471	0.444
0.427	0.466	1.226	0.588	0.525	0.479	0.461	0.608	0.461	0.444
0.437	0.471	1.191	0.588	0.525	0.479	0.459	0.608	0.469	0.447
0.442	0.476	1.14	0.588	0.527	0.476	0.459	0.598	0.466	0.452
0.442	0.483	1.094	0.591	0.525	0.471	0.464	0.598	0.469	0.442
0.442	0.481	1.038	0.591	0.525	0.466	0.469	0.588	0.469	0.444
0.449	0.481	0.984	0.591	0.53	0.466	0.471	0.613	0.476	0.444
0.449	0.481	0.955	0.598	0.53	0.471	0.469	0.669	0.479	0.447
0.457	0.479	0.911	0.596	0.53	0.471	0.466	0.64	0.483	0.452
0.457	0.481	0.854	0.593	0.535	0.476	0.464	0.593	0.486	0.457
0.454	0.491	0.864	0.591	0.53	0.481	0.469	0.544	0.532	0.452
0.459	0.483	0.84	0.583	0.535	0.476	0.466	0.535	0.813	0.452
0.461	0.483	0.789	0.583	0.537	0.476	0.471	0.51	1.077	0.444
0.464	0.479	0.75	0.588	0.54	0.481	0.471	0.493	1.223	0.444
0.466	0.479	0.642	0.586	0.54	0.483	0.471	0.481	1.321	0.444
0.464	0.483	0.569	0.583	0.537	0.488	0.476	0.474	1.416	0.461
0.466	0.491	0.527	0.579	0.535	0.488	0.476	0.466	1.504	0.984
0.466	0.479	0.5	0.576	0.537	0.483	0.479	0.461	1.58	2.109
0.469	0.479	0.481	0.581	0.54	0.483	0.476	0.457	1.653	1.709
0.476	0.483	0.466	0.588	0.54	0.483	0.474	0.461	1.724	1.431
0.479	0.483	0.459	0.593	0.537	0.488	0.471	0.454	1.792	1.379
0.549	0.488	0.449	0.593	0.535	0.488	0.471	0.457	1.868	1.479
0.703	0.493	0.449	0.593	0.535	0.488	0.471	0.461	1.96	1.643
0.793	0.476	0.452	0.593	0.532	0.481	0.476	0.461	2.053	1.79
0.85	0.466	0.452	0.598	0.53	0.474	0.479	0.461	2.153	1.97
0.903	0.457	0.449	0.603	0.525	0.474	0.476	0.469	2.212	2.185
0.989	0.459	0.449	0.608	0.527	0.471	0.471	0.471	2.263	2.449
1.038	0.471	0.442	0.608	0.525	0.466	0.471	0.479	2.295	2.603
1.121	0.479	0.444	0.601	0.525	0.461	0.469	0.479	2.297	2.671
1.235	0.483	0.444	0.596	0.527	0.461	0.469	0.479	2.214	2.727
1.333	0.481	0.439	0.601	0.527	0.464	0.469	0.476	2.061	2.754
1.45	0.479	0.437	0.608	0.525	0.466	0.461	0.481	1.824	2.786
1.536	0.481	0.435	0.613	0.527	0.471	0.457	0.476	1.475	2.822
1.611	0.488	0.43	0.613	0.522	0.479	0.459	0.476	1.216	2.732
1.672	0.488	0.432	0.605	0.525	0.476	0.457	0.474	1.052	2.466
1.653	0.488	0.437	0.598	0.532	0.474	0.459	0.471	0.916	2.073
1.506	0.483	0.437	0.601	0.527	0.474	0.461	0.474	0.84	1.68
1.37	0.474	0.435	0.598	0.53	0.476	0.457	0.479	0.706	1.372
1.13	0.474	0.432	0.601	0.535	0.481	0.457	0.479	0.613	1.152
0.957	0.483	0.432	0.603	0.532	0.486	0.457	0.481	0.544	0.981
0.916	3.362	0.435	0.591	0.535	0.483	0.457	0.479	0.505	0.913
0.842	4.949	0.439	0.581	0.537	0.476	0.459	0.479	0.479	0.898
0.906	3.513	0.437	0.601	0.54	0.476	0.461	0.479	0.464	0.791
0.771	2.659	0.442	0.603	0.544	0.479	0.461	0.476	0.459	0.664
0.649	2.549	0.439	0.593	0.547	0.483	0.461	0.479	0.449	0.591
0.562	2.686	0.437	0.586	0.54	0.496	0.464	0.481	0.449	0.54
0.508	2.883	0.437	0.588	0.542	0.564	0.461	0.483	0.442	0.503
0.483	3.076	0.439	0.598	0.54	0.63	0.466	0.481	0.444	0.476
0.461	3.223	0.447	0.605	0.544	0.752	0.466	0.481	0.444	0.457
0.479	3.301	0.454	0.61	0.552	0.837	0.466	0.479	0.447	0.444
0.476	3.352	0.447	0.61	0.552	0.881	0.461	0.479	0.447	0.435
0.474	3.398	0.442	0.608	0.547	0.916	0.466	0.483	0.449	0.461
0.464	3.315	0.442	0.603	0.549	0.928	0.464	0.486	0.452	0.515
0.454	3.069	0.442	0.608	0.549	0.92	0.466	0.486	0.457	0.547
0.452	2.632	0.444	0.615	0.552	0.903	0.466	0.488	0.459	0.554
0.459	2.09	0.444	0.625	0.554	0.891	0.466	0.486	0.457	0.779
0.461	1.648	0.435	0.664	0.552	0.886	0.466	0.486	0.447	1.025
0.469	1.392	0.437	0.728	0.547	0.874	0.471	0.486	0.439	1.318
0.466	1.223	0.435	0.784	0.547	0.903	0.471	0.491	0.43	1.458
0.459	1.143	0.439	0.845	0.549	0.923	0.476	0.493	0.43	1.516
0.452	1.16	0.444	0.891	0.549	0.95	0.481	0.493	0.425	1.538
0.461	0.991	0.442	0.923	0.554	0.974	0.479	0.488	0.425	1.489
0.522	0.811	0.437	0.977	0.542	1.006	0.476	0.488	0.427	1.602
0.835	0.688	0.435	1.008	0.544	1.006	0.471	0.491	0.432	1.736
1.467	0.61	0.437	1.016	0.544	0.964	0.469	0.488	0.439	1.814
1.851	0.559	0.437	1.023	0.547	0.93	0.471	0.488	0.442	1.919
2.163	0.527	0.439	1.04	0.549	0.891	0.471	0.486	0.442	2.031
2.415	0.61	0.437	1.067	0.557	0.857	0.469	0.483	0.444	2.158
2.791	0.808	0.432	1.069	0.549	0.781	0.469	0.483	0.444	2.261
3.352	1.045	0.439	1.055	0.549	0.779	0.464	0.481	0.439	2.327
3.743	1.304	0.54	1.038	0.552	0.706	0.459	0.479	0.444	2.356
4.092	1.467	0.762	1.033	0.554	0.632	0.466	0.483	0.444	2.39
4.351	1.57	0.911	1.035	0.557	0.574	0.518	0.483	0.449	2.329
4.553	1.626	1.057	1.038	0.598	0.535	0.581	0.479	0.449	2.261
4.709	1.653	1.216	1.042	0.64	0.518	0.676	0.488	0.452	2.234
4.824	1.619	1.423	1.045	0.706	0.498	0.73	0.505	0.449	2.209
4.912	1.611	1.792	1.04	0.781	0.481	0.754	0.513	0.452	2.109
4.929	1.594	2.268	1.045	0.864	0.469	0.771	0.52	0.444	1.948
4.814	1.584	2.583	1.038	0.935	0.464	0.774	0.518	0.447	1.636
4.612	1.577	2.729	1.038	0.955	0.464	0.813	0.525	0.447	1.428
4.492	1.587	2.861	1.042	0.955	0.466	0.845	0.527	0.442	1.333
4.409	1.58	2.949	1.025	0.955	0.469	0.898	0.53	0.437	1.282
4.316	1.587	3.005	1.011	0.947	0.466	0.942	0.537	0.439	1.238
4.138	1.58	3.025	0.984	0.955	0.464	0.962	0.54	0.447	1.174
3.862	1.562	3.03	0.964	0.964	0.469	0.986	0.535	0.452	1.055
3.45	1.504	3.003	0.937	0.967	0.479	1.052	0.535	0.459	0.923
2.881	1.418	2.991	0.923	0.955	0.481	1.133	0.537	0.459	0.818
2.468	1.382	2.9	0.952	0.942	0.483	1.191	0.537	0.459	0.671
2.139	1.36	2.71	0.937	0.923	0.483	1.24	0.54	0.457	0.583
1.865	1.318	2.51	0.947	0.906	0.481	1.274	0.544	0.457	0.527
1.672	1.233	2.339	0.894	0.894	0.481	1.272	0.537	0.459	0.491
1.44	1.121	2.2	0.864	0.891	0.483	1.189	0.53	0.505	0.469
1.218	1.064	2.068	0.789	0.889	0.483	1.084	0.53	0.559	0.461
1.069	1.008	1.941	0.725	0.872	0.481	0.947	0.53	0.598	0.457
0.916	0.889	1.79	0.681	0.842	0.479	0.845	0.53	0.593	0.449
0.752	0.742	1.689	0.657	0.818	0.471	0.762	0.532	0.667	0.442
0.635	0.632	1.536	0.645	0.798	0.466	0.732	0.522	0.779	0.444
0.562	0.566	1.367	0.637	0.789	0.474	0.698	0.522	0.859	0.437
0.518	0.525	1.206	0.632	0.769	0.471	0.691	0.522	0.913	0.437
0.496	0.493	1.045	0.618	0.793	0.471	0.669	0.525	0.974	0.435
0.471	0.469	0.959	0.608	0.735	0.471	0.601	0.53	1.013	0.432
0.457	0.454	0.859	0.588	0.691	0.466	0.552	0.593	1.069	0.427
0.449	0.444	0.762	0.581	0.647	0.466	0.522	0.652	1.157	0.432
0.457	0.435	0.642	0.583	0.608	0.476	0.505	0.684	1.27	0.427
0.459	0.444	0.562	0.583	0.583	0.474	0.488	0.764	1.44	0.435
0.457	0.444	0.513	0.583	0.566	0.476	0.481	0.935	1.604	0.439
0.442	0.435	0.481	0.581	0.554	0.491	0.479	1.03	1.709	0.442
0.439	0.422	0.469	0.571	0.557	0.498	0.476	1.155	1.802	0.437
0.442	0.422	0.459	0.571	0.559	0.5	0.471	1.252	1.88	0.435
0.444	0.43	0.449	0.576	0.552	0.508	0.471	1.335	1.938	0.437
0.444	0.432	0.439	0.576	0.552	0.508	0.464	1.443	1.987	0.442
0.449	0.437	0.432	0.579	0.547	0.503	0.461	1.567	2.002	0.444
0.449	0.437	0.435	0.591	0.547	0.483	0.464	1.672	1.951	0.437
0.447	0.43	0.442	0.588	0.554	0.471	0.464	1.809	1.86	0.432
0.444	0.43	0.439	0.591	0.562	0.466	0.469	1.899	1.77	0.427
0.447	0.439	0.444	0.596	0.562	0.466	0.466	1.958	1.67	0.427
0.454	0.439	0.444	0.601	0.562	0.464	0.461	1.953	1.514	0.425
0.459	0.439	0.437	0.598	0.559	0.466	0.461	1.943	1.414	0.425
0.454	0.435	0.447	0.598	0.559	0.464	0.461	1.951	1.345	0.425
0.452	0.43	0.452	0.593	0.562	0.459	0.469	1.953	1.292	0.432
0.447	0.427	0.449	0.588	0.566	0.461	0.471	1.948	1.226	0.435
0.449	0.427	0.447	0.583	0.566	0.457	0.471	1.946	1.121	0.435
0.454	0.422	0.444	0.581	0.562	0.459	0.469	1.941	1.03	0.447
0.457	0.427	0.447	0.581	0.554	0.457	0.469	1.887	0.945	0.51
0.452	0.43	0.449	0.574	0.557	0.459	0.466	1.812	0.879	0.557
0.449	0.43	0.457	0.566	0.559	0.459	0.474	1.675	0.835	0.554
0.442	0.435	0.449	0.566	0.562	0.466	0.479	1.553	0.779	0.52
0.444	0.439	0.444	0.569	0.566	0.466	0.474	1.404	0.662	0.505
0.452	0.439	0.442	0.576	0.566	0.471	0.469	1.313	0.591	0.496
0.442	0.439	0.442	0.569	0.564	0.471	0.469	1.282	0.54	0.488
0.442	0.437	0.452	0.564	0.569	0.464	0.471	1.182	0.513	0.515
0.435	0.442	0.459	0.549	0.581	0.461	0.479	1.067	0.496	0.63
0.435	0.439	0.461	0.547	0.576	0.466	0.483	0.942	0.483	0.684
0.43	0.437	0.459	0.549	0.576	0.464	0.479	0.815	0.474	0.784
0.442	0.442	0.457	0.547	0.571	0.464	0.479	0.693	0.474	0.918
0.444	0.449	0.454	0.547	0.566	0.461	0.476	0.645	0.464	0.935
0.439	0.452	0.457	0.54	0.566	0.459	0.476	0.596	0.469	0.884
0.525	0.454	0.459	0.537	0.571	0.457	0.476	0.581	0.471	0.869
0.605	0.457	0.459	0.535	0.569	0.461	0.479	0.557	0.476	0.876
1.729	0.454	0.457	0.535	0.569	0.457	0.476	0.525	0.479	0.95
1.614	0.457	0.454	0.537	0.566	0.461	0.474	0.508	0.471	1.055
1.362	0.461	0.454	0.537	0.562	0.461	0.469	0.5	0.469	1.223
1.228	0.508	0.459	0.544	0.557	0.459	0.469	0.498	0.461	1.443
1.321	0.574	0.457	0.571	0.562	0.457	0.469	0.493	0.464	1.692
1.433	0.598	0.5	0.605	0.562	0.461	0.476	0.486	0.466	1.892
1.558	0.542	0.552	0.715	0.564	0.457	0.471	0.483	0.466	2.122
1.692	0.51	0.647	0.803	0.562	0.464	0.564	0.491	0.474	2.405
1.833	0.481	0.723	1.055	0.562	0.459	0.718	0.493	0.466	2.717
1.968	0.454	0.779	1.492	0.566	0.459	0.813	0.493	0.464	3
2.043	0.449	0.801	1.787	0.569	0.457	0.869	0.491	0.466	3.235
2.083	0.452	0.828	1.97	0.569	0.457	0.913	0.486	0.469	3.369
2.095	0.447	0.898	2.134	0.569	0.459	0.925	0.483	0.471	3.44
2.083	0.461	1.277	2.307	0.564	0.461	0.959	0.479	0.476	3.467
2.051	0.471	1.685	2.441	0.559	0.459	1.108	0.488	0.471	3.459
1.934	0.476	1.997	2.568	0.564	0.459	1.277	0.491	0.469	3.376
1.792	0.479	2.305	2.727	0.569	0.457	1.392	0.491	0.466	3.132
1.616	0.486	2.72	2.874	0.569	0.452	1.458	0.488	0.466	2.83
1.506	0.535	3.064	3.054	0.569	0.454	1.499	0.486	0.469	2.395
1.365	0.564	3.342	3.147	0.564	0.457	1.516	0.488	0.464	1.98
1.194	0.601	3.596	3.201	0.562	0.457	1.536	0.498	0.464	1.548
1.074	0.62	3.789	3.286	0.562	0.452	1.538	0.493	0.454	1.196
0.974	0.642	3.828	3.337	0.559	0.457	1.541	0.486	0.437	0.952
0.854	0.659	3.809	3.376	0.562	0.454	1.521	0.486	0.449	0.793
0.798	0.654	3.716	3.403	0.552	0.457	1.455	0.486	0.444	0.75
0.762	0.662	3.557	3.379	0.552	0.464	1.396	0.491	0.437	0.647
0.662	0.657	3.223	3.247	0.549	0.464	1.348	0.498	0.435	0.579
0.588	0.649	2.944	2.981	0.552	0.461	1.313	0.496	0.43	0.537
0.549	0.649	2.664	2.781	0.557	0.471	1.287	0.488	0.427	0.5
0.513	0.645	2.383	2.644	0.571	0.469	1.257	0.479	0.437	0.479
0.488	0.649	2.039	2.551	0.588	0.471	1.213	0.476	0.444	0.461
0.479	0.659	1.731	2.449	0.623	0.474	1.162	0.474	0.442	0.449
0.486	0.667	1.453	2.268	0.698	0.474	1.106	0.474	0.439	0.444
0.488	0.667	1.277	1.965	0.75	0.481	1.064	0.474	0.542	0.444
0.491	0.664	1.15	1.655	0.73	0.481	0.996	0.474	0.62	0.435
0.491	0.647	1.03	1.497	0.742	0.479	0.947	0.471	0.652	0.432
0.496	0.605	0.903	1.377	0.828	0.479	0.911	0.474	0.684	0.427
0.496	0.562	0.789	1.265	0.955	0.479	0.813	0.476	0.811	0.422
0.498	0.532	0.667	1.157	1.021	0.496	0.701	0.476	0.876	0.425
0.498	0.52	0.596	1.074	1.055	0.52	0.627	0.488	0.933	0.427
0.496	0.51	0.557	1.003	1.084	0.544	0.571	0.496	1.023	0.422
0.496	0.496	0.527	0.957	1.138	0.574	0.53	0.5	1.108	0.42
0.5	0.488	0.51	0.879	1.328	0.586	0.5	0.52	1.194	0.422
0.5	0.488	0.5	0.813	1.577	0.684	0.481	0.532	1.199	0.422
0.508	0.491	0.5	0.742	1.741	0.874	0.466	0.559	1.138	0.427
0.496	0.491	0.496	0.679	1.897	1.05	0.459	0.601	1.138	0.425
0.496	0.496	0.493	0.645	2.08	1.23	0.457	0.73	1.169	0.42
0.498	0.488	0.486	0.632	2.195	1.382	0.452	0.781	1.167	0.413
0.503	0.491	0.474	0.623	2.341	1.565	0.449	0.818	1.26	0.413
0.508	0.491	0.457	0.618	2.5	1.78	0.444	0.916	1.309	0.413
0.508	0.488	0.459	0.598	2.605	1.963	0.442	1.135	1.375	0.413
0.505	0.486	0.457	0.569	2.651	2.083	0.444	1.399	1.458	0.405
0.5	0.486	0.466	0.554	2.725	2.183	0.447	1.548	1.497	0.403
0.498	0.481	0.469	0.549	2.764	2.214	0.454	1.614	1.521	0.403
0.496	0.476	0.469	0.549	2.759	2.244	0.449	1.729	1.499	0.403
0.496	0.476	0.464	0.544	2.722	2.224	0.444	1.843	1.448	0.408
0.498	0.483	0.464	0.537	2.671	2.214	0.444	1.938	1.421	0.417
0.498	0.483	0.459	0.527	2.571	2.212	0.449	2.012	1.387	0.413
0.498	0.474	0.461	0.527	2.461	2.209	0.452	2.102	1.37	0.413
0.503	0.464	0.459	0.527	2.39	2.17	0.449	2.156	1.377	0.408
0.5	0.457	0.457	0.537	2.322	2.151	0.449	2.197	1.382	0.41
0.503	0.452	0.454	0.535	2.141	2.153	0.444	2.241	1.377	0.454
0.503	0.452	0.454	0.53	1.909	2.161	0.442	2.266	1.367	0.581
0.503	0.449	0.459	0.525	1.777	2.168	0.449	2.261	1.289	0.603
0.5	0.442	0.464	0.518	1.699	2.158	0.444	2.153	1.189	0.547
0.503	0.437	0.464	0.52	1.611	2.129	0.442	1.997	1.082	0.503
0.5	0.435	0.457	0.527	1.516	2.095	0.444	1.794	0.957	0.525
0.503	0.437	0.449	0.522	1.411	2.058	0.439	1.616	0.862	0.576
0.508	0.442	0.449	0.52	1.304	2.004	0.442	1.482	0.813	0.688
0.503	0.452	0.457	0.515	1.189	1.895	0.444	1.338	0.793	0.815
0.5	0.442	0.466	0.513	1.082	1.692	0.444	1.143	0.784	0.969
0.503	0.437	0.469	0.518	1.016	1.445	0.447	0.984	0.769	1.13
0.5	0.43	0.471	0.522	0.928	1.333	0.447	0.872	0.671	1.27
0.505	0.42	0.479	0.515	0.845	1.208	0.439	0.793	0.579	1.392
0.513	0.43	0.474	0.515	0.776	1.072	0.437	0.708	0.52	1.458
0.608	0.447	0.469	0.51	0.728	0.972	0.444	0.615	0.486	1.47
1.396	0.444	0.466	0.505	0.728	0.874	0.444	0.552	0.466	1.458
1.958	0.452	0.464	0.505	0.73	0.762	0.447	0.513	0.457	1.433
1.814	0.454	0.457	0.513	0.684	0.667	0.447	0.493	0.439	1.394
1.56	0.449	0.479	0.515	0.654	0.615	0.444	0.481	0.435	1.355
1.482	0.439	0.496	0.515	0.637	0.569	0.444	0.476	0.432	1.233
1.689	0.439	0.542	0.508	0.645	0.535	0.444	0.466	0.432	1.099
1.96	0.439	0.603	0.51	0.654	0.513	0.447	0.457	0.437	0.894
2.212	0.466	0.652	0.513	0.623	0.5	0.452	0.452	0.437	0.75
2.676	0.486	0.742	0.52	0.588	0.496	0.447	0.454	0.439	0.637
3.311	0.579	0.789	0.527	0.569	0.493	0.444	0.447	0.447	0.566
3.721	0.767	0.745	0.525	0.547	0.496	0.444	0.444	0.444	0.566
4.016	0.933	0.718	0.525	0.54	0.488	0.444	0.447	0.442	0.588
4.194	1.028	0.767	0.52	0.537	0.483	0.447	0.442	0.444	0.62
4.326	1.091	0.857	0.527	0.54	0.483	0.447	0.444	0.442	0.637
4.292	1.133	0.925	0.525	0.54	0.483	0.444	0.444	0.447	0.627
3.992	1.196	0.991	0.525	0.542	0.486	0.447	0.442	0.444	0.586
3.503	1.184	1.025	0.525	0.535	0.491	0.479	0.444	0.442	0.522
2.864	1.05	1.045	0.522	0.532	0.483	0.508	0.452	0.439	0.488
2.236	0.989	1.06	0.544	0.53	0.483	0.54	0.449	0.447	0.466
1.741	1.021	1.084	0.564	0.532	0.483	0.562	0.442	0.447	0.452
1.306	1.079	1.084	0.586	0.53	0.481	0.571	0.442	0.452	0.447
1.123	1.133	1.064	0.625	0.532	0.486	0.581	0.439	0.457	0.452
0.989	1.184	0.991	0.647	0.527	0.493	0.593	0.444	0.452	0.442
0.835	1.221	0.942	0.657	0.527	0.488	0.593	0.444	0.452	0.437
0.708	1.233	0.852	0.681	0.53	0.486	0.618	0.447	0.459	0.43
0.618	1.23	0.737	0.701	0.535	0.481	0.667	0.449	0.459	0.422
0.569	1.199	0.654	0.691	0.53	0.481	0.737	0.447	0.461	0.425
0.535	1.182	0.605	0.657	0.532	0.486	0.762	0.449	0.464	0.427
0.51	1.108	0.586	0.698	0.527	0.491	0.808	0.454	0.459	0.427
0.488	0.981	0.571	0.83	0.525	0.488	0.859	0.454	0.459	0.43
0.471	0.874	0.535	0.999	0.53	0.486	0.889	0.452	0.466	0.425
0.457	0.798	0.515	1.13	0.535	0.483	0.93	0.452	0.469	0.417
0.466	0.771	0.505	1.167	0.535	0.486	0.928	0.447	0.476	0.422
0.464	0.767	0.488	1.177	0.535	0.486	0.901	0.454	0.471	0.425
0.469	0.781	0.483	1.152	0.527	0.483	0.94	0.454	0.469	0.427
0.469	0.762	0.481	1.145	0.53	0.479	0.957	0.454	0.466	0.422
0.464	0.752	0.481	1.162	0.522	0.476	1.006	0.457	0.471	0.415
0.457	0.757	0.481	1.206	0.525	0.476	1.082	0.459	0.471	0.415
0.474	0.742	0.481	1.257	0.527	0.476	1.145	0.454	0.481	0.42
0.469	0.706	0.474	1.287	0.525	0.479	1.172	0.457	0.508	0.425
0.466	0.635	0.471	1.279	0.527	0.481	1.172	0.457	0.535	0.432
0.464	0.598	0.469	1.248	0.535	0.481	1.155	0.466	0.557	0.435
0.454	0.579	0.471	1.23	0.53	0.481	1.145	0.483	0.588	0.435
0.454	0.557	0.471	1.194	0.537	0.491	1.145	0.508	0.632	0.432
0.454	0.52	0.474	1.169	0.54	0.491	1.125	0.588	0.696	0.439
0.452	0.488	0.469	1.155	0.527	0.496	1.116	0.659	0.723	0.437
0.457	0.474	0.464	1.05	0.522	0.491	1.106	0.708	0.74	0.442
0.454	0.466	0.464	0.94	0.525	0.488	1.091	0.757	0.747	0.439
0.449	0.459	0.471	0.857	0.527	0.488	1.079	0.806	0.791	0.439
0.447	0.454	0.474	0.803	0.535	0.488	1.082	0.82	0.83	0.435
0.452	0.454	0.479	0.791	0.549	0.488	1.086	0.789	0.911	0.437
0.454	0.457	0.476	0.811	0.547	0.498	1.086	0.737	0.969	0.425
0.459	0.454	0.503	0.803	0.537	0.493	1.05	0.684	0.994	0.427
0.461	0.454	0.676	0.798	0.532	0.491	0.999	0.671	1.011	0.42
0.457	0.454	1.934	0.796	0.527	0.486	0.923	0.728	1.023	0.413
0.459	0.452	2.847	0.781	0.527	0.479	0.859	0.823	1.045	0.415
0.464	0.454	2.297	0.767	0.532	0.481	0.825	0.942	1.05	0.422
0.466	0.457	1.946	0.73	0.53	0.483	0.779	1.06	1.055	0.42
0.466	0.452	1.838	0.701	0.527	0.481	0.737	1.189	1.045	0.435
0.476	0.449	2.019	0.603	0.527	0.476	0.708	1.294	0.962	0.442
0.469	0.442	2.173	0.544	0.537	0.471	0.625	1.36	0.845	0.444
0.466	0.432	2.229	0.503	0.552	0.466	0.566	1.311	0.75	0.437
0.471	0.43	2.28	0.479	0.63	0.469	0.532	1.25	0.703	0.449
0.469	0.439	2.417	0.5	0.92	0.476	0.508	1.169	0.691	0.457
0.471	0.442	2.532	0.479	1.172	0.474	0.488	1.052	0.64	0.457
0.471	0.444	2.588	0.452	1.348	0.469	0.488	0.906	0.586	0.447
0.464	0.447	2.649	0.437	1.604	0.461	0.483	0.808	0.535	0.439
0.459	0.444	2.681	0.425	1.807	0.479	0.483	0.703	0.505	0.432
0.459	0.444	2.644	0.422	2.085	0.64	0.481	0.605	0.5	0.422
0.466	0.452	2.534	0.422	2.288	1.467	0.483	0.559	0.483	0.415
0.471	0.454	2.38	0.417	2.439	1.897	0.481	0.522	0.474	0.41
0.469	0.449	2.156	0.415	2.542	2.017	0.481	0.525	0.469	0.405
0.464	0.444	1.963	0.415	2.607	2.087	0.481	0.522	0.461	0.403
0.466	0.432	1.785	0.41	2.634	2.195	0.476	0.513	0.466	0.405
0.466	0.43	1.606	0.452	2.607	2.422	0.474	0.488	0.471	0.42
0.471	0.43	1.494	0.481	2.554	2.727	0.474	0.479	0.464	0.457
0.479	0.437	1.323	0.5	2.437	3.059	0.474	0.469	0.461	0.72
0.476	0.437	1.162	0.515	2.273	3.33	0.479	0.469	0.457	1.479
0.471	0.437	1.016	0.527	2.097	3.499	0.479	0.469	0.459	2.048
0.469	0.437	0.913	0.537	1.807	3.718	0.481	0.457	0.461	2.219
0.471	0.439	0.769	0.547	1.521	3.887	0.481	0.452	0.461	2.278
0.474	0.442	0.662	0.549	1.27	3.967	0.474	0.454	0.461	2.327
0.479	0.447	0.586	0.54	1.099	3.989	0.479	0.452	0.459	2.415
0.476	0.444	0.54	0.527	1.021	3.965	0.481	0.454	0.454	2.522
0.471	0.435	0.52	0.518	0.989	3.933	0.486	0.454	0.457	2.727
0.471	0.435	0	0.515	0.913	3.896	0.488	0.447	0.459	2.795
0.471	0.442	0	0.518	0.784	3.882	0.486	0.452	0.464	2.751
0.483	0.444	0	0.515	0.688	3.872	0.474	0.457	0.466	2.744
0.479	0.442	0	0.515	0.627	3.84	0.471	0.466	0.466	2.725
0.471	0.432	0	0.518	0.588	3.831	0.474	0.471	0.459	2.676
0.471	0.432	0	0.515	0.559	3.762	0.481	0.471	0.464	2.598
0.466	0.43	0	0.518	0.54	3.567	0.488	0.471	0.464	2.512
0.466	0.43	0	0.52	0.518	3.32	0.496	0.471	0.466	2.38
0.471	0.427	0	0.522	0.503	3.096	0.493	0.476	0.464	2.217
0.479	0.422	0	0.518	0.493	2.83	0.493	0.476	0.466	2.029
0.476	0.427	0	0.52	0.488	2.507	0.491	0.469	0.459	1.912
0.474	0.425	0	0.515	0.491	2.175	0.488	0.464	0.461	1.802
0.469	0.425	0	0.518	0.498	1.873	0.486	0.461	0.464	1.721
0.469	0.432	0	0.518	0.496	1.602	0.483	0.454	0.466	1.646
0.476	0.432	0	0.51	0.491	1.292	0.479	0.449	0.466	1.545
0.476	0.481	0	0.5	0.488	1.069	0.481	0.452	0.469	1.399
0.474	0.825	0	0.493	0.493	0.872	0.483	0.457	0.464	1.343
0.471	1.702	0	0.481	0.498	0.723	0.5	0.452	0.464	1.282
0.471	2.004	0	0.476	0.503	0.63	0.828	0.452	0.466	1.221
0.474	1.88	0	0.479	0.503	0.574	1.489	0.447	0.469	1.167
0.481	1.809	0	0.471	0.503	0.537	1.396	0.447	0.469	1.118
0.479	1.765	0	0.466	0.5	0.522	1.147	0.452	0.461	1.003
0.476	1.707	0	0.461	0.5	0.503	1.091	0.459	0.452	0.859
0.476	1.667	0	0.452	0.505	0.491	1.228	0.454	0.457	0.769
0.474	1.624	0	0.491	0.505	0.486	1.311	0.457	0.457	0.708
0.476	1.636	0	0.588	0.505	0.476	1.296	0.454	0.459	0
0.483	1.653	0	0.71	0.5	0.466	1.331	0.454	0.459	0
0.483	1.67	0	0.82	0.493	0.459	1.399	0.457	0.452	0
0.483	1.672	0	0.872	0.493	0.452	1.484	0.464	0.452	0
0.481	1.675	0	0.911	0.498	0.452	1.597	0.454	0.454	0
0.479	1.658	0	0.923	0.493	0.464	1.694	0.449	0.459	0
0.483	1.633	0	0.864	0.486	0.461	1.741	0.444	0.459	0
0.493	1.636	0	0.864	0.488	0.464	1.777	0.442	0.459	0
0.491	1.616	0	0.913	0.488	0.466	1.846	0.444	0.454	0
0.486	1.592	0	1.001	0.488	0.471	1.89	0.449	0.452	0
0.483	1.56	0	1.06	0.496	0.466	1.912	0.442	0.452	0
0.569	1.494	0	1.113	0.491	0.469	1.934	0.435	0.461	0
1.87	1.416	0	1.191	0.491	0.464	1.953	0.435	0.471	0
2.466	1.36	0	1.26	0.486	0.466	1.934	0.437	0.479	0
2.092	1.316	0	1.357	0.483	0.466	1.868	0.439	0.471	0
1.792	1.235	0	1.492	0.486	0.461	1.707	0.447	0.469	0
1.636	1.182	0	1.614	0.491	0.459	1.477	0.442	0.469	0
1.885	1.052	0	1.689	0.491	0.461	1.172	0.437	0.474	0
2.056	0.872	0	1.743	0.486	0.459	0.952	0.435	0.474	0
2.095	0	0	1.782	0.481	0.461	0.774	0.442	0.474	0
2.087	0	0	1.787	0.515	0.459	0.664	0.444	0.469	0
2.083	0	0	1.731	0.649	0.457	0.63	0.447	0.466	0
2.129	0	0	1.655	0.823	0.454	0.63	0.466	0.466	0
2.205	0	0	1.494	0.952	0.459	0.613	0.518	0.469	0
2.317	0	0	1.37	1.013	0.457	0.562	0.53	0.471	0
2.322	0	0	1.167	0.962	0.461	0.53	0.596	0.476	0
2.351	0	0	0.964	0.874	0.461	0.505	1.03	0.466	0
2.261	0	0	0.813	0.889	0.461	0.486	1.521	0.461	0
2.061	0	0	0.686	0.93	0.461	0.483	1.804	0.461	0
1.875	0	0	0.688	0.981	0.461	0.486	1.895	0.461	0
1.694	0	0	0.747	1.038	0.461	0.481	1.912	0.466	0
1.553	0	0	0.735	1.057	0.466	0.486	1.968	0.466	0
1.377	0	0	0.684	1.067	0.469	0.493	2.075	0.469	0
1.169	0	0	0.63	1.084	0.469	0.496	2.124	0.466	0
1.021	0	0	0.61	1.108	0.481	0.505	2.131	0.469	0
0.842	0	0	0.581	1.125	0.483	0.505	2.112	0.469	0
0.703	0	0	0.569	1.116	0.496	0.5	2.063	0.471	0
0.647	0	0	0.562	1.116	0.505	0.498	2.029	0.469	0
0.62	0	0	0.552	1.106	0.51	0.496	2.073	0.466	0
0	0	0	0.549	1.108	0.51	0.498	2.187	0.508	0
0	0	0	0.549	1.111	0.515	0.51	2.236	0.549	0
0	0	0	0.562	1.101	0.544	0.51	2.222	0.986	0
0	0	0	0.566	1.003	0.54	0.505	2.192	1.423	0
0	0	0	0.574	0.898	0.527	0.503	2.136	1.689	0
0	0	0	0.571	0.808	0.544	0.493	2.048	1.677	0
0	0	0	0.569	0.74	0.571	0.491	1.948	1.619	0
0	0	0	0.569	0.698	0.625	0.496	1.865	1.641	0
0	0	0	0.569	0.642	0.757	0.491	1.753	1.787	0
0	0	0	0.574	0.601	0.957	0.493	1.636	1.853	0
0	0	0	0.579	0.574	1.099	0.488	1.543	1.863	0
0	0	0	0.571	0.596	1.274	0.486	1.453	1.853	0
0	0	0	0.574	0.635	1.431	0.488	1.367	1.838	0
0	0	0	0.571	0.62	1.567	0.493	0	1.809	0
0	0	0	0.571	0.596	1.694	0.488	0	1.794	0
0	0	0	0.635	0.576	1.755	0.491	0	1.76	0
0	0	0	0.725	0.566	1.768	0.488	0	1.716	0
0	0	0	1.208	0.557	1.653	0.483	0	1.677	0
0	0	0	1.797	0.554	1.506	0.486	0	1.633	0
0	0	0	2.187	0.549	1.343	0.488	0	1.611	0
0	0	0	2.378	0.542	1.172	0.491	0	1.611	0
0	0	0	2.375	0.522	0.974	0.491	0	1.616	0
0	0	0	2.402	0.505	0.798	0.491	0	1.577	0
0	0	0	2.322	0.498	0.679	0.488	0	1.531	0
0	0	0	2.334	0.491	0.608	0.496	0	1.465	0
0	0	0	2.368	0.491	0.559	0.5	0	1.34	0
0	0	0	2.363	0.493	0.527	0.508	0	1.257	0
0	0	0	2.312	0.493	0.508	0.505	0	1.169	0
0	0	0	2.241	0.491	0.532	0.51	0	1.069	0
0	0	0	2.183	0.493	0.527	0.515	0	1.003	0
0	0	0	2.109	0.486	0.508	0.52	0	0.977	0
0	0	0	2.034	0.491	0.488	0.535	0	1.021	0
0	0	0	1.934	0.493	0.481	0.54	0	0	0
0	0	0	1.846	0.493	0.476	0.53	0	0	0
0	0	0	1.736	0.491	0.474	0.552	0	0	0
0	0	0	1.628	0.493	0.469	0.544	0	0	0
0	0	0	1.538	0.486	0.471	0.537	0	0	0
0	0	0	1.399	0.496	0.464	0.537	0	0	0
0	0	0	1.245	0.5	0.464	0.527	0	0	0
0	0	0	1.165	0.5	0.469	0.522	0	0	0
0	0	0	1.108	0.5	0.469	0.513	0	0	0
0	0	0	1.079	0.503	0.474	0.51	0	0	0
0	0	0	1.016	0.498	0.474	0.515	0	0	0
0	0	0	0.969	0.5	0.483	0.515	0	0	0
0	0	0	0.935	0.508	0.503	0.515	0	0	0
0	0	0	0.93	0.571	0.53	0.51	0	0	0
0	0	0	0.916	0.588	0.562	0.508	0	0	0
0	0	0	0.898	0.764	0.571	0.508	0	0	0
0	0	0	0	1.013	0.576	0.515	0	0	0
0	0	0	0	1.172	0.583	0.515	0	0	0
0	0	0	0	1.262	0.857	0.52	0	0	0
0	0	0	0	1.323	1.267	0.51	0	0	0
0	0	0	0	1.331	1.565	0.505	0	0	0
0	0	0	0	1.355	1.726	0.508	0	0	0
0	0	0	0	1.453	1.743	0.518	0	0	0
0	0	0	0	1.538	1.741	0.532	0	0	0
0	0	0	0	1.592	1.719	0.54	0	0	0
0	0	0	0	1.594	1.726	0.535	0	0	0
0	0	0	0	1.562	1.755	0.64	0	0	0
0	0	0	0	1.531	1.782	0.886	0	0	0
0	0	0	0	1.516	1.772	1.064	0	0	0
0	0	0	0	1.482	1.755	1.206	0	0	0
0	0	0	0	1.45	1.743	1.311	0	0	0
0	0	0	0	1.416	1.733	1.384	0	0	0
0	0	0	0	1.406	1.697	1.409	0	0	0
0	0	0	0	1.394	1.697	1.401	0	0	0
0	0	0	0	1.387	1.694	1.389	0	0	0
0	0	0	0	1.394	1.685	1.367	0	0	0
0	0	0	0	1.396	1.67	1.357	0	0	0
0	0	0	0	1.389	1.655	1.357	0	0	0
0	0	0	0	1.372	1.602	1.367	0	0	0
0	0	0	0	1.34	1.472	1.367	0	0	0
0	0	0	0	1.311	1.338	1.367	0	0	0
0	0	0	0	1.267	1.233	1.372	0	0	0
0	0	0	0	1.204	1.167	1.379	0	0	0
0	0	0	0	1.143	1.14	1.384	0	0	0
0	0	0	0	1.099	1.101	1.37	0	0	0
0	0	0	0	1.077	0	1.384	0	0	0
0	0	0	0	1.064	0	1.384	0	0	0
0	0	0	0	1.045	0	1.394	0	0	0
0	0	0	0	1.013	0	1.409	0	0	0
0	0	0	0	0.986	0	1.416	0	0	0
0	0	0	0	0	0	1.426	0	0	0
0	0	0	0	0	0	1.399	0	0	0
0	0	0	0	0	0	1.365	0	0	0
