0.278	0.247	1.582	0.205	0.227	0.227	0.234	0.225	0.667	0.229
0.278	0.261	1.797	0.21	0.457	0.227	0.237	0.225	1.035	0.227
0.281	0.254	1.973	0.21	0.625	0.229	0.234	0.225	1.187	0.225
0.281	0.251	2.029	0.217	0.898	0.247	0.234	0.232	1.345	0.227
0.393	0.244	2.271	0.225	1.047	0.249	0.232	0.237	1.511	0.227
0.598	0.293	2.576	0.225	1.235	0.264	0.234	0.232	1.667	0.229
0.979	0.559	2.646	0.217	1.555	0.481	0.347	0.291	1.904	0.266
1.104	0.957	2.886	0.269	1.892	0.796	0.649	0.544	2.18	0.427
1.138	1.013	3.076	0.432	2.173	1.218	0.833	0.981	2.388	0.608
1.16	1.001	3.271	0.596	2.324	1.331	0.955	1.294	2.546	0.845
1.187	1.074	3.279	0.735	2.766	1.338	0.999	1.333	2.463	1.001
1.248	1.472	3.33	0.847	3.13	1.411	1.013	1.338	2.478	1.15
1.331	1.807	3.308	0.935	3.437	1.57	1.047	1.577	2.578	1.284
1.379	2.163	3.303	1.038	3.86	1.758	1.077	1.899	2.598	1.497
1.428	2.336	3.315	1.116	4.197	1.882	1.128	2.175	2.637	1.562
1.46	2.542	3.306	1.155	4.385	2.256	1.262	2.375	2.732	1.599
1.45	2.703	3.276	1.328	4.502	2.524	1.489	2.664	2.734	1.89
1.443	2.935	3.284	1.562	4.514	2.61	1.724	2.861	2.732	2.092
1.479	3.237	3.286	1.858	4.521	2.827	1.829	3.02	2.798	2.117
1.519	3.406	3.276	2.075	4.551	2.93	2.168	3.11	2.839	2.29
1.497	3.652	3.201	2.268	4.597	3.069	2.249	3.289	2.869	2.375
1.458	3.726	3.162	2.439	4.568	3.274	2.268	3.428	2.881	2.505
1.484	3.762	3.152	2.6	4.58	3.291	2.324	3.452	2.91	2.6
1.533	3.833	3.157	2.715	4.651	3.406	2.363	3.301	2.947	2.651
1.541	3.865	3.184	2.903	4.636	3.545	2.458	3.247	2.954	2.612
1.558	3.911	3.225	2.939	4.619	3.574	2.463	3.208	2.939	2.676
1.558	4.021	3.328	3	4.558	3.545	2.451	3.167	2.952	2.664
1.541	4.138	3.599	3.105	4.5	3.525	2.422	3.096	2.983	2.673
1.624	4.182	4.282	3.301	4.521	3.596	2.4	3.035	3.13	2.795
1.733	4.153	4.192	3.389	4.473	3.542	2.422	3.02	3.164	3.013
1.904	4.167	4.128	3.503	4.468	3.594	2.52	3.105	3.301	3.193
2.117	4.187	4.167	3.56	4.458	3.735	2.607	3.135	3.447	3.196
2.151	4.163	4.233	3.691	4.287	3.774	2.661	3.291	3.569	3.145
2.166	4.114	4.5	3.738	4.053	3.838	2.693	3.499	3.589	3.101
2.197	4.08	4.946	3.76	3.755	3.933	2.693	3.723	3.591	3.027
2.241	4.045	5.083	3.752	3.262	3.914	2.705	3.894	3.601	2.91
2.314	4.041	5.139	3.735	2.742	3.909	2.783	3.884	3.403	2.893
2.437	4.043	5.12	3.73	2.437	3.972	2.859	3.721	3.037	2.927
2.578	4.045	5.154	3.689	2.427	3.896	2.993	3.677	2.764	2.905
2.705	4.077	5.32	3.643	2.485	3.64	3.196	3.503	2.681	2.82
2.817	3.965	5.457	3.616	2.437	3.25	3.325	3.396	2.434	2.717
2.839	3.818	5.417	3.606	2.483	2.842	3.596	3.118	2.346	2.646
2.764	3.921	5.444	3.647	2.554	2.639	3.962	3.027	2.222	2.593
2.8	4.165	5.562	3.674	2.6	2.615	4.15	2.969	2.202	2.517
2.803	4.07	5.554	3.689	2.732	2.654	4.25	2.856	2.341	2.556
2.852	3.97	5.537	3.708	2.759	2.791	4.333	2.817	2.493	2.561
2.842	3.813	5.432	3.799	2.935	2.817	4.351	2.805	2.664	2.817
2.754	3.64	5.4	3.887	3.142	2.817	4.37	2.747	2.661	3.096
2.725	3.428	5.393	3.914	3.323	2.939	4.456	2.749	2.656	2.993
2.656	3.289	5.435	3.789	3.435	3.083	4.583	2.715	2.661	2.761
2.6	3.188	5.479	3.638	3.621	3.105	4.775	2.681	2.725	2.673
2.632	3.196	5.496	3.506	3.667	3.093	4.958	2.676	2.786	2.515
2.678	3.198	5.474	3.347	3.652	3.076	4.993	2.756	2.825	2.244
2.712	3.149	5.449	3.13	3.726	3.132	4.849	2.803	2.898	2.197
2.69	3.191	5.437	3.118	3.813	3.171	4.744	2.803	2.925	2.219
2.634	3.301	5.444	3.142	3.823	3.188	4.685	2.847	2.925	2.231
2.59	3.469	5.466	3.237	3.87	3.25	4.629	2.881	2.942	2.258
2.6	3.569	5.471	3.328	3.831	3.279	4.573	2.91	2.952	2.278
2.615	3.713	5.474	3.447	3.84	3.308	4.553	2.883	2.998	2.305
2.634	3.887	5.452	3.75	3.809	3.337	4.504	2.896	3.018	2.253
2.654	3.914	5.439	4.001	3.818	3.352	4.502	2.9	3.018	2.187
2.678	3.86	5.415	4.258	3.843	3.364	4.446	2.903	3.018	2.178
2.7	3.855	5.386	4.473	3.84	3.362	4.355	2.925	3.01	2.151
2.739	3.894	5.327	4.578	3.855	3.364	4.385	2.937	3	2.161
2.795	3.984	5.232	4.795	3.813	3.401	4.47	2.957	3.018	2.183
2.83	4.065	5.127	4.934	3.809	3.464	4.402	2.964	3.03	2.246
2.847	4.148	5.027	5.042	3.804	3.55	4.368	2.974	3.049	2.258
2.861	4.246	4.951	5.056	3.796	3.65	4.355	2.971	3.03	2.28
2.883	4.341	4.897	5.098	3.784	3.728	4.348	2.964	3.027	2.332
2.881	4.417	4.829	5.093	3.755	3.752	4.331	2.959	3.03	2.371
2.886	4.478	4.783	5.125	3.73	3.777	4.346	2.949	3.018	2.39
2.891	4.502	4.724	5.125	3.687	3.77	4.329	2.915	3.018	2.424
2.893	4.568	4.68	5.098	3.647	3.757	4.255	2.866	3.018	2.439
2.861	4.636	4.59	5.073	3.63	3.752	4.246	2.808	3.013	2.451
2.844	4.651	4.543	5.093	3.613	3.76	4.231	2.766	3	2.449
2.812	4.658	4.512	5.083	3.582	3.765	4.216	2.703	2.976	2.446
2.81	4.656	4.465	5.066	3.511	3.735	4.216	2.642	2.922	2.432
2.786	4.646	4.436	5.061	3.389	3.718	4.238	2.605	2.886	2.439
2.747	4.612	4.39	5.034	3.276	3.708	4.282	2.576	2.849	2.439
2.627	4.551	4.302	5.039	3.186	3.701	4.265	2.498	2.759	2.432
2.473	4.517	4.216	5.051	3.118	3.672	4.233	2.441	2.6	2.424
2.31	4.507	4.133	5.063	2.91	3.655	4.177	2.383	2.446	2.417
2.192	4.49	4.045	5.049	2.708	3.63	4.065	2.307	2.441	2.422
2.083	4.47	3.933	5.005	2.505	3.594	3.953	2.249	2.393	2.417
1.953	4.434	3.821	4.971	2.412	3.547	3.831	2.139	2.258	2.41
1.853	4.392	3.713	4.958	2.419	3.462	3.689	2.048	2.085	2.395
1.851	4.346	3.691	4.978	2.332	3.374	3.511	1.985	1.929	2.383
1.758	4.316	3.589	4.973	2.183	3.242	3.33	1.926	1.892	2.324
1.65	4.253	3.423	4.954	2.061	3.071	3.152	1.846	1.902	2.18
1.533	4.216	3.301	4.951	2.029	2.864	2.991	1.75	2.244	2.036
1.45	4.185	3.159	4.932	1.885	2.634	2.869	1.714	2.41	1.902
1.411	4.141	2.996	4.934	1.96	2.485	2.683	1.643	2.39	1.792
1.309	4.102	2.834	4.919	1.982	2.366	2.583	1.633	2.458	1.721
1.211	4.062	2.664	4.941	1.848	2.285	2.559	1.621	2.571	1.66
1.162	4.023	2.607	4.946	1.829	2.102	2.505	1.504	2.666	1.587
1.077	3.879	2.573	4.944	1.853	2.012	2.446	1.543	2.937	1.506
1.003	3.794	2.5	4.929	1.77	2.029	2.395	1.458	3.098	1.465
0.928	3.711	2.375	4.944	1.619	1.929	2.395	1.394	3.101	1.406
0.918	3.503	2.217	4.927	1.511	1.858	2.368	1.465	3.157	1.331
0.94	3.201	2.046	4.929	1.497	1.831	2.334	1.494	3.196	1.201
0.923	2.949	2.039	4.9	1.431	1.753	2.29	1.602	3.215	1.182
0.903	2.727	2.092	4.878	1.37	1.697	2.236	1.685	3.174	1.206
0.894	2.644	2.119	4.844	1.301	1.665	2.212	1.609	3.164	1.25
0.833	2.534	2.063	4.819	1.216	1.555	2.17	1.599	3.215	1.27
0.759	2.366	2.004	4.763	1.104	1.45	2.153	1.602	3.203	1.284
0.684	2.385	1.975	4.502	0.969	1.394	2.112	1.587	3.113	1.277
0.649	2.354	1.934	4.182	0.833	1.311	2.051	1.528	2.979	1.15
0.625	2.275	1.899	3.962	0.723	1.206	1.914	1.467	2.856	1.152
0.574	2.307	1.753	3.73	0.637	1.135	1.758	1.399	2.725	1.243
0.513	2.305	1.582	3.54	0.603	1.143	1.748	1.34	2.598	1.238
0.447	2.485	1.416	3.704	0.515	1.179	1.604	1.289	2.422	1.123
0.396	2.849	1.267	3.66	0.425	1.155	1.453	1.174	2.229	0.937
0.383	3.113	1.018	3.437	0.344	1.091	1.389	1.016	1.99	0.815
0.374	3.45	0.789	3.311	0.298	1.03	1.304	0.925	1.787	0.767
0.378	3.887	0.645	3.291	0.232	0.879	1.34	0.837	1.57	0.75
0.33	4.131	0.603	3.342	0.227	0.742	1.309	0.708	1.316	0.786
0.298	4.382	0.464	3.533	0.222	0.664	1.333	0.571	1.108	0.754
0.288	4.517	0.371	3.718	0.225	0.64	1.23	0.466	0.898	0.635
0.288	4.556	0.332	3.813	0.22	0.593	1.125	0.388	0.637	0.583
0.286	4.578	0.317	3.87	0.2	0.559	1.057	0.322	0.508	0.581
0.278	4.592	0.332	3.801	0.212	0.447	1.042	0.315	0.422	0.562
0.271	4.558	0.31	3.752	0.222	0.347	1.042	0.322	0.378	0.569
0.266	4.48	0.283	3.64	0.227	0.31	0.964	0.295	0.388	0.586
0.269	4.348	0.261	3.55	0.22	0.303	0.908	0.3	0.381	0.532
0.269	4.277	0.251	3.484	0.217	0.305	0.903	0.339	0.352	0.503
0.271	4.102	0.239	3.445	0.217	0.283	0.854	0.288	0.334	0.476
0.271	3.792	0.227	3.42	0.22	0.266	0.847	0.264	0.273	0.447
0.269	3.518	0.229	3.386	0.22	0.249	0.835	0.244	0.242	0.432
0.266	3.291	0.232	3.401	0.222	0.239	0.833	0.244	0.229	0.413
0.269	3.044	0.227	3.345	0.225	0.237	0.808	0.239	0.227	0.403
0.271	2.778	0.222	3.247	0.225	0.225	0.732	0.234	0.225	0.386
0.283	2.644	0.215	3.167	0.225	0.225	0.64	0.232	0.227	0.369
0.293	2.468	0.212	2.861	0.222	0.225	0.54	0.229	0.227	0.334
0.291	2.256	0.198	2.544	0.22	0.217	0.447	0.229	0.225	0.291
0.291	1.995	0.212	2.302	0.22	0.203	0.33	0.229	0.222	0.278
0.293	1.787	0.217	2.029	0.222	0.198	0.261	0.232	0.222	0.264
0.293	1.616	0.215	1.768	0.225	0.195	0.254	0.234	0.225	0.303
0.278	1.384	0.212	1.562	0.225	0.22	0.256	0.227	0.225	0.3
0.273	1.018	0.208	1.155	0.22	0.225	0.256	0.227	0.229	0.291
0.269	0.681	0.215	0.84	0.22	0.227	0.278	0.227	0.229	0.266
0.269	0.493	0.22	0.669	0.222	0.229	0.247	0.229	0.227	0.239
0.266	0.398	0.22	0.5	0.225	0.232	0.256	0.232	0.222	0.22
0.266	0.378	0.217	0.42	0.225	0.232	0.271	0.229	0.222	0.222
0.271	0.374	0.215	0.332	0.222	0.229	0.266	0.229	0.222	0.22
0.273	0.332	0.22	0.298	0.22	0.227	0.249	0.227	0.227	0.217
0.273	0.337	0.22	0.281	0.22	0.227	0.244	0.227	0.225	0.215
0.269	0.369	0.225	0.264	0.222	0.229	0.244	0.308	0.225	0.22
0.269	0.332	0.225	0.249	0.222	0.232	0.237	0.232	0.222	0.217
0.271	0.31	0.225	0.232	0.225	0.232	0.229	0.232	0.222	0.22
0.271	0.293	0.222	0.21	0.222	0.229	0.232	0.229	0.225	0.22
0.271	0.291	0.222	0.21	0.22	0.229	0.232	0.229	0.227	0.22
0.273	0.288	0.225	0.205	0.22	0.229	0.234	0.229	0.225	0.217
0.273	0.283	0.225	0.205	0.22	0.232	0.229	0.229	0.222	0.217
0.271	0.281	0.22	0.203	0.225	0.234	0.227	0.234	0.22	0.217
0.278	0.278	0.217	0.2	0.222	0.234	0.227	0.234	0.222	0.22
0.278	0.281	0.212	0.2	0.222	0.232	0.227	0.232	0.222	0.225
0.278	0.278	0.212	0.2	0.22	0.229	0.229	0.227	0.225	0.225
0.276	0.276	0.217	0.203	0.22	0.229	0.232	0.229	0.222	0.222
0.273	0.273	0.222	0.205	0.22	0.232	0.227	0.227	0.222	0.222
0.276	0.271	0.217	0.205	0.222	0.232	0.227	0.232	0.22	0.225
0.276	0.271	0.217	0.19	0.222	0.234	0.227	0.232	0.225	0.227
0.276	0.276	0.215	0.2	0.22	0.232	0.229	0.229	0.225	0.222
0.278	0.278	0.217	0.205	0.217	0.229	0.232	0.229	0.225	0.225
0.278	0.281	0.22	0.21	0.217	0.229	0.229	0.227	0.225	0.22
0.276	0.281	0.222	0.22	0.22	0.232	0.227	0.229	0.222	0.217
0.273	0.278	0.22	0.225	0.225	0.234	0.227	0.232	0.222	0.22
0.276	0.278	0.217	0.225	0.225	0.234	0.225	0.232	0.222	0.225
0.278	0.276	0.21	0.222	0.222	0.232	0.227	0.229	0.222	0.227
0.281	0.276	0.215	0.22	0.217	0.229	0.229	0.229	0.225	0.225
0.276	0.278	0.22	0.222	0.217	0.229	0.232	0.229	0.225	0.22
0.276	0.278	0.22	0.225	0.22	0.232	0.229	0.229	0.225	0.22
0.276	0.276	0.215	0.234	0.222	0.234	0.227	0.234	0.227	0.222
0.273	0.273	0.217	0.234	0.222	0.234	0.227	0.232	0.234	0.222
0.276	0.278	0.22	0.212	0.22	0.232	0.229	0.229	0.242	0.225
0.276	0.278	0.227	0.208	0.222	0.232	0.232	0.227	0.244	0.222
0.273	0.278	0.225	0.205	0.22	0.229	0.232	0.227	0.239	0.22
0.271	0.281	0.227	0.203	0.22	0.232	0.227	0.227	0.237	0.22
0.271	0.276	0.225	0.212	0.222	0.234	0.227	0.232	0.244	0.22
0.273	0.276	0.222	0.225	0.222	0.234	0.227	0.234	0.247	0.222
0.273	0.276	0.222	0.227	0.222	0.229	0.229	0.232	0.251	0.222
0.276	0.269	0.225	0.227	0.217	0.229	0.232	0.229	0.254	0.222
0.276	0.254	0.222	0.234	0.22	0.229	0.229	0.227	0.254	0.22
0.273	0.251	0.222	0.239	0.222	0.232	0.229	0.229	0.254	0.217
0.271	0.239	0.225	0.239	0.225	0.234	0.227	0.232	0.251	0.22
0.276	0.242	0.222	0.237	0.225	0.232	0.229	0.234	0.254	0.222
0.278	0.249	0.22	0.237	0.22	0.232	0.229	0.232	0.256	0.222
0.276	0.261	0.222	0.237	0.22	0.229	0.232	0.229	0.251	0.22
0.276	0.261	0.225	0.239	0.22	0.229	0.273	0.229	0.254	0.22
0.276	0.261	0.225	0.237	0.22	0.229	0.229	0.229	0.254	0.22
0.276	0.264	0.225	0.234	0.225	0.234	0.227	0.234	0.251	0.22
0.276	0.259	0.217	0.237	0.222	0.232	0.229	0.232	0.251	0.22
0.276	0.259	0.215	0.234	0.22	0.229	0.229	0.232	0.254	0.222
0.278	0.254	0.22	0.237	0.217	0.229	0.234	0.229	0.256	0.222
0.278	0.249	0.229	0.237	0.22	0.229	0.234	0.215	0.256	0.222
0.273	0.239	0.22	0.237	0.222	0.232	0.232	0.2	0.251	0.217
0.273	0.234	0.208	0.237	0.222	0.234	0.251	0.21	0.254	0.217
0.278	0.234	0.212	0.237	0.222	0.234	0.242	0.215	0.256	0.22
0.278	0.237	0.217	0.237	0.222	0.232	0.237	0.222	0.254	0.22
0.281	0.239	0.2	0.237	0.22	0.229	0.234	0.22	0.256	0.217
0.278	0.237	0.195	0.234	0.217	0.229	0.237	0.22	0.256	0.215
0.276	0.232	0.195	0.234	0.22	0.234	0.234	0.222	0.254	0.215
0.273	0.232	0.195	0.234	0.222	0.234	0.232	0.222	0.254	0.217
0.273	0.232	0.19	0.234	0.225	0.232	0.232	0.217	0.254	0.217
0.276	0.234	0.19	0.232	0.22	0.232	0.234	0.217	0.256	0.22
0.276	0.239	0.198	0.229	0.22	0.229	0.237	0.212	0.256	0.22
0.273	0.239	0.205	0.222	0.22	0.229	0.237	0.21	0.254	0.217
0.271	0.234	0.205	0.222	0.22	0.232	0.234	0.21	0.254	0.217
0.273	0.232	0.203	0.225	0.225	0.234	0.232	0.212	0.251	0.22
0.273	0.22	0.205	0.222	0.222	0.234	0.232	0.212	0.254	0.22
0.273	0.22	0.2	0.217	0.222	0.232	0.237	0.212	0.256	0.22
0.273	0.217	0.205	0.22	0.22	0.229	0.254	0.208	0.256	0.22
0.271	0.217	0.215	0.22	0.22	0.229	0.261	0.22	0.256	0.217
0.271	0.215	0.234	0.222	0.22	0.232	0.259	0.232	0.254	0.217
0.273	0.21	0.361	0.222	0.222	0.234	0.264	0.234	0.249	0.215
0.271	0.217	1.106	0.222	0.225	0.234	0.264	0.234	0.254	0.222
0.273	0.215	2.053	0.225	0.225	0.229	0.264	0.229	0.256	0.222
0.271	0.217	2.07	0.225	0.22	0.229	0.266	0.227	0.259	0.222
0.271	0.217	2.075	0.222	0.22	0.229	0.264	0.227	0.256	0.217
0.269	0.215	2.2	0.215	0.222	0.232	0.256	0.229	0.256	0.215
0.269	0.212	2.512	0.21	0.225	0.234	0.237	0.234	0.256	0.21
0.269	0.215	2.888	0.208	0.222	0.232	0.232	0.234	0.259	0.19
0.271	0.212	3.469	0.21	0.222	0.229	0.259	0.232	0.259	0.181
0.271	0.212	3.882	0.212	0.22	0.229	0.278	0.232	0.254	0.178
0.269	0.208	4.346	0.212	0.22	0.227	0.283	0.232	0.256	0.176
0.269	0.215	4.717	0.215	0.222	0.232	0.281	0.234	0.259	0.181
0.269	0.215	4.917	0.21	0.222	0.232	0.278	0.237	0.256	0.186
0.271	0.222	5.002	0.205	0.225	0.234	0.276	0.227	0.256	0.183
0.271	0.227	5.034	0.2	0.222	0.229	0.278	0.237	0.259	0.181
0.271	0.234	5.142	0.203	0.22	0.227	0.281	0.239	0.261	0.178
0.273	0.242	5.239	0.21	0.22	0.229	0.281	0.234	0.259	0.205
0.269	0.249	5.291	0.208	0.225	0.232	0.278	0.237	0.259	0.215
0.271	0.251	5.325	0.21	0.225	0.234	0.276	0.239	0.254	0.217
0.273	0.254	5.327	0.208	0.225	0.232	0.278	0.244	0.254	0.264
0.273	0.259	5.337	0.208	0.222	0.229	0.283	0.244	0.256	0.315
0.273	0.251	5.303	0.208	0.22	0.229	0.283	0.244	0.254	0.679
0.271	0.247	5.276	0.208	0.22	0.227	0.286	0.242	0.251	1.501
0.269	0.249	5.217	0.215	0.22	0.232	0.278	0.244	0.249	1.624
0.266	0.247	5.071	0.215	0.222	0.234	0.278	0.247	0.247	1.582
0.269	0.249	4.812	0.212	0.222	0.232	0.276	0.244	0.247	1.582
0.271	0.247	4.47	0.215	0.222	0.229	0.276	0.247	0.249	1.675
0.271	0.237	4.067	0.217	0.22	0.227	0.278	0.244	0.239	1.946
0.269	0.237	3.63	0.225	0.217	0.229	0.278	0.244	0.227	2.209
0.269	0.232	3.118	0.222	0.22	0.232	0.276	0.249	0.222	2.393
0.266	0.234	2.642	0.222	0.222	0.229	0.273	0.251	0.22	2.527
0.269	0.234	2.217	0.217	0.222	0.234	0.276	0.249	0.22	2.598
0.271	0.234	1.848	0.215	0.222	0.229	0.278	0.244	0.222	2.688
0.273	0.237	1.58	0.212	0.22	0.227	0.278	0.239	0.229	2.754
0.271	0.237	1.362	0.21	0.22	0.229	0.278	0.234	0.244	2.754
0.269	0.237	1.167	0.212	0.222	0.232	0.273	0.229	0.361	2.742
0.271	0.232	1.025	0.215	0.225	0.234	0.271	0.232	1.487	2.737
0.271	0.229	0.825	0.212	0.225	0.232	0.271	0.229	2.009	2.734
0.271	0.234	0.586	0.212	0.222	0.229	0.276	0.229	2.039	2.729
0.269	0.237	0.447	0.21	0.217	0.229	0.281	0.227	2.014	2.715
0.269	0.237	0.359	0.212	0.217	0.229	0.283	0.227	2.056	2.7
0.266	0.237	0.303	0.217	0.222	0.232	0.278	0.225	2.185	2.678
0.266	0.234	0.33	0.215	0.222	0.232	0.276	0.227	2.378	2.678
0.266	0.237	0.256	0.212	0.225	0.232	0.276	0.227	2.583	2.62
0.269	0.239	0.225	0.21	0.229	0.229	0.278	0.225	2.729	2.439
0.271	0.244	0.225	0.21	0.232	0.227	0.281	0.222	2.854	2.249
0.269	0.242	0.227	0.215	0.459	0.229	0.283	0.225	2.896	2.039
0.266	0.239	0.22	0.215	2.148	0.232	0.278	0.227	2.981	1.826
0.266	0.237	0.217	0.21	2.302	0.232	0.276	0.229	3.071	1.619
0.269	0.232	0.212	0.205	2.053	0.232	0.278	0.229	3.127	1.355
0.269	0.232	0.21	0.205	2.195	0.229	0.278	0.225	3.169	1.169
0.273	0.234	0.215	0.21	2.49	0.229	0.281	0.229	3.184	1.038
0.269	0.234	0.217	0.212	2.744	0.229	0.281	0.254	3.184	0.955
0.269	0.234	0.222	0.215	3.14	0.232	0.278	0.608	3.181	0.835
0.269	0.229	0.22	0.215	3.499	0.234	0.276	2.041	3.174	0.662
0.273	0.229	0.215	0.21	3.765	0.232	0.276	2.532	3.11	0.542
0.273	0.225	0.217	0.205	4.031	0.232	0.278	2.581	3.037	0.479
0.273	0.234	0.217	0.215	4.146	0.227	0.283	2.603	2.954	0.444
0.271	0.247	0.217	0.215	4.275	0.229	0.281	2.661	2.751	0.408
0.269	0.249	0.22	0.22	4.373	0.232	0.276	2.795	2.522	0.327
0.269	0.247	0.222	0.217	4.419	0.234	0.276	3.083	2.312	0.286
0.271	0.229	0.217	0.217	4.526	0.234	0.278	3.247	2.039	0.247
0.273	0.229	0.212	0.215	4.597	0.232	0.281	3.333	1.758	0.232
0.276	0.227	0.212	0.21	4.651	0.229	0.281	3.354	1.633	0.229
0.271	0.225	0.215	0.212	4.644	0.229	0.278	3.464	1.57	0.225
0.312	0.217	0.217	0.212	4.639	0.229	0.278	3.525	1.406	0.222
0.476	0.215	0.22	0.208	4.541	0.232	0.276	3.584	1.255	0.222
1.038	0.21	0.21	0.205	4.419	0.232	0.278	3.606	1.113	0.225
1.514	0.225	0.212	0.195	4.229	0.229	0.278	3.601	0.974	0.225
1.577	0.234	0.215	0.195	4.021	0.229	0.281	3.586	0.786	0.227
1.589	0.234	0.222	0.195	3.816	0.232	0.281	3.564	0.586	0.222
1.584	0.232	0.222	0.198	3.564	0.232	0.278	3.557	0.464	0.222
1.584	0.227	0.22	0.2	3.323	0.234	0.276	3.518	0.396	0.225
1.624	0.229	0.217	0.198	3.01	0.234	0.276	3.479	0.32	0.225
1.663	0.229	0.212	0.195	2.69	0.229	0.278	3.354	0.347	0.227
1.758	0.249	0.215	0.195	2.402	0.229	0.281	3.167	0.317	0.225
1.797	0.256	0.212	0.198	2.136	0.229	0.278	2.947	0.266	0.222
1.816	0.254	0.212	0.2	1.899	0.232	0.278	2.651	0.244	0.22
1.836	0.254	0.215	0.2	1.738	0.234	0.276	2.327	0.249	0.222
1.838	0.249	0.212	0.198	1.58	0.234	0.276	2.085	0.229	0.225
1.882	0.251	0.217	0.198	1.311	0.244	0.278	1.851	0.227	0.225
1.885	0.251	0.215	0.2	1.128	0.393	0.281	1.558	0.227	0.225
1.897	0.251	0.217	0.205	0.886	1.045	0.278	1.287	0.227	0.222
1.912	0.247	0.222	0.208	0.74	1.88	0.276	1.125	0.225	0.22
1.914	0.239	0.22	0.205	0.645	2.024	0.276	1.06	0.222	0.222
1.914	0.244	0.212	0.2	0.52	2.075	0.278	1.025	0.222	0.225
1.914	0.242	0.21	0.203	0.5	2.231	0.278	0.872	0.225	0.225
1.882	0.232	0.205	0.22	0.486	2.566	0.283	0.688	0.229	0.225
1.841	0.225	0.205	0.222	0.447	2.854	0.281	0.542	0.227	0.222
1.78	0.227	0.203	0.447	0.381	3.193	0.276	0.432	0.225	0.22
1.746	0.232	0.2	1.98	0.361	3.562	0.276	0.437	0.225	0.222
1.689	0.239	0.195	2.471	0.271	3.96	0.278	0.398	0.227	0.225
1.609	0.247	0.19	2.39	0.232	4.102	0.283	0.356	0.227	0.225
1.523	0.249	0.188	2.59	0.222	4.202	0.286	0.339	0.227	0.225
1.399	0.251	0.217	3.03	0.22	4.282	0.283	0.261	0.227	0.22
1.233	0.249	0.215	3.533	0.222	4.387	0.281	0.239	0.227	0.225
1.104	0.244	0.21	3.982	0.225	4.451	0.278	0.232	0.225	0.222
0.994	0.234	0.2	4.556	0.225	4.48	0.278	0.227	0.225	0.225
0.894	0.227	0.212	5.083	0.222	4.497	0.276	0.212	0.227	0.225
0.801	0.227	0.212	5.435	0.22	4.49	0.281	0.208	0.229	0.222
0.686	0.229	0.205	5.696	0.217	4.487	0.278	0.208	0.229	0.22
0.598	0.227	0.208	5.864	0.217	4.36	0.276	0.208	0.225	0.217
0.466	0.21	0.208	5.937	0.215	4.194	0.273	0.2	0.222	0.22
0.374	0.212	0.21	5.93	0.193	3.975	0.273	0.198	0.22	0.222
0.381	0.222	0.21	5.898	0.176	3.662	0.278	0.195	0.222	0.225
0.408	0.227	0.215	5.872	0.171	3.416	0.278	0.195	0.225	0.222
0.322	0.217	0.215	5.862	0.168	2.998	0.278	0.193	0.225	0.22
0.288	0.242	0.222	5.781	0.176	2.693	0.276	0.2	0.222	0.22
0.273	0.254	0.222	5.654	0.178	2.412	0.273	0.2	0.225	0.225
0.273	0.254	0.22	5.471	0.178	2.036	0.276	0.2	0.227	0.225
0.273	0.256	0.22	5.095	0.178	1.741	0.276	0.203	0.237	0.225
0.273	0.259	0.22	4.575	0.176	1.541	0.278	0.2	0.244	0.222
0.271	0.259	0.227	4.014	0.178	1.416	0.276	0.203	0.234	0.222
0.269	0.256	0.234	3.472	0.181	1.245	0.273	0.2	0.225	0.22
0.269	0.256	0.232	2.91	0.198	1.118	0.271	0.198	0.222	0.222
0.271	0.249	0.227	2.38	0.212	0.947	0.273	0.203	0.222	0.225
0.291	0.239	0.225	1.924	0.205	0.784	0.273	0.193	0.225	0.222
0.293	0.239	0.225	1.58	0.203	0.652	0.276	0.183	0.227	0.222
0.291	0.242	0.227	1.333	0.203	0.525	0.269	0.188	0.225	0.22
0.293	0.239	0.232	1.143	0.208	0.5	0.264	0.208	0.222	0.22
0.293	0.239	0.232	0.942	0.198	0.457	0.242	0.212	0.225	0.217
0.354	0.242	0.225	0.664	0.19	0.408	0.234	0.217	0.229	0.222
0.422	0.244	0.227	0.574	0.183	0.361	0.239	0.217	0.244	0.22
0.459	0.242	0.229	0.457	0.168	0.278	0.239	0.217	0.251	0.283
0.471	0.247	0.232	0.457	0.166	0.244	0.239	0.22	0.269	0.361
0.461	0.244	0.234	0.415	0.166	0.234	0.234	0.22	0.271	0.735
0.327	0.239	0.232	0.376	0.166	0.234	0.232	0.212	0.276	1.675
0.283	0.237	0.234	0.303	0.166	0.237	0.229	0.205	0.276	1.926
0.276	0.242	0.234	0.251	0.164	0.229	0.234	0.203	0.286	1.958
0.273	0.237	0.234	0.215	0.164	0.227	0.234	0.2	0.281	1.98
0.271	0.239	0.239	0.205	0.164	0.229	0.234	0.2	0.283	2.004
0.269	0.237	0.244	0.198	0.166	0.232	0.229	0.205	0.254	1.997
0.269	0.237	0.249	0.195	0.178	0.234	0.229	0.225	0.244	1.985
0.269	0.234	0.242	0.198	0.2	0.232	0.229	0.227	0.239	1.995
0.273	0.237	0.242	0.198	0.203	0.229	0.232	0.227	0.242	2.012
0.271	0.244	0.244	0.203	0.198	0.227	0.237	0.225	0.247	2.039
0.271	0.247	0.254	0.208	0.198	0.229	0.234	0.222	0.247	2.053
0.266	0.244	0.256	0.21	0.195	0.232	0.232	0.222	0.244	2.068
0.269	0.242	0.254	0.212	0.2	0.234	0.229	0.225	0.242	2.075
0.269	0.234	0.251	0.21	0.198	0.232	0.232	0.222	0.239	2.073
0.271	0.237	0.251	0.208	0.198	0.229	0.234	0.227	0.242	2.039
0.271	0.244	0.254	0.212	0.195	0.227	0.237	0.227	0.247	1.995
0.271	0.247	0.256	0.212	0.193	0.229	0.237	0.225	0.247	1.912
0.266	0.242	0.256	0.212	0.195	0.232	0.232	0.227	0.242	1.68
0.266	0.239	0.254	0.215	0.2	0.232	0.232	0.227	0.237	1.443
0.269	0.239	0.251	0.215	0.203	0.232	0.234	0.229	0.239	1.157
0.271	0.239	0.249	0.215	0.195	0.229	0.232	0.222	0.242	1.062
0.269	0.237	0.254	0.217	0.186	0.227	0.237	0.22	0.247	0.959
0.266	0.239	0.256	0.215	0.183	0.229	0.234	0.22	0.242	0.925
0.264	0.239	0.256	0.22	0.181	0.229	0.232	0.244	0.239	0.845
0.266	0.239	0.254	0.222	0.183	0.232	0.232	0.271	0.237	0.791
0.269	0.239	0.251	0.217	0.176	0.232	0.239	0.557	0.239	0.669
0.269	0.239	0.249	0.215	0.176	0.229	0.259	2.09	0.239	0.637
0.269	0.244	0.249	0.215	0.176	0.227	0.376	2.48	0.244	0.537
0.269	0.242	0.254	0.217	0.173	0.227	1.23	2.285	0.247	0.508
0.266	0.242	0.254	0.22	0.176	0.229	2.007	2.351	0.239	0.513
0.269	0.242	0.254	0.217	0.173	0.232	2.114	2.625	0.237	0.439
0.269	0.242	0.249	0.215	0.168	0.229	2.097	2.812	0.232	0.383
0.271	0.244	0.251	0.21	0.164	0.227	2.07	3.052	0.239	0.334
0.273	0.242	0.251	0.212	0.161	0.227	2.112	3.298	0.239	0.276
0.269	0.242	0.254	0.215	0.161	0.227	2.319	3.469	0.244	0.232
0.269	0.244	0.247	0.217	0.161	0.229	2.495	3.574	0.239	0.22
0.273	0.242	0.247	0.217	0.164	0.232	2.612	3.594	0.237	0.22
0.273	0.242	0.244	0.217	0.164	0.229	2.817	3.564	0.237	0.222
0.278	0.242	0.242	0.212	0.161	0.227	2.891	3.411	0.239	0.225
0.276	0.244	0.244	0.217	0.159	0.227	2.893	3.123	0.244	0.22
0.276	0.244	0.247	0.217	0.161	0.227	2.961	2.803	0.242	0.22
0.273	0.242	0.249	0.22	0.161	0.229	3.02	2.458	0.237	0.217
0.273	0.242	0.251	0.22	0.164	0.229	3.062	2.219	0.237	0.22
0.276	0.242	0.254	0.217	0.161	0.229	3.096	2.026	0.239	0.222
0.276	0.244	0.254	0.217	0.161	0.227	3.098	1.731	0.239	0.222
0.276	0.247	0.254	0.217	0.161	0.227	3.091	1.521	0.244	0.222
0.273	0.244	0.256	0.217	0.161	0.227	3.088	1.34	0.244	0.217
0.271	0.244	0.259	0.222	0.164	0.229	3.088	1.165	0.242	0.217
0.273	0.242	0.256	0.217	0.168	0.229	3.062	1.03	0.239	0.22
0.276	0.251	0.254	0.215	0.166	0.229	2.979	0.947	0.242	0.222
0.276	0.337	0.254	0.212	0.195	0.227	2.842	0.967	0.244	0.222
0.273	1.067	0.254	0.215	0.205	0.225	2.617	0.857	0.247	0.22
0.273	2.229	0.256	0.215	0.208	0.229	2.324	0.715	0.247	0.215
0.273	2.18	0.259	0.215	0.208	0.229	2.075	0.64	0.239	0.215
0.273	2.102	0.288	0.215	0.21	0.232	1.863	0.618	0.239	0.217
0.278	2.336	0.361	0.212	0.21	0.232	1.628	0.61	0.242	0.22
0.276	2.629	0.684	0.21	0.208	0.229	1.465	0.483	0.244	0.222
0.276	2.8	2.839	0.212	0.205	0.227	1.333	0.386	0.244	0.22
0.269	3.079	3.486	0.212	0.203	0.229	1.174	0.286	0.242	0.22
0.266	3.413	3.572	0.215	0.205	0.232	1.011	0.242	0.239	0.217
0.266	3.613	3.896	0.215	0.208	0.232	0.886	0.229	0.239	0.22
0.271	3.77	4.158	0.208	0.208	0.232	0.708	0.222	0.239	0.225
0.273	3.987	4.263	0.208	0.205	0.229	0.544	0.225	0.242	0.222
0.276	4.126	4.358	0.212	0.203	0.227	0.417	0.222	0.244	0.222
0.273	4.207	4.597	0.215	0.203	0.227	0.366	0.22	0.242	0.22
0.276	4.219	4.814	0.215	0.203	0.229	0.317	0.222	0.239	0.22
0.273	4.258	4.915	0.212	0.205	0.232	0.334	0.225	0.237	0.222
0.312	4.307	4.9	0.21	0.205	0.232	0.295	0.222	0.237	0.222
0.571	4.285	4.702	0.208	0.205	0.229	0.259	0.222	0.242	0.225
0.908	4.163	4.229	0.208	0.203	0.227	0.237	0.22	0.244	0.222
1.572	3.979	3.899	0.21	0.208	0.229	0.237	0.222	0.242	0.22
1.663	3.779	3.447	0.208	0.208	0.229	0.227	0.225	0.242	0.22
1.755	3.589	3.223	0.208	0.21	0.234	0.222	0.227	0.278	0.222
1.895	3.337	2.876	0.205	0.208	0.232	0.225	0.225	0.41	0.222
2.009	3.132	2.456	0.2	0.205	0.229	0.227	0.225	0.837	0.225
2.083	2.932	2.2	0.2	0.205	0.227	0.229	0.222	1.226	0.222
2.17	2.603	1.938	0.203	0.2	0.229	0.229	0.22	1.282	0.227
2.239	2.412	1.521	0.203	0.186	0.229	0.229	0.225	1.401	0.354
2.28	2.185	1.313	0.203	0.193	0.232	0.229	0.227	1.631	0.4
2.236	1.946	1.082	0.2	0.193	0.232	0.229	0.227	2.034	0.466
2.183	1.721	1.05	0.205	0.186	0.229	0.234	0.227	2.278	1.687
2.075	1.484	0.991	0.208	0.171	0.227	0.234	0.225	2.598	2.534
1.997	1.248	0.947	0.21	0.161	0.227	0.232	0.225	2.861	2.737
1.86	0.996	0.972	0.212	0.164	0.229	0.227	0.227	2.976	3.264
1.687	0.867	0.979	0.21	0.164	0.232	0.227	0.229	3.037	3.804
1.519	0.82	0.942	0.208	0.164	0.234	0.229	0.227	3.025	4.504
1.367	0.715	0.854	0.208	0.161	0.227	0.232	0.227	2.959	5.103
1.23	0.642	0.771	0.208	0.166	0.227	0.234	0.222	2.822	5.535
1.147	0.54	0.703	0.21	0.161	0.227	0.232	0.222	2.544	5.62
1.04	0.515	0.645	0.215	0.156	0.229	0.229	0.225	2.187	5.759
0.957	0.498	0.508	0.215	0.154	0.232	0.227	0.225	1.855	5.942
0.886	0.439	0.405	0.212	0.186	0.229	0.232	0.225	1.584	6.033
0.828	0.364	0.327	0.21	0.261	0.227	0.234	0.222	1.423	6.05
0.894	0.295	0.259	0.212	0.212	0.227	0.234	0.22	1.36	5.977
0.813	0.251	0.237	0.212	0.215	0.225	0.234	0.222	1.108	5.898
0.737	0.237	0.227	0.212	0.217	0.229	0.232	0.225	1.001	5.83
0.708	0.234	0.225	0.21	0.22	0.232	0.227	0.227	0.864	5.654
0.601	0.234	0.222	0.208	0.22	0.232	0.234	0.227	0.74	5.342
0.537	0.239	0.22	0.21	0.217	0.227	0.234	0.222	0.613	4.91
0.393	0.244	0.225	0.212	0.217	0.227	0.234	0.222	0.518	4.368
0.3	0.242	0.229	0.215	0.217	0.227	0.232	0.222	0.469	3.689
0.278	0.239	0.229	0.217	0.22	0.227	0.229	0.222	0.349	3.14
0.271	0.237	0.227	0.217	0.222	0.229	0.229	0.227	0.298	2.629
0.269	0.237	0.227	0.217	0.222	0.229	0.232	0.225	0.239	2.122
0.271	0.239	0.227	0.217	0.22	0.227	0.232	0.225	0.229	1.548
0.271	0.247	0.227	0.215	0.217	0.227	0.234	0.244	0.227	1.162
0.271	0.249	0.229	0.22	0.217	0.227	0.232	0.273	0.222	0.93
0.266	0.244	0.227	0.222	0.22	0.229	0.232	0.562	0.217	0.754
0.266	0.244	0.227	0.215	0.225	0.232	0.229	2.751	0.215	0.674
0.269	0.242	0.227	0.215	0.222	0.283	0.232	3.528	0.217	0.618
0.269	0.247	0.225	0.215	0.222	0.349	0.232	3.65	0.22	0.508
0.266	0.249	0.225	0.217	0.217	0.515	0.234	3.74	0.222	0.461
0.266	0.251	0.227	0.217	0.22	1.377	0.232	4.041	0.217	0.413
0.266	0.249	0.227	0.22	0.222	1.938	0.229	4.309	0.217	0.352
0.269	0.247	0.225	0.22	0.222	2.046	0.227	4.578	0.217	0.334
0.269	0.244	0.222	0.215	0.222	2.078	0.232	4.744	0.217	0.32
0.269	0.247	0.222	0.215	0.22	2.292	0.234	4.863	0.22	0.32
0.266	0.247	0.225	0.22	0.217	2.566	0.234	4.89	0.222	0.291
0.269	0.247	0.227	0.225	0.22	2.854	0.234	4.858	0.22	0.251
0.271	0.249	0.227	0.227	0.22	3.203	0.229	4.788	0.217	0.244
0.271	0.247	0.225	0.22	0.225	3.54	0.229	4.729	0.217	0.259
0.276	0.244	0.225	0.22	0.222	3.73	0.232	4.773	0.22	0.239
0.273	0.249	0.225	0.217	0.22	3.84	0.232	4.619	0.222	0.229
0.276	0.249	0.227	0.22	0.22	3.894	0.234	4.314	0.222	0.225
0.273	0.249	0.227	0.222	0.217	3.906	0.232	4.045	0.222	0.222
0.273	0.242	0.229	0.222	0.22	3.926	0.229	3.743	0.217	0.225
0.269	0.239	0.225	0.22	0.222	3.936	0.232	3.303	0.217	0.225
0.261	0.244	0.222	0.22	0.22	3.94	0.232	2.883	0.217	0.229
0.261	0.244	0.225	0.217	0.22	3.918	0.234	2.344	0.22	0.227
0.264	0.244	0.222	0.22	0.217	3.887	0.237	1.941	0.222	0.227
0.264	0.247	0.227	0.212	0.217	3.748	0.237	1.575	0.217	0.225
0.266	0.244	0.229	0.21	0.22	3.398	0.232	1.165	0.215	0.225
0.266	0.239	0.229	0.21	0.225	2.981	0.229	0.808	0.215	0.225
0.266	0.237	0.227	0.203	0.222	2.581	0.232	0.645	0.217	0.227
0.271	0.239	0.229	0.198	0.22	2.356	0.234	0.498	0.22	0.227
0.271	0.239	0.232	0.21	0.217	2.014	0.234	0.43	0.222	0.244
0.269	0.239	0.232	0.215	0.217	1.553	0.234	0.4	0.222	0.31
0.266	0.239	0.234	0.22	0.22	1.174	0.232	0.405	0.217	0.312
0.264	0.239	0.229	0.217	0.222	1.033	0.232	0.417	0.217	0.457
0.271	0.239	0.227	0.215	0.22	0.967	0.234	0.4	0.22	0.769
0.276	0.247	0.229	0.215	0.217	0.857	0.234	0.349	0.22	0.959
0.276	0.251	0.229	0.215	0.217	0.742	0.237	0.339	0.222	1.001
0.278	0.251	0.227	0.217	0.217	0.623	0.234	0.31	0.22	1.003
0.261	0.247	0.269	0.22	0.217	0.537	0.232	0.31	0.217	1.118
0.264	0.244	0.464	0.217	0.22	0.427	0.232	0.276	0.217	1.34
0.281	0.242	0.625	0.217	0.22	0.33	0.234	0.249	0.217	1.594
0.291	0.247	1.726	0.215	0.217	0.259	0.237	0.234	0.222	1.775
0.364	0.247	2.776	0.212	0.215	0.237	0.234	0.234	0.225	1.904
0.813	0.244	3.03	0.215	0.215	0.234	0.232	0.237	0.222	2.104
1.931	0.242	3.191	0.215	0.22	0.234	0.229	0.227	0.22	2.28
2.263	0.242	3.667	0.217	0.22	0.237	0.229	0.227	0.22	2.429
2.363	0.244	4.253	0.212	0.217	0.234	0.229	0.225	0.217	2.532
2.551	0.244	4.604	0.21	0.217	0.229	0.229	0.222	0.22	2.568
2.686	0.247	5.095	0.21	0.217	0.229	0.232	0.22	0.22	2.6
2.783	0.247	5.259	0.212	0.217	0.232	0.229	0.22	0.22	2.603
2.93	0.244	5.391	0.212	0.222	0.234	0.227	0.222	0.217	2.571
2.93	0.244	5.454	0.215	0.22	0.234	0.225	0.227	0.215	2.576
2.898	0.242	5.488	0.21	0.22	0.234	0.227	0.225	0.217	2.546
2.864	0.247	5.481	0.208	0.217	0.232	0.229	0.222	0.22	2.527
2.781	0.249	5.566	0.21	0.215	0.232	0.232	0.222	0.22	2.483
2.69	0.251	5.596	0.215	0.215	0.232	0.227	0.225	0.217	2.324
2.676	0.251	5.417	0.22	0.217	0.234	0.227	0.227	0.215	2.202
2.617	0.244	4.873	0.222	0.22	0.237	0.225	0.229	0.215	2.073
2.458	0.247	4.15	0.217	0.22	0.234	0.227	0.232	0.217	1.924
2.197	0.251	3.633	0.217	0.217	0.232	0.229	0.229	0.22	1.731
1.948	0.254	3.059	0.22	0.215	0.232	0.232	0.237	0.249	1.545
1.672	0.254	2.478	0.22	0.215	0.229	0.229	0.247	0.217	1.316
1.318	0.251	2.068	0.222	0.22	0.232	0.229	0.266	0.215	1.111
1.077	0.249	1.597	0.22	0.22	0.234	0.227	0.278	0.215	0.967
0.874	0.251	1.233	0.22	0.22	0.232	0.227	0.364	0.217	0.818
0.74	0.251	0.901	0.217	0.22	0.229	0.229	0.481	0.22	0.686
0.62	0.256	0.784	0.217	0.217	0.227	0.232	0.581	0.22	0.522
0.513	0.254	0.681	0.217	0.217	0.229	0.232	0.618	0.217	0.459
0.461	0.247	0.583	0.22	0.22	0.232	0.229	0.735	0.215	0.435
0.427	0.244	0.457	0.217	0.22	0.232	0.227	0.964	0.212	0.417
0.425	0.244	0.378	0.215	0.22	0.232	0.227	1.213	0.215	0.42
0.415	0.247	0.342	0.212	0.217	0.229	0.232	1.653	0.217	0.369
0.393	0.244	0.303	0.215	0.215	0.227	0.232	2.07	0.217	0.356
0.381	0.242	0.298	0.22	0.215	0.229	0.232	2.4	0.215	0.349
0.388	0.244	0.305	0.22	0.22	0.234	0.229	2.798	0.215	0.337
0.356	0.247	0.276	0.217	0.22	0.234	0.227	3.198	0.227	0.291
0.295	0.247	0.281	0.215	0.217	0.232	0.229	3.499	0.254	0.249
0.283	0.249	0.286	0.212	0.217	0.232	0.229	3.652	0.41	0.251
0.281	0.251	0.229	0.215	0.215	0.229	0.232	3.801	1.021	0.232
0.276	0.249	0.215	0.217	0.215	0.232	0.229	3.914	2.271	0.222
0.286	0.249	0.21	0.222	0.217	0.234	0.227	3.916	2.517	0.22
0.269	0.247	0.205	0.222	0.222	0.234	0.227	3.877	3.022	0.222
0.264	0.244	0.203	0.222	0.22	0.234	0.229	3.848	3.547	0.22
0.266	0.247	0.195	0.222	0.217	0.232	0.232	3.845	4.119	0.222
0.264	0.249	0.195	0.222	0.215	0.232	0.232	3.774	4.583	0.222
0.264	0.247	0.188	0.225	0.217	0.269	0.229	3.633	5.01	0.217
0.264	0.247	0.2	0.225	0.217	0.391	0.227	3.523	5.31	0.215
0.264	0.242	0.195	0.225	0.22	0.547	0.227	3.423	5.767	0.215
0.266	0.244	0.193	0.22	0.22	1.528	0.229	3.22	5.979	0.217
0.271	0.247	0.193	0.22	0.217	2.93	0.232	3.04	6.123	0.217
0.269	0.247	0.193	0.22	0.215	3.179	0.232	2.859	6.208	0.215
0.264	0.247	0.195	0.225	0.227	3.706	0.232	2.683	6.257	0.215
0.264	0.247	0.198	0.225	0.312	4.351	0.232	2.551	6.233	0.217
0.261	0.244	0.195	0.227	0.447	4.746	0.232	2.4	6.189	0.222
0.264	0.247	0.193	0.205	1.631	5.134	0.232	2.19	5.935	0.222
0.264	0.249	0.19	0.198	2.847	5.789	0.234	1.902	5.627	0.222
0.261	0.249	0.193	0.21	2.781	6.201	0.237	1.533	5.215	0.222
0.261	0.251	0.195	0.269	2.842	6.511	0.234	1.306	4.775	0.22
0.261	0.247	0.19	0.483	2.971	6.638	0.229	1.167	4.158	0.22
0.261	0.244	0.215	2.529	3.162	6.653	0.229	0.923	3.691	0.222
0.261	0.244	0.227	3.608	3.267	6.65	0.232	0.686	3.257	0.222
0.261	0.247	0.234	3.774	3.303	6.638	0.232	0.564	2.822	0.222
0.261	0.247	0.237	3.904	3.337	6.548	0.234	0.508	2.29	0.22
0.259	0.247	0.242	4.25	3.364	6.479	0.234	0.496	1.838	0.22
0.256	0.244	0.249	4.59	3.401	6.289	0.232	0.464	1.406	0.22
0.256	0.242	0.291	4.844	3.362	5.813	0.229	0.454	1.138	0.222
0.256	0.239	0.337	5.154	3.215	5.115	0.229	0.435	0.874	0.225
0.259	0.239	0.386	5.283	3.062	4.573	0.234	0.396	0.715	0.225
0.259	0.295	0.388	5.391	2.712	4.094	0.237	0.342	0.669	0.222
0.256	0.42	0.386	5.413	2.395	3.362	0.234	0.291	0.542	0.22
0.254	1.172	0.498	5.435	2.097	2.695	0.232	0.247	0.422	0.22
0.259	2.705	0.667	5.383	1.689	2.024	0.229	0.232	0.347	0.222
0.271	3.154	0.686	5.259	1.401	1.67	0.232	0.229	0.305	0.227
0.315	3.269	0.652	5.015	1.306	1.255	0.234	0.237	0.271	0.227
0.376	3.386	0.618	4.387	1.238	0.989	0.234	0.227	0.273	0.225
0.515	3.55	0.728	3.545	1.077	0.83	0.234	0.229	0.271	0.222
0.598	3.684	1.077	2.876	0.969	0.742	0.229	0.225	0.234	0.222
0.664	3.872	1.404	2.559	0.942	0.579	0.232	0.225	0.259	0.225
0.854	4.153	1.794	2.161	0.859	0.439	0.232	0.225	0.244	0.229
1.082	4.351	2.131	1.848	0.82	0.391	0.234	0.222	0.229	0.227
1.184	4.468	2.432	1.401	0.73	0.369	0.237	0.22	0.225	0.227
1.287	4.47	2.651	1.035	0.669	0.339	0.234	0.222	0.222	0.225
1.462	4.465	2.727	1.057	0.627	0.3	0.229	0.249	0.22	0.225
1.572	4.495	2.891	1.028	0.508	0.295	0.229	0.271	0.22	0.227
1.599	4.446	3.098	0.923	0.378	0.298	0.232	0	0.22	0.227
1.599	4.365	3.25	0.854	0.303	0.32	0.234	0	0.222	0.227
1.65	4.194	3.352	0.686	0.244	0.3	0.232	0	0.222	0.227
1.689	3.848	3.406	0.535	0.227	0.247	0.232	0	0.269	0.225
1.724	3.367	3.494	0.498	0.225	0.232	0.229	0	0.293	0.225
1.78	2.927	3.579	0.474	0.225	0.229	0.229	0	0.293	0.251
1.797	2.678	3.586	0.374	0.222	0.227	0.229	0	0.298	0.286
1.802	2.544	3.606	0.32	0.22	0.225	0.234	0	0.31	0.291
1.814	2.361	3.586	0.266	0.217	0.22	0.232	0	0.405	0.286
1.819	2.026	3.582	0.229	0.222	0.225	0.232	0	0.5	0
1.826	1.736	3.562	0.215	0.222	0.227	0.232	0	0.596	0
1.797	1.401	3.557	0.215	0.244	0.229	0.229	0	0.693	0
1.787	1.077	3.542	0.21	0.222	0.234	0.229	0	0.767	0
1.782	0.913	3.528	0.21	0.22	0.242	0.234	0	0.891	0
1.746	0.833	3.442	0.208	0.222	0.247	0.308	0	1.03	0
1.709	0.791	3.267	0.21	0.222	0.242	0.391	0	1.128	0
1.663	0.815	2.937	0.212	0.225	0.247	0.737	0	1.24	0
1.606	0.864	2.576	0.205	0.225	0.251	1.716	0	1.287	0
1.543	0.911	2.263	0.205	0.222	0.264	1.943	0	1.365	0
1.484	0.898	1.807	0.205	0.222	0.308	2.012	0	1.462	0
1.436	0.779	1.277	0.208	0.22	0.33	2.021	0	1.541	0
1.367	0.703	0.823	0.21	0.22	0.334	2.031	0	1.602	0
1.335	0.625	0.522	0.21	0.222	0.33	2.134	0	1.68	0
1.255	0.576	0.413	0.205	0.225	0.352	2.278	0	1.702	0
1.104	0.454	0.374	0.203	0.225	0.554	2.441	0	1.687	0
0.999	0.342	0.347	0.2	0.222	0.72	2.573	0	1.687	0
0.84	0.259	0.325	0.205	0.222	0.771	2.605	0	1.741	0
0.652	0.244	0.276	0.205	0.222	0.857	2.593	0	1.79	0
0.562	0.225	0.264	0.208	0.225	1.13	2.573	0	1.819	0
0.601	0.22	0.271	0.203	0.225	1.484	2.563	0	1.824	0
0.901	0.22	0.242	0.203	0.225	1.902	2.539	0	1.787	0
1.189	0.222	0.215	0.205	0.222	2.456	2.473	0	1.704	0
1.335	0.227	0.193	0.21	0.222	3.11	2.295	0	1.611	0
1.265	0.225	0.198	0.208	0.222	3.357	1.929	0	1.438	0
1.204	0.217	0.195	0.21	0.225	3.772	1.567	0	1.213	0
0	0.215	0.21	0.208	0.227	4.18	1.313	0	1.008	0
0	0.22	0.234	0.21	0.227	4.512	1.047	0	0.83	0
0	0.217	0.229	0.208	0.225	4.827	0.903	0	0.635	0
0	0.222	0.208	0.21	0.222	4.9	0.92	0	0.532	0
0	0.229	0.203	0.208	0.222	4.849	0.933	0	0.449	0
0	0.222	0.193	0.21	0.225	4.919	0.869	0	0.408	0
0	0.222	0.205	0.208	0.227	4.988	0.696	0	0.386	0
0	0.225	0.232	0.205	0.227	4.993	0.625	0	0.376	0
0	0.222	0.239	0.2	0.225	5.054	0.532	0	0.364	0
0	0.215	0.247	0.203	0.222	5.125	0.498	0	0.327	0
0	0.212	0.247	0.205	0.225	5.159	0.474	0	0.269	0
0	0.208	0.247	0.208	0.225	5.098	0.41	0	0.232	0
0	0.21	0.244	0.205	0.227	4.814	0.342	0	0.232	0
0	0.215	0.239	0.203	0.225	4.543	0.266	0	0.217	0
0	0.22	0.222	0.203	0.225	4.36	0.242	0	0.217	0
0	0.222	0.208	0.205	0.225	4.167	0.234	0	0.217	0
0	0.22	0.195	0.208	0.227	4.006	0.212	0	0.21	0
0	0.212	0.186	0.208	0.261	3.752	0.2	0	0.217	0
0	0.212	0.21	0.205	0.322	3.457	0.2	0	0.208	0
0	0.212	0.229	0.2	1.174	3.25	0.225	0	0	0
0	0.21	0.239	0.203	2.483	2.983	0.234	0	0	0
0	0.215	0.234	0.21	2.754	2.678	0.237	0	0	0
0	0.217	0	0.21	2.959	2.319	0.234	0	0	0
0	0.217	0	0.215	3.484	2.104	0.232	0	0	0
0	0.215	0	0.212	3.972	1.87	0.232	0	0	0
0	0.22	0	0.21	4.38	1.58	0.234	0	0	0
0	0.222	0	0.208	4.885	1.387	0.237	0	0	0
0	0.212	0	0.208	5.422	1.179	0.234	0	0	0
0	0.21	0	0.21	5.803	0.92	0.234	0	0	0
0	0.208	0	0.21	5.952	0.715	0.232	0	0	0
0	0.205	0	0.208	6.077	0.63	0.232	0	0	0
0	0.212	0	0.208	6.169	0.598	0.232	0	0	0
0	0.21	0	0.203	6.25	0.581	0.234	0	0	0
0	0.217	0	0.203	6.26	0.547	0.237	0	0	0
0	0.215	0	0.205	6.125	0.469	0.237	0	0	0
0	0.22	0	0.205	5.708	0.41	0.232	0	0	0
0	0.22	0	0.203	5.149	0.366	0.232	0	0	0
0	0.229	0	0.2	4.543	0.325	0.232	0	0	0
0	0.227	0	0.198	3.97	0.273	0.237	0	0	0
0	0.229	0	0.203	3.428	0.232	0.234	0	0	0
0	0.232	0	0.203	3.069	0.222	0.234	0	0	0
0	0.227	0	0.205	2.625	0.222	0.232	0	0	0
0	0.227	0	0.205	2.178	0.225	0.232	0	0	0
0	0.232	0	0.232	1.711	0.227	0.232	0	0	0
0	0.232	0	0.315	1.36	0.225	0.237	0	0	0
0	0.229	0	1.636	0.95	0.22	0.234	0	0	0
0	0.232	0	3.347	0.747	0.22	0.232	0	0	0
0	0.227	0	3.665	0.601	0.222	0.232	0	0	0
0	0.22	0	4.043	0.515	0.222	0.229	0	0	0
0	0.22	0	4.697	0.427	0.22	0.232	0	0	0
0	0.222	0	5.339	0.356	0.22	0.234	0	0	0
0	0.222	0	5.967	0.317	0.229	0.234	0	0	0
0	0.217	0	6.655	0.305	0.254	0.234	0	0	0
0	0.217	0	7.041	0.308	0.271	0.232	0	0	0
0	0.388	0	7.566	0.295	0.283	0.232	0	0	0
0	0.579	0	7.998	0.261	0.283	0.234	0	0	0
0	0.745	0	8.225	0.247	0.405	0.242	0	0	0
0	1.675	0	8.384	0.237	0.803	0.278	0	0	0
0	2.622	0	8.42	0.229	0	0.286	0	0	0
0	2.883	0	8.298	0.215	0	0.349	0	0	0
0	3.147	0	7.988	0.195	0	0.664	0	0	0
0	3.394	0	7.341	0.181	0	2.251	0	0	0
0	3.611	0	6.511	0.171	0	2.808	0	0	0
0	3.884	0	5.83	0.164	0	2.979	0	0	0
0	4.175	0	5.283	0.168	0	3.274	0	0	0
0	4.211	0	4.81	0.171	0	3.54	0	0	0
0	4.233	0	4.238	0.168	0	3.757	0	0	0
0	4.26	0	3.657	0.166	0	3.987	0	0	0
0	4.294	0	3.132	0.166	0	4.194	0	0	0
0	4.299	0	2.419	0.164	0	4.319	0	0	0
0	4.265	0	1.821	0.166	0	4.37	0	0	0
0	4.187	0	1.353	0.166	0	4.397	0	0	0
0	4.043	0	0.962	0.166	0	4.421	0	0	0
0	3.655	0	0.64	0.166	0	4.434	0	0	0
0	3.308	0	0.537	0.166	0	4.49	0	0	0
0	2.976	0	0.503	0.164	0	4.424	0	0	0
0	2.471	0	0.476	0.166	0	4.285	0	0	0
0	2.063	0	0.415	0.161	0	4.06	0	0	0
0	1.785	0	0.288	0.166	0	3.777	0	0	0
0	1.472	0	0.266	0.168	0	3.472	0	0	0
0	1.111	0	0.261	0.166	0	3.13	0	0	0
0	0.896	0	0.249	0.164	0	2.632	0	0	0
0	0.752	0	0.244	0.164	0	2.09	0	0	0
0	0.693	0	0.239	0.171	0	1.697	0	0	0
0	0.566	0	0.247	0.176	0	1.392	0	0	0
0	0.479	0	0.261	0.173	0	1.035	0	0	0
0	0.374	0	0.217	0.168	0	0.808	0	0	0
0	0.305	0	0.173	0.195	0	0.586	0	0	0
0	0.261	0	0.166	0.281	0	0.549	0	0	0
0	0.239	0	0.168	0.386	0	0.481	0	0	0
0	0.212	0	0.173	0.435	0	0.427	0	0	0
0	0.225	0	0.176	0.51	0	0.417	0	0	0
0	0.21	0	0.168	0.706	0	0.403	0	0	0
0	0.208	0	0.168	0.874	0	0.408	0	0	0
0	0.2	0	0.166	1.172	0	0.356	0	0	0
0	0.205	0	0.171	1.643	0	0.347	0	0	0
0	0.198	0	0.171	2.058	0	0.344	0	0	0
0	0.203	0	0.168	2.522	0	0.33	0	0	0
0	0.203	0	0.168	3.04	0	0.322	0	0	0
0	0.208	0	0.168	3.547	0	0.332	0	0	0
0	0.203	0	0.166	3.975	0	0.342	0	0	0
0	0.205	0	0.168	4.265	0	0.325	0	0	0
0	0.205	0	0.149	4.546	0	0.261	0	0	0
0	0.205	0	0.173	4.714	0	0.237	0	0	0
0	0.21	0	0.186	4.912	0	0.234	0	0	0
0	0.212	0	0.186	5.039	0	0.232	0	0	0
0	0.21	0	0.186	5.024	0	0.229	0	0	0
0	0.205	0	0.186	5.017	0	0.229	0	0	0
0	0.205	0	0.181	5.044	0	0.232	0	0	0
0	0.205	0	0.183	5.066	0	0.232	0	0	0
0	0.212	0	0.21	5.054	0	0.232	0	0	0
0	0.215	0	0.254	4.924	0	0.229	0	0	0
0	0.212	0	0.271	4.788	0	0.229	0	0	0
0	0.21	0	0.286	4.604	0	0.229	0	0	0
0	0.21	0	0.303	4.385	0	0.229	0	0	0
0	0.208	0	0.322	4.058	0	0.229	0	0	0
0	0.208	0	0.33	3.784	0	0.232	0	0	0
0	0.208	0	0.32	3.467	0	0.232	0	0	0
0	0.21	0	0.303	3.159	0	0.229	0	0	0
0	0.208	0	0.386	2.874	0	0.229	0	0	0
0	0.205	0	0.581	2.566	0	0.229	0	0	0
0	0.208	0	0.718	2.156	0	0.232	0	0	0
0	0.215	0	0.754	1.899	0	0.234	0	0	0
0	0.212	0	0.791	1.58	0	0.234	0	0	0
0	0.205	0	0.876	1.287	0	0.229	0	0	0
0	0.205	0	0.894	1.101	0	0.232	0	0	0
0	0.203	0	0.93	0.935	0	0.229	0	0	0
0	0.205	0	1.042	0.725	0	0.229	0	0	0
0	0.208	0	1.162	0.535	0	0.232	0	0	0
0	0.208	0	1.362	0.425	0	0.232	0	0	0
0	0.2	0	1.489	0.369	0	0.229	0	0	0
0	0.198	0	1.611	0.366	0	0.239	0	0	0
0	0.2	0	1.729	0.342	0	0.286	0	0	0
0	0.203	0	1.799	0.312	0	0.315	0	0	0
0	0.208	0	1.824	0.303	0	0.403	0	0	0
0	0.21	0	1.855	0.298	0	0.51	0	0	0
0	0.212	0	1.87	0.288	0	0.662	0	0	0
0	0.205	0	1.887	0.249	0	0.803	0	0	0
0	0.205	0	1.875	0.234	0	0.979	0	0	0
0	0.203	0	1.863	0.256	0	1.16	0	0	0
0	0.21	0	1.875	0.276	0	1.379	0	0	0
0	0.22	0	1.904	0.303	0	1.777	0	0	0
0	0.22	0	1.929	0.288	0	2.131	0	0	0
0	0.217	0	1.921	0.266	0	2.397	0	0	0
0	0.22	0	1.938	0.261	0	2.686	0	0	0
0	0.22	0	1.936	0.251	0	2.805	0	0	0
0	0.217	0	1.877	0	0	2.888	0	0	0
0	0.232	0	1.785	0	0	3.022	0	0	0
0	0.234	0	1.624	0	0	3.125	0	0	0
0	0.239	0	1.448	0	0	3.142	0	0	0
0	0.234	0	1.294	0	0	3.147	0	0	0
0	0.227	0	1.169	0	0	3.191	0	0	0
0	0.273	0	1.045	0	0	3.159	0	0	0
0	0.364	0	0.862	0	0	3.127	0	0	0
0	0.554	0	0.698	0	0	3.11	0	0	0
0	0.63	0	0.53	0	0	3.062	0	0	0
0	0.718	0	0.398	0	0	2.935	0	0	0
0	0.857	0	0.349	0	0	2.795	0	0	0
0	0.964	0	0.317	0	0	2.654	0	0	0
0	1.077	0	0.303	0	0	2.48	0	0	0
0	1.152	0	0.278	0	0	2.307	0	0	0
0	1.233	0	0.269	0	0	2.161	0	0	0
0	1.392	0	0.266	0	0	2.026	0	0	0
0	1.575	0	0.249	0	0	1.88	0	0	0
0	1.721	0	0.247	0	0	1.694	0	0	0
0	1.904	0	0.232	0	0	1.533	0	0	0
0	2.041	0	0.229	0	0	1.382	0	0	0
0	2.095	0	0.227	0	0	1.199	0	0	0
0	2.139	0	0.186	0	0	0.996	0	0	0
0	2.17	0	0.151	0	0	0.737	0	0	0
0	2.178	0	0.142	0	0	0.574	0	0	0
0	2.161	0	0.139	0	0	0.466	0	0	0
0	2.175	0	0.146	0	0	0.435	0	0	0
0	2.163	0	0.146	0	0	0.42	0	0	0
0	2.119	0	0.142	0	0	0.4	0	0	0
0	2.043	0	0.144	0	0	0.366	0	0	0
0	1.924	0	0.146	0	0	0.339	0	0	0
0	1.731	0	0.149	0	0	0.291	0	0	0
0	1.567	0	0.171	0	0	0.273	0	0	0
0	1.384	0	0	0	0	0.266	0	0	0
0	1.245	0	0	0	0	0.271	0	0	0
0	1.123	0	0	0	0	0.273	0	0	0
0	0.952	0	0	0	0	0.256	0	0	0
0	0.708	0	0	0	0	0	0	0	0
0	0.53	0	0	0	0	0	0	0	0
0	0.422	0	0	0	0	0	0	0	0
0	0.371	0	0	0	0	0	0	0	0
0	0.349	0	0	0	0	0	0	0	0
0	0.308	0	0	0	0	0	0	0	0
0	0.305	0	0	0	0	0	0	0	0
0	0.271	0	0	0	0	0	0	0	0
0	0.266	0	0	0	0	0	0	0	0
0	0.261	0	0	0	0	0	0	0	0
0	0.276	0	0	0	0	0	0	0	0
0	0.276	0	0	0	0	0	0	0	0
0	0.261	0	0	0	0	0	0	0	0
0	0.242	0	0	0	0	0	0	0	0
0	0.222	0	0	0	0	0	0	0	0
0	0.217	0	0	0	0	0	0	0	0
0	0.217	0	0	0	0	0	0	0	0
0	0.22	0	0	0	0	0	0	0	0
0	0.217	0	0	0	0	0	0	0	0
0	0.215	0	0	0	0	0	0	0	0
0	0.217	0	0	0	0	0	0	0	0
0	0.212	0	0	0	0	0	0	0	0
0	0.217	0	0	0	0	0	0	0	0
0	0.222	0	0	0	0	0	0	0	0
0	0.215	0	0	0	0	0	0	0	0
0	0.215	0	0	0	0	0	0	0	0
0	0.215	0	0	0	0	0	0	0	0
0	0.217	0	0	0	0	0	0	0	0
0	0.217	0	0	0	0	0	0	0	0
0	0.222	0	0	0	0	0	0	0	0
0	0.225	0	0	0	0	0	0	0	0
0	0.222	0	0	0	0	0	0	0	0
0	0.22	0	0	0	0	0	0	0	0
0	0.208	0	0	0	0	0	0	0	0
0	0.208	0	0	0	0	0	0	0	0
0	0.21	0	0	0	0	0	0	0	0
0	0.217	0	0	0	0	0	0	0	0
0	0.22	0	0	0	0	0	0	0	0
0	0.212	0	0	0	0	0	0	0	0
0	0.21	0	0	0	0	0	0	0	0
0	0.212	0	0	0	0	0	0	0	0
0	0.215	0	0	0	0	0	0	0	0
0	0.21	0	0	0	0	0	0	0	0
0	0.205	0	0	0	0	0	0	0	0
0	0.205	0	0	0	0	0	0	0	0
