0.151	0.122	0.085	0.105	0.127	0.151	0.154	1.006	0.195	0.205
0.149	0.273	0.085	0.105	0.127	0.146	0.154	0.845	0.198	0.205
0.176	0.762	0.083	0.105	0.127	0.149	0.181	0.796	0.2	0.203
0.222	1.086	0.083	0.107	0.127	0.212	0.308	0.796	0.208	0.239
0.43	1.125	0.105	0.244	0.132	1.912	0.879	0.82	0.286	0.413
0.73	1.101	0.193	0.525	0.137	3.018	1.167	0.852	0.891	0.859
0.906	1.077	0.664	0.798	0.339	1.982	1.072	0.872	1.56	1.145
0.925	1.038	1.289	0.896	1.187	1.15	0.903	0.847	1.272	1.135
0.925	1.025	1.323	0.928	1.646	0.923	0.859	0.85	0.942	1.113
0.911	0.986	1.157	0.925	1.479	0.903	0.852	0.835	0.823	1.106
0.901	0.967	1.094	0.908	1.323	0.945	0.859	0.828	0.803	1.072
0.886	0.947	1.086	0.862	1.287	1.038	0.859	0.813	0.806	1.057
0.894	0.928	1.086	0.85	1.279	1.104	0.872	0.771	0.803	1.003
0.898	0.906	1.101	0.859	1.284	1.13	0.867	0.725	0.811	0.999
0.903	0.879	1.074	0.825	1.335	1.15	0.859	0.713	0.818	0.989
0.906	0.83	1.082	0.798	1.367	1.14	0.85	0.583	0.83	0.989
0.913	0.789	1.089	0.811	1.389	1.13	0.833	0.459	0.82	0.964
0.93	0.681	1.064	0.85	1.426	1.091	0.835	0.415	0.767	0.945
0.906	0.54	1.045	0.85	1.416	0.974	0.818	0.327	0.723	0.925
0.847	0.444	1.003	0.818	1.34	0.828	0.762	0.19	0.662	0.85
0.759	0.354	0.923	0.72	1.201	0.659	0.715	0.144	0.64	0.732
0.635	0.305	0.872	0.625	1.072	0.488	0.598	0.12	0.554	0.591
0.483	0.244	0.825	0.532	0.994	0.432	0.498	0.115	0.479	0.496
0.466	0.161	0.698	0.427	0.74	0.364	0.42	0.112	0.391	0.42
0.327	0.127	0.603	0.378	0.576	0.322	0.396	0.107	0.349	0.41
0.234	0.117	0.513	0.291	0.43	0.222	0.264	0.11	0.288	0.288
0.181	0.115	0.427	0.195	0.291	0.181	0.181	0.112	0.22	0.225
0.164	0.117	0.325	0.132	0.234	0.146	0.156	0.115	0.203	0.212
0.161	0.115	0.3	0.1	0.176	0.137	0.149	0.122	0.198	0.21
0.161	0.117	0.208	0.093	0.156	0.139	0.149	0.195	0.195	0.212
0.159	0.117	0.115	0.093	0.146	0.139	0.151	0.227	0.193	0.212
0.154	0.117	0.09	0.093	0.149	0.139	0.151	0.276	0.19	0.21
0.151	0.117	0.083	0.093	0.149	0.132	0.149	0.459	0.19	0.21
0.159	0.115	0.083	0.085	0.134	0.132	0.146	0.527	0.193	0.208
0.161	0.115	0.083	0.088	0.129	0.129	0.144	0.549	0.19	0.208
0.161	0.139	0.083	0.09	0.134	0.132	0.146	0.562	0.19	0.21
0.159	0.154	0.088	0.093	0.132	0.193	0.151	0.559	0.19	0.21
0.156	0.229	0.088	0.093	0.132	0.256	0.149	0.559	0.19	0.208
0.156	0.281	0.09	0.093	0.132	0.374	0.151	0.559	0.19	0.205
0.156	0.288	0.088	0.09	0.142	0.591	0.149	0.566	0.19	0.203
0.159	0.33	0.088	0.088	0.139	0.618	0.149	0.564	0.188	0.205
0.159	0.347	0.09	0.088	0.134	0.635	0.149	0.566	0.186	0.208
0.159	0.347	0.09	0.088	0.132	0.654	0.151	0.569	0.183	0.208
0.156	0.339	0.088	0.088	0.132	0.662	0.154	0.596	0.188	0.205
0.156	0.334	0.085	0.088	0.132	0.657	0.151	0.61	0.276	0.203
0.159	0.33	0.085	0.083	0.134	0.662	0.146	0.62	0.383	0.203
0.159	0.342	0.088	0.083	0.134	0.676	0.146	0.627	0.481	0.208
0.161	0.352	0.144	0.085	0.134	0.681	0.149	0.635	0.449	0.266
0.159	0.364	0.156	0.088	0.134	0.693	0.151	0.625	0.43	0.259
0.156	0.374	0.164	0.081	0.134	0.715	0.151	0.613	0.42	0.259
0.156	0.378	0.195	0.081	0.137	0.71	0.146	0.605	0.417	0.261
0.159	0.376	0.222	0.076	0.139	0.71	0.159	0.618	0.415	0.315
0.161	0.369	0.286	0.078	0.142	0.723	0.203	0.61	0.41	0.347
0.164	0.369	0.31	0.081	0.142	0.745	0.269	0.591	0.41	0.369
0.166	0.366	0.325	0.085	0.173	0.735	0.515	0.532	0.413	0.391
0.146	0.364	0.371	0.088	0.208	0.72	0.662	0.469	0.422	0.427
0.139	0.369	0.356	0.085	0.215	0.725	0.647	0.369	0.427	0.437
0.142	0.361	0.352	0.088	0.31	0.72	0.649	0.288	0.435	0.454
0.144	0.374	0.371	0.11	0.369	0.679	0.645	0.281	0.437	0.474
0.166	0.378	0.374	0.129	0.43	0.615	0.652	0.237	0.444	0.483
0.19	0.383	0.4	0.171	0.471	0.552	0.654	0.168	0.452	0.476
0.232	0.388	0.415	0.234	0.486	0.535	0.657	0.188	0.469	0.479
0.225	0.374	0.422	0.266	0.508	0.496	0.657	0.151	0.486	0.486
0.288	0.344	0.444	0.295	0.552	0.474	0.654	0.125	0.505	0.479
0.315	0.315	0.471	0.293	0.588	0.442	0.652	0.117	0.522	0.51
0.376	0.308	0.488	0.303	0.593	0.396	0.659	0.112	0.554	0.513
0.388	0.291	0.496	0.31	0.613	0.339	0.654	0.112	0.566	0.527
0.371	0.303	0.498	0.317	0.618	0.273	0.654	0.11	0.574	0.535
0.369	0.293	0.496	0.334	0.62	0.212	0.647	0.112	0.576	0.535
0.366	0.198	0.5	0.33	0.62	0.193	0.647	0.115	0.583	0.549
0.42	0.168	0.505	0.325	0.635	0.22	0.676	0.112	0.581	0.549
0.435	0.173	0.513	0.344	0.64	0.173	0.688	0.11	0.601	0.566
0.447	0.137	0.522	0.359	0.662	0.146	0.691	0.11	0.623	0.576
0.459	0.117	0.515	0.383	0.642	0.139	0.686	0.112	0.62	0.574
0.471	0.11	0.486	0.405	0.64	0.137	0.674	0.115	0.613	0.564
0.471	0.103	0.432	0.425	0.654	0.137	0.635	0.115	0.593	0.564
0.474	0.105	0.359	0.432	0.664	0.142	0.574	0.115	0.564	0.559
0.471	0.11	0.281	0.439	0.681	0.139	0.532	0.112	0.52	0.542
0.471	0.107	0.251	0.444	0.686	0.137	0.4	0.11	0.457	0.471
0.464	0.105	0.237	0.459	0.684	0.137	0.396	0.107	0.403	0.405
0.469	0.1	0.173	0.461	0.684	0.137	0.366	0.112	0.425	0.383
0.469	0.1	0.142	0.454	0.679	0.134	0.291	0.112	0.396	0.388
0.466	0.098	0.159	0.464	0.667	0.132	0.217	0.112	0.31	0.359
0.461	0.1	0.12	0.483	0.632	0.127	0.21	0.11	0.222	0.308
0.459	0.105	0.107	0.491	0.596	0.129	0.198	0.11	0.205	0.244
0.459	0.098	0.1	0.493	0.522	0.134	0.166	0.107	0.198	0.234
0.454	0.098	0.1	0.471	0.457	0.134	0.156	0.11	0.2	0.212
0.454	0.093	0.105	0.459	0.442	0.134	0.154	0.317	0.2	0.208
0.447	0.095	0.105	0.452	0.393	0.137	0.151	0.854	0.198	0.21
0.432	0.098	0.103	0.415	0.337	0.137	0.151	0.808	0.193	0.21
0.41	0.105	0.103	0.366	0.291	0.137	0.154	0.547	0.19	0.21
0.388	0.103	0.105	0.295	0.251	0.134	0.154	0.447	0.193	0.208
0.371	0.1	0.1	0.244	0.181	0.146	0.156	0.432	0.195	0.205
0.352	0.1	0.103	0.291	0.168	1.294	0.154	0.435	0.195	0.208
0.327	0.098	0.1	0.234	0.173	0.957	0.151	0.447	0.193	0.21
0.347	0.098	0.1	0.171	0.164	0.464	0.154	0.442	0.19	0.21
0.33	0.1	0.1	0.146	0.146	0.327	0.156	0.437	0.195	0.21
0.288	0.105	0.1	0.161	0.142	0.308	0.156	0.437	0.193	0.208
0.227	0.247	0.103	0.103	0.134	0.334	0.156	0.435	0.198	0.205
0.215	0.432	0.103	0.085	0.134	0.332	0.151	0.43	0.198	0.205
0.249	0.322	0.1	0.078	0.132	0.332	0.154	0.415	0.198	0.208
0.198	0.276	0.103	0.078	0.122	0.339	0.813	0.383	0.195	0.21
0.173	0.259	0.103	0.09	0.11	0.356	1.321	0.291	0.195	0.215
0.164	0.249	0.747	0.081	0.107	0.366	0.73	0.244	0.254	1.663
0.161	0.247	1.667	0.078	0.11	0.369	0.444	0.22	1.809	2.073
0.161	0.251	1.135	0.078	0.122	0.371	0.403	0.205	2.473	0.911
0.164	0.244	0.693	0.078	0.125	0.366	0.405	0.161	1.406	0.527
0.161	0.234	0.601	0.083	0.127	0.317	0.422	0.134	0.979	0.447
0.156	0.229	0.579	0.085	0.127	0.225	0.432	0.112	0.886	0.437
0.151	0.232	0.552	0.085	0.127	0.19	0.447	0.129	0.889	0.476
0.134	0.225	0.535	0.088	0.122	0.171	0.452	0.115	0.884	0.518
0.127	0.229	0.527	0.088	0.129	0.176	0.454	0.112	0.894	0.583
0.125	0.229	0.532	0.085	0.581	0.183	0.447	0.107	0.896	0.632
0.125	0.229	0.532	0.088	1.306	0.156	0.439	0.09	0.891	0.652
0.132	0.229	0.554	0.105	0.779	0.139	0.405	0.083	0.891	0.657
0.19	0.208	0.547	0.869	0.43	0.134	0.352	0.081	0.884	0.642
0.251	0.19	0.544	1.003	0.339	0.129	0.288	0.083	0.845	0.62
0.244	0.171	0.547	0.486	0.325	0.142	0.232	0.078	0.828	0.525
0.247	0.156	0.505	0.381	0.322	0.159	0.203	0.083	0.764	0.415
0.264	0.159	0.42	0.369	0.317	0.144	0.173	0.085	0.552	0.361
0.271	0.178	0.305	0.393	0.322	0.134	0.171	0.083	0.444	0.325
0.264	0.156	0.247	0.403	0.322	0.132	0.173	0.083	0.317	0.286
0.271	0.146	0.203	0.435	0.325	0.129	0.161	0.085	0.256	0.232
0.269	0.144	0.149	0.422	0.33	0.125	0.154	0.088	0.259	0.237
0.273	0.107	0.115	0.427	0.327	0.125	0.151	0.09	0.239	0.217
0.273	0.095	0.127	0.427	0.286	0.127	0.156	0.083	0.22	0.21
0.269	0.09	0.103	0.435	0.298	0.129	0.156	0.083	0.203	0.21
0.264	0.09	0.088	0.41	0.308	0.129	0.159	0.083	0.198	0.208
0.256	0.088	0.085	0.383	0.271	0.127	0.156	0.083	0.2	0.208
0.251	0.088	0.083	0.312	0.205	0.122	0.151	0.088	0.2	0.205
0.234	0.09	0.088	0.225	0.156	0.122	0.149	0.088	0.198	0.205
0.19	0.088	0.098	0.195	0.173	0.125	0.149	0.081	0.195	0.208
0.195	0.095	0.093	0.171	0.151	0.125	0.156	0.078	0.19	0.208
0.19	0.1	0.085	0.151	0.134	0.125	0.156	0.073	0.193	0.205
0.181	0.107	0.078	0.173	0.132	0.122	0.154	0.076	0.195	0.208
0.203	0.107	0.081	0.137	0.132	0.122	0.151	0.088	0.195	0.205
0.186	0.103	0.078	0.125	0.127	0.122	0.149	0.083	0.195	0.205
0.166	0.107	0.078	0.122	0.127	0.125	0.151	0.093	0.195	0.208
0.161	0.11	0.078	0.129	0.127	0.122	0.154	0.081	0.19	0.208
0.161	0.107	0.076	0.127	0.122	0.127	0.154	0.076	0.193	0.203
0.164	0.105	0.081	0.125	0.122	0.127	0.154	0.095	0.193	0.2
0.159	0.107	0.083	0.122	0.122	0.125	0.151	0.105	0.19	0.2
0.161	0.107	0.088	0.122	0.132	0.127	0.151	0.093	0.188	0.203
0.164	0.107	0.088	0.122	0.127	0.129	0.151	0.088	0.19	0.203
0.164	0.107	0.09	0.127	0.125	0.127	0.154	0.115	0.19	0.205
0.161	0.11	0.085	0.127	0.125	0.127	0.154	0.125	0.193	0.205
0.164	0.11	0.083	0.127	0.129	0.125	0.154	0.132	0.193	0.208
0.166	0.11	0.078	0.125	0.125	0.125	0.151	0.159	0.193	0.208
0.166	0.11	0.078	0.117	0.125	0.129	0.149	0.132	0.19	0.21
0.166	0.112	0.081	0.12	0.127	0.132	0.154	0.132	0.19	0.212
0.164	0.112	0.083	0.122	0.125	0.132	0.154	0.129	0.193	0.212
0.161	0.107	0.083	0.12	0.125	0.132	0.156	0.129	0.195	0.21
0.161	0.105	0.085	0.117	0.127	0.127	0.151	0.132	0.195	0.208
0.164	0.1	0.103	0.105	0.125	0.129	0.151	0.134	0.193	0.21
0.166	0.105	0.105	0.105	0.132	0.125	0.151	0.134	0.195	0.212
0.166	0.107	0.107	0.125	0.129	0.122	0.154	0.132	0.193	0.21
0.166	0.11	0.103	0.127	0.12	0.122	0.154	0.129	0.19	0.212
0.166	0.107	0.103	0.127	0.117	0.122	0.154	0.132	0.188	0.212
0.164	0.107	0.1	0.125	0.122	0.117	0.154	0.132	0.193	0.21
0.166	0.107	0.098	0.12	0.12	0.117	0.151	0.137	0.195	0.208
0.173	0.107	0.095	0.12	0.122	0.117	0.149	0.134	0.193	0.212
0.171	0.107	0.098	0.12	0.125	0.125	0.151	0.134	0.188	0.212
0.171	0.105	0.095	0.122	0.117	0.122	0.154	0.129	0.188	0.21
0.171	0.11	0.095	0.125	0.112	0.12	0.154	0.129	0.19	0.208
0.168	0.105	0.093	0.125	0.11	0.112	0.151	0.132	0.193	0.203
0.171	0.105	0.093	0.122	0.115	0.103	0.149	0.134	0.195	0.203
0.171	0.105	0.09	0.122	0.115	0.1	0.149	0.134	0.195	0.21
0.173	0.107	0.098	0.125	0.112	0.103	0.151	0.132	0.19	0.21
0.173	0.107	0.088	0.125	0.115	0.1	0.151	0.129	0.193	0.212
0.166	0.112	0.098	0.125	0.11	0.1	0.156	0.129	0.195	0.208
0.166	0.11	0.098	0.12	0.11	0.093	0.154	0.129	0.193	0.208
0.168	0.107	0.1	0.122	0.11	0.112	0.149	0.129	0.193	0.208
0.173	0.107	0.103	0.12	0.112	0.122	0.149	0.132	0.193	0.21
0.171	0.107	0.105	0.122	0.115	0.125	0.151	0.134	0.19	0.215
0.171	0.11	0.105	0.125	0.117	0.125	0.151	0.129	0.19	0.215
0.171	0.107	0.103	0.125	0.117	0.125	0.154	0.127	0.193	0.21
0.168	0.107	0.103	0.12	0.12	0.125	0.151	0.132	0.19	0.21
0.168	0.105	0.1	0.1	0.122	0.12	0.149	0.134	0.193	0.21
0.168	0.107	0.098	0.103	0.125	0.11	0.149	0.129	0.19	0.212
0.171	0.107	0.098	0.105	0.125	0.115	0.151	0.132	0.186	0.212
0.166	0.11	0.093	0.107	0.122	0.122	0.151	0.127	0.188	0.21
0.166	0.105	0.09	0.105	0.12	0.125	0.151	0.127	0.193	0.205
0.164	0.103	0.085	0.112	0.12	0.122	0.149	0.129	0.195	0.203
0.166	0.098	0.083	0.115	0.127	0.122	0.146	0.127	0.193	0.203
0.166	0.105	0.09	0.107	0.125	0.125	0.146	0.127	0.19	0.208
0.171	0.11	0.088	0.103	0.12	0.125	0.146	0.125	0.19	0.208
0.168	0.107	0.093	0.107	0.117	0.125	0.149	0.125	0.193	0.208
0.164	0.105	0.098	0.112	0.11	0.125	0.151	0.125	0.269	0.205
0.161	0.107	0.1	0.105	0.107	0.127	0.151	0.12	0.193	0.203
0.161	0.1	0.098	0.105	0.117	0.125	0.149	0.127	0.198	0.205
0.164	0.103	0.1	0.1	0.117	0.125	0.149	0.122	0.195	0.208
0.166	0.105	0.103	0.103	0.117	0.125	0.149	0.125	0.195	0.208
0.164	0.105	0.103	0.11	0.112	0.122	0.154	0.125	0.195	0.208
0.161	0.105	0.1	0.115	0.112	0.117	0.154	0.127	0.195	0.205
0.161	0.103	0.095	0.117	0.115	0.117	0.151	0.125	0.198	0.205
0.164	0.112	0.098	0.115	0.117	0.12	0.149	0.127	0.2	0.205
0.164	0.112	0.098	0.112	0.117	0.129	0.149	0.112	0.2	0.208
0.164	0.117	0.1	0.105	0.117	0.132	0.151	0.103	0.198	0.21
0.164	0.117	0.105	0.107	0.117	0.129	0.154	0.105	0.198	0.208
0.161	0.117	0.1	0.105	0.117	0.129	0.154	0.122	0.198	0.205
0.159	0.115	0.1	0.105	0.117	0.127	0.154	0.129	0.2	0.203
0.161	0.112	0.098	0.103	0.117	0.129	0.151	0.129	0.2	0.205
0.166	0.115	0.1	0.095	0.112	0.132	0.151	0.132	0.198	0.208
0.168	0.115	0.105	0.093	0.11	0.134	0.151	0.129	0.195	0.205
0.166	0.117	0.103	0.098	0.105	0.132	0.156	0.129	0.198	0.205
0.164	0.115	0.1	0.09	0.103	0.129	0.156	0.132	0.198	0.205
0.159	0.11	0.1	0.088	0.098	0.129	0.154	0.132	0.2	0.203
0.146	0.112	0.098	0.088	0.098	0.129	0.151	0.132	0.2	0.203
0.139	0.11	0.1	0.09	0.098	0.129	0.151	0.129	0.2	0.205
0.142	0.115	0.107	0.09	0.095	0.134	0.151	0.127	0.198	0.208
0.142	0.105	0.107	0.105	0.09	0.129	0.154	0.127	0.2	0.205
0.144	0.107	0.107	0.107	0.088	0.127	0.154	0.129	0.198	0.205
0.144	0.107	0.1	0.107	0.088	0.127	0.154	0.132	0.198	0.203
0.142	0.107	0.1	0.105	0.093	0.127	0.151	0.137	0.203	0.205
0.137	0.107	0.1	0.1	0.112	0.127	0.151	0.134	0.198	0.208
0.154	0.112	0.1	0.095	0.115	0.132	0.151	0.129	0.195	0.21
0.159	0.11	0.103	0.103	0.115	0.132	0.154	0.127	0.195	0.21
0.161	0.107	0.105	0.105	0.12	0.129	0.156	0.129	0.198	0.208
0.161	0.107	0.1	0.105	0.12	0.127	0.154	0.129	0.2	0.205
0.159	0.11	0.098	0.103	0.115	0.127	0.149	0.127	0.203	0.208
0.159	0.1	0.098	0.103	0.129	0.129	0.149	0.129	0.203	0.21
0.161	0.105	0.098	0.1	0.125	0.132	0.149	0.127	0.203	0.21
0.159	0.103	0.095	0.103	0.125	0.129	0.151	0.125	0.203	0.21
0.156	0.103	0.093	0.103	0.122	0.127	0.154	0.12	0.2	0.208
0.159	0.098	0.088	0.1	0.127	0.125	0.151	0.127	0.203	0.205
0.164	0.098	0.095	0.098	0.125	0.129	0.149	0.127	0.205	0.208
0.164	0.098	0.095	0.098	0.125	0.127	0.149	0.127	0.205	0.208
0.161	0.1	0.098	0.1	0.125	0.132	0.151	0.122	0.2	0.21
0.156	0.103	0.1	0.103	0.125	0.132	0.154	0.122	0.2	0.208
0.154	0.105	0.1	0.103	0.122	0.129	0.151	0.12	0.203	0.205
0.151	0.1	0.098	0.103	0.12	0.125	0.151	0.117	0.205	0.203
0.154	0.105	0.098	0.103	0.115	0.125	0.149	0.129	0.205	0.205
0.159	0.107	0.098	0.1	0.112	0.127	0.151	0.137	0.2	0.208
0.159	0.103	0.098	0.1	0.107	0.129	0.151	0.137	0.164	0.21
0.159	0.105	0.098	0.1	0.103	0.129	0.151	0.137	0.151	0.208
0.154	0.1	0.098	0.1	0.105	0.132	0.154	0.137	0.166	0.208
0.156	0.09	0.095	0.1	0.107	0.127	0.149	0.137	0.176	0.205
0.156	0.1	0.09	0.098	0.105	0.129	0.149	0.139	0.173	0.205
0.156	0.112	0.098	0.098	0.12	0.129	0.149	0.144	0.173	0.208
0.156	0.117	0.1	0.095	0.117	0.129	0.151	0.142	0.173	0.21
0.154	0.117	0.098	0.1	0.122	0.129	0.154	0.139	0.178	0.21
0.149	0.117	0.095	0.1	0.122	0.129	0.154	0.142	0.181	0.21
0.149	0.117	0.095	0.1	0.12	0.125	0.154	0.142	0.183	0.21
0.156	0.115	0.1	0.1	0.125	0.127	0.151	0.146	0.186	0.212
0.159	0.112	0.105	0.103	0.125	0.127	0.149	0.142	0.181	0.215
0.161	0.115	0.105	0.105	0.127	0.132	0.151	0.144	0.178	0.215
0.159	0.112	0.103	0.107	0.122	0.132	0.156	0.142	0.181	0.215
0.156	0.11	0.103	0.107	0.122	0.132	0.156	0.142	0.183	0.212
0.154	0.107	0.095	0.103	0.122	0.129	0.151	0.142	0.183	0.212
0.154	0.107	0.093	0.1	0.125	0.129	0.149	0.144	0.181	0.212
0.159	0.112	0.095	0.098	0.127	0.129	0.149	0.142	0.178	0.212
0.159	0.115	0.095	0.1	0.129	0.132	0.154	0.142	0.176	0.215
0.159	0.12	0.095	0.105	0.127	0.132	0.151	0.139	0.176	0.212
0.156	0.122	0.095	0.11	0.127	0.129	0.151	0.139	0.178	0.212
0.154	0.12	0.088	0.105	0.132	0.129	0.151	0.142	0.181	0.21
0.156	0.117	0.1	0.103	0.132	0.127	0.149	0.144	0.178	0.212
0.156	0.117	0.105	0.103	0.137	0.129	0.146	0.144	0.176	0.215
0.156	0.12	0.107	0.105	0.132	0.132	0.149	0.139	0.173	0.215
0.154	0.12	0.112	0.105	0.127	0.137	0.154	0.134	0.173	0.215
0.154	0.12	0.115	0.107	0.129	0.142	0.154	0.142	0.173	0.21
0.154	0.117	0.11	0.105	0.129	0.215	0.151	0.142	0.178	0.21
0.154	0.117	0.115	0.103	0.129	0.696	0.149	0.144	0.176	0.21
0.156	0.117	0.117	0.1	0.134	1.147	0.149	0.144	0.173	0.212
0.159	0.122	0.117	0.103	0.132	1.221	0.149	0.144	0.171	0.21
0.156	0.122	0.117	0.107	0.132	1.218	0.151	0.142	0.171	0.21
0.154	0.125	0.115	0.11	0.137	1.218	0.151	0.144	0.168	0.208
0.156	0.12	0.112	0.107	0.137	1.213	0.151	0.144	0.171	0.208
0.159	0.122	0.112	0.105	0.139	1.194	0.149	0.142	0.173	0.208
0.159	0.122	0.112	0.103	0.137	1.24	0.149	0.139	0.171	0.21
0.156	0.125	0.115	0.107	0.137	1.267	0.151	0.137	0.173	0.212
0.146	0.125	0.12	0.105	0.132	1.301	0.154	0.134	0.173	0.212
0.134	0.125	0.117	0.103	0.129	1.296	0.156	0.137	0.176	0.21
0.137	0.127	0.11	0.103	0.134	1.323	0.154	0.142	0.178	0.21
0.142	0.12	0.107	0.1	0.139	1.362	0.149	0.144	0.176	0.21
0.144	0.12	0.107	0.103	0.137	1.375	0.149	0.142	0.176	0.212
0.146	0.122	0.105	0.105	0.137	1.375	0.151	0.139	0.173	0.212
0.146	0.125	0.105	0.105	0.134	1.37	0.151	0.137	0.176	0.212
0.142	0.122	0.095	0.105	0.134	1.36	0.154	0.12	0.176	0.21
0.142	0.12	0.098	0.103	0.139	1.338	0.151	0.115	0.178	0.208
0.146	0.12	0.1	0.1	0.137	1.248	0.151	0.115	0.181	0.21
0.146	0.12	0.103	0.1	0.137	1.052	0.151	0.112	0.173	0.212
0.149	0.12	0.103	0.1	0.134	0.847	0.151	0.112	0.168	0.212
0.146	0.125	0.103	0.1	0.129	0.747	0.154	0.112	0.168	0.212
0.142	0.122	0.1	0.098	0.129	0.703	0.154	0.115	0.171	0.21
0.139	0.12	0.095	0.1	0.137	0.579	0.151	0.115	0.173	0.208
0.139	0.12	0.093	0.1	0.137	0.356	0.149	0.115	0.176	0.208
0.144	0.122	0.095	0.103	0.134	0.281	0.149	0.115	0.173	0.212
0.137	0.125	0.098	0.105	0.127	0.181	0.151	0.112	0.173	0.212
0.137	0.125	0.103	0.105	0.122	0.146	0.154	0.112	0.164	0.212
0.139	0.125	0.098	0.103	0.122	0.137	0.171	0.112	0.166	0.208
0.142	0.122	0.1	0.1	0.127	0.129	0.159	0.115	0.166	0.208
0.144	0.12	0.095	0.098	0.132	0.127	0.242	0.115	0.166	0.21
0.146	0.117	0.098	0.098	0.134	0.125	0.461	0.112	0.166	0.212
0.146	0.122	0.1	0.098	0.129	0.125	0.793	0.11	0.161	0.212
0.142	0.12	0.098	0.103	0.127	0.122	0.854	0.112	0.159	0.212
0.139	0.12	0.09	0.1	0.125	0.117	0.859	0.112	0.161	0.21
0.142	0.117	0.088	0.098	0.129	0.12	0.85	0.112	0.166	0.208
0.142	0.117	0.088	0.095	0.132	0.122	0.847	0.115	0.164	0.21
0.142	0.12	0.085	0.1	0.134	0.125	0.869	0.115	0.164	0.212
0.142	0.122	0.088	0.1	0.134	0.127	0.898	0.115	0.161	0.212
0.139	0.125	0.085	0.103	0.132	0.127	0.923	0.112	0.159	0.212
0.142	0.122	0.093	0.103	0.132	0.129	0.913	0.11	0.159	0.21
0.144	0.115	0.1	0.103	0.134	0.129	0.886	0.112	0.161	0.215
0.146	0.115	0.122	0.098	0.137	0.127	0.879	0.115	0.164	0.244
0.149	0.122	0.293	0.1	0.139	0.132	0.874	0.112	0.159	0.247
0.149	0.125	0.632	0.103	0.134	0.134	0.864	0.11	0.156	0.364
0.146	0.125	0.881	0.105	0.129	0.132	0.854	0.107	0.156	0.635
0.146	0.122	0.923	0.103	0.129	0.132	0.852	0.112	0.161	0.864
0.146	0.122	0.896	0.098	0.129	0.127	0.833	0.115	0.159	0.947
0.146	0.12	0.881	0.093	0.127	0.129	0.801	0.12	0.159	0.959
0.151	0.125	0.935	0.093	0.129	0.129	0.796	0.137	0.161	0.955
0.151	0.127	1.069	0.093	0.127	0.132	0.791	0.239	0.161	1.069
0.151	0.127	1.15	0.098	0.122	0.129	0.735	0.986	0.161	1.238
0.146	0.127	1.25	0.1	0.125	0.127	0.684	1.274	0.154	1.365
0.149	0.122	1.294	0.103	0.129	0.127	0.637	1.125	0.181	1.445
0.151	0.122	1.321	0.103	0.132	0.127	0.53	0.955	0.198	1.521
0.154	0.127	1.328	0.1	0.132	0.127	0.381	0.913	0.2	1.606
0.154	0.127	1.345	0.103	0.134	0.127	0.305	0.957	0.198	1.685
0.149	0.129	1.353	0.105	0.129	0.129	0.215	0.991	0.198	1.731
0.149	0.127	1.348	0.105	0.127	0.127	0.178	1.018	0.2	1.719
0.151	0.125	1.338	0.1	0.132	0.127	0.171	1.011	0.205	1.704
0.151	0.122	1.335	0.1	0.134	0.127	0.166	0.984	0.205	1.687
0.156	0.125	1.321	0.103	0.134	0.129	0.156	0.984	0.203	1.697
0.156	0.125	1.277	0.103	0.132	0.129	0.154	0.962	0.203	1.685
0.154	0.127	1.113	0.105	0.125	0.132	0.156	0.933	0.203	1.675
0.151	0.127	0.85	0.105	0.125	0.129	0.156	0.916	0.203	1.653
0.151	0.125	0.725	0.103	0.125	0.127	0.154	0.889	0.205	1.626
0.149	0.127	0.605	0.1	0.125	0.129	0.151	0.874	0.203	1.589
0.146	0.127	0.461	0.1	0.127	0.132	0.151	0.784	0.2	1.445
0.149	0.127	0.288	0.105	0.127	0.129	0.154	0.679	0.198	1.248
0.144	0.129	0.166	0.107	0.127	0.132	0.154	0.647	0.2	1.052
0.144	0.129	0.122	0.107	0.127	0.129	0.156	0.686	0.203	0.837
0.142	0.127	0.107	0.103	0.127	0.127	0.151	0.625	0.205	0.674
0.144	0.125	0.098	0.1	0.129	0.129	0.151	0.508	0.205	0.571
0.146	0.127	0.093	0.103	0.129	0.129	0.151	0.391	0.203	0.466
0.146	0.129	0.09	0.107	0.127	0.129	0.151	0.332	0.2	0.427
0.142	0.132	0.088	0.105	0.12	0.132	0.156	0.203	0.2	0.354
0.139	0.129	0.093	0.105	0.125	0.129	0.154	0.159	0.203	0.276
0.142	0.127	0.098	0.103	0.122	0.127	0.151	0.151	0.203	0.229
0.142	0.127	0.095	0.103	0.129	0.129	0.151	0.144	0.205	0.217
0.144	0.134	0.1	0.103	0.129	0.129	0.151	0.142	0.203	0.225
0.142	0.134	0.093	0.1	0.122	0.132	0.154	0.139	0.2	0.217
0.139	0.137	0.1	0.103	0.12	0.127	0.156	0.137	0.203	0.208
0.142	0.132	0.1	0.103	0.125	0.127	0.156	0.137	0.205	0.205
0.139	0.129	0.093	0.098	0.129	0.122	0.154	0.137	0.205	0.205
0.139	0.129	0.095	0.095	0.127	0.122	0.151	0.139	0.205	0.203
0.142	0.132	0.1	0.095	0.11	0.127	0.151	0.137	0.203	0.208
0.139	0.134	0.1	0.098	0.127	0.132	0.154	0.132	0.2	0.21
0.129	0.134	0.1	0.103	0.132	0.132	0.156	0.132	0.2	0.203
0.132	0.134	0.098	0.103	0.132	0.127	0.156	0.132	0.203	0.203
0.134	0.129	0.095	0.1	0.127	0.129	0.151	0.137	0.205	0.203
0.137	0.129	0.093	0.1	0.129	0.132	0.151	0.139	0.205	0.205
0.139	0.132	0.095	0.1	0.137	0.129	0.154	0.137	0.203	0.205
0.129	0.134	0.1	0.105	0.139	0.134	0.151	0.134	0.203	0.208
0.134	0.134	0.103	0.105	0.137	0.132	0.156	0.134	0.203	0.205
0.137	0.132	0.103	0.103	0.112	0.129	0.156	0.132	0.205	0.203
0.134	0.127	0.1	0.103	0.105	0.129	0.154	0.134	0.205	0.205
0.139	0.127	0.1	0.1	0.112	0.129	0.151	0.137	0.205	0.203
0.132	0.127	0.103	0.105	0.117	0.132	0.151	0.139	0.205	0.205
0.12	0.12	0.103	0.107	0.12	0.132	0.154	0.137	0.203	0.208
0.132	0.122	0.105	0.107	0.117	0.134	0.156	0.134	0.203	0.203
0.132	0.12	0.103	0.11	0.117	0.129	0.156	0.142	0.203	0.2
0.132	0.115	0.1	0.105	0.122	0.129	0.154	0.144	0.203	0.203
0.134	0.11	0.095	0.107	0.122	0.129	0.151	0.144	0.203	0.205
0.134	0.11	0.098	0.107	0.12	0.132	0.151	0.144	0.2	0.205
0.134	0.112	0.1	0.107	0.112	0.134	0.154	0.139	0.198	0.208
0.132	0.112	0.105	0.112	0.115	0.134	0.156	0.137	0.2	0.208
0.129	0.11	0.1	0.112	0.115	0.132	0.156	0.137	0.203	0.205
0.132	0.107	0.095	0.107	0.12	0.132	0.154	0.139	0.203	0.203
0.137	0.11	0.095	0.107	0.122	0.132	0.151	0.139	0.205	0.205
0.137	0.11	0.098	0.107	0.122	0.134	0.151	0.139	0.203	0.208
0.139	0.11	0.1	0.107	0.12	0.137	0.154	0.139	0.203	0.208
0.132	0.11	0.098	0.11	0.12	0.146	0.156	0.139	0.2	0.208
0.142	0.107	0.098	0.11	0.125	0.132	0.156	0.139	0.205	0.203
0.144	0.107	0.095	0.107	0.132	0.134	0.154	0.139	0.205	0.203
0.146	0.11	0.095	0.107	0.134	0.129	0.151	0.139	0.225	0.208
0.151	0.112	0.095	0.107	0.134	0.132	0.154	0.137	0.222	0.208
0.151	0.115	0.098	0.11	0.137	0.134	0.154	0.129	0.222	0.21
0.149	0.115	0.095	0.112	0.137	0.132	0.156	0.127	0.31	0.208
0.139	0.115	0.093	0.11	0.132	0.125	0.156	0.127	0.657	0.205
0.142	0.112	0.093	0.11	0.139	0.127	0.154	0.132	1.028	0.205
0.142	0.115	0.093	0.107	0.144	0.122	0.154	0.132	1.05	0.205
0.159	0.115	0.095	0.11	0.144	0.125	0.154	0.129	1.05	0.208
0.164	0.117	0.093	0.11	0.144	0.129	0.154	0.129	1.13	0.208
0.171	0.12	0.095	0.112	0.144	0.132	0.156	0.132	1.335	0.203
0.161	0.12	0.095	0.11	0.139	0.125	0.154	0.132	1.604	0.203
0.229	0.117	0.098	0.107	0.142	0.122	0.151	0.132	1.802	0.203
0.352	0.12	0.095	0.105	0.146	0.125	0.151	0.132	2.019	0.208
0.459	0.117	0.095	0.107	0.149	0.125	0.151	0.134	2.214	0.205
0.508	0.12	0.1	0.107	0.144	0.127	0.154	0.134	2.378	0.208
0.562	0.12	0.1	0.107	0.139	0.125	0.156	0.129	2.515	0.208
0.615	0.122	0.098	0.107	0.139	0.122	0.159	0.132	2.595	0.205
0.679	0.122	0.095	0.105	0.144	0.117	0.154	0.125	2.671	0.217
0.752	0.12	0.095	0.1	0.142	0.12	0.151	0.125	2.71	0.205
0.793	0.122	0.098	0.105	0.142	0.122	0.151	0.125	2.729	0.208
0.83	0.125	0.1	0.105	0.139	0.127	0.156	0.12	2.732	0.208
0.894	0.127	0.1	0.107	0.134	0.127	0.156	0.117	2.725	0.205
0.925	0.125	0.1	0.105	0.132	0.125	0.156	0.122	2.742	0.203
0.955	0.122	0.095	0.1	0.134	0.122	0.154	0.115	2.737	0.203
0.984	0.12	0.098	0.1	0.134	0.122	0.151	0.122	2.69	0.205
0.979	0.122	0.1	0.103	0.132	0.125	0.151	0.127	2.473	0.208
0.969	0.127	0.103	0.105	0.127	0.127	0.154	0.129	2.129	0.208
0.969	0.127	0.1	0.105	0.125	0.12	0.156	0.129	1.738	0.205
0.967	0.127	0.098	0.107	0.129	0.117	0.156	0.129	1.162	0.205
0.95	0.122	0.095	0.103	0.149	0.117	0.154	0.132	0.869	0.208
0.942	0.125	0.095	0.103	0.159	0.115	0.154	0.134	0.735	0.21
0.937	0.125	0.098	0.1	0.173	0.115	0.154	0.132	0.574	0.212
0.935	0.127	0.1	0.105	0.293	0.117	0.156	0.125	0.415	0.259
0.928	0.127	0.1	0.11	0.515	0.117	0.156	0.125	0.293	0.41
0.933	0.127	0.098	0.11	0.803	0.117	0.156	0.127	0.237	2.515
0.891	0.125	0.09	0.105	0.913	0.115	0.154	0.134	0.222	3.04
0.818	0.122	0.09	0.105	0.979	0.115	0.154	0.134	0.215	2.339
0.759	0.125	0.085	0.107	1.033	0.12	0.154	0.134	0.21	2.183
0.696	0.125	0.09	0.11	1.072	0.12	0.154	0.129	0.208	2.239
0.625	0.127	0.098	0.107	1.091	0.117	0.156	0.127	0.208	2.302
0.576	0.127	0.1	0.11	1.077	0.117	0.156	0.127	0.21	2.373
0.461	0.122	0.098	0.105	1.121	0.117	0.151	0.129	0.21	2.471
0.281	0.122	0.098	0.107	1.169	0.117	0.151	0.125	0.21	2.544
0.212	0.122	0.103	0.105	1.177	0.117	0.154	0.12	0.208	2.539
0.168	0.127	0.105	0.107	1.226	0.12	0.154	0.122	0.205	2.527
0.154	0.125	0.103	0.11	1.257	0.12	0.159	0.134	0.205	2.52
0.161	0.125	0.103	0.112	1.277	0.117	0.156	0.139	0.208	2.524
0.159	0.12	0.1	0.107	1.287	0.112	0.154	0.139	0.208	2.52
0.151	0.117	0.095	0.11	1.294	0.115	0.151	0.142	0.21	2.454
0.156	0.122	0.098	0.11	1.282	0.122	0.154	0.142	0.208	2.102
0.151	0.125	0.1	0.112	1.272	0.122	0.164	0.139	0.205	1.604
0.144	0.129	0.103	0.112	1.24	0.12	0.305	0.139	0.205	1.243
0.139	0.159	0.098	0.112	1.182	0.117	0.588	0.139	0.208	0.872
0.142	0.82	0.1	0.11	1.084	0.156	0.845	0.142	0.21	0.654
0.144	2.141	0.095	0.11	0.945	0.271	0.906	0.144	0.21	0.562
0.144	2.383	0.098	0.11	0.801	1.902	0.913	0.142	0.208	0.41
0.146	2.092	0.139	0.11	0.696	2.139	0.92	0.139	0.203	0.356
0.142	1.941	0.947	0.112	0.669	1.335	0.928	0.142	0.205	0.305
0.142	1.909	2.979	0.112	0.532	1.047	0.94	0.142	0.208	0.247
0.142	1.887	2.161	0.112	0.383	1.033	0.945	0.142	0.208	0.22
0.139	1.858	1.453	0.127	0.312	1.077	0.95	0.144	0.212	0.208
0.149	1.873	1.411	0.166	0.205	1.084	0.959	0.142	0.208	0.21
0.151	1.929	1.484	0.432	0.164	1.091	0.964	0.139	0.205	0.208
0.144	1.98	1.55	1.104	0.149	1.091	0.969	0.139	0.205	0.205
0.149	2.021	1.611	1.206	0.149	1.077	0.967	0.139	0.208	0.203
0.151	2.051	1.75	1.082	0.144	1.057	0.957	0.142	0.208	0.203
0.154	2.017	1.816	1.045	0.146	0.994	0.95	0.144	0.208	0.208
0.156	2.004	1.848	1.033	0.146	0.801	0.945	0.142	0.205	0.21
0.159	1.98	1.829	1.038	0.144	0.566	0.889	0.142	0.203	0.21
0.156	1.941	1.782	1.072	0.144	0.432	0.701	0.139	0.205	0.208
0.154	1.895	1.67	1.101	0.139	0.347	0.579	0.139	0.208	0.208
0.151	1.846	1.514	1.116	0.139	0.256	0.518	0.142	0.21	0.208
0.156	1.667	1.245	1.096	0.142	0.19	0.408	0.142	0.21	0.208
0.154	1.221	1.033	1.042	0.142	0.149	0.327	0.139	0.208	0.21
0.154	0.925	0.703	1.018	0.139	0.134	0.276	0.139	0.208	0.21
0.154	0.757	0.569	1.006	0.139	0.125	0.205	0.139	0.205	0.21
0.154	0.571	0.457	0.989	0.144	0.12	0.178	0.139	0.208	0.208
0.151	0.376	0.315	0.962	0.146	0.117	0.168	0.142	0.21	0.205
0.156	0.222	0.234	0.937	0.149	0.115	0.156	0.142	0.21	0.205
0.159	0.149	0.178	0.93	0.142	0.122	0.151	0.139	0.205	0.208
0.156	0.132	0.132	0.923	0.132	0.125	0.154	0.137	0.205	0.208
0.142	0.125	0.1	0.903	0.129	0.12	0.156	0.137	0.208	0.208
0.139	0.12	0.105	0.847	0.132	0.115	0.154	0.137	0.208	0.205
0.142	0.115	0.088	0.757	0.137	0.11	0.154	0.139	0.208	0.205
0.137	0.115	0.081	0.701	0.142	0.115	0.151	0.139	0.21	0.203
0.146	0.115	0.078	0.662	0.139	0.115	0.154	0.142	0.208	0.205
0.151	0.117	0.078	0.586	0.137	0.117	0.156	0.139	0.205	0.208
0.151	0.12	0.076	0.41	0.137	0.115	0.156	0.137	0.205	0.205
0.149	0.117	0.076	0.347	0.134	0.112	0.156	0.137	0.208	0.203
0.149	0.117	0.071	0.227	0.137	0.11	0.154	0.142	0.21	0.205
0.151	0.117	0.066	0.144	0.137	0.115	0.151	0.142	0.205	0.208
0.151	0.12	0.068	0.122	0.137	0.115	0.154	0.142	0.208	0.21
0.151	0.12	0.073	0.117	0.132	0.117	0.154	0.137	0.205	0.21
0.139	0.122	0.076	0.11	0.134	0.117	0.156	0.137	0.205	0.21
0.134	0.12	0.081	0.105	0.139	0.112	0.154	0.137	0.21	0.205
0.134	0.12	0.076	0.1	0.144	0.117	0.154	0.139	0.212	0.208
0.139	0.12	0.068	0.1	0.146	0.117	0.151	0.139	0.21	0.21
0.142	0.122	0.081	0.105	0.149	0.122	0.151	0.139	0.21	0.21
0.139	0.12	0.093	0.11	0.149	0.12	0.151	0.137	0.208	0.21
0.134	0.122	0.093	0.107	0.149	0.12	0.156	0.134	0.208	0.21
0.117	0.117	0.093	0.105	0.146	0.117	0.154	0.137	0.208	0.208
0.115	0.117	0.09	0.1	0.146	0.117	0.154	0.139	0.21	0.208
0.117	0.115	0.088	0.1	0.149	0.115	0.151	0.142	0.208	0.21
0.122	0.117	0.088	0.1	0.149	0.117	0.151	0.139	0.205	0.21
0.122	0.12	0.095	0.1	0.142	0.12	0.154	0.137	0.205	0.21
0.12	0.122	0.09	0.098	0.142	0.117	0.156	0.132	0.205	0.21
0.122	0.117	0.09	0.1	0.137	0.115	0.156	0.137	0.208	0.208
0.122	0.115	0.088	0.103	0.137	0.115	0.149	0.139	0.21	0.208
0.127	0.112	0.081	0.103	0.137	0.117	0.146	0.142	0.208	0.208
0.129	0.117	0.095	0.103	0.129	0.122	0.146	0.137	0.208	0.212
0.129	0.122	0.107	0.105	0.137	0.122	0.146	0.137	0.205	0.208
0.125	0.122	0.105	0.103	0.137	0.12	0.149	0.134	0.203	0.208
0.125	0.12	0.1	0.103	0.137	0.112	0.149	0.137	0.205	0.205
0.127	0.117	0.1	0.1	0.137	0.11	0.144	0.139	0.208	0.205
0.129	0.115	0.103	0.103	0.134	0.115	0.144	0.139	0.208	0.205
0.132	0.117	0.1	0.105	0.132	0.12	0.146	0.139	0.208	0.208
0.129	0.12	0.103	0.107	0.127	0.122	0.154	0.137	0.205	0.208
0.125	0.122	0.105	0.11	0.127	0.117	0.159	0.134	0.205	0.208
0.122	0.12	0.107	0.112	0.125	0.115	0.159	0.137	0.208	0.208
0.125	0.117	0.095	0.107	0.127	0.11	0.156	0.139	0.21	0.205
0.127	0.117	0.098	0.105	0.127	0.112	0.154	0.142	0.21	0.208
0.129	0.12	0.1	0.105	0.127	0.117	0.154	0.139	0.208	0.21
0.127	0.122	0.103	0.107	0.127	0.122	0.156	0.137	0.205	0.21
0.122	0.12	0.103	0.11	0.125	0.125	0.156	0.134	0.208	0.208
0.122	0.117	0.1	0.11	0.127	0.125	0.159	0.12	0.208	0.208
0.125	0.117	0.098	0.107	0.125	0.12	0.156	0.125	0.21	0.205
0.127	0.115	0.095	0.105	0.122	0.12	0.154	0.127	0.21	0.21
0.129	0.117	0.095	0.107	0.127	0.125	0.154	0.129	0.208	0.212
0.122	0.12	0.105	0.11	0.132	0.125	0.156	0.125	0.205	0.212
0.117	0.122	0.107	0.105	0.132	0.125	0.159	0.125	0.205	0.208
0.115	0.122	0.095	0.105	0.132	0.117	0.159	0.129	0.208	0.208
0.137	0.117	0.088	0.103	0.137	0.12	0.154	0.132	0.21	0.205
0.151	0.115	0.098	0.095	0.139	0.12	0.154	0.134	0.208	0.208
0.134	0.117	0.105	0.095	0.137	0.12	0.156	0.132	0.205	0.208
0.127	0.12	0.107	0.095	0.132	0.122	0.156	0.129	0.205	0.208
0.125	0.122	0.105	0.098	0.132	0.127	0.156	0.127	0.205	0.208
0.139	0.12	0.105	0.103	0.137	0.12	0.156	0.127	0.205	0.205
0.134	0.115	0.098	0.103	0.137	0.12	0.156	0.127	0.208	0.205
0.127	0.112	0.103	0.1	0.144	0.125	0.154	0.125	0.203	0.208
0.125	0.117	0.1	0.103	0.144	0.125	0.154	0.125	0.2	0.21
0.12	0.117	0.1	0.103	0.144	0.122	0.156	0.122	0.198	0.21
0.12	0.122	0.1	0.1	0.142	0.125	0.154	0.12	0.198	0.208
0.117	0.12	0.098	0.098	0.139	0.12	0.156	0.12	0.2	0.205
0.117	0.115	0.098	0.093	0.142	0.12	0.156	0.122	0.205	0.205
0.12	0.115	0.093	0.088	0.144	0.12	0.151	0.125	0.205	0.205
0.117	0.117	0.098	0.09	0.139	0.125	0.154	0.125	0.203	0.208
0.117	0.12	0.103	0.093	0.139	0.125	0.156	0.122	0.2	0.205
0.117	0.122	0.107	0.095	0.142	0.12	0.156	0.12	0.203	0.205
0.117	0.12	0.103	0.095	0.144	0.12	0.154	0.112	0.208	0.205
0.125	0.117	0.1	0.095	0.146	0.122	0.154	0.11	0.21	0.205
0.125	0.117	0.1	0.088	0.146	0.125	0.151	0.098	0.208	0.208
0.122	0.12	0.1	0.093	0.146	0.127	0.154	0.095	0.205	0.21
0.117	0.117	0.103	0.09	0.142	0.129	0.156	0.117	0.2	0.208
0.125	0.12	0.105	0.095	0.142	0.127	0.159	0.134	0.2	0.208
0.125	0.115	0.1	0.095	0.142	0.125	0.156	0.137	0.198	0.205
0.142	0.112	0.1	0.095	0.144	0.125	0.154	0.139	0.198	0.205
0.134	0.112	0.098	0.095	0.146	0.127	0.154	0.139	0.203	0.208
0.134	0.115	0.098	0.098	0.146	0.129	0.154	0.137	0.2	0.21
0.139	0.117	0.098	0.098	0.146	0.129	0.156	0.134	0.198	0.208
0.137	0.117	0.105	0.1	0.142	0.132	0.159	0.132	0.198	0.208
0.134	0.117	0.105	0.1	0.142	0.127	0.156	0.166	0.2	0.205
0.134	0.115	0.103	0.098	0.139	0.127	0.154	0.256	0.203	0.205
0.139	0.115	0.103	0.095	0.142	0.129	0.154	2.173	0.203	0.208
0.125	0.117	0.105	0.093	0.142	0.127	0.154	2.788	0.203	0.208
0.112	0.117	0.105	0.098	0.139	0.127	0.154	1.733	0.2	0.205
0.117	0.12	0.103	0.1	0.139	0.125	0.156	1.245	0.203	0.203
0.12	0.12	0.103	0.098	0.176	0.122	0.159	1.101	0.308	0.203
0.117	0.115	0.098	0.098	0.312	0.122	0.154	1.118	0.974	0.203
0.129	0.115	0.095	0.095	1.099	0.117	0.154	1.15	1.904	0.208
0.154	0.117	0.098	0.095	1.519	0.125	0.151	1.208	2.012	0.208
0.173	0.117	0.1	0.095	1.372	0.129	0.156	1.292	2.002	0.208
0.317	0.117	0.1	0.098	1.194	0.129	0.156	1.335	2.021	0.244
0.759	0.117	0.1	0.098	1.16	0.132	0.156	1.321	2.039	0.481
1.145	0.115	0.1	0.093	1.123	0.132	0.154	1.184	2.036	2.056
1.228	0.112	0.098	0.085	1.128	0.139	0.154	1.04	2.021	1.907
1.218	0.115	0.1	0.088	1.125	0.137	0.154	0.784	2.014	1.414
1.233	0.115	0.103	0.093	1.121	0.139	0.271	0.61	2.017	1.311
1.294	0.112	0.105	0.093	1.121	0.159	0.408	0.493	2.029	1.289
1.404	0.107	0.1	0.093	1.121	0.388	2.051	0.471	2.021	1.311
1.555	0.112	0.098	0.088	1.125	2.456	2	0.457	2.012	1.448
1.638	0.112	0.098	0.088	1.123	1.748	1.196	0.403	1.982	1.584
1.692	0.112	0.098	0.09	1.118	1.069	0.962	0.298	1.873	1.672
1.741	0.115	0.1	0.095	1.008	0.942	0.906	0.232	1.694	1.719
1.75	0.117	0.1	0.095	0.715	0.977	0.886	0.21	1.274	1.724
1.748	0.12	0.1	0.095	0.532	0.996	0.889	0.171	0.759	1.736
1.753	0.12	0.095	0.093	0.413	1.057	0.92	0.146	0.522	1.741
1.746	0.12	0.095	0.09	0.447	1.16	0.972	0.144	0.469	1.772
1.692	0.122	0.098	0.09	0.437	1.216	0.996	0.134	0.452	1.787
1.56	0.122	0.1	0.095	0.361	1.228	1.011	0.129	0.386	1.772
1.272	0.125	0.1	0.095	0.261	1.226	1.008	0.127	0.298	1.729
0.947	0.12	0.098	0.095	0.21	1.216	1.008	0.129	0.251	1.528
0.657	0.115	0.095	0.09	0.186	1.157	0.986	0.132	0.222	1.323
0.464	0.115	0.098	0.088	0.151	1.069	0.923	0.132	0.208	1.086
0.376	0.12	0.098	0.088	0.154	0.923	0.759	0.132	0.203	0.808
0.342	0.122	0.132	0.09	0.137	0.769	0.647	0.129	0.203	0.645
0.271	0.122	0.249	0.093	0.132	0.652	0.562	0.129	0.203	0.5
0.19	0.122	2.043	0.093	0.134	0.525	0.427	0.127	0.208	0.388
0.127	0.12	2.358	0.088	0.137	0.312	0.295	0.129	0.208	0.278
0.11	0.12	1.372	0.088	0.142	0.21	0.205	0.134	0.208	0.237
0.107	0.12	1.169	0.09	0.142	0.151	0.178	0.127	0.205	0.22
0.117	0.12	1.287	0.093	0.139	0.134	0.186	0.129	0.205	0.229
0.132	0.122	1.343	0.098	0.129	0.132	0.19	0.129	0.205	0.22
0.139	0.12	1.387	0.1	0.132	0.132	0.173	0.132	0.205	0.21
0.144	0.12	1.484	0.098	0.137	0.12	0.159	0.112	0.205	0.21
0.149	0.117	1.538	0.098	0.142	0.117	0.154	0.107	0.203	0.212
0.146	0.12	1.602	0.1	0.137	0.122	0.151	0.105	0.203	0.212
0.149	0.122	1.626	0.1	0.134	0.122	0.154	0.1	0.203	0.212
0.149	0.12	1.587	0.1	0.129	0.122	0.156	0.098	0.203	0.21
0.146	0.117	1.494	0.1	0.129	0.12	0.156	0.098	0.2	0.205
0.146	0.112	1.416	0.1	0.134	0.122	0.151	0.1	0.2	0.205
0.149	0.112	1.287	0.1	0.139	0.125	0.151	0.103	0.198	0.21
0.151	0.112	1.14	0.1	0.139	0.125	0.154	0.1	0.198	0.21
0.154	0.115	0.994	0.103	0.132	0.127	0.154	0.1	0.195	0.21
0.149	0.117	0.872	0.105	0.132	0.129	0.156	0.098	0.198	0.208
0.146	0.139	0.742	0.105	0.132	0.127	0.156	0.1	0.2	0.208
0.146	0.178	0.659	0.103	0.127	0.129	0.154	0.1	0.205	0.208
0.149	1.016	0.471	0.1	0.125	0.129	0.154	0.1	0.203	0.21
0.151	2.048	0.339	0.1	0.125	0.132	0.154	0.103	0.2	0.212
0.151	1.855	0.193	0.103	0.125	0.129	0.154	0.1	0.2	0.212
0.146	1.409	0.144	0.1	0.117	0.127	0.156	0.1	0.203	0.208
0.149	1.313	0.103	0.098	0.117	0.125	0.154	0.098	0.205	0.208
0.149	1.311	0.1	0.095	0.12	0.122	0.154	0.1	0.205	0.208
0.151	1.343	0.093	0.09	0.122	0.127	0.154	0.1	0.203	0.21
0.151	1.389	0.093	0.09	0.12	0.125	0.156	0.1	0.2	0.21
0.149	1.489	0.103	0.095	0.12	0.125	0.156	0.1	0.2	0.212
0.149	1.55	0.105	0.098	0.115	0.125	0.159	0.1	0.2	0.21
0.146	1.555	0.103	0.098	0.1	0.122	0.154	0.098	0.203	0.208
0.151	1.533	0.105	0.095	0.098	0.12	0.151	0.103	0.203	0.208
0.154	1.521	0.105	0.095	0.105	0.122	0.151	0.103	0.2	0.21
0.156	1.497	0.11	0.098	0.122	0.125	0.151	0.1	0.198	0.212
0.154	1.443	0.107	0.098	0.132	0.125	0.154	0.1	0.2	0.21
0.151	1.294	0.112	0.1	0.134	0.122	0.154	0.098	0.2	0.21
0.151	1.038	0.11	0.098	0.137	0.107	0.154	0.1	0.2	0.208
0.154	0.791	0.107	0.095	0.137	0.112	0.151	0.103	0.2	0.208
0.154	0.593	0.107	0.093	0.127	0.122	0.149	0.1	0.2	0.208
0.151	0.513	0.11	0.095	0.122	0.125	0.151	0.1	0.198	0.208
0.154	0.432	0.112	0.095	0.125	0.125	0.154	0.098	0.203	0.21
0.149	0.315	0.115	0.195	0.127	0.125	0.154	0.098	0.2	0.21
0.151	0.295	0.11	1.765	0.127	0.122	0.154	0.098	0.203	0.21
0.149	0.256	0.112	2.529	0.129	0.12	0.151	0.1	0.205	0.212
0.151	0.178	0.11	2.024	0.137	0.125	0.151	0.1	0.205	0.212
0.151	0.134	0.112	1.848	0.134	0.125	0.154	0.098	0.203	0.215
0.151	0.125	0.11	1.816	0.125	0.125	0.154	0.098	0.205	0.21
0.149	0.125	0.112	1.804	0.11	0.125	0.156	0.098	0.203	0.212
0.149	0.12	0.107	1.799	0.1	0.122	0.154	0.105	0.205	0.21
0.151	0.117	0.105	1.819	0.103	0.125	0.154	0.105	0.205	0.208
0.154	0.12	0.105	1.836	0.103	0.125	0.151	0.103	0.203	0.212
0.159	0.12	0.105	1.831	0.117	0.129	0.151	0.105	0.2	0.212
0.156	0.122	0.107	1.814	0.117	0.137	0.156	0.105	0.2	0.215
0.151	0.12	0.11	1.814	0.115	0.137	0.154	0.105	0.2	0.21
0.149	0.117	0.105	1.807	0.12	0.134	0.156	0.105	0.2	0.21
0.151	0.115	0.107	1.78	0.12	0.132	0.154	0.105	0.2	0.212
0.154	0.117	0.112	1.689	0.12	0.132	0.151	0.105	0.203	0.254
0.151	0.12	0.115	1.401	0.122	0.122	0.151	0.103	0.2	0.725
0.151	0.12	0.12	1.006	0.117	0.107	0.154	0.098	0.2	2.424
0.149	0.12	0.12	0.681	0.117	0.112	0.256	0.095	0.198	2.266
0.146	0.12	0.12	0.522	0.115	0.127	0.896	0.098	0.203	1.304
0.146	0.117	0.115	0.476	0.12	0.129	2.405	0.1	0.203	1.091
0.146	0.115	0.115	0.383	0.122	0.134	2.075	0.1	0.2	1.057
0.149	0.117	0.115	0.303	0.122	0.137	1.15	0.1	0.203	1.06
0.151	0.117	0.115	0.225	0.115	0.137	0.906	0.11	0.2	1.079
0.151	0.117	0.115	0.171	0.112	0.127	0.847	0.11	0.2	1.064
0.149	0.115	0.115	0.139	0.11	0.12	0.842	0.12	0.203	1.052
0.146	0.112	0.112	0.107	0.115	0.127	0.845	0.12	0.203	1.04
0.146	0.11	0.103	0.115	0.115	0.139	0.85	0.122	0.205	1.038
0.149	0.112	0.107	0.103	0.115	0.144	0.842	0.115	0.2	1.042
0.144	0.112	0.115	0.1	0.11	0.144	0.837	0.112	0.198	1.035
0.144	0.115	0.115	0.103	0.105	0.144	0.803	0.112	0.198	0.999
0.142	0.11	0.112	0.1	0.103	0.142	0.625	0.12	0.2	0.632
0.144	0.107	0.11	0.098	0.105	0.142	0.396	0.125	0.205	0.5
0.144	0.107	0.11	0.098	0.11	0.142	0.337	0.117	0.203	0.806
0.149	0.11	0.112	0.098	0.107	0.144	0.559	0.112	0.2	0.769
0.144	0.112	0.115	0.1	0.105	0.144	0.601	0.112	0.198	0.571
0.146	0.11	0.115	0.103	0.107	0.142	0.542	0.112	0.2	0.356
0.144	0.115	0.11	0.105	0.107	0.137	0.378	0.112	0.203	0.273
0.142	0.11	0.107	0.1	0.112	0.142	0.308	0.112	0.205	0.334
0.146	0.115	0.112	0.103	0.122	0.144	0.266	0.115	0.2	0.256
0.149	0.115	0.115	0.1	0.117	0.146	0.291	0.112	0.2	0.198
0.146	0.117	0.12	0.103	0.11	0.144	0.215	0.112	0.198	0.183
0.146	0.12	0.12	0.1	0.103	0.144	0.173	0.112	0.2	0.181
0.144	0.117	0.117	0.1	0.1	0.139	0.146	0.112	0.203	0.176
0.144	0.117	0.115	0.095	0.105	0.137	0.146	0.115	0.203	0.176
0.146	0.115	0.115	0.095	0.11	0.142	0.144	0.112	0.203	0.178
0.149	0.115	0.117	0.095	0.105	0.144	0.146	0.11	0.2	0.176
0.149	0.12	0.117	0.098	0.1	0.144	0.149	0.11	0.198	0.178
0.144	0.117	0.117	0.098	0.1	0.144	0.149	0.105	0.198	0.176
0.146	0.117	0.115	0.098	0.1	0.139	0.149	0.107	0.203	0.176
0.149	0.115	0.115	0.098	0.107	0.139	0.149	0.11	0.203	0.178
0.151	0.115	0.115	0.098	0.107	0.142	0.149	0.107	0.2	0.181
0.151	0.117	0.115	0.098	0.107	0.142	0.151	0.093	0.198	0.181
0.154	0.12	0.117	0.1	0.105	0.144	0.151	0.088	0.198	0.181
0.146	0.117	0.117	0.103	0.103	0.142	0.151	0.085	0.198	0.178
0.146	0.115	0.117	0.1	0.105	0.139	0.151	0.098	0.2	0.178
0.146	0.115	0.117	0.098	0.232	0.139	0.149	0.103	0.2	0.178
0.146	0.115	0.139	0.098	0.486	0.142	0.149	0.105	0.2	0.183
0.146	0.117	1.851	0.098	2.324	0.142	0.149	0.103	0.198	0.183
0.151	0.117	2.776	0.1	2.1	0.142	0.151	0.1	0.198	0.186
0.149	0.115	1.565	0.1	1.423	0.142	0.151	0.098	0.2	0.183
0.146	0.115	1.14	0.1	1.167	0.139	0.149	0.115	0.2	0.183
0.146	0.115	1.05	0.098	1.072	0.139	0.144	0.122	0.205	0.183
0.146	0.115	1.05	0.095	1.05	0.142	0.144	0.127	0.205	0.186
0.151	0.117	1.101	0.093	1.05	0.142	0.146	0.129	0.203	0.186
0.149	0.12	1.143	0.095	1.055	0.142	0.146	0.132	0.291	0.186
0.149	0.122	1.177	0.095	1.045	0.142	0.149	0.254	0.5	0.186
0.146	0.12	1.155	0.095	1.05	0.142	0.146	3.03	2.234	0.183
0.149	0.115	1.16	0.09	1.04	0.142	0.146	3.091	2.012	0.183
0.151	0.117	1.169	0.088	1.016	0.142	0.146	1.912	1.396	0.183
0.151	0.12	1.187	0.093	0.994	0.144	0.149	1.492	1.294	0.186
0.151	0.122	1.187	0.098	0.928	0.144	0.137	1.411	1.282	0.186
0.146	0.12	1.16	0.103	0.732	0.142	0.107	1.362	1.284	0.183
0.144	0.117	0.928	0.1	0.61	0.142	0.103	1.379	1.301	0.181
0.142	0.117	0.53	0.098	0.444	0.139	0.112	1.375	1.289	0.181
0.144	0.115	0.432	0.1	0.347	0.142	0.112	1.396	1.292	0.183
0.146	0.12	0.42	0.103	0.271	0.144	0.117	1.399	1.279	0.186
0.146	0.122	0.364	0.105	0.2	0.146	0.117	1.392	1.27	0.188
0.146	0.122	0.295	0.105	0.137	0.144	0.122	1.37	1.265	0.178
0.144	0.12	0.164	0.103	0.139	0.142	0.115	1.384	1.262	0.181
0.144	0.117	0.134	0.103	0.112	0.139	0.105	1.387	1.245	0.183
0.149	0.117	0.142	0.098	0.1	0.142	0.107	1.382	1.167	0.183
0.156	0.12	0.125	0.1	0.11	0.144	0.112	1.372	0.991	0.19
0.215	0.122	0.107	0.103	0.107	0.144	0.115	1.035	0.747	0.188
0.642	0.125	0.098	0.105	0.107	0.142	0.12	0.698	0.559	0.186
2.456	0.125	0.1	0.103	0.107	0.139	0.12	0.479	0.464	0.183
2.048	0.125	0.093	0.1	0.134	0.139	0.112	0.354	0.383	0.183
1.582	0.12	0.09	0.1	0.149	0.139	0.112	0.198	0.293	0.183
1.577	0.122	0.098	0.103	0.154	0.142	0.115	0.127	0.247	0.183
1.653	0.125	0.098	0.105	0.154	0.142	0.117	0.134	0.239	0.183
1.711	0.122	0.095	0.107	0.151	0.142	0.12	0.132	0.259	0.178
1.934	0.12	0.093	0.103	0.151	0.137	0.105	0.107	0.227	0.178
2.063	0.117	0.088	0.1	0.156	0.137	0.112	0.105	0.21	0.178
2.126	0.117	0.09	0.1	0.154	0.139	0.127	0.1	0.205	0.181
2.151	0.117	0.095	0.1	0.154	0.144	0.132	0.098	0.203	0.181
2.136	0.12	0.098	0.1	0.154	0.144	0.137	0.09	0.2	0.181
2.102	0.12	0.103	0.103	0.154	0.144	0.139	0.09	0.203	0.181
2.053	0.117	0.1	0.103	0.154	0.144	0.134	0.09	0.205	0.181
2.021	0.115	0.095	0.103	0.154	0.144	0.132	0.095	0.208	0.183
1.838	0.115	0.093	0.103	0.154	0.146	0.132	0.093	0.208	0.183
1.501	0.117	0.093	0.103	0.154	0.146	0.134	0.09	0.205	0.181
1.094	0.12	0.098	0.105	0.151	0.146	0.134	0.088	0.203	0.176
0.771	0.12	0.098	0.105	0.154	0.142	0.134	0.088	0.205	0.178
0.544	0.117	0.098	0.103	0.154	0.142	0.132	0.09	0.205	0.173
0.369	0.115	0.098	0.1	0.156	0.142	0.12	0.093	0.208	0.176
0.229	0.115	0.098	0.1	0.156	0.195	0.122	0.09	0.208	0.178
0.181	0.117	0.1	0.103	0.156	1.528	0.115	0.088	0.205	0.181
0.161	0.117	0.105	0.105	0.154	3.689	0.117	0.085	0.2	0.183
0.154	0.12	0.105	0.105	0.154	2.893	0.12	0.088	0.198	0.178
0.149	0.117	0.107	0.105	0.151	1.643	0.117	0.088	0.183	0
0.151	0.117	0.105	0.103	0.156	1.372	0.115	0.09	0.166	0
0.156	0.117	0.107	0.103	0.159	1.299	0.115	0.088	0.188	0
0.156	0.12	0.105	0.1	0.156	1.294	0.11	0.088	0.193	0
0.156	0.122	0.105	0.103	0.151	1.306	0.115	0.09	0.195	0
0.149	0.122	0.105	0.103	0.149	1.306	0.117	0.093	0.195	0
0.149	0.12	0.103	0.103	0.151	1.309	0.115	0.093	0.2	0
0.151	0.12	0.095	0.103	0.154	1.306	0.112	0.093	0.203	0
0.151	0.12	0.09	0.103	0.154	1.309	0.107	0.093	0.203	0
0.151	0.12	0.095	0.098	0.156	1.267	0.107	0.09	0.2	0
0.151	0.12	0.1	0.1	0.151	0.935	0.11	0.085	0.198	0
0.149	0.122	0.098	0.105	0.151	0.481	0.11	0.088	0.2	0
0.146	0.12	0.095	0.103	0.151	0.688	0.107	0.093	0.203	0
0.146	0.117	0.093	0.1	0.154	0.752	0.105	0.088	0.205	0
0.146	0.115	0.095	0.1	0.156	0.637	0.103	0.088	0.203	0
0.146	0.117	0.095	0.1	0.156	0.496	0.103	0.088	0.2	0
0.146	0.122	0.098	0.103	0.151	0.271	0.107	0.083	0.2	0
0.144	0.12	0.095	0.103	0.149	0.176	0.107	0.083	0.2	0
0.146	0.117	0.098	0.103	0.151	0.122	0.105	0.09	0.205	0
0.151	0.117	0	0.1	0.154	0.11	0.103	0.095	0.205	0
0.149	0.115	0	0.117	0.154	0.107	0.1	0.095	0.203	0
0.149	0.115	0	0.178	0.154	0.103	0.107	0.093	0.203	0
0.149	0.117	0	0.288	0.151	0.098	0.107	0.09	0.203	0
0.144	0.12	0	1.667	0.151	0.093	0.115	0.09	0.2	0
0.137	0.117	0	1.782	0.151	0.088	0.115	0.125	0.203	0
0.142	0.115	0	1.438	0.154	0.09	0.115	0.166	0.205	0
0.146	0.115	0	1.379	0.156	0.088	0.115	0.542	0.205	0
0.149	0.12	0	1.372	0.154	0.105	0.117	2.31	0.203	0
0.151	0.125	0	1.353	0.154	0.122	0	2.014	0.203	0
0.151	0.237	0	1.335	0.151	0.125	0	1.218	0.205	0
0.146	1.221	0	1.313	0.151	0.117	0	1.001	0.205	0
0.149	3.315	0	1.294	0.154	0.117	0	0.94	0.205	0
0.154	1.582	0	1.272	0.156	0.117	0	0.93	0.205	0
0.156	0.918	0	1.27	0.154	0.12	0	0.92	0.203	0
0.159	0.933	0	1.274	0.151	0.115	0	0.935	0.2	0
0.154	1.021	0	1.27	0.151	0.117	0	0.94	0.203	0
0.151	1.072	0	1.223	0.151	0.117	0	0.957	0.205	0
0.149	1.14	0	0.994	0.154	0.12	0	0.913	0.205	0
0.151	1.233	0	0.691	0.154	0.127	0	0.784	0.205	0
0.151	1.238	0	0.457	0.151	0.127	0	0.457	0.2	0
0.149	1.23	0	0.264	0.151	0.122	0	0.322	0.203	0
0.146	1.233	0	0.146	0.149	0.117	0	0.513	0.203	0
0.144	1.238	0	0.11	0.151	0.112	0	0.562	0.205	0
0.146	1.172	0	0.107	0.154	0.12	0	0.513	0.205	0
0.149	1.064	0	0.11	0.156	0.122	0	0.396	0.217	0
0.149	0.889	0	0.105	0.154	0.125	0	0.225	0.354	0
0.149	0.718	0	0.1	1.636	0.125	0	0.122	1.646	0
0.144	0.637	0	0.103	3.491	0.122	0	0.103	2.249	0
0.144	0.659	0	0.103	2.161	0.117	0	0.09	1.509	0
0.144	0.571	0	0.1	0.989	0.129	0	0.093	1.182	0
0.146	0.405	0	0.098	0.706	0.137	0	0.09	1.106	0
0.149	0.288	0	0.1	0.652	0.139	0	0.085	1.096	0
0.149	0.249	0	0.103	0.645	0.142	0	0.088	1.099	0
0.146	0.205	0	0.103	0.669	0.139	0	0.09	1.106	0
0.144	0.159	0	0.1	0.676	0.137	0	0.09	1.113	0
0.146	0.159	0	0.095	0.691	0.137	0	0.09	1.113	0
0.151	0.183	0	0.098	0.684	0.139	0	0.093	1.108	0
0.154	0.161	0	0.105	0.679	0.142	0	0.09	1.099	0
0.151	0.156	0	0.103	0.635	0.142	0	0.085	1.094	0
0.149	0.154	0	0.103	0.474	0.139	0	0.09	1.05	0
0.149	0.149	0	0.1	0.352	0.139	0	0.1	0.771	0
0.149	0.146	0	0.098	0.315	0.139	0	0.103	0.491	0
0.151	0.146	0	0.098	0.286	0.139	0	0.107	0.654	0
0.151	0.146	0	0.1	0.256	0.142	0	0.107	0.63	0
0.149	0.125	0	0.1	0.181	0.142	0	0.103	0.549	0
0.149	0.127	0	0.105	0.161	0.139	0	0.1	0.42	0
0.149	0.122	0	0.103	0.159	0.137	0	0.103	0.315	0
0.151	0.117	0	0.103	0.159	0.137	0	0.103	0.256	0
0.151	0.115	0	0.103	0.161	0.139	0	0.103	0.249	0
0.151	0.12	0	0.103	0.156	0.142	0	0.103	0.227	0
0.149	0.12	0	0.103	0.144	0.142	0	0.103	0.215	0
0.146	0.12	0	0.103	0.144	0.139	0	0.098	0.215	0
0.146	0.12	0	0.103	0.144	0.137	0	0.103	0.212	0
0.146	0.115	0	0.1	0.151	0.139	0	0.103	0.21	0
0.151	0.11	0	0.1	0.149	0.139	0	0.1	0.21	0
0.154	0.115	0	0.098	0.151	0.144	0	0.1	0.208	0
0.151	0.12	0	0.103	0.149	0.142	0	0.1	0.208	0
0.149	0.125	0	0.1	0.151	0.142	0	0.103	0.208	0
0.146	0.12	0	0.098	0.149	0.142	0	0.103	0.21	0
0.149	0.117	0	0.095	0.151	0.139	0	0.107	0.21	0
0.149	0.117	0	0.095	0.156	0.142	0	0.11	0.21	0
0.151	0.125	0	0.098	0.154	0.144	0	0.105	0.208	0
0.149	0.125	0	0.103	0.154	0.144	0	0.1	0.208	0
0.139	0.12	0	0.1	0.151	0.142	0	0.1	0.21	0
0.139	0.117	0	0.103	0.151	0.142	0	0.1	0.21	0
0.137	0.115	0	0.103	0.156	0.142	0	0.105	0.21	0
0.139	0.112	0	0.105	0.156	0.142	0	0.103	0.208	0
0.142	0.115	0	0.105	0.156	0.144	0	0.093	0.208	0
0.139	0.117	0	0.105	0.154	0.144	0	0.088	0.21	0
0.137	0.117	0	0.105	0.151	0.142	0	0.088	0.21	0
0.137	0.112	0	0.105	0.151	0.139	0	0.11	0.21	0
0.139	0.112	0	0.103	0.154	0.142	0	0.112	0.212	0
0.139	0.115	0	0.105	0.156	0.142	0	0.112	0.21	0
0.142	0.127	0	0.1	0.156	0.144	0	0.112	0.208	0
0.142	0.137	0	0.1	0.154	0.144	0	0.11	0.208	0
0.137	0.139	0	0.103	0.154	0.144	0	0.11	0.208	0
0.137	0.134	0	0.103	0.154	0.142	0	0.11	0.21	0
0.137	0.132	0	0.1	0.156	0.142	0	0.117	0.212	0
0.142	0.132	0	0.103	0.156	0.142	0	0.122	0.208	0
0.144	0.132	0	0.103	0.156	0.144	0	0.122	0.205	0
0.142	0.134	0	0.095	0.154	0	0	0.12	0.205	0
0.137	0.127	0	0.103	0.151	0	0	0.117	0.208	0
0.137	0.125	0	0.1	0.156	0	0	0.117	0.21	0
0.134	0.139	0	0.1	0.154	0	0	0.122	0.212	0
0.142	0.142	0	0.1	0.156	0	0	0.127	0.208	0
0.142	0.144	0	0.105	0.156	0	0	0.125	0.208	0
0.137	0.146	0	0.107	0.156	0	0	0.127	0.208	0
0.134	0.146	0	0.105	0.151	0	0	0.129	0.208	0
0.134	0.139	0	0.103	0.154	0	0	0.117	0.21	0
0.134	0.134	0	0.105	0.156	0	0	0.125	0.21	0
0.137	0.132	0	0.103	0.161	0	0	0.122	0.208	0
0.137	0.134	0	0.103	0.159	0	0	0.12	0.208	0
0.137	0.142	0	0.103	0.156	0	0	0.12	0.208	0
0.132	0.146	0	0.103	0.154	0	0	0.122	0.208	0
0.132	0.139	0	0.103	0.156	0	0	0.125	0.21	0
0.142	0.142	0	0.098	0.156	0	0	0.127	0.21	0
0.137	0.144	0	0.1	0.156	0	0	0.132	0.208	0
0.137	0.146	0	0.1	0.156	0	0	0.129	0.208	0
0.134	0.234	0	0.1	0.154	0	0	0.127	0.208	0
0.134	3.411	0	0.103	0.151	0	0	0.127	0.208	0
0.139	2.126	0	0.103	0.154	0	0	0.129	0.21	0
0.142	0.95	0	0.098	0.159	0	0	0.132	0.21	0
0.144	0.583	0	0.098	0.159	0	0	0.132	0.21	0
0.146	0.676	0	0.103	0.156	0	0	0.127	0	0
0.144	0.762	0	0.103	0.151	0	0	0.125	0	0
0.142	0.83	0	0.103	0.154	0	0	0.125	0	0
0.139	0.857	0	0.103	0.154	0	0	0.127	0	0
0.139	0.862	0	0.137	0.159	0	0	0.125	0	0
0.139	0.835	0	2.117	0.159	0	0	0.173	0	0
0.142	0.784	0	4.36	0.156	0	0	0.222	0	0
0.139	0.708	0	2.183	0.205	0	0	0.422	0	0
0.144	0.62	0	0.979	0.239	0	0	0	0	0
0.146	0.515	0	0.825	0.286	0	0	0	0	0
0.146	0.447	0	0.901	0.544	0	0	0	0	0
0.151	0.403	0	0.942	0	0	0	0	0	0
0.154	0.359	0	0.952	0	0	0	0	0	0
0.151	0.266	0	0.945	0	0	0	0	0	0
0.146	0.168	0	0.95	0	0	0	0	0	0
0.146	0.144	0	0.937	0	0	0	0	0	0
0.146	0.134	0	0.962	0	0	0	0	0	0
0.151	0.132	0	0.974	0	0	0	0	0	0
0.151	0.137	0	0.913	0	0	0	0	0	0
0.154	0.134	0	0.645	0	0	0	0	0	0
0.151	0.129	0	0.513	0	0	0	0	0	0
0.149	0.127	0	0.698	0	0	0	0	0	0
0.151	0.125	0	0.64	0	0	0	0	0	0
0.154	0.122	0	0.54	0	0	0	0	0	0
0.154	0.122	0	0.354	0	0	0	0	0	0
0.149	0.122	0	0.232	0	0	0	0	0	0
0.149	0.122	0	0.186	0	0	0	0	0	0
0.144	0.115	0	0.166	0	0	0	0	0	0
0.146	0.115	0	0.146	0	0	0	0	0	0
0.149	0.115	0	0.139	0	0	0	0	0	0
0.149	0.117	0	0.139	0	0	0	0	0	0
0.149	0.117	0	0.146	0	0	0	0	0	0
0.186	0.117	0	0.146	0	0	0	0	0	0
0.269	0.115	0	0.142	0	0	0	0	0	0
1.812	0.112	0	0.139	0	0	0	0	0	0
2.957	0.112	0	0.142	0	0	0	0	0	0
2.068	0.112	0	0.132	0	0	0	0	0	0
1.572	0.117	0	0.117	0	0	0	0	0	0
1.467	0.117	0	0.103	0	0	0	0	0	0
1.47	0.112	0	0.1	0	0	0	0	0	0
1.494	0.11	0	0.093	0	0	0	0	0	0
1.562	0.112	0	0.095	0	0	0	0	0	0
1.584	0.117	0	0.093	0	0	0	0	0	0
1.577	0.112	0	0.098	0	0	0	0	0	0
1.567	0.12	0	0.1	0	0	0	0	0	0
1.565	0.122	0	0.098	0	0	0	0	0	0
1.56	0.12	0	0.09	0	0	0	0	0	0
1.56	0.117	0	0.093	0	0	0	0	0	0
1.521	0.115	0	0.105	0	0	0	0	0	0
1.162	0.112	0	0.122	0	0	0	0	0	0
0.618	0.107	0	0.129	0	0	0	0	0	0
0.53	0.112	0	0.132	0	0	0	0	0	0
0.667	0.11	0	0.132	0	0	0	0	0	0
0.635	0.115	0	0.137	0	0	0	0	0	0
0.54	0.117	0	0.137	0	0	0	0	0	0
0.305	0.122	0	0.132	0	0	0	0	0	0
0.203	0.127	0	0.12	0	0	0	0	0	0
0.198	0.125	0	0.11	0	0	0	0	0	0
0.198	0.122	0	0.105	0	0	0	0	0	0
0.171	0.122	0	0.117	0	0	0	0	0	0
0.168	0.125	0	0.127	0	0	0	0	0	0
0.161	0.127	0	0.132	0	0	0	0	0	0
0.156	0.125	0	0.125	0	0	0	0	0	0
0.156	0.127	0	0.107	0	0	0	0	0	0
0.151	0.127	0	0.117	0	0	0	0	0	0
0.156	0.127	0	0.117	0	0	0	0	0	0
0.156	0.127	0	0.115	0	0	0	0	0	0
0.156	0.127	0	0.122	0	0	0	0	0	0
0.151	0.125	0	0.127	0	0	0	0	0	0
0.151	0.117	0	0.122	0	0	0	0	0	0
0.154	0.115	0	0.112	0	0	0	0	0	0
0.154	0.115	0	0.12	0	0	0	0	0	0
0.156	0.117	0	0.122	0	0	0	0	0	0
0.156	0.115	0	0.117	0	0	0	0	0	0
0.151	0.112	0	0.112	0	0	0	0	0	0
0.149	0.115	0	0.112	0	0	0	0	0	0
0.146	0.117	0	0.117	0	0	0	0	0	0
0.154	0.117	0	0.12	0	0	0	0	0	0
0.151	0.12	0	0.117	0	0	0	0	0	0
0.146	0.122	0	0.112	0	0	0	0	0	0
0.144	0.125	0	0.11	0	0	0	0	0	0
0.144	0.122	0	0.105	0	0	0	0	0	0
0.139	0.117	0	0.103	0	0	0	0	0	0
0.134	0.117	0	0	0	0	0	0	0	0
0.12	0.117	0	0	0	0	0	0	0	0
0.112	0.117	0	0	0	0	0	0	0	0
0.1	0.122	0	0	0	0	0	0	0	0
0.146	0.122	0	0	0	0	0	0	0	0
0.168	0.115	0	0	0	0	0	0	0	0
0.176	0.115	0	0	0	0	0	0	0	0
0.176	0.117	0	0	0	0	0	0	0	0
0.178	0.117	0	0	0	0	0	0	0	0
0.173	0.117	0	0	0	0	0	0	0	0
0.173	0.115	0	0	0	0	0	0	0	0
0.176	0.112	0	0	0	0	0	0	0	0
0.176	0.117	0	0	0	0	0	0	0	0
0.178	0.12	0	0	0	0	0	0	0	0
0.178	0.122	0	0	0	0	0	0	0	0
0.176	0.12	0	0	0	0	0	0	0	0
0.176	0.117	0	0	0	0	0	0	0	0
0.176	0.112	0	0	0	0	0	0	0	0
0.178	0.112	0	0	0	0	0	0	0	0
0.178	0.117	0	0	0	0	0	0	0	0
0.176	0.122	0	0	0	0	0	0	0	0
0.173	0.12	0	0	0	0	0	0	0	0
0.171	0.115	0	0	0	0	0	0	0	0
0.173	0.117	0	0	0	0	0	0	0	0
0.176	0.11	0	0	0	0	0	0	0	0
0.178	0	0	0	0	0	0	0	0	0
0.176	0	0	0	0	0	0	0	0	0
0.176	0	0	0	0	0	0	0	0	0
0.176	0	0	0	0	0	0	0	0	0
0.176	0	0	0	0	0	0	0	0	0
0.178	0	0	0	0	0	0	0	0	0
0.181	0	0	0	0	0	0	0	0	0
0.178	0	0	0	0	0	0	0	0	0
0.173	0	0	0	0	0	0	0	0	0
0.173	0	0	0	0	0	0	0	0	0
0.176	0	0	0	0	0	0	0	0	0
0.178	0	0	0	0	0	0	0	0	0
0.178	0	0	0	0	0	0	0	0	0
0.178	0	0	0	0	0	0	0	0	0
0.176	0	0	0	0	0	0	0	0	0
0.176	0	0	0	0	0	0	0	0	0
0.178	0	0	0	0	0	0	0	0	0
0.178	0	0	0	0	0	0	0	0	0
0.181	0	0	0	0	0	0	0	0	0
