0.293	0.315	0.31	0.295	0.295	0.247	0.256	0.259	0.244	0.249
0.298	0.312	0.312	0.3	0.291	0.249	0.254	0.256	0.251	0.249
0.3	0.308	0.315	0.305	0.283	0.251	0.254	0.247	0.247	0.254
0.298	0.31	0.305	0.305	0.281	0.256	0.247	0.247	0.242	0.254
0.295	0.312	0.303	0.303	0.281	0.254	0.247	0.251	0.237	0.254
0.291	0.315	0.305	0.298	0.286	0.251	0.251	0.256	0.239	0.251
0.291	0.317	0.31	0.298	0.295	0.251	0.256	0.256	0.247	0.249
0.303	0.312	0.315	0.305	0.291	0.249	0.261	0.254	0.251	0.249
0.303	0.308	0.315	0.303	0.286	0.254	0.256	0.249	0.247	0.254
0.303	0.31	0.308	0.298	0.283	0.256	0.249	0.249	0.244	0.259
0.298	0.31	0.305	0.3	0.283	0.254	0.249	0.251	0.239	0.254
0.293	0.317	0.31	0.295	0.291	0.251	0.251	0.256	0.244	0.251
0.295	0.315	0.315	0.295	0.293	0.251	0.254	0.261	0.249	0.249
0.303	0.312	0.315	0.298	0.288	0.247	0.254	0.254	0.249	0.249
0.3	0.31	0.315	0.303	0.283	0.254	0.256	0.249	0.247	0.254
0.3	0.312	0.31	0.298	0.278	0.256	0.247	0.249	0.242	0.254
0.293	0.312	0.305	0.298	0.281	0.254	0.249	0.251	0.239	0.254
0.288	0.317	0.31	0.293	0.288	0.251	0.251	0.256	0.239	0.256
0.286	0.315	0.315	0.293	0.293	0.251	0.256	0.261	0.249	0.247
0.295	0.312	0.325	0.298	0.291	0.247	0.254	0.254	0.247	0.249
0.295	0.31	0.315	0.3	0.286	0.254	0.254	0.247	0.247	0.251
0.295	0.308	0.31	0.298	0.283	0.256	0.247	0.247	0.242	0.254
0.288	0.31	0.308	0.298	0.281	0.251	0.249	0.251	0.244	0.254
0.283	0.315	0.31	0.288	0.291	0.249	0.251	0.254	0.271	0.254
0.305	0.317	0.339	0.291	0.293	0.251	0.254	0.261	0.317	0.247
0.33	0.352	0.447	0.295	0.291	0.249	0.259	0.251	0.452	0.251
0.383	0.671	0.837	0.298	0.283	0.251	0.261	0.249	0.537	0.254
0.593	0.999	0.928	0.295	0.278	0.256	0.266	0.249	0.547	0.256
0.823	1.042	0.884	0.293	0.288	0.256	0.435	0.251	0.513	0.256
0.92	1.062	0.862	0.288	0.349	0.251	0.476	0.259	0.481	0.256
0.942	1.074	0.847	0.288	0.92	0.317	0.486	0.286	0.481	0.259
0.94	1.084	0.84	0.339	1.25	1.101	0.479	0.33	0.476	0.5
0.925	1.091	0.82	1.082	0.979	1.458	0.469	1.096	0.471	1.343
0.913	1.094	0.786	1.553	0.74	1.157	0.471	1.641	0.449	1.453
0.901	1.104	0.742	1.318	0.598	0.911	0.476	1.824	0.427	1.343
0.913	1.106	0.713	1.14	0.522	0.767	0.483	1.797	0.417	1.267
0.908	1.108	0.696	1.072	0.469	0.669	0.481	1.57	0.417	1.184
0.894	1.104	0.688	1.03	0.435	0.613	0.471	1.423	0.41	1.125
0.852	1.079	0.671	1.008	0.408	0.588	0.457	1.282	0.403	1.028
0.808	1.008	0.647	0.999	0.388	0.579	0.444	1.179	0.396	0.903
0.752	0.918	0.603	0.974	0.383	0.571	0.435	1.042	0.371	0.857
0.688	0.864	0.596	0.94	0.388	0.557	0.442	0.889	0.332	0.823
0.642	0.771	0.571	0.918	0.383	0.552	0.43	0.754	0.317	0.771
0.562	0.632	0.493	0.903	0.378	0.554	0.425	0.645	0.293	0.715
0.498	0.552	0.444	0.874	0.344	0.481	0.391	0.52	0.276	0.625
0.461	0.464	0.413	0.852	0.317	0.466	0.342	0.427	0.261	0.522
0.425	0.42	0.371	0.781	0.317	0.444	0.317	0.366	0.256	0.486
0.408	0.381	0.349	0.615	0.344	0.391	0.295	0.369	0.256	0.408
0.371	0.356	0.342	0.513	0.332	0.381	0.283	0.352	0.256	0.361
0.344	0.339	0.334	0.447	0.317	0.359	0.278	0.33	0.256	0.325
0.332	0.327	0.325	0.386	0.3	0.349	0.264	0.312	0.254	0.298
0.32	0.317	0.312	0.366	0.293	0.315	0.254	0.298	0.247	0.286
0.31	0.317	0.31	0.327	0.288	0.295	0.254	0.283	0.244	0.276
0.3	0.317	0.31	0.305	0.291	0.283	0.254	0.278	0.249	0.259
0.305	0.317	0.322	0.295	0.291	0.266	0.259	0.266	0.249	0.254
0.303	0.315	0.317	0.291	0.291	0.261	0.261	0.256	0.256	0.249
0.305	0.31	0.315	0.288	0.283	0.261	0.254	0.249	0.251	0.251
0.305	0.308	0.308	0.286	0.281	0.264	0.249	0.247	0.247	0.254
0.298	0.312	0.305	0.278	0.286	0.261	0.249	0.249	0.244	0.254
0.295	0.315	0.308	0.273	0.286	0.261	0.254	0.259	0.251	0.247
0.298	0.315	0.315	0.273	0.293	0.251	0.254	0.254	0.251	0.242
0.3	0.315	0.312	0.278	0.286	0.251	0.259	0.249	0.251	0.244
0.303	0.308	0.31	0.281	0.281	0.254	0.254	0.244	0.251	0.249
0.303	0.308	0.303	0.283	0.278	0.256	0.247	0.244	0.247	0.254
0.298	0.31	0.303	0.276	0.283	0.256	0.247	0.249	0.247	0.256
0.293	0.312	0.305	0.276	0.286	0.256	0.251	0.256	0.251	0.249
0.293	0.315	0.334	0.273	0.291	0.249	0.256	0.259	0.251	0.242
0.298	0.317	0.43	0.278	0.286	0.249	0.251	0.249	0.254	0.244
0.305	0.339	0.662	0.283	0.281	0.254	0.251	0.244	0.251	0.249
0.435	1.016	0.818	0.278	0.281	0.256	0.247	0.242	0.249	0.254
0.964	2.166	0.908	0.276	0.288	0.256	0.247	0.249	0.247	0.251
1.248	2.314	0.972	0.281	0.286	0.254	0.251	0.254	0.295	0.244
1.409	2.246	1.028	0.488	0.288	0.249	0.254	0.251	0.508	0.244
1.506	2.168	1.06	1.179	0.286	0.249	0.254	0.249	0.64	0.308
1.541	2.122	1.084	1.521	0.281	0.251	0.251	0.242	0.725	0.686
1.538	2.102	1.091	1.653	0.281	0.261	0.247	0.244	0.801	1.125
1.543	2.087	1.091	1.711	0.286	0.659	0.247	0.249	0.859	1.309
1.519	2.085	1.057	1.746	0.286	1.182	0.249	0.256	0.896	1.396
1.489	2.058	1.033	1.758	0.286	1.27	0.256	0.251	0.908	1.462
1.487	2.039	1.006	1.753	0.288	1.272	0.254	0.249	0.908	1.506
1.499	1.956	0.972	1.772	0.286	1.287	0.249	0.244	0.906	1.541
1.499	1.814	0.903	1.765	0.283	1.301	0.247	0.244	0.901	1.562
1.458	1.658	0.811	1.748	0.288	1.304	0.247	0.249	0.903	1.577
1.279	1.392	0.706	1.729	0.291	1.306	0.249	0.251	0.908	1.57
1.047	1.096	0.588	1.675	0.295	1.304	0.259	0.254	0.869	1.553
0.811	0.818	0.488	1.487	0.601	1.301	0.251	0.247	0.83	1.541
0.664	0.623	0.422	1.267	2.236	1.306	0.249	0.244	0.725	1.46
0.564	0.503	0.376	1.001	2.51	1.309	0.244	0.286	0.671	1.304
0.488	0.437	0.352	0.735	2.141	1.267	0.247	0.62	0.544	1.169
0.442	0.396	0.339	0.562	1.841	1.086	0.249	0.64	0.432	0.981
0.386	0.366	0.332	0.474	1.66	0.911	0.256	0.691	0.366	0.837
0.359	0.347	0.327	0.457	1.577	0.674	0.251	0.691	0.327	0.64
0.344	0.33	0.32	0.415	1.526	0.518	0.249	0.681	0.298	0.498
0.33	0.325	0.312	0.364	1.494	0.425	0.247	0.657	0.278	0.413
0.32	0.322	0.308	0.33	1.475	0.383	0.244	0.64	0.269	0.349
0.312	0.322	0.315	0.31	1.467	0.361	0.295	0.618	0.259	0.308
0.308	0.325	0.315	0.3	1.355	0.315	0.791	0.598	0.261	0.283
0.312	0.317	0.32	0.298	1.211	0.291	1.76	0.591	0.261	0.271
0.315	0.312	0.315	0.295	0.928	0.281	2.019	0.581	0.256	0.269
0.312	0.31	0.31	0.288	0.696	0.273	1.716	0.562	0.251	0.269
0.308	0.312	0.31	0.283	0.549	0.269	1.44	0.454	0.251	0.259
0.305	0.317	0.317	0.281	0.488	0.261	1.292	0.383	0.249	0.254
0.3	0.322	0.337	0.283	0.42	0.254	1.187	0.334	0.254	0.247
0.3	0.312	0.62	0.288	0.366	0.251	1.125	0.298	0.254	0.249
0.3	0.31	0.825	0.288	0.334	0.256	1.094	0.278	0.254	0.254
0.303	0.337	0.789	0.286	0.315	0.261	1.052	0.264	0.249	0.256
0.298	0.41	0.815	0.281	0.3	0.261	0.925	0.261	0.249	0.254
0.298	0.51	0.842	0.278	0.295	0.254	0.796	0.259	0.247	0.249
0.344	0.625	0.85	0.278	0.295	0.251	0.698	0.261	0.261	0.247
0.835	0.659	0.872	0.286	0.291	0.249	0.61	0.251	0.315	0.249
1.377	0.676	0.901	0.308	0.286	0.254	0.503	0.244	0.906	0.251
1.274	0.676	0.945	1.26	0.286	0.261	0.452	0.247	1.592	0.256
1.123	0.686	0.962	1.65	0.281	0.256	0.427	0.249	1.758	0.251
1.023	0.701	0.972	1.228	0.283	0.254	0.432	0.251	1.482	0.247
0.964	0.706	0.977	0.979	0.283	0.249	0.43	0.249	1.177	0.244
0.933	0.713	0.964	0.818	0.286	0.249	0.437	0.247	1.001	0.266
0.911	0.713	0.962	0.708	0.276	0.254	0.43	0.242	0.854	0.569
0.898	0.718	0.93	0.62	0.276	0.261	0.388	0.244	0.747	0.894
0.886	0.73	0.823	0.593	0.273	0.259	0.347	0.244	0.684	0.813
0.862	0.701	0.732	0.569	0.278	0.251	0.325	0.249	0.647	0.74
0.847	0.64	0.605	0.562	0.283	0.249	0.31	0.249	0.562	0.696
0.85	0.569	0.498	0.591	0.281	0.249	0.291	0.244	0.505	0.664
0.82	0.488	0.432	0.593	0.278	0.251	0.273	0.242	0.457	0.627
0.767	0.417	0.386	0.588	0.276	0.261	0.264	0.247	0.41	0.603
0.657	0.381	0.359	0.564	0.276	0.254	0.254	0.244	0.374	0.547
0.586	0.364	0.339	0.542	0.283	0.254	0.261	0.249	0.388	0.5
0.5	0.352	0.332	0.537	0.286	0.247	0.259	0.249	0.381	0.427
0.525	0.337	0.33	0.491	0.288	0.249	0.264	0.244	0.371	0.43
0.547	0.327	0.32	0.427	0.286	0.251	0.254	0.239	0.356	0.413
0.496	0.317	0.315	0.374	0.276	0.259	0.249	0.247	0.332	0.381
0.425	0.317	0.315	0.337	0.288	0.254	0.249	0.244	0.308	0.378
0.374	0.327	0.315	0.317	0.564	0.251	0.254	0.251	0.291	0.342
0.342	0.322	0.32	0.305	1.067	0.247	0.256	0.273	0.278	0.332
0.327	0.317	0.32	0.303	0.92	0.247	0.256	0.427	0.269	0.312
0.32	0.312	0.317	0.298	0.735	0.251	0.251	0.498	0.264	0.293
0.312	0.31	0.312	0.293	0.613	0.259	0.247	0.586	0.256	0.281
0.308	0.312	0.317	0.278	0.54	0.256	0.251	0.61	0.249	0.266
0.3	0.322	0.315	0.276	0.508	0.251	0.254	0.64	0.249	0.254
0.295	0.32	0.317	0.276	0.498	0.247	0.256	0.664	0.254	0.249
0.298	0.315	0.317	0.278	0.491	0.249	0.256	0.681	0.256	0.249
0.3	0.31	0.315	0.276	0.486	0.254	0.251	0.693	0.254	0.251
0.303	0.305	0.31	0.278	0.476	0.259	0.247	0.713	0.251	0.251
0.295	0.312	0.312	0.273	0.474	0.256	0.251	0.713	0.247	0.249
0.293	0.322	0.312	0.271	0.476	0.251	0.251	0.667	0.249	0.244
0.295	0.317	0.315	0.273	0.479	0.347	0.256	0.603	0.251	0.242
0.298	0.315	0.317	0.273	0.459	0.879	0.254	0.537	0.256	0.247
0.303	0.31	0.317	0.278	0.408	0.75	0.251	0.5	0.254	0.249
0.312	0.31	0.312	0.276	0.352	0.579	0.247	0.466	0.251	0.254
0.33	0.31	0.31	0.273	0.325	0.461	0.251	0.435	0.249	0.251
0.393	0.317	0.334	0.273	0.31	0.386	0.251	0.393	0.249	0.244
0.652	0.315	0.422	0.281	0.303	0.334	0.254	0.344	0.251	0.244
1.15	0.312	0.583	0.278	0.295	0.305	0.256	0.312	0.254	0.288
1.748	0.308	1.265	0.281	0.291	0.293	0.251	0.288	0.256	0.408
2.134	0.308	1.809	0.278	0.281	0.281	0.247	0.269	0.249	0.654
2.378	0.312	2.139	0.286	0.283	0.273	0.251	0.261	0.249	1.084
2.542	0.317	2.295	0.425	0.286	0.264	0.251	0.259	0.251	1.448
2.739	0.32	2.415	1.177	0.291	0.256	0.256	0.251	0.352	1.682
3.203	0.315	2.502	2.637	0.291	0.256	0.254	0.249	0.493	1.814
3.606	0.31	2.542	3.091	0.283	0.261	0.249	0.249	0.908	1.841
3.962	0.308	2.688	3.118	0.281	0.261	0.247	0.247	1.353	1.821
4.243	0.315	2.861	3.062	0.278	0.271	0.251	0.247	1.621	1.924
4.5	0.315	3.008	2.996	0.283	0.264	0.251	0.249	1.785	2.061
4.604	0.317	2.998	3.018	0.286	0.256	0.256	0.249	1.86	2.2
4.624	0.315	2.72	3.101	0.286	0.256	0.254	0.247	1.865	2.288
4.417	0.31	2.295	3.149	0.278	0.261	0.254	0.247	1.892	2.317
3.911	0.308	1.772	3.171	0.276	0.259	0.251	0.242	1.902	2.205
3.301	0.315	1.47	3.186	0.276	0.256	0.251	0.244	1.873	1.963
2.671	0.317	1.257	3.198	0.281	0.251	0.254	0.249	1.833	1.628
1.975	0.317	1.077	3.118	0.288	0.247	0.256	0.249	1.831	1.265
1.45	0.317	0.923	2.759	0.293	0.249	0.259	0.247	1.814	0.962
1.094	0.354	0.779	2.378	0.286	0.256	0.254	0.247	1.736	0.767
0.828	0.547	0.632	1.978	0.281	0.259	0.254	0.239	1.497	0.64
0.652	1.238	0.508	1.511	0.286	0.256	0.249	0.247	1.177	0.508
0.564	2.007	0.439	1.16	0.288	0.251	0.254	0.249	0.908	0.408
0.461	2.48	0.408	0.925	0.293	0.249	0.259	0.247	0.737	0.344
0.408	2.776	0.378	0.728	0.295	0.256	0.256	0.247	0.63	0.31
0.374	2.91	0.356	0.566	0.286	0.254	0.254	0.244	0.503	0.288
0.349	2.961	0.339	0.461	0.283	0.256	0.251	0.239	0.405	0.278
0.325	3.013	0.327	0.391	0.286	0.256	0.249	0.244	0.344	0.264
0.312	3.096	0.32	0.347	0.288	0.251	0.254	0.247	0.308	0.254
0.305	3.159	0.317	0.322	0.293	0.249	0.259	0.247	0.291	0.251
0.305	3.203	0.32	0.31	0.291	0.254	0.256	0.247	0.278	0.249
0.31	3.193	0.317	0.303	0.286	0.254	0.251	0.239	0.269	0.251
0.303	3.147	0.312	0.293	0.283	0.256	0.254	0.247	0.259	0.256
0.298	3.059	0.308	0.286	0.281	0.254	0.249	0.266	0.254	0.251
0.293	2.808	0.308	0.281	0.286	0.251	0.254	0.332	0.249	0.247
0.291	2.51	0.31	0.283	0.288	0.249	0.256	0.442	0.256	0.247
0.293	1.978	0.312	0.286	0.288	0.251	0.256	0.515	0.261	0.244
0.3	1.519	0.312	0.286	0.283	0.254	0.251	0.559	0.259	0.249
0.293	1.15	0.305	0.288	0.281	0.256	0.251	0.63	0.249	0.251
0.291	0.923	0.305	0.281	0.281	0.256	0.251	0.686	0.249	0.249
0.286	0.728	0.308	0.283	0.286	0.251	0.254	0.718	0.247	0.244
0.286	0.625	0.312	0.281	0.288	0.249	0.256	0.706	0.254	0.247
0.295	0.532	0.315	0.286	0.286	0.254	0.254	0.72	0.259	0.244
0.3	0.447	0.315	0.288	0.278	0.254	0.251	0.737	0.254	0.249
0.298	0.4	0.31	0.286	0.278	0.259	0.251	0.759	0.249	0.251
0.295	0.366	0.308	0.283	0.278	0.256	0.249	0.776	0.247	0.249
0.291	0.352	0.308	0.283	0.286	0.251	0.254	0.786	0.247	0.244
0.288	0.337	0.312	0.281	0.293	0.251	0.256	0.789	0.254	0.247
0.295	0.327	0.32	0.283	0.291	0.254	0.256	0.779	0.259	0.244
0.3	0.32	0.322	0.286	0.283	0.254	0.254	0.752	0.254	0.249
0.298	0.32	0.312	0.286	0.281	0.259	0.251	0.676	0.247	0.254
0.295	0.315	0.308	0.278	0.283	0.256	0.247	0.605	0.247	0.251
0.293	0.322	0.312	0.276	0.288	0.254	0.254	0.566	0.247	0.249
0.291	0.322	0.317	0.276	0.298	0.249	0.256	0.481	0.254	0.249
0.298	0.315	0.32	0.283	0.293	0.251	0.251	0.388	0.259	0.247
0.3	0.31	0.322	0.286	0.291	0.254	0.256	0.334	0.254	0.251
0.3	0.315	0.312	0.286	0.288	0.256	0.251	0.308	0.249	0.254
0.293	0.312	0.308	0.286	0.288	0.256	0.254	0.288	0.247	0.254
0.291	0.317	0.31	0.281	0.295	0.251	0.254	0.276	0.249	0.249
0.288	0.315	0.315	0.283	0.303	0.251	0.259	0.269	0.254	0.247
0.298	0.312	0.32	0.288	0.298	0.249	0.261	0.259	0.259	0.247
0.298	0.31	0.322	0.291	0.308	0.254	0.259	0.247	0.254	0.251
0.298	0.312	0.312	0.291	0.325	0.259	0.249	0.244	0.251	0.256
0.293	0.312	0.31	0.291	0.701	0.259	0.251	0.247	0.244	0.254
0.288	0.317	0.312	0.283	2.375	0.254	0.254	0.249	0.249	0.249
0.288	0.317	0.317	0.286	2.939	0.251	0.256	0.249	0.254	0.244
0.298	0.312	0.317	0.288	2.507	0.249	0.261	0.244	0.256	0.247
0.298	0.31	0.317	0.291	2.151	0.254	0.259	0.239	0.254	0.251
0.3	0.31	0.312	0.286	1.995	0.254	0.251	0.239	0.249	0.254
0.293	0.312	0.31	0.283	2.097	0.256	0.239	0.239	0.247	0.256
0.288	0.315	0.31	0.281	2.185	0.251	0.254	0.247	0.249	0.256
0.286	0.315	0.315	0.278	2.219	0.256	0.259	0.251	0.259	0.247
0.295	0.312	0.322	0.283	2.234	0.249	0.259	0.244	0.256	0.249
0.298	0.31	0.317	0.288	2.268	0.254	0.259	0.239	0.254	0.254
0.295	0.308	0.312	0.283	2.292	0.256	0.251	0.237	0.249	0.254
0.291	0.31	0.31	0.281	2.317	0.256	0.251	0.239	0.247	0.254
0.286	0.312	0.31	0.278	2.241	0.251	0.254	0.247	0.249	0.254
0.286	0.315	0.315	0.276	2.061	0.251	0.256	0.249	0.256	0.247
0.293	0.312	0.322	0.281	1.755	0.249	0.259	0.244	0.256	0.247
0.293	0.31	0.315	0.286	1.465	0.254	0.256	0.237	0.254	0.251
0.291	0.308	0.312	0.283	1.196	0.256	0.251	0.237	0.249	0.251
0.288	0.312	0.308	0.283	1.013	0.254	0.251	0.239	0.244	0.254
0.288	0.315	0.31	0.281	0.854	0.251	0.254	0.247	0.249	0.251
0.291	0.312	0.315	0.283	0.652	0.251	0.259	0.251	0.256	0.244
0.295	0.312	0.322	0.288	0.52	0.254	0.261	0.247	0.254	0.247
0.298	0.31	0.315	0.293	0.435	0.361	0.256	0.242	0.251	0.251
0.298	0.308	0.31	0.291	0.388	0.713	0.251	0.244	0.249	0.254
0.293	0.31	0.308	0.286	0.352	1.489	0.254	0.247	0.244	0.254
0.288	0.315	0.312	0.283	0.337	1.887	0.254	0.251	0.249	0.249
0.293	0.312	0.317	0.283	0.317	1.97	0.259	0.251	0.256	0.244
0.295	0.312	0.325	0.286	0.31	2.048	0.261	0.247	0.254	0.244
0.3	0.312	0.317	0.288	0.298	2.114	0.254	0.242	0.254	0.249
0.42	0.308	0.312	0.291	0.291	2.241	0.251	0.239	0.247	0.254
1.396	0.312	0.31	0.283	0.288	2.329	0.249	0.244	0.244	0.254
2.202	0.315	0.312	0.276	0.295	2.354	0.254	0.249	0.247	0.251
2.493	0.315	0.317	0.278	0.293	2.366	0.259	0.251	0.254	0.247
2.668	0.312	0.322	0.286	0.291	2.393	0.264	0.244	0.254	0.251
2.754	0.31	0.317	0.288	0.286	2.412	0.254	0.239	0.251	0.254
2.761	0.308	0.312	0.293	0.281	2.378	0.249	0.237	0.247	0.254
2.749	0.31	0.31	0.281	0.283	2.236	0.249	0.244	0.244	0.259
2.739	0.315	0.312	0.278	0.291	1.902	0.251	0.249	0.247	0.249
2.742	0.315	0.317	0.281	0.288	1.675	0.259	0.249	0.251	0.244
2.717	0.312	0.327	0.283	0.291	1.482	0.261	0.244	0.254	0.247
2.668	0.31	0.317	0.288	0.286	1.206	0.256	0.242	0.251	0.251
2.627	0.305	0.312	0.291	0.283	1.008	0.269	0.239	0.249	0.254
2.556	0.31	0.31	0.281	0.286	0.864	0.693	0.242	0.247	0.259
2.473	0.312	0.312	0.278	0.291	0.664	1.116	0.249	0.254	0.249
2.358	0.315	0.322	0.281	0.291	0.53	1.118	0.247	0.254	0.244
2.131	0.312	0.32	0.283	0.291	0.427	0.864	0.242	0.254	0.249
1.753	0.31	0.369	0.288	0.283	0.374	0.642	0.237	0.254	0.251
1.328	0.305	1.331	0.291	0.281	0.339	0.537	0.234	0.249	0.254
1.038	0.31	3.542	0.391	0.286	0.315	0.505	0.239	0.251	0.261
0.854	0.312	3.425	1.145	0.288	0.293	0.464	0.249	0.254	0.249
0.681	0.312	3.02	1.841	0.291	0.271	0.41	0.244	0.254	0.247
0.547	0.315	2.776	2.192	0.291	0.266	0.352	0.242	0.256	0.247
0.459	0.305	2.617	2.422	0.286	0.264	0.312	0.237	0.254	0.261
0.403	0.305	2.524	2.554	0.283	0.264	0.293	0.239	0.247	0.427
0.366	0.31	2.515	2.605	0.291	0.259	0.276	0.239	0.247	1.45
0.344	0.312	2.546	2.554	0.291	0.259	0.269	0.249	0.254	2.595
0.327	0.315	2.59	2.332	0.293	0.251	0.271	0.247	0.254	3.135
0.32	0.315	2.568	2.083	0.291	0.249	0.266	0.244	0.256	3.159
0.317	0.305	2.539	1.868	0.286	0.254	0.259	0.237	0.254	2.81
0.315	0.305	2.515	1.697	0.283	0.256	0.254	0.239	0.249	2.532
0.308	0.308	2.505	1.499	0.286	0.259	0.251	0.242	0.247	2.358
0.303	0.312	2.502	1.313	0.288	0.254	0.254	0.249	0.251	2.236
0.298	0.315	2.446	1.123	0.288	0.249	0.264	0.249	0.254	2.146
0.303	0.317	2.319	0.957	0.288	0.249	0.259	0.244	0.256	2.083
0.305	0.308	2.161	0.803	0.283	0.251	0.254	0.237	0.251	1.963
0.305	0.413	1.702	0.696	0.278	0.256	0.251	0.239	0.249	1.792
0.3	0.688	1.313	0.608	0.283	0.259	0.249	0.244	0.249	1.567
0.3	1.455	1.035	0.532	0.283	0.251	0.254	0.249	0.249	1.309
0.298	1.907	0.818	0.459	0.286	0.247	0.264	0.247	0.254	1.052
0.303	2.146	0.647	0.408	0.283	0.249	0.259	0.244	0.254	0.828
0.305	2.29	0.522	0.371	0.278	0.251	0.254	0.237	0.254	0.696
0.305	2.339	0.444	0.342	0.276	0.256	0.251	0.237	0.247	0.586
0.3	2.383	0.393	0.32	0.278	0.259	0.251	0.244	0.247	0.474
0.303	2.39	0.369	0.308	0.281	0.251	0.254	0.251	0.249	0.386
0.295	2.356	0.352	0.3	0.286	0.249	0.261	0.322	0.254	0.33
0.3	2.329	0.342	0.308	0.283	0.249	0.261	0.737	0.254	0.303
0.305	2.297	0.332	0.308	0.278	0.251	0.256	1.814	0.254	0.295
0.305	2.271	0.32	0.3	0.276	0.256	0.249	2.585	0.249	0.31
0.3	2.229	0.317	0.293	0.276	0.259	0.249	2.988	0.251	0.291
0.3	2.161	0.317	0.291	0.281	0.251	0.254	3.188	0.247	0.271
0.293	1.982	0.322	0.288	0.308	0.247	0.261	3.245	0.251	0.261
0.298	1.66	0.322	0.293	0.283	0.247	0.261	3.201	0.254	0.259
0.303	1.294	0.32	0.3	0.278	0.251	0.254	3.13	0.256	0.261
0.303	1.06	0.312	0.298	0.278	0.254	0.251	3.022	0.266	0.266
0.298	0.847	0.31	0.293	0.276	0.256	0.251	2.849	0.488	0.259
0.298	0.681	0.32	0.288	0.288	0.251	0.254	2.59	1.597	0.254
0.295	0.571	0.317	0.288	0.288	0.249	0.261	2.278	2.295	0.249
0.3	0.476	0.32	0.295	0.288	0.247	0.256	1.956	2.644	0.251
0.303	0.413	0.317	0.3	0.283	0.251	0.256	1.714	2.815	0.256
0.303	0.381	0.31	0.295	0.283	0.256	0.251	1.514	2.871	0.261
0.3	0.364	0.308	0.288	0.281	0.256	0.249	1.333	2.878	0.256
0.298	0.359	0.315	0.283	0.288	0.251	0.259	1.106	2.908	0.251
0.295	0.349	0.315	0.283	0.291	0.247	0.259	0.872	2.947	0.247
0.298	0.332	0.317	0.288	0.288	0.249	0.259	0.662	2.93	0.249
0.3	0.322	0.317	0.291	0.286	0.251	0.256	0.508	2.864	0.254
0.3	0.315	0.31	0.293	0.288	0.254	0.251	0.41	2.739	0.259
0.298	0.315	0.308	0.291	0.283	0.256	0.249	0.354	2.615	0.254
0.293	0.317	0.312	0.286	0.291	0.251	0.259	0.317	2.458	0.249
0.293	0.327	0.312	0.293	0.295	0.249	0.259	0.295	2.151	0.244
0.298	0.317	0.315	0.298	0.293	0.249	0.259	0.283	1.89	0.249
0.298	0.31	0.315	0.295	0.286	0.251	0.254	0.264	1.592	0.256
0.3	0.308	0.31	0.293	0.286	0.256	0.251	0.256	1.245	0.256
0.3	0.312	0.308	0.291	0.364	0.256	0.249	0.254	0.933	0.254
0.293	0.317	0.312	0.286	1.069	0.251	0.259	0.256	0.693	0.249
0.295	0.322	0.315	0.286	2.126	0.247	0.259	0.254	0.532	0.244
0.295	0.312	0.317	0.295	2.297	0.247	0.261	0.247	0.43	0.249
0.298	0.31	0.315	0.295	2.229	0.251	0.254	0.242	0.371	0.256
0.298	0.308	0.31	0.293	2.17	0.259	0.249	0.244	0.33	0.254
0.3	0.31	0.31	0.288	2.117	0.256	0.249	0.244	0.298	0.254
0.293	0.315	0.31	0.286	2.085	0.249	0.259	0.249	0.295	0.249
0.291	0.317	0.312	0.288	2.056	0.249	0.259	0.249	0.288	0.247
0.295	0.312	0.32	0.295	2.039	0.247	0.259	0.244	0.278	0.247
0.3	0.308	0.315	0.291	2.014	0.251	0.254	0.242	0.271	0.256
0.303	0.305	0.31	0.293	2.007	0.259	0.261	0.247	0.261	0.256
0.303	0.31	0.31	0.288	2.009	0.256	0.447	0.244	0.254	0.254
0.295	0.317	0.31	0.286	2.004	0.251	1.121	0.249	0.251	0.251
0.298	0.315	0.315	0.288	1.912	0.244	1.68	0.251	0.256	0.244
0.3	0.312	0.315	0.293	1.692	0.247	1.833	0.247	0.254	0.247
0.303	0.31	0.312	0.298	1.367	0.251	1.853	0.242	0.254	0.254
0.305	0.308	0.308	0.291	1.042	0.259	1.875	0.247	0.254	0.251
0.3	0.312	0.31	0.288	0.83	0.249	1.914	0.244	0.247	0.251
0.293	0.322	0.308	0.286	0.664	0.251	1.89	0.249	0.247	0.244
0.293	0.317	0.312	0.288	0.542	0.244	1.88	0.249	0.251	0.242
0.293	0.312	0.315	0.295	0.454	0.249	1.851	0.244	0.254	0.247
0.298	0.31	0.312	0.295	0.396	0.251	1.816	0.239	0.251	0.254
0.31	0.305	0.308	0.293	0.352	0.256	1.785	0.242	0.251	0.249
0.322	0.312	0.31	0.286	0.344	0.254	1.777	0.244	0.244	0.251
0.388	0.322	0.31	0.283	0.332	0.249	1.726	0.249	0.247	0.247
0.986	0.32	0.312	0.286	0.32	0.244	1.506	0.249	0.251	0.242
1.589	0.317	0.315	0.291	0.312	0.244	1.213	0.244	0.251	0.247
1.592	0.31	0.312	0.293	0.31	0.251	0.952	0.239	0.254	0.251
1.589	0.305	0.31	0.295	0.298	0.254	0.757	0.239	0.249	0.251
1.597	0.312	0.31	0.291	0.298	0.254	0.637	0.242	0.244	0.251
1.655	0.32	0.31	0.288	0.3	0.249	0.493	0.247	0.247	0.247
1.682	0.317	0.312	0.293	0.303	0.244	0.41	0.247	0.251	0.244
1.67	0.312	0.315	0.295	0.3	0.247	0.354	0.244	0.254	0.249
1.719	0.308	0.312	0.3	0.3	0.254	0.312	0.242	0.251	0.251
1.758	0.305	0.31	0.298	0.291	0.251	0.288	0.237	0.249	0.254
1.787	0.312	0.31	0.291	0.293	0.251	0.281	0.242	0.247	0.251
1.748	0.32	0.31	0.286	0.291	0.247	0.271	0.247	0.247	0.247
1.653	0.317	0.315	0.288	0.293	0.242	0.269	0.247	0.251	0.242
1.467	0.312	0.317	0.286	0.293	0.244	0.266	0.242	0.254	0.247
1.272	0.308	0.312	0.3	0.288	0.251	0.259	0.244	0.256	0.249
1.091	0.308	0.312	0.432	0.281	0.254	0.251	0.237	0.249	0.249
1.045	0.31	0.308	1.311	0.281	0.249	0.256	0.242	0.242	0.293
1.057	0.315	0.31	3.193	0.286	0.247	0.256	0.247	0.247	0.393
1.028	0.317	0.315	2.678	0.291	0.242	0.259	0.247	0.251	0.793
0.984	0.312	0.315	2.207	0.291	0.244	0.261	0.244	0.254	2.141
0.957	0.308	0.312	2.036	0.286	0.264	0.254	0.244	0.256	3.091
0.935	0.31	0.312	2.068	0.281	0.42	0.251	0.239	0.249	3.633
0.967	0.337	0.305	2.124	0.283	1.204	0.254	0.239	0.247	3.977
0.962	0.359	0.305	2.139	0.286	1.948	0.254	0.247	0.247	4.141
0.908	0.349	0.31	2.173	0.288	2.256	0.259	0.247	0.251	4.243
0.845	0.356	0.312	2.209	0.293	2.463	0.259	0.244	0.254	4.304
0.686	0.391	0.31	2.253	0.283	2.617	0.254	0.244	0.259	4.29
0.579	0.437	0.308	2.292	0.281	2.71	0.251	0.239	0.249	4.194
0.5	0.515	0.317	2.28	0.283	2.732	0.249	0.242	0.249	4.043
0.449	0.571	0.325	2.239	0.288	2.749	0.254	0.249	0.247	3.701
0.4	0.791	0.366	2.166	0.293	2.756	0.256	0.247	0.251	3.218
0.366	1.216	0.732	2.034	0.293	2.751	0.256	0.244	0.254	2.734
0.347	1.619	1.328	1.824	0.286	2.717	0.254	0.242	0.256	2.329
0.332	2	1.355	1.565	0.281	2.683	0.254	0.237	0.247	1.948
0.317	2.305	1.245	1.37	0.286	2.554	0.249	0.242	0.244	1.65
0.308	2.5	1.191	1.235	0.288	2.249	0.254	0.247	0.247	1.387
0.303	2.61	1.213	1.138	0.291	1.931	0.256	0.261	0.249	1.216
0.305	2.673	1.353	1.055	0.295	1.523	0.256	0.332	0.251	1.008
0.315	2.686	1.479	0.989	0.286	1.177	0.254	1.111	0.254	0.798
0.308	2.744	1.599	0.894	0.281	0.908	0.254	3.115	0.247	0.637
0.3	2.773	1.665	0.662	0.281	0.667	0.249	3.662	0.244	0.518
0.293	2.72	1.692	0.52	0.286	0.51	0.254	3.34	0.247	0.417
0.291	2.671	1.687	0.43	0.291	0.417	0.256	2.793	0.251	0.356
0.295	2.517	1.606	0.391	0.293	0.364	0.256	2.402	0.254	0.317
0.303	2.4	1.511	0.371	0.286	0.325	0.254	2.134	0.254	0.3
0.298	2.261	1.384	0.337	0.281	0.303	0.254	1.98	0.247	0.288
0.293	2.017	1.265	0.312	0.281	0.286	0.249	1.902	0.244	0.276
0.291	1.707	1.099	0.3	0.286	0.269	0.254	1.855	0.247	0.269
0.291	1.433	0.95	0.288	0.288	0.259	0.256	1.824	0.251	0.266
0.295	1.296	0.923	0.291	0.291	0.259	0.256	1.726	0.256	0.259
0.305	1.218	0.835	0.293	0.286	0.256	0.254	1.499	0.254	0.261
0.3	1.096	0.706	0.288	0.283	0.259	0.254	1.313	0.249	0.264
0.298	0.952	0.559	0.283	0.283	0.256	0.249	1.223	0.244	0.261
0.293	0.784	0.508	0.286	0.288	0.251	0.254	1.145	0.249	0.254
0.293	0.645	0.444	0.283	0.293	0.247	0.259	1.091	0.251	0.254
0.298	0.557	0.398	0.288	0.288	0.251	0.259	1.052	0.259	0.254
0.305	0.505	0.369	0.288	0.283	0.254	0.256	0.864	0.254	0.256
0.303	0.452	0.344	0.286	0.281	0.256	0.251	0.72	0.247	0.259
0.3	0.398	0.342	0.281	0.278	0.256	0.251	0.588	0.273	0.254
0.295	0.369	0.332	0.281	0.286	0.251	0.254	0.483	0.974	0.249
0.288	0.349	0.327	0.278	0.291	0.249	0.259	0.4	3.115	0.251
0.295	0.339	0.327	0.283	0.291	0.251	0.259	0.349	3.865	0.249
0.3	0.337	0.325	0.286	0.449	0.254	0.256	0.305	3.562	0.251
0.305	0.337	0.312	0.286	0.659	0.256	0.251	0.283	3.252	0.251
0.295	0.327	0.305	0.283	1.541	0.254	0.249	0.276	2.971	0.249
0.291	0.325	0.31	0.283	2.253	0.251	0.254	0.271	2.771	0.244
0.288	0.322	0.312	0.281	2.073	0.247	0.256	0.269	2.617	0.242
0.295	0.315	0.312	0.286	1.875	0.251	0.259	0.266	2.532	0.242
0.3	0.31	0.32	0.286	1.782	0.251	0.259	0.259	2.463	0.247
0.3	0.312	0.312	0.286	1.733	0.254	0.251	0.254	2.422	0.249
0.298	0.31	0.308	0.286	1.699	0.254	0.249	0.256	2.324	0.247
0.293	0.317	0.308	0.281	1.707	0.249	0.254	0.259	2.107	0.244
0.291	0.317	0.312	0.283	1.733	0.249	0.256	0.259	1.875	0.239
0.31	0.312	0.317	0.288	1.743	0.247	0.259	0.254	1.616	0.244
0.325	0.308	0.32	0.291	1.75	0.251	0.259	0.249	1.372	0.247
0.361	0.312	0.31	0.288	1.746	0.254	0.251	0.247	1.128	0.251
0.422	0.31	0.308	0.288	1.746	0.254	0.249	0.247	0.903	0.251
0.596	0.317	0.308	0.283	1.755	0.249	0.256	0.251	0.725	0.249
0.659	0.315	0.31	0.283	1.753	0.249	0.256	0.256	0.593	0.242
0.703	0.312	0.312	0.288	1.689	0.244	0.256	0.249	0.471	0.242
0.808	0.308	0.31	0.288	1.614	0.251	0.259	0.244	0.388	0.247
0.911	0.308	0.305	0.288	1.589	0.256	0.251	0.242	0.337	0.249
0.967	0.31	0.3	0.291	1.458	0.254	0.251	0.244	0.303	0.249
1.074	0.315	0.3	0.283	1.394	0.249	0.254	0.249	0.288	0.249
1.252	0.315	0.305	0.283	1.323	0.251	0.256	0.254	0.291	0.244
1.453	0.312	0.312	0.288	1.24	0.247	0.259	0.247	0.278	0.244
1.631	0.308	0.305	0.291	1.077	0.249	0.256	0.242	0.269	0.249
1.76	0.308	0.303	0.291	0.908	0.254	0.249	0.244	0.259	0.251
1.855	0.33	0.3	0.291	0.715	0.251	0.249	0.247	0.254	0.249
1.921	1.05	0.3	0.283	0.564	0.249	0.254	0.254	0.249	0.249
1.958	1.577	0.305	0.283	0.466	0.249	0.259	0.264	0.259	0.239
1.985	1.213	0.31	0.288	0.4	0.244	0.256	0.251	0.254	0.242
1.992	0.977	0.305	0.291	0.356	0.249	0.256	0.249	0.254	0.247
1.934	0.852	0.303	0.291	0.327	0.251	0.251	0.244	0.249	0.249
1.821	0.815	0.303	0.288	0.312	0.251	0.251	0.251	0.242	0.247
1.633	0.798	0.3	0.278	0.312	0.247	0.261	0.256	0.244	0.249
1.431	0.835	0.308	0.283	0.305	0.249	0.31	0.259	0.254	0.239
1.13	0.906	0.317	0.286	0.3	0.244	0.925	0.254	0.251	0.239
0.867	0.967	0.31	0.291	0.291	0.249	2.166	0.249	0.249	0.244
0.647	1.011	0.308	0.288	0.286	0.251	2.976	0.249	0.244	0.249
0.508	1.069	0.305	0.283	0.286	0.251	3.398	0.254	0.242	0.247
0.422	1.104	0.308	0.281	0.295	0.249	3.604	0.259	0.244	0.247
0.371	1.094	0.315	0.334	0.291	0.244	3.645	0.261	0.251	0.242
0.347	1.042	0.325	0.728	0.291	0.244	3.606	0.256	0.254	0.244
0.33	0.957	0.317	1.108	0.286	0.249	3.567	0.251	0.249	0.247
0.322	0.876	0.31	1.328	0.281	0.251	3.413	0.249	0.244	0.251
0.305	0.759	0.308	1.458	0.283	0.251	2.917	0.251	0.247	0.251
0.295	0.608	0.312	1.541	0.293	0.251	2.336	0.259	0.244	0.244
0.293	0.503	0.312	1.592	0.293	0.244	1.902	0.259	0.249	0.242
0.293	0.432	0.315	1.631	0.293	0.244	1.475	0.254	0.251	0.242
0.295	0.391	0.315	1.646	0.288	0.249	1.113	0.249	0.249	0.247
0.295	0.356	0.305	1.648	0.286	0.308	0.842	0.249	0.242	0.249
0.291	0.342	0.303	1.65	0.288	0.371	0.637	0.251	0.237	0.251
0.288	0.337	0.303	1.653	0.293	0.62	0.5	0.259	0.244	0.244
0.293	0.344	0.305	1.658	0.295	0.972	0.417	0.259	0.247	0.239
0.291	0.332	0.3	1.667	0.295	1.328	0.374	0.256	0.249	0.244
0.295	0.325	0.298	1.646	0.291	1.541	0.322	0.249	0.244	0.244
0.298	0.315	0.288	1.584	0.288	1.641	0.295	0.247	0.239	0.249
0.291	0.317	0.283	1.453	0.295	1.709	0.281	0.251	0.237	0.251
0.288	0.32	0.286	1.184	0.295	1.768	0.276	0.278	0.244	0.244
0.291	0.32	0.295	0.884	0.298	1.79	0.273	0.281	0.247	0.242
0.293	0.317	0.295	0.679	0.298	1.826	0.271	0.271	0.249	0.244
0.295	0.308	0.293	0.564	0.291	1.797	0.261	0.276	0.249	0.249
0.298	0.305	0.293	0.476	0.286	1.77	0.256	0.308	0.244	0.254
0.291	0.305	0.293	0.398	0.293	1.726	0.251	0.339	0.244	0.256
0.288	0.308	0.298	0.349	0.293	1.665	0.256	0.378	0.249	0.247
0.291	0.31	0.308	0.325	0.298	1.624	0.259	0.403	0.249	0.247
0.293	0.31	0.305	0.312	0.295	1.597	0.261	0.43	0.249	0.244
0.298	0.303	0.303	0.305	0.291	1.584	0.256	0.413	0.249	0.249
0.298	0.303	0.298	0.295	0.286	1.57	0.251	0.403	0.242	0.256
0.295	0.308	0.295	0.288	0.293	1.553	0.251	0.415	0.239	0.256
0.293	0.31	0.295	0.281	0.293	1.519	0.254	0.527	0.249	0.249
0.293	0.312	0.303	0.278	0.298	1.458	0.261	0.74	0.249	0.244
0.295	0.312	0.295	0.283	0.3	1.355	0.261	0.959	0.251	0.247
0.303	0.305	0.295	0.291	0.295	1.323	0.256	1.133	0.256	0.249
0.3	0.303	0.288	0.286	0.295	1.27	0.251	1.27	1.072	0.254
0.298	0.305	0.286	0.278	0.366	1.138	0.249	1.409	1.204	0.254
0.295	0.31	0.291	0.276	1.479	0.964	0.254	1.506	0.979	0.249
0.295	0.315	0.303	0.273	1.689	0.779	0.264	1.555	0.842	0.244
0.332	0.312	0.303	0.281	1.262	0.63	0.259	1.602	0.854	0.247
0.349	0.303	0.303	0.288	0.935	0.508	0.254	1.626	0.872	0.251
0.332	0.3	0.295	0.283	0.75	0.415	0.249	1.646	0.891	0.254
0.317	0.3	0.293	0.276	0.642	0.359	0.249	1.655	0.933	0.251
0.349	0.305	0.295	0.271	0.574	0.315	0.254	1.665	1.006	0.249
0.554	0.308	0.305	0.276	0.566	0.286	0.264	1.672	1.072	0.247
1.116	0.31	0.3	0.283	0.601	0.271	0.259	1.633	1.143	0.244
1.624	0.303	0.295	0.293	0.608	0.266	0.254	1.56	1.162	0.251
1.836	0.3	0.288	0.286	0.635	0.269	0.249	1.433	1.221	0.256
1.831	0.303	0.286	0.281	0.664	0.271	0.249	1.221	1.177	0.254
1.785	0.308	0.288	0.281	0.659	0.259	0.254	0.952	1.106	0.247
1.733	0.31	0.291	0.281	0.654	0.251	0.266	0.747	1.021	0.244
1.763	0.308	0.291	0.286	0.61	0.249	0.259	0.605	0.845	0.244
1.836	0.303	0.291	0.295	0.525	0.254	0.254	0.51	0.676	0.251
1.895	0.3	0.283	0.288	0.444	0.256	0.249	0.437	0.554	0.259
1.929	0.305	0.281	0.281	0.396	0.259	0.247	0.391	0.476	0.254
1.953	0.308	0.286	0.273	0.366	0.251	0.254	0.356	0.41	0.247
1.943	0.315	0.288	0.276	0.386	0.244	0.261	0.322	0.376	0.244
1.897	0.31	0.291	0.283	0.396	0.247	0.259	0.293	0.364	0.244
1.841	0.305	0.288	0.288	0.359	0.249	0.254	0.271	0.332	0.247
1.794	0.305	0.286	0.286	0.334	0.254	0.249	0.259	0.3	0.259
1.743	0.308	0.283	0.286	0.315	0.259	0.251	0.261	0.283	0.251
1.675	0.312	0.286	0.281	0.312	0.247	0.254	0.259	0.271	0.249
1.526	0.32	0.286	0.283	0.31	0.244	0.259	0.259	0.269	0.244
1.34	0.312	0.288	0.288	0.305	0.244	0.261	0.256	0.269	0.242
1.138	0.308	0.286	0.295	0.3	0.249	0.254	0.249	0.261	0.249
0.955	0.305	0.278	0.293	0.303	0.254	0.249	0.249	0.254	0.254
0.828	0.308	0.278	0.288	0.295	0.256	0.249	0.256	0.254	0.251
0.681	0.312	0.283	0.281	0.3	0.249	0.259	0.259	0.254	0.247
0.544	0.32	0.283	0.283	0.303	0.247	0.259	0.259	0.256	0.242
0.469	0.312	0.283	0.291	0.303	0.244	0.256	0.254	0.259	0.244
0.435	0.308	0.283	0.293	0.298	0.249	0.254	0.249	0.256	0.249
0.388	0.308	0.281	0.291	0.298	0.254	0.249	0.249	0.254	0.254
0.386	0.308	0.278	0.288	0.293	0.254	0.249	0.254	0.254	0.251
0.369	0.315	0.283	0.283	0.298	0.247	0.259	0.256	0.254	0.247
0.354	0.32	0.288	0.283	0.3	0.244	0.259	0.259	0.256	0.242
0.344	0.312	0.291	0.295	0.298	0.242	0.259	0.254	0.259	0.244
0.33	0.308	0.286	0.293	0.293	0.247	0.254	0.249	0.256	0.249
0.317	0.305	0.281	0.291	0.293	0.254	0.251	0.251	0.254	0.251
0	0.308	0.278	0.286	0.291	0.251	0.249	0.251	0.251	0.251
0	0.312	0.283	0.281	0.295	0.247	0.259	0.254	0.251	0.247
0	0.32	0.286	0.281	0.3	0.242	0.259	0.256	0.256	0.242
0	0.349	0.288	0.291	0.298	0.242	0.259	0.249	0.256	0.244
0	0.435	0.286	0.291	0.295	0.249	0.254	0.247	0.256	0.254
0	0.957	0.281	0.291	0.295	0.256	0.249	0.249	0.256	0.251
0	1.277	0.281	0.288	0.293	0.254	0.249	0.249	0.251	0.251
0	1.44	0.283	0.286	0.298	0.249	0.259	0.254	0.251	0.247
0	1.411	0.288	0.288	0.305	0.244	0.317	0.254	0.256	0.242
0	1.357	0.291	0.298	0.3	0.244	0.413	0.242	0.259	0.242
0	1.372	0.288	0.295	0.3	0.249	1.675	0.247	0.256	0.256
0	1.384	0.281	0.295	0.293	0.256	2.644	0.249	0.256	0.781
0	1.426	0.283	0.288	0.293	0.251	2.275	0.249	0.249	2.549
0	1.428	0.283	0.283	0.298	0.249	1.858	0.254	0.251	3.567
0	1.394	0.288	0.286	0.3	0.244	1.677	0.256	0.256	3.877
0	1.382	0.288	0.293	0.3	0.244	1.592	0.249	0.261	3.833
0	1.426	0.286	0.295	0.3	0.251	1.475	0.237	0.256	3.74
0	1.475	0.283	0.291	0.293	0.305	1.372	0.249	0.256	3.65
0	1.492	0.339	0.286	0.293	0.459	1.326	0.249	0.251	3.582
0	1.494	0.776	0.281	0.298	0.837	1.282	0.251	0.251	3.416
0	1.445	1.221	0.288	0.298	1.047	1.199	0.254	0.256	3.174
0	1.289	1.301	0.312	0.298	1.174	1.138	0.249	0.259	2.822
0	1.047	1.333	0.454	0.3	1.27	1.074	0.244	0.259	2.529
0	0.803	1.36	0.859	0.312	1.326	1.016	0.247	0.256	2.124
0	0.652	1.377	1.106	0.437	1.35	0.999	0.247	0.249	1.772
0	0.564	1.389	1.133	0.908	1.406	0.935	0.251	0.251	1.392
0	0.469	1.404	1.106	1.677	1.46	0.906	0.254	0.256	1.089
0	0.41	1.418	1.084	2.07	1.477	0.906	0.249	0.256	0.779
0	0.378	1.426	1.052	2.163	1.477	0.881	0.322	0.256	0.603
0	0.349	1.428	1.028	2.124	1.497	0.793	0.488	0.254	0.496
0	0.339	1.433	0.994	2.078	1.506	0.706	0.952	0.249	0.413
0	0.337	1.436	0.957	1.992	1.482	0.623	1.25	0.251	0.347
0	0.327	1.423	0.952	1.892	1.458	0.518	1.296	0.254	0.308
0	0.32	1.362	0.93	1.848	1.445	0.464	1.245	0.256	0.288
0	0.31	1.111	0.92	1.833	1.445	0.427	1.226	0.256	0.278
0	0.308	0.847	0.896	1.809	1.423	0.403	1.316	0.254	0.271
0	0	0.637	0.876	1.79	1.306	0.398	1.431	0.247	0.264
0	0	0.498	0.859	1.75	1.033	0.349	1.619	0.249	0.256
0	0	0.42	0.842	1.667	0.745	0.315	1.729	0.254	0.254
0	0	0.366	0.833	1.536	0.566	0.288	1.785	0.256	0.259
0	0	0.334	0.815	1.375	0.457	0.273	1.824	0.259	0.256
0	0	0.31	0.73	1.248	0.376	0.261	1.812	0.251	0.256
0	0	0.293	0.657	1.079	0.33	0.259	1.775	0.247	0.256
0	0	0.288	0.549	0.93	0.295	0.256	1.677	0.249	0.249
0	0	0.286	0.466	0.789	0.271	0.259	1.504	0.251	0.249
0	0	0.286	0.398	0.637	0.264	0.259	1.233	0.256	0.254
0	0	0.286	0.361	0.503	0.271	0.254	0.947	0.259	0.254
0	0	0.286	0.366	0.427	0.261	0.249	0.75	0.251	0.256
0	0	0.281	0.342	0.381	0.254	0.251	0.598	0.291	0.256
0	0	0.281	0.32	0.354	0.247	0.251	0.496	0.381	0.249
0	0	0.286	0.308	0.337	0.237	0.256	0.415	0.459	0.247
0	0	0.288	0	0.327	0.242	0.254	0.359	0.554	0.251
0	0	0.286	0	0.31	0.249	0.251	0.317	0.635	0.254
0	0	0.288	0	0.3	0.247	0.249	0.291	0.693	0.256
0	0	0.281	0	0.298	0.247	0.247	0.276	0.725	0.256
0	0	0.283	0	0.298	0.242	0.251	0.271	0.745	0.251
0	0	0.288	0	0.303	0.237	0.256	0.264	0.769	0.249
0	0	0.291	0	0.305	0.237	0.251	0.256	0.776	0.254
0	0	0.291	0	0.295	0.247	0.249	0.251	0.781	0.256
0	0	0.291	0	0.291	0.247	0.249	0	0.742	0.256
0	0	0.283	0	0.291	0.247	0.249	0	0.745	0.254
0	0	0.288	0	0	0.244	0.249	0	0.74	0.251
0	0	0.293	0	0	0.239	0.254	0	0.745	0.247
0	0	0.295	0	0	0.239	0.251	0	0.75	0.249
0	0	0.295	0	0	0.244	0.249	0	0.737	0.251
0	0	0.312	0	0	0.247	0.249	0	0.703	0.256
0	0	0.288	0	0	0.247	0.244	0	0.681	0.254
0	0	0.295	0	0	0.239	0.247	0	0.649	0.249
0	0	0.3	0	0	0.237	0.249	0	0.601	0.249
0	0	0.303	0	0	0.239	0.249	0	0.503	0.249
0	0	0.303	0	0	0.242	0.247	0	0.415	0.251
0	0	0.298	0	0	0.244	0.249	0	0.349	0.256
0	0	0.293	0	0	0.247	0.242	0	0.325	0.254
0	0	0.295	0	0	0.239	0.247	0	0.334	0.251
0	0	0.303	0	0	0.237	0.251	0	0.325	0.254
0	0	0.305	0	0	0.247	0.278	0	0.31	0.251
0	0	0.305	0	0	0.249	1.704	0	0	0.254
0	0	0.298	0	0	0.251	1.824	0	0	0.259
0	0	0.298	0	0	0.254	1.311	0	0	0.256
0	0	0.298	0	0	0.249	0.984	0	0	0.256
0	0	0.303	0	0	0.247	0.769	0	0	0.269
0	0	0.308	0	0	0.251	0.642	0	0	0.369
0	0	0.31	0	0	0.251	0.544	0	0	0.486
0	0	0.3	0	0	0.256	0.454	0	0	0.696
0	0	0.3	0	0	0.256	0.386	0	0	0.793
0	0	0.303	0	0	0.249	0.347	0	0	0.798
0	0	0.305	0	0	0.247	0.327	0	0	0.737
0	0	0.31	0	0	0.249	0.312	0	0	0.728
0	0	0.312	0	0	0.251	0.3	0	0	0.737
0	0	0.3	0	0	0.256	0.291	0	0	0.757
0	0	0.298	0	0	0.254	0.288	0	0	0.769
0	0	0.3	0	0	0.249	0.276	0	0	0.779
0	0	0.303	0	0	0.244	0.271	0	0	0.784
0	0	0.308	0	0	0.247	0.266	0	0	0.798
0	0	0.308	0	0	0.251	0.264	0	0	0.808
0	0	0.312	0	0	0.256	0.254	0	0	0.806
0	0	0.334	0	0	0.256	0.254	0	0	0.789
0	0	0.334	0	0	0.254	0.254	0	0	0.703
0	0	0.42	0	0	0.276	0.256	0	0	0.596
0	0	0.481	0	0	0.278	0.256	0	0	0.493
0	0	0.498	0	0	0.298	0.259	0	0	0.413
0	0	0.508	0	0	0.305	0.249	0	0	0.354
0	0	0.515	0	0	0.31	0.249	0	0	0.334
0	0	0.53	0	0	0.327	0.254	0	0	0.315
0	0	0.547	0	0	0.403	0.256	0	0	0.293
0	0	0.559	0	0	0.459	0.256	0	0	0.281
0	0	0.559	0	0	0.51	0.256	0	0	0.273
0	0	0.554	0	0	0.535	0.249	0	0	0
0	0	0.549	0	0	0.552	0.249	0	0	0
0	0	0.554	0	0	0.564	0.251	0	0	0
0	0	0.566	0	0	0.566	0.254	0	0	0
0	0	0.571	0	0	0.552	0.256	0	0	0
0	0	0.564	0	0	0.552	0.256	0	0	0
0	0	0.493	0	0	0.554	0.249	0	0	0
0	0	0.42	0	0	0.552	0.249	0	0	0
0	0	0.371	0	0	0.537	0.254	0	0	0
0	0	0.352	0	0	0.522	0.254	0	0	0
0	0	0.339	0	0	0.515	0.259	0	0	0
0	0	0.322	0	0	0.513	0.254	0	0	0
0	0	0.312	0	0	0.515	0.247	0	0	0
0	0	0.305	0	0	0.51	0.247	0	0	0
0	0	0.305	0	0	0.503	0.251	0	0	0
0	0	0.305	0	0	0.498	0.256	0	0	0
0	0	0.312	0	0	0.493	0.261	0	0	0
0	0	0.305	0	0	0.5	0.254	0	0	0
0	0	0	0	0	0.486	0.249	0	0	0
0	0	0	0	0	0.454	0.249	0	0	0
0	0	0	0	0	0.405	0.251	0	0	0
0	0	0	0	0	0.342	0.256	0	0	0
0	0	0	0	0	0.308	0.261	0	0	0
0	0	0	0	0	0.291	0.254	0	0	0
0	0	0	0	0	0.286	0.249	0	0	0
0	0	0	0	0	0.273	0.247	0	0	0
0	0	0	0	0	0.264	0.251	0	0	0
0	0	0	0	0	0.251	0.256	0	0	0
0	0	0	0	0	0.249	0.261	0	0	0
0	0	0	0	0	0.251	0.251	0	0	0
0	0	0	0	0	0	0.247	0	0	0
0	0	0	0	0	0	0.247	0	0	0
0	0	0	0	0	0	0.251	0	0	0
0	0	0	0	0	0	0.256	0	0	0
0	0	0	0	0	0	0.261	0	0	0
0	0	0	0	0	0	0.251	0	0	0
0	0	0	0	0	0	0.249	0	0	0
0	0	0	0	0	0	0.247	0	0	0
0	0	0	0	0	0	0.249	0	0	0
0	0	0	0	0	0	0.256	0	0	0
0	0	0	0	0	0	0.259	0	0	0
0	0	0	0	0	0	0.251	0	0	0
0	0	0	0	0	0	0.254	0	0	0
0	0	0	0	0	0	0.291	0	0	0
0	0	0	0	0	0	0.396	0	0	0
0	0	0	0	0	0	0.481	0	0	0
0	0	0	0	0	0	0.601	0	0	0
0	0	0	0	0	0	0.676	0	0	0
0	0	0	0	0	0	0.686	0	0	0
0	0	0	0	0	0	0.686	0	0	0
0	0	0	0	0	0	0.688	0	0	0
0	0	0	0	0	0	0.681	0	0	0
0	0	0	0	0	0	0.696	0	0	0
0	0	0	0	0	0	0.754	0	0	0
0	0	0	0	0	0	0.776	0	0	0
0	0	0	0	0	0	0.784	0	0	0
0	0	0	0	0	0	0.791	0	0	0
0	0	0	0	0	0	0.808	0	0	0
0	0	0	0	0	0	0.82	0	0	0
0	0	0	0	0	0	0.82	0	0	0
0	0	0	0	0	0	0.806	0	0	0
0	0	0	0	0	0	0.779	0	0	0
0	0	0	0	0	0	0.652	0	0	0
0	0	0	0	0	0	0.547	0	0	0
0	0	0	0	0	0	0.449	0	0	0
0	0	0	0	0	0	0.376	0	0	0
0	0	0	0	0	0	0.325	0	0	0
0	0	0	0	0	0	0.293	0	0	0
0	0	0	0	0	0	0.288	0	0	0
0	0	0	0	0	0	0.291	0	0	0
0	0	0	0	0	0	0.278	0	0	0
0	0	0	0	0	0	0.266	0	0	0
0	0	0	0	0	0	0.256	0	0	0
0	0	0	0	0	0	0.251	0	0	0
