2.285	0.662	1.821	0.974	0.623	0.527	0.503	0.557	0.564	0.527
2.09	0.703	1.379	2.295	0.771	0.574	0.544	0.554	0.615	0.532
1.753	0.913	1.086	1.97	1.292	0.859	0.713	0.559	0.784	0.552
1.694	1.362	1.077	1.414	1.667	1.284	1.05	0.564	1.316	0.581
1.704	1.523	1.16	1.23	1.409	1.323	1.206	0.562	1.479	0.571
1.76	1.362	1.221	1.23	1.123	1.191	1.226	0.562	1.274	0.618
1.787	1.24	1.243	1.35	1.072	1.145	1.208	0.586	1.118	0.732
1.814	1.213	1.238	1.467	1.121	1.143	1.208	0.793	1.125	0.784
1.816	1.213	1.216	1.497	1.208	1.143	1.194	1.121	1.299	0.825
1.802	1.208	1.174	1.494	1.265	1.152	1.201	1.289	1.455	0.903
1.802	1.216	1.125	1.501	1.201	1.162	1.16	1.323	1.536	0.928
1.797	1.213	1.121	1.511	1.133	1.155	1.223	1.321	1.536	0.933
1.765	1.216	1.084	1.458	1.096	1.157	1.208	1.299	1.521	1.008
1.711	1.201	0.996	1.416	1.094	1.16	1.167	1.267	1.519	1.072
1.616	1.165	0.925	1.323	1.086	1.165	1.167	1.257	1.477	1.091
1.438	1.091	0.806	1.304	0.999	1.16	1.155	1.292	1.44	1.096
1.233	1.025	0.742	1.108	0.857	1.14	1.145	1.367	1.394	1.074
1.077	0.925	0.696	0.933	0.811	1.101	1.104	1.384	1.279	1.072
0.945	0.815	0.691	0.862	0.737	1.023	1.008	1.384	1.138	1.077
0.842	0.73	0.679	0.757	0.676	0.925	0.881	1.37	0.918	1.086
0.791	0.686	0.671	0.671	0.63	0.864	0.793	1.355	0.823	1.074
0.801	0.691	0.674	0.632	0.623	0.781	0.759	1.306	0.713	1.06
0.786	0.674	0.674	0.625	0.627	0.649	0.662	1.223	0.654	1.05
0.742	0.667	0.669	0.627	0.61	0.562	0.564	1.113	0.596	1.05
0.735	0.659	0.671	0.627	0.603	0.52	0.537	0.984	0.596	1.055
0.74	0.654	0.674	0.625	0.598	0.515	0.532	0.828	0.581	1.057
0.745	0.652	0.674	0.623	0.596	0.515	0.53	0.745	0.557	1.011
0.742	0.652	0.674	0.62	0.593	0.503	0.52	0.659	0.547	0.916
0.73	0.654	0.674	0.62	0.598	0.5	0.513	0.662	0.547	0.813
0.73	0.657	0.671	0.623	0.601	0.5	0.513	0.674	0.549	0.779
0.732	0.654	0.669	0.623	0.598	0.503	0.508	0.613	0.554	0.759
0.74	0.649	0.669	0.623	0.603	0.54	0.51	0.569	0.554	0.676
0.74	0.647	0.669	0.62	0.601	0.5	0.508	0.562	0.549	0.598
0.745	0.647	0.674	0.615	0.598	0.496	0.508	0.559	0.542	0.559
0.74	0.647	0.674	0.618	0.601	0.496	0.513	0.559	0.542	0.544
0.74	0.652	0.669	0.618	0.605	0.498	0.513	0.559	0.542	0.542
0.75	0.654	0.667	0.62	0.603	0.503	0.513	0.554	0.542	0.54
0.754	0.652	0.667	0.62	0.605	0.503	0.51	0.549	0.547	0.54
0.754	0.649	0.669	0.615	0.598	0.505	0.508	0.549	0.547	0.537
0.745	0.652	0.674	0.615	0.598	0.503	0.513	0.552	0.544	0.532
0.737	0.659	0.674	0.618	0.601	0.5	0.515	0.557	0.544	0.535
0.737	0.662	0.674	0.623	0.605	0.503	0.513	0.554	0.544	0.54
0.745	0.662	0.671	0.625	0.603	0.503	0.51	0.549	0.547	0.54
0.75	0.657	0.718	0.62	0.598	0.505	0.508	0.549	0.547	0.535
0.745	0.654	0.952	0.62	0.596	0.503	0.505	0.549	0.547	0.537
0.737	0.652	1.438	0.62	0.596	0.5	0.508	0.552	0.544	0.535
0.732	0.654	1.726	0.618	0.596	0.498	0.51	0.549	0.544	0.532
0.735	0.657	1.528	0.623	0.596	0.5	0.51	0.549	0.544	0.535
0.737	0.659	1.44	0.625	0.598	0.505	0.508	0.549	0.549	0.537
0.732	0.657	1.394	0.732	0.596	0.505	0.505	0.547	0.549	0.542
0.737	0.654	1.414	1.201	0.596	0.503	0.503	0.547	0.544	0.54
0.735	0.649	1.501	2.703	0.596	0.5	0.503	0.549	0.542	0.535
0.73	0.652	1.572	2.256	0.601	0.505	0.508	0.552	0.54	0.535
0.725	0.657	1.599	1.797	0.605	0.503	0.508	0.552	0.542	0.537
0.73	0.654	1.609	1.682	0.601	0.505	0.505	0.549	0.547	0.54
0.735	0.649	1.604	1.77	0.598	0.537	0.505	0.549	0.547	0.54
0.737	0.647	1.567	1.948	0.593	0.686	0.508	0.549	0.627	0.537
0.735	0.649	1.519	2.019	0.596	1.077	0.674	0.571	1.094	0.535
0.732	0.649	1.428	2.014	0.598	1.611	1.375	0.72	1.851	0.535
0.73	0.652	1.348	2.058	0.601	1.511	1.816	1.123	1.577	0.537
0.786	0.652	1.221	2.102	0.601	1.423	1.709	1.594	1.348	0.54
1.116	0.652	1.116	2.122	0.706	1.501	1.58	1.414	1.318	0.54
2.185	0.662	1.057	2.122	1.094	1.731	1.541	1.282	1.467	0.54
2.161	0.786	0.962	2.122	2.19	1.838	1.587	1.282	1.541	0.537
1.88	1.245	0.913	2.068	2.134	1.848	1.599	1.458	1.597	0.537
1.763	1.675	0.879	2.009	1.941	1.836	1.599	1.567	1.616	0.537
1.924	1.685	0.801	1.846	1.865	1.841	1.604	1.599	1.653	0.542
2.07	1.516	0.708	1.611	1.909	1.846	1.609	1.621	1.655	0.542
2.129	1.465	0.676	1.396	1.973	1.833	1.604	1.655	1.638	0.537
2.153	1.619	0.676	1.267	2.021	1.792	1.604	1.677	1.609	0.535
2.166	1.833	0.681	1.24	2.092	1.741	1.609	1.66	1.567	0.535
2.168	1.975	0.671	1.221	2.144	1.675	1.604	1.577	1.489	0.537
2.156	1.997	0.667	1.157	2.175	1.587	1.565	1.465	1.392	0.54
2.146	2.004	0.671	0.952	2.17	1.477	1.492	1.355	1.294	0.542
2.134	1.997	0.674	0.806	2.148	1.335	1.392	1.292	1.248	0.54
2.08	2.004	0.671	0.674	2.134	1.221	1.252	1.233	1.152	0.537
1.995	1.951	0.669	0.654	2.112	1.118	1.138	1.172	1.118	0.537
1.86	1.868	0.667	0.649	2.024	1.033	1.001	1.086	1.06	0.535
1.743	1.802	0.667	0.63	1.897	0.979	0.942	1.016	0.962	0.537
1.626	1.677	0.671	0.625	1.675	0.908	0.864	0.935	0.881	0.54
1.399	1.543	1.423	0.62	1.467	0.842	0.759	0.847	0.793	0.537
1.223	1.379	3.032	0.618	1.335	0.779	0.723	0.803	0.735	0.535
1.125	1.248	2.822	0.62	1.25	0.745	0.645	0.767	0.647	0.535
1.001	1.177	2.288	0.625	1.172	0.684	0.549	0.679	0.579	0.537
0.906	1.074	2.314	0.632	1.062	0.601	0.52	0.591	0.557	0.537
0.796	0.972	2.695	0.889	0.957	0.54	0.513	0.557	0.552	0.537
0.752	0.85	2.827	1.863	0.862	0.513	0.508	0.552	0.544	0.535
0.747	0.74	2.874	2.126	0.759	0.505	0.51	0.552	0.54	0.532
0.747	0.679	2.883	1.87	0.647	0.505	0.513	0.554	0.537	0.532
0.737	0.669	2.861	1.807	0.62	0.508	0.515	0.557	0.537	0.535
0.742	0.671	2.788	2.065	0.613	0.508	0.515	0.552	0.566	0.54
0.745	0.657	2.529	2.192	0.608	0.51	0.51	0.549	1.125	0.54
0.742	0.652	2.173	2.224	0.603	0.508	0.508	0.549	1.853	0.535
0.74	0.649	1.741	2.256	0.608	0.503	0.525	0.554	1.396	0.535
0.737	0.652	1.55	2.275	0.608	0.503	0.75	0.557	1.162	0.535
0.737	0.654	1.416	2.278	0.608	0.51	1.499	0.554	1.248	0.535
0.737	0.657	1.121	2.146	0.608	0.562	1.809	0.557	1.587	0.537
0.74	0.654	0.911	1.721	0.61	1.201	1.665	0.63	1.75	0.54
0.747	0.654	0.818	1.44	0.608	1.726	1.609	1.05	1.812	0.537
0.742	0.652	0.703	1.284	0.635	1.245	1.755	1.401	1.833	0.532
0.74	0.652	0.649	1.086	1.885	1.079	1.909	1.416	1.838	0.532
0.737	0.693	0.645	0.964	2.505	1.282	2.041	1.377	1.816	0.537
0.752	2.361	0.657	0.881	1.814	1.453	2.092	1.414	1.711	0.537
1.27	3.184	0.645	0.752	1.487	1.509	2.09	1.458	1.501	0.535
2.358	2.227	0.647	0.649	1.682	1.545	2.1	1.472	1.345	0.53
2.341	1.829	0.652	0.615	1.948	1.572	1.997	1.477	1.248	0.53
1.87	2.31	0.647	0.61	2.051	1.584	1.716	1.484	1.125	0.532
1.829	2.798	0.645	0.627	2.068	1.475	1.389	1.472	0.972	0.532
2.175	2.944	0.647	0.61	2.092	1.35	1.187	1.479	0.808	0.535
2.375	2.966	0.647	0.608	2.078	1.218	1.045	1.438	0.715	0.537
2.424	2.988	0.647	0.605	2.014	1.104	0.964	1.257	0.64	0.532
2.451	2.876	0.647	0.603	1.885	0.972	0.864	1.174	0.591	0.53
2.439	2.637	0.654	0.608	1.646	0.876	0.762	1.091	0.566	0.527
2.385	2.266	0.652	0.608	1.311	0.759	0.671	1.008	0.564	0.53
2.092	1.877	0.654	0.61	1.179	0.669	0.601	0.842	0.557	0.532
1.787	1.587	0.654	0.605	1.028	0.637	0.537	0.732	0.554	0.535
1.641	1.265	0.659	0.605	0.898	0.579	0.522	0.674	0.549	0.532
1.45	1.123	0.662	0.605	0.779	0.544	0.525	0.627	0.547	0.527
1.25	1.006	0.659	0.605	0.696	0.522	0.52	0.593	0.544	0.527
1.047	0.901	0.657	0.61	0.642	0.518	0.518	0.593	0.549	0.53
0.964	0.742	0.654	0.608	0.61	0.52	0.518	0.596	0.552	0.54
0.898	0.671	0.662	0.608	0.603	0.513	0.513	0.593	0.554	0.537
0.796	0.649	0.659	0.605	0.615	0.505	0.51	0.583	0.554	0.537
0.767	0.649	0.662	0.605	0.605	0.503	0.513	0.583	0.547	0.535
0.745	0.63	0.659	0.603	0.601	0.503	0.513	0.583	0.544	0.535
0.732	0.625	0.654	0.605	0.613	0.508	0.513	0.581	0.547	0.54
0.73	0.63	0.649	0.605	0.615	0.508	0.513	0.574	0.552	0.544
0.735	0.627	0.652	0.608	0.613	0.51	0.513	0.571	0.552	0.544
0.735	0.627	0.654	0.61	0.61	0.503	0.51	0.574	0.547	0.544
0.735	0.63	0.657	0.61	0.608	0.503	0.51	0.576	0.549	0.537
0.735	0.627	0.654	0.61	0.608	0.503	0.513	0.579	0.547	0.535
0.732	0.63	0.647	0.615	0.613	0.505	0.513	0.576	0.552	0.544
0.732	0.63	0.645	0.618	0.613	0.508	0.515	0.576	0.552	0.544
0.737	0.627	0.647	0.62	0.61	0.508	0.513	0.574	0.554	0.547
0.74	0.623	0.652	0.613	0.61	0.505	0.513	0.571	0.549	0.542
0.74	0.623	0.654	0.613	0.608	0.503	0.513	0.574	0.549	0.54
0.728	0.625	0.654	0.615	0.613	0.503	0.518	0.571	0.547	0.535
0.728	0.627	0.649	0.615	0.618	0.505	0.518	0.571	0.547	0.537
0.725	0.627	0.647	0.618	0.618	0.51	0.513	0.569	0.549	0.54
0.735	0.627	0.649	0.618	0.613	0.51	0.513	0.566	0.547	0.542
0.735	0.625	0.652	0.615	0.608	0.508	0.51	0.569	0.547	0.54
0.732	0.623	0.652	0.615	0.605	0.505	0.513	0.569	0.544	0.537
0.735	0.625	0.649	0.61	0.605	0.503	0.513	0.574	0.544	0.537
0.735	0.632	0.652	0.62	0.61	0.508	0.518	0.574	0.547	0.537
0.732	0.637	0.654	0.623	0.613	0.51	0.515	0.571	0.549	0.54
0.737	0.635	0.654	0.625	0.61	0.51	0.51	0.566	0.552	0.54
0.742	0.632	0.659	0.618	0.61	0.508	0.51	0.569	0.549	0.537
0.74	0.632	0.662	0.615	0.61	0.503	0.51	0.571	0.542	0.535
0.737	0.635	0.657	0.618	0.61	0.505	0.513	0.571	0.542	0.535
0.74	0.64	0.654	0.623	0.613	0.508	0.515	0.571	0.544	0.542
0.747	0.64	0.652	0.684	0.613	0.508	0.515	0.566	0.544	0.544
0.747	0.635	0.652	0.959	0.61	0.513	0.51	0.566	0.544	0.542
0.745	0.635	0.654	1.511	0.605	0.505	0.508	0.564	0.542	0.544
0.745	0.635	0.652	1.602	0.605	0.503	0.515	0.566	0.542	0.542
0.742	0.637	0.652	1.555	0.608	0.5	0.549	0.566	0.544	0.542
0.74	0.64	0.647	1.553	0.613	0.503	0.881	0.562	0.542	0.544
0.742	0.64	0.645	1.602	0.613	0.505	1.292	0.559	0.547	0.547
0.745	0.635	0.645	1.716	0.613	0.508	1.282	0.554	0.549	0.564
0.745	0.632	0.649	1.816	0.608	0.503	1.257	0.552	0.549	0.698
0.745	0.627	0.652	1.907	0.608	0.5	1.282	0.559	0.542	1.155
0.74	0.632	0.647	2.004	0.61	0.498	1.343	0.562	0.537	1.677
0.742	0.635	0.645	2.053	0.613	0.503	1.401	0.559	0.535	1.733
0.735	0.637	0.645	2.085	0.61	0.505	1.399	0.557	0.542	1.729
0.737	0.635	0.649	2.085	0.61	0.508	1.362	0.562	0.547	1.746
0.737	0.632	0.652	1.941	0.61	0.503	1.355	0.623	0.54	1.733
0.74	0.632	0.654	1.738	0.61	0.5	1.355	1.091	0.54	1.738
0.74	0.63	0.652	1.577	0.613	0.498	1.326	1.558	0.537	1.748
0.735	0.635	0.649	1.426	0.615	0.5	1.311	1.626	0.54	1.743
0.732	0.671	0.647	1.274	0.615	0.505	1.257	1.655	0.544	1.733
0.74	0.837	0.649	1.233	0.613	0.505	1.189	1.685	0.544	1.748
0.74	1.248	0.649	1.099	0.608	0.503	1.096	1.741	0.542	1.743
0.735	1.411	0.654	0.92	0.608	0.498	0.964	1.829	0.542	1.753
0.732	1.453	0.652	0.774	0.613	0.498	0.959	1.912	0.54	1.721
0.732	1.484	0.647	0.725	0.613	0.503	0.974	1.938	0.54	1.589
0.74	1.467	0.649	0.713	0.613	0.505	0.923	1.934	0.544	1.455
0.74	1.511	0.647	0.659	0.61	0.503	0.835	1.917	0.544	1.333
0.747	1.553	0.649	0.635	0.603	0.508	0.713	1.914	0.542	1.235
0.745	1.555	0.649	0.625	0.601	0.5	0.659	1.868	0.542	1.138
0.74	1.56	0.647	0.615	0.605	0.5	0.627	1.716	0.542	1.042
0.737	1.562	0.642	0.615	0.61	0.503	0.598	1.558	0.54	0.937
0.737	1.562	0.64	0.618	0.615	0.503	0.564	1.44	0.542	0.862
0.742	1.558	0.637	0.618	0.608	0.505	0.557	1.367	0.549	0.781
0.74	1.531	0.642	0.613	0.603	0.5	0.552	1.194	0.544	0.742
0.789	1.519	0.647	0.613	0.601	0.5	0.559	1.133	0.542	0.701
0.867	1.499	0.645	0.613	0.605	0.503	0.537	1.111	0.542	0.63
1.208	1.436	0.642	0.615	0.608	0.503	0.52	1.05	0.542	0.601
1.477	1.34	0.642	0.618	0.613	0.505	0.515	0.977	0.547	0.576
1.504	1.245	0.645	0.62	0.608	0.508	0.51	0.806	0.547	0.557
1.514	1.116	0.645	0.61	0.605	0.505	0.51	0.715	0.544	0.549
1.538	1.04	0.645	0.61	0.598	0.503	0.513	0.649	0.547	0.547
1.621	0.881	0.645	0.61	0.598	0.5	0.515	0.615	0.544	0.544
1.689	0.774	0.642	0.615	0.603	0.503	0.515	0.596	0.547	0.544
1.724	0.73	0.642	0.615	0.605	0.54	0.515	0.593	0.549	0.547
1.736	0.71	0.642	0.615	0.605	0.566	0.51	0.588	0.552	0.547
1.753	0.703	0.645	0.613	0.601	0.791	0.508	0.579	0.549	0.544
1.743	0.679	0.645	0.608	0.603	0.947	0.508	0.569	0.547	0.542
1.726	0.647	0.647	0.613	0.605	0.964	0.513	0.566	0.547	0.542
1.711	0.64	0.645	0.615	0.603	0.969	0.515	0.564	0.549	0.547
1.672	0.637	0.647	0.618	0.605	0.972	0.513	0.559	0.547	0.547
1.528	0.637	0.642	0.618	0.605	0.981	0.51	0.554	0.547	0.552
1.414	0.637	0.647	0.615	0.605	0.989	0.508	0.557	0.544	0.632
1.331	0.637	0.649	0.61	0.608	0.994	0.51	0.559	0.544	0.994
1.245	0.637	0.649	0.613	0.61	0.999	0.513	0.562	0.542	1.313
1.047	0.637	0.647	0.615	0.61	1.028	0.513	0.562	0.542	1.438
0.891	0.642	0.647	0.615	0.613	1.035	0.513	0.559	0.547	1.506
0.857	0.637	0.645	0.61	0.613	1.04	0.508	0.557	0.549	1.599
0.828	0.632	0.649	0.613	0.608	1.033	0.508	0.559	0.549	1.814
0.791	0.632	0.652	0.615	0.605	1.038	0.505	0.562	0.542	1.899
0.781	0.632	0.654	0.613	0.608	1.035	0.508	0.566	0.542	1.921
0.774	0.637	0.649	0.62	0.608	1.025	0.51	0.564	0.542	1.907
0.747	0.635	0.647	0.623	0.61	1.013	0.51	0.559	0.547	1.895
0.745	0.637	0.647	0.615	0.608	0.984	0.508	0.557	0.549	1.892
0.742	0.635	0.652	0.61	0.605	0.913	0.505	0.554	0.549	1.748
0.735	0.64	0.654	0.613	0.605	0.884	0.505	0.559	0.544	1.453
0.728	0.642	0.654	0.613	0.603	0.845	0.51	0.559	0.542	1.245
0.725	0.645	0.654	0.613	0.603	0.857	0.51	0.557	0.544	1.152
0.728	0.649	0.647	0.613	0.603	0.762	0.51	0.559	0.547	1.035
0.73	0.642	0.649	0.615	0.601	0.686	0.505	0.557	0.552	0.869
0.728	0.64	0.652	0.61	0.601	0.627	0.505	0.559	0.549	0.71
0.725	0.642	0.654	0.608	0.601	0.591	0.505	0.564	0.547	0.654
0.72	0.645	0.657	0.613	0.601	0.583	0.508	0.564	0.549	0.591
0.723	0.647	0.652	0.613	0.603	0.591	0.51	0.562	0.557	0.554
0.725	0.647	0.649	0.615	0.605	0.601	0.51	0.559	0.554	0.547
0.728	0.645	0.654	0.615	0.605	0.554	0.505	0.559	0.557	0.547
0.728	0.642	0.652	0.615	0.603	0.518	0.505	0.559	0.557	0.542
0.728	0.64	0.657	0.615	0.603	0.505	0.508	0.564	0.552	0.54
0.728	0.64	0.659	0.615	0.605	0.503	0.51	0.564	0.549	0.54
0.73	0.642	0.654	0.615	0.608	0.505	0.513	0.564	0.552	0.542
0.73	0.642	0.649	0.618	0.613	0.508	0.51	0.559	0.554	0.547
0.728	0.64	0.652	0.62	0.608	0.508	0.508	0.559	0.557	0.549
0.732	0.637	0.649	0.615	0.605	0.508	0.505	0.562	0.552	0.549
0.735	0.637	0.652	0.615	0.603	0.503	0.505	0.566	0.547	0.547
0.73	0.642	0.649	0.618	0.605	0.505	0.51	0.566	0.544	0.547
0.728	0.647	0.649	0.618	0.603	0.505	0.513	0.566	0.547	0.544
0.73	0.647	0.647	0.618	0.605	0.51	0.51	0.562	0.571	0.547
0.73	0.649	0.649	0.62	0.603	0.508	0.508	0.564	0.757	0.549
0.735	0.642	0.652	0.615	0.603	0.508	0.505	0.564	1.565	0.544
0.737	0.64	0.654	0.613	0.598	0.503	0.505	0.566	1.812	0.542
0.732	0.647	0.647	0.613	0.601	0.505	0.51	0.566	1.824	0.54
0.735	0.649	0.649	0.615	0.603	0.508	0.513	0.569	1.829	0.542
0.737	0.652	0.645	0.618	0.603	0.508	0.51	0.569	1.877	0.542
0.737	0.652	0.642	0.613	0.608	0.505	0.51	0.569	1.895	0.542
0.74	0.647	0.647	0.61	0.603	0.505	0.508	0.569	1.956	0.544
0.73	0.645	0.652	0.61	0.603	0.503	0.508	0.569	2.007	0.542
0.73	0.649	0.649	0.605	0.603	0.503	0.51	0.571	2.048	0.54
0.728	0.647	0.647	0.61	0.605	0.505	0.515	0.569	2.08	0.544
0.723	0.647	0.649	0.613	0.605	0.508	0.51	0.569	2.065	0.547
0.725	0.647	0.652	0.615	0.601	0.51	0.51	0.566	2.073	0.549
0.728	0.645	0.654	0.613	0.598	0.508	0.508	0.571	2.07	0.547
0.73	0.645	0.659	0.61	0.598	0.505	0.51	0.574	2.046	0.544
0.728	0.647	0.659	0.61	0.603	0.505	0.51	0.576	1.902	0.542
0.723	0.652	0.654	0.615	0.605	0.508	0.513	0.576	1.614	0.547
0.723	0.652	0.654	0.618	0.603	0.51	0.51	0.574	1.326	0.549
0.723	0.645	0.654	0.615	0.605	0.51	0.505	0.574	1.182	0.547
0.725	0.642	0.652	0.613	0.605	0.508	0.505	0.574	1.113	0.544
0.73	0.645	0.654	0.61	0.605	0.503	0.505	0.576	1.006	0.542
0.725	0.647	0.657	0.613	0.635	0.505	0.53	0.576	0.925	0.542
0.728	0.652	0.652	0.613	0.874	0.508	0.645	0.574	0.776	0.544
0.732	0.654	0.649	0.615	1.196	0.51	0.793	0.574	0.681	0.544
0.735	0.652	0.652	0.615	1.348	0.51	0.876	0.574	0.632	0.544
0.737	0.642	0.652	0.615	1.387	0.508	0.894	0.574	0.586	0.564
0.735	0.642	0.654	0.613	1.399	0.505	0.908	0.576	0.559	1.016
0.735	0.649	0.654	0.615	1.44	0.503	0.923	0.581	0.557	1.587
0.73	0.649	0.649	0.615	1.44	0.508	0.942	0.581	0.549	1.621
0.725	0.647	0.645	0.618	1.438	0.51	0.937	0.579	0.549	1.636
0.728	0.645	0.645	0.615	1.431	0.51	0.928	0.576	0.547	1.65
0.728	0.64	0.649	0.613	1.431	0.508	0.92	0.576	0.547	1.729
0.73	0.642	0.652	0.613	1.423	0.505	0.911	0.579	0.542	1.814
0.715	0.649	0.652	0.613	1.431	0.505	0.918	0.583	0.544	1.873
0.718	0.654	0.645	0.615	1.431	0.505	0.923	0.581	0.547	1.948
0.725	0.657	0.645	0.618	1.428	0.51	0.928	0.579	0.547	2.019
0.732	0.652	0.642	0.615	1.428	0.51	0.876	0.579	0.549	2.051
0.735	0.652	0.647	0.613	1.36	0.51	0.698	0.576	0.549	2.095
0.732	0.647	0.652	0.64	1.255	0.508	0.603	0.576	0.547	2.141
0.723	0.654	0.649	0.649	1.199	0.503	0.571	0.579	0.544	2.114
0.715	0.657	0.649	0.798	1.069	0.505	0.596	0.576	0.544	2.102
0.728	0.657	0.647	1.016	1.016	0.508	0.542	0.576	0.549	2.004
0.75	0.652	0.649	1.152	0.903	0.51	0.508	0.571	0.549	1.709
0.757	0.652	0.652	1.067	0.762	0.508	0.51	0.571	0.549	1.367
0.757	0.654	0.652	0.999	0.698	0.505	0.5	0.576	0.544	1.191
0.752	0.657	0.649	0.999	0.659	0.505	0.498	0.593	0.544	1.123
0.75	0.659	0.649	1.016	0.654	0.505	0.496	0.596	0.549	1.021
0.752	0.659	0.647	1.011	0.652	0.508	0.491	0.652	0.547	1.047
0.764	0.662	0.645	1.003	0.62	0.508	0.491	0.728	0.549	0.989
0.762	0.674	0.647	0.986	0.591	0.508	0.488	0.771	0.544	0.911
0.759	0.869	0.652	0.916	0.586	0.505	0.486	0.815	0.544	0.791
0.762	1.418	0.647	0.815	0.586	0.505	0.493	0.842	0.544	0.684
0.767	1.55	0.647	0.776	0.588	0.505	0.498	0.847	0.544	0.63
0.896	1.516	0.647	0.75	0.588	0.508	0.491	0.874	0.549	0.603
1.086	1.501	0.649	0.752	0.581	0.508	0.491	0.901	0.549	0.583
1.238	1.548	0.652	0.71	0.581	0.508	0.493	0.916	0.547	0.566
1.267	1.597	0.652	0.649	0.581	0.505	0.496	0.908	0.547	0.566
1.272	1.592	0.652	0.62	0.581	0.505	0.503	0.903	0.544	0.552
1.287	1.58	0.649	0.615	0.583	0.508	0.508	0.876	0.542	0.547
1.294	1.584	0.647	0.615	0.588	0.508	0.505	0.867	0.549	0.547
1.284	1.572	0.652	0.615	0.586	0.51	0.503	0.864	0.549	0.547
1.279	1.545	0.652	0.613	0.581	0.508	0.5	0.872	0.549	0.542
1.272	1.509	0.657	0.61	0.581	0.505	0.5	0.85	0.547	0.54
1.272	1.416	0.659	0.613	0.586	0.503	0.503	0.808	0.544	0.54
1.221	1.252	0.654	0.618	0.586	0.508	0.505	0.803	0.542	0.54
1.113	1.106	0.652	0.618	0.588	0.508	0.508	0.747	0.547	0.54
1.042	1.042	0.649	0.618	0.586	0.51	0.503	0.645	0.547	0.542
0.908	0.908	0.654	0.615	0.583	0.51	0.505	0.586	0.549	0.542
0.85	0.835	0.657	0.615	0.583	0.505	0.505	0.569	0.547	0.544
0.847	0.747	0.659	0.618	0.583	0.505	0.51	0.569	0.544	0.542
0.793	0.701	0.654	0.623	0.586	0.503	0.51	0.569	0.54	0.542
0.737	0.693	0.652	0.623	0.586	0.51	0.51	0.564	0.544	0.547
0.708	0.701	0.652	0.623	0.583	0.508	0.505	0.562	0.547	0.544
0.701	0.686	0.654	0.623	0.583	0.508	0.5	0.554	0.549	0.544
0.698	0.681	0.654	0.62	0.583	0.505	0.503	0.566	0.544	0.542
0.701	0.679	0.654	0.623	0.583	0.505	0.51	0.569	0.544	0.537
0.698	0.681	0.654	0.623	0.591	0.503	0.513	0.574	0.547	0.542
0.691	0.684	0.649	0.627	0.593	0.508	0.513	0.576	0.549	0.544
0.691	0.679	0.649	0.625	0.591	0.51	0.508	0.571	0.549	0.547
0.698	0.674	0.652	0.62	0.588	0.508	0.503	0.574	0.552	0.544
0.696	0.681	0.657	0.615	0.583	0.505	0.503	0.574	0.544	0.544
0.696	0.684	0.652	0.618	0.586	0.5	0.503	0.576	0.542	0.542
0.696	0.688	0.649	0.623	0.586	0.505	0.503	0.574	0.544	0.547
0.693	0.701	0.649	0.625	0.588	0.508	0.5	0.574	0.544	0.547
0.693	0.703	0.649	0.625	0.583	0.508	0.503	0.571	0.547	0.544
0.696	0.698	0.654	0.62	0.579	0.505	0.5	0.571	0.549	0.542
0.696	0.698	0.654	0.618	0.581	0.503	0.5	0.574	0.547	0.54
0.696	0.701	0.654	0.618	0.583	0.503	0.498	0.579	0.544	0.54
0.693	0.706	0.637	0.623	0.586	0.518	0.503	0.576	0.544	0.542
0.691	0.706	0.635	0.623	0.583	0.557	0.503	0.579	0.549	0.544
0.696	0.706	0.632	0.623	0.583	0.654	0.498	0.576	0.549	0.542
0.696	0.703	0.64	0.62	0.579	0.769	0.496	0.574	0.547	0.542
0.696	0.703	0.64	0.62	0.579	0.835	0.498	0.576	0.547	0.537
0.691	0.703	0.635	0.62	0.581	0.852	0.5	0.579	0.544	0.535
0.696	0.703	0.632	0.618	0.583	0.857	0.503	0.576	0.547	0.537
0.698	0.703	0.627	0.62	0.586	0.862	0.5	0.574	0.547	0.54
0.698	0.706	0.632	0.623	0.581	0.876	0.498	0.571	0.547	0.54
0.701	0.703	0.635	0.62	0.579	0.876	0.498	0.574	0.549	0.54
0.698	0.698	0.635	0.62	0.576	0.908	0.496	0.576	0.547	0.54
0.693	0.698	0.637	0.623	0.579	0.908	0.503	0.579	0.544	0.54
0.691	0.703	0.635	0.623	0.579	0.903	0.503	0.576	0.547	0.54
0.691	0.706	0.635	0.627	0.581	0.898	0.5	0.576	0.552	0.544
0.701	0.696	0.632	0.63	0.579	0.884	0.496	0.576	0.554	0.542
0.703	0.696	0.637	0.623	0.576	0.862	0.493	0.571	0.554	0.542
0.698	0.696	0.64	0.62	0.581	0.811	0.496	0.576	0.549	0.537
0.696	0.693	0.635	0.625	0.576	0.713	0.496	0.579	0.544	0.532
0.696	0.701	0.635	0.625	0.583	0.635	0.5	0.576	0.544	0.535
0.691	0.706	0.632	0.625	0.583	0.615	0.498	0.574	0.547	0.542
0.696	0.701	0.632	0.625	0.581	0.593	0.496	0.569	0.544	0.542
0.698	0.696	0.635	0.618	0.581	0.579	0.496	0.569	0.549	0.542
0.701	0.691	0.637	0.618	0.583	0.542	0.496	0.571	0.544	0.537
0.698	0.693	0.637	0.623	0.583	0.52	0.496	0.576	0.54	0.535
0.696	0.698	0.635	0.625	0.586	0.508	0.498	0.579	0.537	0.537
0.696	0.698	0.664	0.627	0.588	0.508	0.498	0.574	0.547	0.54
0.698	0.693	0.864	0.625	0.61	0.508	0.493	0.576	0.547	0.537
0.701	0.693	1.462	0.623	0.803	0.505	0.491	0.581	0.547	0.54
0.696	0.691	1.687	0.62	1.289	0.503	0.491	0.576	0.542	0.537
0.693	0.701	1.746	0.62	1.475	0.503	0.493	0.579	0.542	0.535
0.691	0.701	1.772	0.623	1.494	0.505	0.5	0.579	0.544	0.535
0.701	0.698	1.829	0.627	1.501	0.505	0.5	0.576	0.547	0.537
0.703	0.693	1.868	0.627	1.501	0.508	0.496	0.576	0.549	0.537
0.706	0.688	1.86	0.62	1.514	0.505	0.496	0.581	0.549	0.535
0.703	0.691	1.895	0.62	1.516	0.503	0.498	0.581	0.547	0.535
0.696	0.691	1.899	0.62	1.492	0.503	0.498	0.581	0.544	0.532
0.696	0.696	1.89	0.623	1.499	0.503	0.498	0.581	0.542	0.537
0.698	0.693	1.88	0.623	1.511	0.508	0.496	0.581	0.544	0.537
0.703	0.696	1.77	0.623	1.499	0.508	0.493	0.579	0.547	0.537
0.706	0.691	1.65	0.62	1.448	0.505	0.496	0.574	0.544	0.535
0.701	0.691	1.575	0.62	1.279	0.5	0.503	0.576	0.542	0.532
0.701	0.691	1.46	0.62	1.047	0.5	0.581	0.581	0.54	0.535
0.701	0.693	1.262	0.625	0.859	0.503	0.889	0.579	0.54	0.537
0.701	0.693	1.211	0.627	0.759	0.505	1.011	0.574	0.542	0.54
0.703	0.691	1.099	0.625	0.708	0.505	0.83	0.571	0.544	0.544
0.706	0.693	0.928	0.625	0.688	0.505	0.771	0.571	0.542	0.544
0.706	0.693	0.776	0.62	0.671	0.5	0.767	0.574	0.542	0.54
0.698	0.698	0.723	0.618	0.623	0.498	0.793	0.576	0.54	0.54
0.696	0.701	0.691	0.62	0.61	0.503	0.874	0.581	0.542	0.542
0.698	0.701	0.669	0.623	0.598	0.505	0.969	0.574	0.54	0.542
0.703	0.693	0.647	0.625	0.586	0.505	0.994	0.574	0.54	0.54
0.703	0.696	0.632	0.62	0.579	0.505	1.003	0.574	0.535	0.542
0.703	0.691	0.635	0.618	0.576	0.5	0.999	0.576	0.53	0.54
0.701	0.691	0.635	0.62	0.579	0.498	0.979	0.576	0.525	0.54
0.698	0.701	0.635	0.623	0.583	0.5	0.898	0.576	0.525	0.552
0.698	0.701	0.63	0.623	0.581	0.503	0.771	0.574	0.527	0.552
0.706	0.698	0.63	0.62	0.581	0.503	0.725	0.569	0.53	0.562
0.706	0.701	0.632	0.62	0.579	0.503	0.657	0.569	0.532	0.552
0.706	0.696	0.632	0.615	0.576	0.5	0.579	0.571	0.527	0.54
0.703	0.698	0.632	0.615	0.581	0.5	0.537	0.576	0.525	0.54
0.701	0.701	0.632	0.627	0.586	0.5	0.518	0.574	0.527	0.535
0.701	0.701	0.627	0.791	0.583	0.505	0.51	0.574	0.53	0.54
0.698	0.701	0.625	0.977	0.571	0.5	0.505	0.571	0.532	0.542
0.701	0.701	0.63	1.348	0.566	0.503	0.5	0.571	0.53	0.54
0.703	0.701	0.632	1.36	0.564	0.5	0.5	0.574	0.527	0.54
0.706	0.706	0.632	1.282	0.566	0.498	0.503	0.576	0.525	0.544
0.703	0.708	0.632	1.267	0.571	0.498	0.503	0.576	0.527	0.566
0.706	0.706	0.632	1.265	0.574	0.505	0.503	0.574	0.527	0.669
0.706	0.703	0.635	1.267	0.571	0.505	0.498	0.571	0.53	0.781
0.708	0.703	0.635	1.272	0.566	0.505	0.496	0.571	0.53	0.859
0.71	0.701	0.637	1.279	0.566	0.503	0.498	0.571	0.527	0.842
0.708	0.703	0.637	1.279	0.569	0.498	0.503	0.574	0.525	0.869
0.706	0.701	0.632	1.238	0.569	0.503	0.505	0.574	0.525	0.933
0.706	0.718	0.632	1.184	0.569	0.505	0.505	0.574	0.527	1.011
0.708	0.874	0.632	1.06	0.566	0.508	0.5	0.571	0.527	1.016
0.71	2.317	0.635	0.898	0.564	0.505	0.498	0.574	0.532	1.018
0.715	1.79	0.662	0.789	0.564	0.5	0.498	0.571	0.527	1.021
0.706	1.423	0.674	0.706	0.566	0.498	0.503	0.574	0.525	1.003
0.706	1.35	0.913	0.674	0.574	0.5	0.503	0.576	0.525	0.952
0.706	1.484	1.304	0.671	0.574	0.505	0.505	0.574	0.527	0.854
0.706	1.748	1.396	0.657	0.571	0.505	0.5	0.569	0.53	0.818
0.708	1.689	1.377	0.649	0.569	0.505	0.5	0.569	0.527	0.754
0.703	1.624	1.375	0.647	0.569	0.503	0.5	0.571	0.52	0.703
0.701	1.606	1.375	0.647	0.571	0.505	0.503	0.576	0.52	0.693
0.701	1.619	1.362	0.649	0.574	0.503	0.505	0.583	0.522	0.706
0.701	1.538	1.326	0.652	0.574	0.503	0.503	0.574	0.525	0.637
0.703	1.431	1.365	0.649	0.571	0.503	0.498	0.571	0.527	0.598
0.706	1.343	1.433	0.649	0.569	0.498	0.496	0.574	0.527	0.564
0.706	1.316	1.443	0.649	0.566	0.503	0.496	0.576	0.525	0.552
0.701	1.189	1.421	0.652	0.566	0.503	0.5	0.581	0.522	0.547
0.701	1.091	1.321	0.654	0.571	0.503	0.5	0.579	0.522	0.576
0.703	0.979	1.182	0.657	0.576	0.505	0.498	0.574	0.527	0.557
0.703	0.881	1.094	0.657	0.571	0.508	0.491	0.571	0.53	0.554
0.703	0.811	1.008	0.654	0.569	0.51	0.488	0.574	0.535	0.547
0.706	0.745	0.918	0.652	0.566	0.525	0.493	0.576	0.525	0.547
0.706	0.73	0.889	0.654	0.566	0.625	0.498	0.576	0.525	0.547
0.701	0.737	0.793	0.657	0.574	1.206	0.498	0.576	0.527	0.544
0.701	0.74	0.735	0.659	0.576	1.233	0.496	0.574	0.527	0.547
0.706	0.732	0.674	0.654	0.569	1.045	0.493	0.569	0.527	0.549
0.703	0.73	0.662	0.654	0.566	0.928	0.491	0.571	0.532	0.549
0.703	0.728	0.657	0.649	0.566	0.996	0.493	0.574	0.527	0.544
0.703	0.73	0.654	0.649	0.564	1.089	0.496	0.576	0.525	0.544
0.703	0.72	0.654	0.652	0.569	1.23	0.498	0.574	0.527	0.549
0.703	0.718	0.649	0.654	0.571	1.284	0.498	0.574	0.53	0.547
0.706	0.718	0.652	0.654	0.571	1.257	0.498	0.569	0.532	0.547
0.706	0.72	0.654	0.649	0.566	1.211	0.493	0.569	0.537	0.549
0.703	0.723	0.657	0.649	0.566	1.138	0.493	0.571	0.532	0.547
0.701	0.725	0.654	0.649	0.569	1.06	0.493	0.576	0.544	0.547
0.696	0.723	0.652	0.654	0.571	1.011	0.491	0.579	0.632	0.547
0.696	0.723	0.649	0.654	0.569	0.93	0.491	0.574	0.747	0.549
0.703	0.73	0.647	0.654	0.569	0.806	0.486	0.569	0.791	0.552
0.706	0.728	0.652	0.649	0.566	0.691	0.481	0.569	0.796	0.552
0.703	0.725	0.654	0.647	0.564	0.601	0.486	0.574	0.781	0.547
0.698	0.723	0.654	0.649	0.569	0.557	0.486	0.574	0.789	0.549
0.691	0.725	0.654	0.654	0.571	0.518	0.491	0.574	0.811	0.547
0.693	0.73	0.652	0.654	0.569	0.513	0.491	0.571	0.798	0.547
0.696	0.728	0.649	0.652	0.569	0.51	0.488	0.571	0.823	0.552
0.701	0.728	0.649	0.649	0.564	0.503	0.486	0.574	0.833	0.547
0.698	0.723	0.654	0.647	0.564	0.493	0.486	0.571	0.828	0.547
0.698	0.723	0.652	0.652	0.566	0.488	0.491	0.569	0.82	0.544
0.701	0.723	0.652	0.654	0.657	0.488	0.496	0.566	0.813	0.544
0.703	0.728	0.649	0.657	1.35	0.496	0.496	0.566	0.759	0.544
0.703	0.728	0.649	0.652	1.86	0.503	0.488	0.564	0.703	0.544
0.706	0.723	0.652	0.649	1.333	0.503	0.488	0.569	0.664	0.547
0.703	0.718	0.657	0.645	1.123	0.5	0.483	0.574	0.64	0.54
0.701	0.723	0.654	0.645	1.096	0.498	0.486	0.576	0.557	0.537
0.701	0.728	0.649	0.647	1.14	0.5	0.488	0.569	0.54	0.54
0.708	0.728	0.647	0.649	1.182	0.505	0.486	0.569	0.537	0.547
0.708	0.725	0.647	0.649	1.211	0.503	0.481	0.571	0.535	0.549
0.708	0.718	0.649	0.647	1.204	0.498	0.481	0.571	0.532	0.547
0.713	0.718	0.652	0.757	1.208	0.5	0.481	0.576	0.527	0.544
0.703	0.718	0.652	2.207	1.206	0.498	0.483	0.579	0.527	0.544
0.701	0.72	0.652	2.473	1.196	0.503	0.483	0.574	0.525	0.542
0.703	0.723	0.652	1.582	1.133	0.505	0.481	0.571	0.527	0.549
0.708	0.723	0.652	1.26	1.089	0.503	0.479	0.571	0.532	0.552
0.713	0.723	0.657	1.162	1.018	0.5	0.479	0.571	0.53	0.547
0.71	0.723	0.659	1.187	0.872	0.498	0.479	0.571	0.527	0.547
0.708	0.73	0.652	1.262	0.757	0.5	0.479	0.613	0.527	0.542
0.706	0.73	0.657	1.313	0.693	0.503	0.52	0.798	0.53	0.542
0.706	0.728	0.654	1.311	0.645	0.505	0.872	1.167	0.535	0.547
0.71	0.723	0.654	1.233	0.645	0.508	3.179	1.492	0.537	0.547
0.715	0.723	0.659	1.138	0.623	0.503	2.375	1.248	0.537	0.549
0.713	0.718	0.659	1.035	0.608	0.5	1.289	1.16	0.535	0.544
0.713	0.725	0.657	0.874	0.605	0.5	0.967	1.128	0.53	0.542
0.708	0.723	0.657	0.728	0.61	0.5	0.972	1.123	0.53	0.544
0.706	0.723	0.652	0.664	0.615	0.505	1.125	1.125	0.532	0.544
0.708	0.723	0.649	0.632	0.615	0.505	1.226	1.118	0.535	0.549
0.71	0.718	0.654	0.603	0.61	0.503	1.24	1.116	0.535	0.547
0.71	0.723	0.657	0.605	0.61	0.496	1.245	1.133	0.53	0.544
0.706	0.723	0.657	0.591	0.613	0.496	1.24	1.145	0.532	0.54
0.703	0.725	0.654	0.586	0.618	0.496	1.157	1.152	0.535	0.544
0.706	0.728	0.652	0.586	0.618	0.5	1.033	1.155	0.532	0.547
0.708	0.73	0.652	0.583	0.61	0.5	0.945	1.15	0.537	0.549
0.715	0.728	0.654	0.579	0.615	0.503	0.859	1.14	0.535	0.547
0.708	0.725	0.654	0.576	0.613	0.503	0.747	1.067	0.532	0.542
0.708	0.725	0.654	0.581	0.613	0.503	0.613	1.062	0.53	0.542
0.708	0.728	0.654	0.586	0.618	0.503	0.54	0.947	0.532	0.542
0.706	0.73	0.652	0.588	0.618	0.51	0.535	0.854	0.535	0.547
0.713	0.725	0.654	0.591	0.61	0.513	0.518	0.742	0.535	0.547
0.713	0.725	0.657	0.588	0.61	0.51	0.5	0.667	0.532	0.542
0.706	0.725	0.659	0.586	0.61	0.508	0.493	0.657	0.53	0.542
0.71	0.73	0.659	0.581	0.618	0.51	0.483	0.645	0.527	0.544
0.706	0.732	0.657	0.583	0.618	0.505	0.483	0.623	0.53	0.544
0.706	0.735	0.654	0.588	0.623	0.508	0.479	0.615	0.532	0.547
0.713	0.73	0.649	0.591	0.62	0.505	0.479	0.618	0.532	0.549
0.715	0.723	0.654	0.583	0.618	0.51	0.476	0.618	0.53	0.552
0.715	0.72	0.654	0.588	0.62	0.505	0.479	0.623	0.527	0.715
0.713	0.718	0.654	0.596	0.62	0.505	0.481	0.625	0.527	1.729
0.713	0.723	0.654	0.598	0.625	0.51	0.483	0.623	0.527	1.687
0.713	0.718	0.654	0.603	0.627	0.508	0.486	0.613	0.53	1.26
0.715	0.715	0.654	0.605	0.627	0.508	0.481	0.615	0.53	1.14
0.715	0.83	0.654	0.601	0.623	0.505	0.481	0.613	0.527	1.14
0.715	1.106	0.659	0.613	0.623	0.508	0.481	0.618	0.525	1.177
0.715	1.97	0.659	0	0.623	0.552	0.483	0.62	0.522	1.174
0.713	1.87	0.657	0	0.627	0.73	0.491	0.62	0.527	1.167
0.71	1.587	0.652	0	0.627	1.775	0.486	0.62	0.527	1.162
0.71	1.445	0.652	0	0.627	1.765	0.483	0.618	0.532	1.167
0.71	1.541	0.654	0	0.62	1.194	0.481	0.613	0.532	1.177
0.713	1.675	0.659	0	0.62	0.986	0.481	0.615	0.53	1.172
0.708	1.694	0.659	0	0.62	0.991	0.486	0.613	0.53	1.169
0.706	1.677	0.654	0	0.625	1.062	0.486	0.613	0.527	1.174
0.708	1.626	0.654	0	0.625	1.162	0.483	0.61	0.527	1.165
0.713	1.545	0.652	0	0.62	1.23	0.483	0.61	0.527	1.15
0.713	1.428	0.657	0	0.62	1.233	0.483	0.61	0.53	1.174
0.71	1.279	0.659	0	0.618	1.172	0.486	0.61	0.527	1.13
0.71	1.113	0.662	0	0.615	1.082	0.491	0.613	0.525	0.964
0.706	0.94	0.654	0	0.62	1.016	0.493	0.615	0.53	0.811
0.708	0.801	0.652	0	0.623	0.918	0.491	0.61	0.53	0.762
0.713	0.764	0.654	0	0.625	0.806	0.488	0.61	0.53	0.75
0.71	0.757	0.657	0	0.623	0.684	0.491	0.615	0.527	0.74
0.715	0.72	0.657	0	0.623	0.593	0.493	0.618	0.525	0.762
0.713	0.693	0.657	0	0.62	0.552	0	0.618	0.525	0.745
0.715	0.688	0.654	0	0.623	0.53	0	0.613	0.525	0.74
1.008	0.688	0.652	0	0.625	0.525	0	0.613	0.527	0.742
2.285	0.681	0.654	0	0.627	0.508	0	0.615	0.527	0.742
2.231	0.676	0.657	0	0.623	0.503	0	0.613	0.527	0.74
1.619	0.681	0.659	0	0.623	0.498	0	0.613	0.525	0.728
1.448	0.681	0.657	0	0.623	0.493	0	0.618	0.525	0.737
1.472	0.684	0.657	0	0.623	0.496	0	0.613	0.527	0.745
1.516	0.686	0.654	0	0.62	0.503	0	0.613	0.532	0.75
1.548	0.684	0.654	0	0.618	0.503	0	0.605	0.535	0.757
1.558	0.686	0.659	0	0.615	0.498	0	0.603	0.532	0.759
1.562	0.688	0.659	0	0.613	0.498	0	0.605	0.527	0.752
1.558	0.686	0.659	0	0.613	0.496	0	0.613	0.527	0.752
1.55	0.693	0.657	0	0.618	0.493	0	0.608	0.527	0.759
1.538	0.688	0.657	0	0.62	0.498	0	0.61	0.53	0.757
1.538	0.688	0.657	0	0.618	0.5	0	0.605	0.53	0.754
1.479	0.686	0.657	0	0.615	0.5	0	0.671	0.53	0.747
1.387	0.684	0.659	0	0.615	0.498	0	0.916	0.525	0.742
1.196	0.684	0.659	0	0.62	0.498	0	1.309	0.522	0.745
1.003	0.686	0.657	0	0.62	0.498	0	1.294	0.527	0.75
0.94	0.688	0.654	0	0.625	0.5	0	0.996	0.527	0.747
0.854	0.686	0.657	0	0.627	0.503	0	0.959	0.53	0.75
0.815	0.681	0.659	0	0.613	0.5	0	0.977	0.54	0.75
0.786	0.684	0.662	0	0.613	0.496	0	1.008	0.532	0.747
0.752	0.686	0.659	0	0.676	0.496	0	1.033	0.53	0.745
0.752	0.706	0.657	0	1.028	0.5	0	1.04	0.532	0.759
0.764	0.73	0.654	0	2.783	0.5	0	1.042	0.535	0.759
0.771	0	0.654	0	2.102	0.503	0	1.035	0.537	0.762
0.774	0	0.654	0	1.414	0.5	0	1.016	0.537	0.762
0.771	0	0.657	0	1.201	0.498	0	0.979	0.532	0.759
0.769	0	0.652	0	1.27	0.498	0	0.925	0.53	0.757
0.771	0	0.654	0	1.479	0	0	0.85	0.53	0.759
0.774	0	0.652	0	1.519	0	0	0.813	0.532	0.764
0.774	0	0.654	0	1.57	0	0	0.691	0.535	0.764
0.769	0	0.654	0	1.604	0	0	0.637	0.532	0.762
0.764	0	0.657	0	1.558	0	0	0.637	0.532	0.762
0.759	0	0.774	0	1.37	0	0	0.605	0.53	0.759
0.764	0	1.14	0	1.199	0	0	0.581	0.688	0.759
0.769	0	1.902	0	1.077	0	0	0.579	2.278	0.767
0.769	0	1.543	0	0.979	0	0	0.576	2.354	0.769
0.774	0	1.348	0	0.823	0	0	0.579	1.445	0.771
0.774	0	1.216	0	0.693	0	0	0.586	1.211	0.769
0.767	0	1.233	0	0.625	0	0	0.588	1.248	0.762
0.757	0	1.262	0	0.647	0	0	0.588	1.375	0.762
0.762	0	1.282	0	0.598	0	0	0.593	1.343	0.769
0.764	0	1.292	0	0.583	0	0	0.591	1.411	0.771
0.764	0	1.306	0	0.571	0	0	0.586	1.418	0.769
0.767	0	1.331	0	0.562	0	0	0.591	1.462	0.764
0.769	0	1.345	0	0.566	0	0	0.593	1.489	0.759
0.764	0	1.257	0	0.569	0	0	0.591	1.506	0.762
0.767	0	1.096	0	0.569	0	0	0.588	1.509	0.764
0.771	0	0.93	0	0.571	0	0	0.586	1.479	0.771
0.779	0	0.84	0	0.569	0	0	0.588	1.404	0.769
0.779	0	0.771	0	0.566	0	0	0.591	1.218	0.767
0.774	0	0.723	0	0.566	0	0	0.596	1.077	0.762
0.769	0	0.735	0	0.566	0	0	0.598	0.933	0.767
0.771	0	0.701	0	0.571	0	0	0.596	0.82	0.767
0.771	0	0.693	0	0.566	0	0	0.593	0.774	0.769
0.776	0	0.696	0	0.562	0	0	0.593	0.74	0.757
0.776	0	0.703	0	0.564	0	0	0.596	0.732	0.75
0.774	0	0.703	0	0.564	0	0	0.596	0.73	0.747
0.781	0	0.701	0	0.569	0	0	0.593	0.698	0.767
0.925	0	0.706	0	0.571	0	0	0.593	0.698	1.025
1.936	0	0.706	0	0.569	0	0	0.591	0.701	3.892
2.725	0	0.713	0	0.569	0	0	0.588	0.703	3.445
2.043	0	0.713	0	0.569	0	0	0.591	0.703	1.802
1.763	0	0.71	0	0.571	0	0	0.596	0.701	1.514
1.729	0	0.708	0	0.571	0	0	0	0.706	1.624
1.926	0	0.708	0	0	0	0	0	0.713	1.76
2.065	0	0.71	0	0	0	0	0	0.723	1.75
2.078	0	0.71	0	0	0	0	0	0.72	1.731
2.095	0	0.71	0	0	0	0	0	0.718	1.711
2.1	0	0.713	0	0	0	0	0	0.713	1.699
2.092	0	0.706	0	0	0	0	0	0.71	1.704
2.043	0	0.706	0	0	0	0	0	0.723	1.699
1.887	0	0.706	0	0	0	0	0	0.723	1.697
1.748	0	0.706	0	0	0	0	0	0.725	1.665
1.636	0	0.706	0	0	0	0	0	0.72	1.548
1.479	0	0.708	0	0	0	0	0	0.718	1.477
1.221	0	0.706	0	0	0	0	0	0.718	1.328
1.011	0	0.703	0	0	0	0	0	0.725	1.155
0.84	0	0.706	0	0	0	0	0	0.728	0.95
0.747	0	0.706	0	0	0	0	0	0.713	0.771
0.725	0	0.708	0	0	0	0	0	0.71	0.723
0.708	0	0.718	0	0	0	0	0	0.706	0.688
0.671	0	0.71	0	0	0	0	0	0.715	0.664
0.671	0	0.703	0	0	0	0	0	0.713	0.647
0.669	0	0.698	0	0	0	0	0	0.718	0.645
0.662	0	0.703	0	0	0	0	0	0.715	0.645
0.654	0	0.706	0	0	0	0	0	0.708	0.64
0.659	0	0.713	0	0	0	0	0	0.706	0.635
0.657	0	0.701	0	0	0	0	0	0.713	0.64
0.652	0	0.691	0	0	0	0	0	0.718	0.645
0.659	0	0.688	0	0	0	0	0	0.72	0.645
0.664	0	0.691	0	0	0	0	0	0.72	0.642
0.671	0	0.688	0	0	0	0	0	0.718	0.64
0.669	0	0.686	0	0	0	0	0	0.715	0.637
0.667	0	0.684	0	0	0	0	0	0.713	0.637
0.669	0	0.679	0	0	0	0	0	0.715	0.64
0.667	0	0.679	0	0	0	0	0	0.713	0.645
0.669	0	0.681	0	0	0	0	0	0.718	0.645
0.671	0	0.684	0	0	0	0	0	0.732	0.642
0.667	0	0.691	0	0	0	0	0	0.725	0.64
0.662	0	0.686	0	0	0	0	0	0.72	0.64
0.659	0	0.684	0	0	0	0	0	0.728	0.645
0.659	0	0.681	0	0	0	0	0	0.735	0.645
0.667	0	0.686	0	0	0	0	0	0.732	0.647
0.667	0	0.691	0	0	0	0	0	0.74	0
0.664	0	0.688	0	0	0	0	0	0.735	0
0.662	0	0.686	0	0	0	0	0	0.735	0
0.662	0	0.686	0	0	0	0	0	0.735	0
0.664	0	0.686	0	0	0	0	0	0.735	0
0.664	0	0.686	0	0	0	0	0	0.728	0
0	0	0.688	0	0	0	0	0	0.73	0
0	0	0.691	0	0	0	0	0	0.728	0
0	0	0.732	0	0	0	0	0	0.745	0
0	0	0.964	0	0	0	0	0	0.85	0
0	0	1.746	0	0	0	0	0	2.236	0
0	0	1.931	0	0	0	0	0	2.41	0
0	0	1.482	0	0	0	0	0	1.411	0
0	0	1.345	0	0	0	0	0	1.15	0
0	0	1.279	0	0	0	0	0	1.152	0
0	0	1.248	0	0	0	0	0	1.172	0
0	0	1.235	0	0	0	0	0	1.189	0
0	0	1.228	0	0	0	0	0	1.165	0
0	0	1.238	0	0	0	0	0	1.143	0
0	0	1.201	0	0	0	0	0	1.145	0
0	0	1.04	0	0	0	0	0	1.118	0
0	0	0.835	0	0	0	0	0	1.018	0
0	0	0.735	0	0	0	0	0	0.884	0
0	0	0.72	0	0	0	0	0	0.754	0
0	0	0.706	0	0	0	0	0	0.642	0
0	0	0.654	0	0	0	0	0	0.613	0
0	0	0.642	0	0	0	0	0	0.627	0
0	0	0.637	0	0	0	0	0	0.591	0
0	0	0.64	0	0	0	0	0	0.569	0
0	0	0.64	0	0	0	0	0	0.566	0
0	0	0.642	0	0	0	0	0	0.562	0
0	0	0.642	0	0	0	0	0	0.554	0
0	0	0.64	0	0	0	0	0	0.552	0
0	0	0.64	0	0	0	0	0	0.554	0
0	0	0.637	0	0	0	0	0	0.562	0
0	0	0.64	0	0	0	0	0	0.562	0
0	0	0.642	0	0	0	0	0	0.566	0
0	0	0.645	0	0	0	0	0	0.566	0
0	0	0.64	0	0	0	0	0	0.569	0
0	0	0.64	0	0	0	0	0	0.571	0
0	0	0.637	0	0	0	0	0	0.574	0
0	0	0	0	0	0	0	0	0.576	0
0	0	0	0	0	0	0	0	0.571	0
0	0	0	0	0	0	0	0	0.569	0
0	0	0	0	0	0	0	0	0.566	0
0	0	0	0	0	0	0	0	0.566	0
0	0	0	0	0	0	0	0	0.571	0
0	0	0	0	0	0	0	0	0.569	0
0	0	0	0	0	0	0	0	0.566	0
0	0	0	0	0	0	0	0	0.564	0
0	0	0	0	0	0	0	0	0.564	0
0	0	0	0	0	0	0	0	0.564	0
0	0	0	0	0	0	0	0	0.566	0
0	0	0	0	0	0	0	0	0.559	0
0	0	0	0	0	0	0	0	0.559	0
0	0	0	0	0	0	0	0	0.554	0
0	0	0	0	0	0	0	0	0.557	0
0	0	0	0	0	0	0	0	0.562	0
0	0	0	0	0	0	0	0	0.593	0
0	0	0	0	0	0	0	0	1.033	0
0	0	0	0	0	0	0	0	1.929	0
