0.693	0.674	0.735	0.73	0.691	0.654	0.598	0.684	0.706	0.623
0.693	0.669	0.732	0.732	0.691	0.654	0.603	0.686	0.703	0.63
0.693	0.669	0.732	0.74	0.688	0.652	0.603	0.693	0.706	0.64
0.693	0.676	0.737	0.74	0.691	0.649	0.598	0.698	0.708	0.635
0.696	0.674	0.74	0.735	0.691	0.654	0.583	0.701	0.703	0.632
0.696	0.671	0.74	0.73	0.696	0.662	0.581	0.701	0.701	0.632
0.693	0.671	0.737	0.728	0.696	0.654	0.583	0.698	0.703	0.632
0.691	0.671	0.732	0.735	0.691	0.647	0.581	0.701	0.701	0.632
0.696	0.676	0.735	0.745	0.688	0.645	0.579	0.708	0.703	0.642
0.693	0.688	0.742	0.74	0.691	0.647	0.625	0.706	0.703	0.637
0.696	0.684	0.742	0.74	0.691	0.647	0.645	0.706	0.703	0.635
0.698	0.684	0.74	0.737	0.696	0.654	0.664	0.703	0.703	0.635
0.693	0.684	0.737	0.735	0.693	0.654	0.676	0.696	0.706	0.635
0.691	0.681	0.732	0.735	0.686	0.654	0.684	0.696	0.706	0.637
0.698	0.679	0.735	0.74	0.681	0.652	0.679	0.701	0.708	0.642
0.693	0.691	0.74	0.735	0.676	0.652	0.679	0.698	0.703	0.664
0.698	0.691	0.737	0.73	0.679	0.657	0.674	0.698	0.698	0.681
0.696	0.693	0.74	0.728	0.684	0.662	0.671	0.696	0.696	0.688
0.696	0.684	0.735	0.73	0.688	0.657	0.676	0.693	0.693	0.698
0.693	0.679	0.73	0.735	0.713	0.657	0.679	0.693	0.698	0.708
0.698	0.667	0.732	0.74	0.835	0.654	0.676	0.703	0.701	0.713
0.696	0.671	0.74	0.737	0.815	0.652	0.674	0.701	0.703	0.713
0.698	0.664	0.737	0.732	0.784	0.657	0.671	0.703	0.703	0.71
0.698	0.662	0.737	0.73	0.757	0.662	0.674	0.696	0.703	0.708
0.698	0.669	0.732	0.73	0.74	0.73	0.676	0.688	0.698	0.71
0.693	0.676	0.73	0.732	0.725	1.228	0.681	0.688	0.703	0.718
0.696	0.803	0.732	0.742	0.718	1.155	0.681	0.693	0.706	0.718
0.696	1.536	0.74	1.416	0.708	1.006	0.674	0.693	0.708	0.715
0.701	1.416	0.737	1.584	0.706	0.872	0.669	0.686	0.708	0.713
0.698	1.143	0.737	1.357	0.706	0.808	0.669	0.674	0.837	0.713
0.696	0.996	0.74	1.15	0.706	0.769	0.669	0.659	1.396	0.72
0.696	0.933	0.74	1.003	0.703	0.737	0.669	0.679	1.348	0.73
1.211	0.92	0.737	0.906	0.703	0.718	0.671	0.72	1.221	0.732
1.97	0.901	0.742	0.894	0.698	0.71	0.662	0.747	1.123	0.732
1.711	0.886	0.742	0.894	0.708	0.708	0.649	0.784	1.069	0.732
1.382	0.869	0.742	0.876	0.742	0.706	0.645	0.801	1.033	0.725
1.125	0.845	0.737	0.876	0.757	0.686	0.642	0.808	0.996	0.72
0.957	0.823	0.732	0.881	0.779	0.667	0.642	0.833	0.981	0.728
0.85	0.811	0.735	0.876	0.767	0.657	0.647	0.837	0.969	0.72
0.789	0.801	0.737	0.874	0.747	0.652	0.632	0.815	0.955	0.72
0.75	0.801	0.74	0.876	0.737	0.657	0.635	0.793	0.947	0.715
0.723	0.808	0.737	0.876	0.713	0.674	0.64	0.769	0.94	0.708
0.703	0.784	0.735	0.845	0.696	0.684	0.627	0.757	0.928	0.708
0.696	0.781	0.735	0.815	0.674	0.679	0.64	0.764	0.92	0.718
0.686	0.759	0.74	0.786	0.647	0.674	0.642	0.757	0.92	0.715
0.686	0.747	0.74	0.767	0.613	0.691	0.63	0.747	0.876	0.718
0.691	0.742	0.781	0.75	0.593	0.703	0.608	0.747	0.82	0.715
0.691	0.73	0.793	0.74	0.581	0.686	0.62	0.747	0.789	0.715
0.698	0.723	0.786	0.732	0.588	0.669	0.645	0.754	0.769	0.718
0.728	0.713	0.767	0.742	0.603	0.659	0.664	0.762	0.742	0.728
0.706	0.715	0.759	0.742	0.613	0.649	0.679	0.745	0.728	0.747
0.701	0.706	0.747	0.742	0.625	0.645	0.667	0.737	0.72	0.737
0.698	0.708	0.742	0.742	0.635	0.652	0.654	0.725	0.71	0.725
0.688	0.706	0.735	0.74	0.64	0.649	0.649	0.696	0.706	0.718
0.681	0.701	0.73	0.74	0.632	0.649	0.645	0.686	0.703	0.718
0.681	0.698	0.728	0.74	0.635	0.647	0.642	0.686	0.701	0.718
0.676	0.706	0.735	0.737	0.632	0.645	0.642	0.688	0.703	0.715
0.681	0.703	0.735	0.75	0.635	0.645	0.637	0.686	0.703	0.715
0.681	0.703	0.735	0.737	0.64	0.647	0.635	0.686	0.706	0.71
0.679	0.701	0.735	0.735	0.64	0.649	0.63	0.681	0.693	0.706
0.676	0.698	0.732	0.735	0.642	0.652	0.635	0.681	0.688	0.708
0.679	0.698	0.73	0.735	0.645	0.649	0.637	0.679	0.691	0.703
0.676	0.706	0.732	0.735	0.635	0.645	0.637	0.679	0.696	0.708
0.679	0.706	0.73	0.73	0.632	0.652	0.632	0.674	0.698	0.708
0.679	0.708	0.735	0.73	0.632	0.652	0.632	0.664	0.703	0.706
0.679	0.701	0.732	0.728	0.637	0.657	0.632	0.654	0.696	0.703
0.676	0.698	0.732	0.732	0.637	0.657	0.64	0.649	0.696	0.708
0.671	0.701	0.728	0.74	0.637	0.649	0.649	0.642	0.696	0.706
0.671	0.701	1.06	0.747	0.618	0.649	0.649	0.645	0.698	0.71
0.674	0.703	1.24	0.916	0.615	0.645	0.649	0.647	0.698	0.71
0.676	0.703	1.077	0.95	0.62	0.642	0.645	0.642	0.701	0.703
0.679	0.703	0.942	0.886	0.627	0.647	0.667	0.64	0.693	0.703
0.681	0.703	0.859	0.854	0.637	0.649	0.688	0.642	0.696	0.713
0.679	0.708	0.808	0.828	0.64	4.214	0.708	0.637	0.698	0.71
0.679	0.703	0.776	0.82	0.64	4.124	0.71	0.637	2.126	1.221
0.681	0.706	0.759	0.845	0.63	2.812	0.713	0.637	5.144	1.67
0.679	0.71	0.75	0.896	0.63	1.982	0.713	0.635	3.66	1.318
0.681	0.706	0.742	0.957	0.637	1.472	0.715	0.64	2.561	1.084
0.684	0.706	0.735	0.984	0.637	1.182	0.72	0.647	1.895	0.942
0.674	5.859	0.735	0.984	0.635	1.04	0.725	0.647	1.538	0.852
3.889	5.439	0.728	0.977	0.632	0.93	0.723	0.652	1.333	0.852
4.17	3.674	0.728	0.974	0.632	0.833	0.72	0.654	1.196	0.869
2.866	2.576	0.73	0.962	0.635	0.769	0.715	0.645	1.111	0.881
2.109	2.046	0.728	0.95	0.64	0.725	0.715	0.64	1.055	0.894
1.755	2.297	0.728	0.947	0.652	0.696	0.723	0.64	1.028	0.908
1.719	2.441	0.732	0.928	0.635	0.676	0.73	0.63	1.042	0.916
1.926	2.549	0.725	0.911	0.623	0.662	0.728	0.645	1.062	0.923
1.99	2.617	0.73	0.876	0.63	0.662	0.725	2.51	1.074	0.923
2	2.661	0.732	0.842	0.637	0.654	0.72	2.976	1.079	0.918
2.017	2.659	0.73	0.828	0.645	0.657	0.72	2.078	1.064	0.913
2.058	2.6	0.728	0.818	0.654	0.654	0.725	1.526	1.045	0.876
2.078	2.515	0.735	0.811	0.649	0.649	0.73	1.184	0.977	0.813
2.075	2.346	0.737	0.789	0.657	0.647	0.728	1.033	0.937	0.779
2	2.139	0.737	0.784	0.662	0.647	0.723	1.033	0.918	0.752
1.877	1.877	0.737	0.789	0.664	0.647	0.718	1.025	0.891	0.735
1.638	1.663	0.737	0.784	0.669	0.649	0.715	1.016	0.842	0.728
1.416	1.501	0.735	0.762	0.674	0.652	0.718	1.011	0.791	0.715
1.233	1.367	0.735	0.759	0.669	0.652	0.718	1.016	0.762	0.718
1.089	1.172	0.732	0.757	0.669	0.652	0.718	1.025	0.74	0.718
0.999	1.084	0.737	0.75	0.671	0.649	0.713	1.035	0.732	0.713
0.986	1.011	0.74	0.74	0.676	0.654	0.708	1.042	0.718	0.71
0.945	0.942	0.737	0.737	0.681	0.657	0.706	1.045	0.706	0.713
0.862	0.896	0.737	0.73	0.684	0.657	0.713	1.018	0.698	0.706
0.828	0.872	0.735	0.73	0.681	0.654	0.708	0.937	0.698	0.706
0.791	0.83	0.732	0.73	0.676	0.654	0.713	0.842	0.701	0.713
0.752	0.789	0.735	0.725	0.674	0.647	0.713	0.764	0.708	0.708
0.725	0.759	0.737	0.725	0.669	0.649	0.713	0.718	0.701	0.706
0.715	0.737	0.745	0.73	0.669	0.649	0.715	0.688	0.696	0.708
0.696	0.728	0.747	0.73	0.669	0.647	0.725	0.664	0.688	0.703
0.688	0.715	0.754	0.735	0.671	0.642	0.725	0.649	0.688	0.71
0.686	0.706	0.776	0.737	0.669	0.642	0.728	0.652	0.688	0.713
0.684	0.706	0.786	1.116	0.676	0.635	0.725	0.654	0.691	0.713
0.686	0.706	0.796	2.373	0.688	0.647	0.723	0.649	0.681	0.71
0.691	0.698	0.796	2.195	0.691	0.923	0.723	0.649	0.681	0.774
0.681	0.703	0.806	1.636	0.686	1.116	0.73	0.642	0.679	1.27
0.681	0.698	0.806	1.304	0.676	0.969	0.728	0.642	0.679	1.169
0.679	0.701	0.813	1.104	0.676	0.894	0.725	0.642	0.684	1.052
0.681	0.706	0.823	0.964	0.679	0.837	0.723	0.645	0.688	0.979
0.684	0.706	0.835	0.881	0.681	0.82	0.718	0.645	0.686	0.937
0.691	0.703	0.837	0.828	0.691	0.808	0.71	0.645	0.74	0.911
0.684	0.701	0.847	0.791	0.684	0.798	0.715	0.635	0.803	0.898
0.681	0.696	0.842	0.776	0.679	0.793	0.715	0.632	0.803	0.896
0.679	0.701	0.847	0.769	0.671	0.793	0.713	0.632	0.801	0.896
0.679	1.143	0.864	0.762	0.669	0.793	0.708	0.642	0.798	0.898
0.684	1.965	0.876	0.754	0.671	0.796	0.708	0.642	0.806	0.901
0.686	1.558	0.864	0.75	0.686	0.798	0.708	0.652	0.811	0.898
0.679	1.316	0.852	0.747	0.696	0.803	0.715	0.647	0.823	0.898
0.674	1.167	0.864	0.745	0.698	0.806	0.72	0.632	0.823	0.908
0.671	1.089	0.847	0.745	0.691	0.789	0.718	0.637	0.825	0.916
0.676	1.035	0.82	0.762	0.684	0.776	0.715	0.64	0.82	0.918
0.679	0.999	0.793	0.776	0.684	0.781	0.71	0.649	0.815	0.898
0.715	0.964	0.774	0.85	0.688	0.764	0.713	0.657	0.811	0.864
1.15	0.935	0.762	0.884	0.686	0.723	0.715	1.082	0.808	0.85
1.294	0.913	0.75	0.894	0.684	0.696	0.72	1.885	0.808	0.813
1.125	0.903	0.74	0.894	0.684	0.671	0.723	1.519	0.823	0.779
1.035	0.898	0.737	0.857	0.684	0.662	0.718	1.252	0.815	0.759
0.977	0.896	0.74	0.83	0.686	0.659	0.715	1.077	0.803	0.75
0.933	0.898	0.74	0.789	0.691	0.657	0.72	0.94	0.762	0.725
0.889	0.891	0.735	0.764	0.688	0.657	0.718	0.84	0.73	0.723
0.879	0.894	0.732	0.752	0.688	0.659	0.723	0.774	0.718	0.72
0.881	0.891	0.73	0.747	0.684	0.652	0.723	0.745	0.713	0.715
0.889	0.889	0.73	0.742	0.686	0.652	0.72	0.767	0.701	0.72
0.896	0.891	0.732	0.74	0.688	0.652	0.72	0.781	0.693	0.73
0.894	0.879	0.732	0.73	0.693	0.654	0.723	0.784	0.686	0.723
0.896	0.823	0.728	0.725	0.691	0.657	0.72	0.786	0.684	0.725
0.894	0.801	0.725	0.725	0.684	0.657	0.723	0.789	0.681	0.725
0.884	0.801	0.723	0.73	0.679	0.649	0.703	0.798	0.686	0.708
0.854	0.769	0.728	0.732	1.638	0.647	0.686	0.806	0.684	0.708
0.806	0.754	0.725	0.735	2.4	0.649	0.676	0.813	0.684	0.713
0.823	0.745	0.73	0.73	1.829	0.649	0.698	0.789	0.679	0.703
0.835	0.728	0.723	0.73	1.387	0.652	0.815	0.769	0.679	0.703
0.813	0.72	0.723	0.732	1.111	0.652	1.028	0.781	0.679	0.708
0.82	0.718	0.723	0.737	0.935	0.645	0.979	0.798	0.686	0.713
0.811	0.715	0.725	0.742	0.833	0.645	0.864	0.815	0.686	0.715
0.774	0.715	0.73	0.742	0.774	0.645	0.791	0.845	0.688	0.715
0.737	0.72	0.732	0.735	0.73	0.647	0.75	0.835	0.686	0.708
0.718	0.713	0.725	0.732	0.703	0.647	0.718	0.825	0.686	0.713
0.701	0.713	0.723	0.732	0.688	0.645	0.703	0.781	0.688	0.715
0.691	0.713	0.723	0.732	0.676	0.64	0.691	0.757	0.691	0.72
0.691	0.715	0.725	0.735	0.669	0.64	0.681	0.745	0.693	0.725
0.698	0.715	0.759	0.732	0.676	0.642	0.676	0.74	0.691	0.72
0.691	0.718	1.24	0.725	0.669	0.701	0.674	0.715	0.688	0.72
0.688	0.713	6.521	0.72	0.667	1.216	0.674	0.684	0.691	0.718
0.681	0.713	5.779	0.725	0.662	3.076	0.676	0.674	0.693	0.786
0.681	0.715	4.006	0.73	0.659	2.922	0.671	0.669	0.693	1.533
0.684	0.72	2.834	0.735	0.664	2.092	0.664	0.669	0.696	4.497
0.691	0.72	2.124	0.73	0.676	1.641	0.659	0.664	0.696	4.075
0.688	0.72	1.772	0.725	0.679	1.401	0.657	0.662	0.691	2.93
0.684	0.718	1.575	0.725	0.684	1.252	0.659	0.659	0.688	2.209
0.681	0.718	1.45	0.725	0.681	1.15	0.664	0.659	0.691	1.782
0.684	0.718	1.382	0.728	0.679	1.091	0.664	0.664	0.688	1.553
0.688	0.72	1.34	0.732	0.671	1.055	0.664	0.671	0.693	1.438
0.688	0.725	1.311	0.723	0.662	1.033	0.664	0.667	0.693	1.355
0.688	0.72	1.294	0.723	0.642	1.021	0.662	0.667	0.693	1.301
0.688	0.715	1.282	0.72	0.623	1.025	0.664	0.664	0.691	1.27
0.684	0.715	1.272	0.725	0.596	1.016	0.669	0.664	0.698	1.262
0.684	0.718	1.262	0.73	0.576	1.011	0.674	0.664	0.698	1.267
0.691	0.723	1.248	0.735	0.566	1.016	0.676	0.674	0.698	1.27
0.688	0.732	1.226	0.73	0.559	1.013	0.684	0.669	0.696	1.267
0.688	0.725	1.113	0.73	0.576	1.013	0.674	0.667	0.691	1.262
0.686	0.725	1.045	0.73	0.608	1.021	0.674	0.664	0.691	1.301
0.681	0.725	0.994	0.73	0.635	1.033	0.676	0.667	0.693	1.326
0.684	0.725	0.913	0.732	0.654	0.969	0.674	0.669	0.691	1.313
0.691	0.73	0.886	0.737	0.671	0.911	0.674	0.676	0.696	1.255
0.686	0.735	0.864	0.732	0.679	0.835	0.674	0.671	0.691	1.145
0.684	0.728	0.815	0.732	0.684	0.771	0.667	0.667	0.688	1.038
0.681	0.725	0.796	0.73	0.684	0.789	0.667	0.664	0.686	1.001
0.745	0.725	0.779	0.735	0.679	0.803	0.669	0.662	0.688	1.025
5.547	0.725	0.764	0.74	0.676	0.762	0.669	0.669	0.688	0.969
5.249	2.146	0.757	0.742	0.686	0.718	0.669	0.676	0.691	0.852
3.701	6.57	0.757	0.735	0.684	0.696	0.669	0.674	0.688	0.776
2.776	5.166	0.75	0.735	0.686	0.681	0.667	0.676	0.681	0.74
2.224	3.711	0.742	0.735	0.686	0.671	0.669	0.671	0.681	0.735
1.951	2.786	0.74	0.74	0.681	0.659	0.671	0.669	0.684	0.74
1.917	2.339	0.74	0.745	0.679	0.654	0.669	0.671	0.686	0.74
1.838	2.229	0.745	0.747	0.725	0.649	0.662	0.676	0.688	0.728
1.738	2.146	0.75	0.742	1.252	0.649	0.701	0.674	0.686	0.72
1.677	2.083	0.747	0.74	1.138	0.652	0.815	0.669	0.684	0.715
1.621	2.051	0.742	0.74	1.033	0.647	0.847	0.667	0.684	0.708
1.56	2.051	0.737	0.745	0.962	0.645	0.808	0.667	0.681	0.713
1.516	2.063	0.735	0.75	0.911	0.645	0.815	0.667	0.684	0.725
1.479	2.073	0.74	0.747	0.896	0.647	0.837	0.671	0.686	0.708
1.406	2.075	0.745	0.742	0.891	0.657	0.847	0.808	0.684	0.703
1.299	2.017	0.74	0.737	0.886	0.657	0.852	5.293	0.681	0.698
1.233	1.853	0.742	0.737	0.881	0.657	0.864	7.493	0.686	0.696
1.206	1.729	0.74	0.742	0.872	0.654	0.864	5.491	0.684	0.698
1.167	1.636	0.737	0.75	0.869	0.652	0.872	3.838	0.686	0.718
1.128	1.555	0.742	0.745	0.872	0.654	0.884	2.803	0.688	0.723
1.201	1.375	0.742	0.74	0.869	0.657	0.886	2.166	0.684	0.725
1.262	1.284	0.742	0.735	0.874	0.662	0.886	1.794	0.691	0.723
1.111	1.26	0.74	0.735	0.872	0.654	0.891	1.58	0.852	0.72
0.959	1.35	0.735	0.737	0.862	0.649	0.894	1.45	2.026	0.728
0.859	1.436	0.737	0.745	0.852	0.645	0.896	1.365	2.439	0.735
0.793	1.35	0.745	0.74	0.847	0.64	0.901	1.306	2.107	0.73
0.759	1.162	0.74	0.737	0.854	0.645	0.881	1.277	1.704	0.708
0.737	1.006	0.737	0.737	0.854	0.652	0.83	1.257	1.506	0.674
0.718	0.906	0.737	0.735	0.833	0.647	0.808	1.245	1.401	0.657
0.708	0.833	0.735	0.74	0.803	0.645	0.813	1.24	1.335	0.649
0.706	0.793	0.732	0.745	0.767	0.645	0.808	1.228	1.292	0.647
0.698	0.779	0.742	0.74	0.74	0.649	0.803	1.206	1.265	0.637
0.696	0.754	0.737	0.737	0.728	0.654	0.808	1.182	1.248	0.627
0.693	0.745	0.74	0.735	0.72	0.662	0.815	1.155	1.233	0.625
0.686	0.735	0.737	0.732	0.713	0.654	0.815	1.14	1.23	0.623
0.684	0.728	0.735	0.737	0.708	0.649	0.774	1.033	1.174	0.62
0.688	0.728	0.737	0.742	0.708	0.645	0.735	0.977	1.062	0.635
0.684	0.735	0.747	0.955	0.703	0.645	0.71	0.991	0.991	0.662
0.691	0.728	0.747	5.244	0.706	0.645	0.688	0.923	0.889	0.671
0.686	0.728	0.745	4.932	0.708	0.647	0.679	0.84	0.808	0.676
0.681	0.723	0.74	3.447	0.688	0.645	0.669	0.84	0.759	0.684
0.679	0.72	0.737	2.502	0.654	0.642	0.674	0.786	0.732	0.691
0.681	0.723	0.74	1.936	0.642	0.637	0.676	0.752	0.718	0.688
0.679	0.728	0.74	1.621	0.63	0.637	0.667	0.725	0.703	0.691
0.681	0.728	0.74	1.426	0.63	0.642	0.652	0.708	0.691	0.688
0.681	0.725	0.74	1.304	0.63	0.645	0.657	0.691	0.688	0.684
0.679	0.725	0.735	1.23	0.625	0.645	0.652	0.679	0.676	0.688
0.676	0.723	0.73	1.201	0.62	0.642	0.684	0.676	0.676	0.701
0.674	0.728	0.73	1.184	0.627	0.637	0.701	0.674	0.676	0.698
0.674	0.732	0.735	1.16	0.62	0.637	0.706	0.674	0.674	0.701
0.679	0.732	0.737	1.106	0.62	0.64	0.71	0.671	0.674	0.708
0.681	0.732	0.737	1.072	0.62	0.64	0.715	0.667	0.674	0.71
0.681	0.725	0.732	1.057	0.605	0.635	0.718	0.664	0.669	0.718
0.684	0.725	0.73	1.074	0.598	0.632	0.72	0.669	0.671	0.896
0.679	0.73	0.735	1.062	0.593	0.632	0.73	0.674	0.679	1.841
0.681	0.728	0.735	1.077	0.591	0.632	0.72	0.676	0.688	1.785
0.684	0.73	0.74	1.116	0.593	0.63	0.718	0.679	0.684	1.567
0.684	0.73	0.737	1.045	0.586	0.627	0.715	0.676	0.684	1.411
0.684	0.725	0.735	0.928	0.608	0.627	0.72	0.671	0.676	1.304
0.686	0.725	0.73	0.859	0.637	0.618	0.723	0.674	0.679	1.24
0.679	0.735	0.735	0.818	0.657	0.608	0.725	0.669	0.684	1.187
0.679	0.73	0.735	0.791	0.664	0.605	0.72	0.671	0.686	1.174
0.684	0.735	0.737	0.774	0.667	0.61	0.718	0.664	0.686	1.167
0.681	0.732	0.735	0.767	0.676	0.605	0.718	0.654	0.686	1.162
0.681	0.728	0.757	0.757	1.13	0.608	0.718	0.649	0.681	1.145
0.684	0.728	0.984	0.757	6.44	0.61	0.725	0.649	0.679	1.116
0.674	0.735	1.592	0.752	5.142	0.613	0.73	0.64	0.681	1.106
0.674	0.732	1.582	0.742	3.604	0.618	0.774	0.637	0.679	1.042
0.676	0.732	1.472	0.735	2.605	0.623	6.008	0.637	0.679	0.977
0.674	0.73	1.409	0.732	1.98	0.623	5.334	0.632	0.674	0.879
0.671	0.725	1.382	0.735	1.885	0.627	3.694	0.632	0.671	0.798
0.679	0.725	1.375	0.74	1.794	0.625	2.661	0.64	0.674	0.75
0.674	0.732	1.411	0.74	1.707	0.625	2.075	0.645	0.676	0.715
0.679	0.728	1.418	0.742	1.655	0.625	1.738	0.649	0.679	0.691
0.681	0.73	1.431	0.74	1.628	0.627	1.548	0.645	0.681	0.674
0.679	0.73	1.421	0.732	1.616	0.627	1.416	0.64	0.671	0.662
0.676	0.725	1.365	0.732	1.624	0.632	1.333	0.632	0.671	0.662
0.679	0.728	1.323	0.732	1.646	0.632	1.294	0.632	0.676	0.659
0.671	0.73	1.274	0.737	1.606	0.63	1.272	0.632	0.679	0.662
0.674	0.73	1.206	0.737	1.567	0.64	1.25	0.635	0.681	0.662
0.674	0.732	1.174	0.737	1.467	0.647	1.228	0.635	0.684	0.652
0.674	0.73	1.116	0.735	1.335	1.272	1.208	0.627	0.674	0.649
0.674	0.725	1.033	0.735	1.284	1.663	1.184	0.627	0.674	0.662
0.674	0.728	1.006	0.735	1.223	1.455	1.165	0.627	0.674	0.664
0.674	0.728	0.918	0.737	1.138	1.287	1.121	0.632	0.676	0.671
0.676	0.728	0.83	0.735	1.018	1.174	1.091	0.64	0.679	0.674
0.676	0.73	0.784	0.732	0.911	1.125	1.072	0.645	0.684	0.669
0.679	0.73	0.747	0.73	0.833	1.118	1.042	0.647	0.676	0.667
0.679	0.728	0.725	0.732	0.808	1.106	1.138	0.652	0.676	0.669
0.671	0.732	0.715	0.73	0.752	1.089	1.196	0.649	0.674	0.664
0.671	0.725	0.703	0.73	0.71	1.082	1.104	0.654	0.679	0.667
0.671	0.73	0.701	0.732	0.684	1.079	0.977	0.657	0.681	0.659
0.674	0.732	0.701	0.73	0.681	1.074	0.879	0.654	0.681	0.659
0.676	0.728	0.698	0.728	0.681	1.06	0.813	0.652	0.671	0.659
0.676	0.728	0.696	0.735	0.676	1.028	0.779	0.654	0.671	0.667
0.667	0.73	0.693	0.732	0.667	0.947	0.764	0.649	0.674	0.664
0.664	0.723	0.688	0.737	0.657	0.869	0.747	0.654	0.676	0.667
0.667	0.728	0.691	0.737	0.654	0.786	0.74	0.654	0.676	0.664
0.671	0.725	0.693	0.737	0.649	0.732	0.73	0.652	0.676	0.664
0.676	0.723	0.691	0.737	0.652	0.701	0.728	0.652	0.674	0.662
0.681	0.728	0.688	0.737	0.657	0.679	0.73	0.652	0.676	0.662
0.671	0.874	0.691	0.737	0.649	0.664	0.732	0.652	0.676	0.662
0.674	1.074	0.686	0.74	0.645	0.654	0.73	0.652	0.684	0.667
0.676	1.135	0.688	0.737	0.647	0.652	0.728	0.654	0.686	0.667
0.681	1.128	0.691	0.732	0.647	0.652	0.725	0.657	0.688	0.664
0.684	1.155	0.691	0.73	0.649	0.652	0.725	0.654	0.693	0.667
0.686	1.169	0.693	0.728	0.657	0.649	0.725	0.654	0.764	0.662
0.681	1.177	0.696	0.73	0.657	0.647	0.728	0.647	1.089	0.667
0.681	1.165	0.693	0.735	0.659	0.645	0.728	0.645	1.187	0.671
0.684	1.143	0.693	0.735	0.659	0.642	0.72	0.645	1.206	0.667
0.686	1.057	0.696	0.735	0.667	0.645	0.72	0.647	1.218	0.664
0.684	0.967	0.698	0.735	0.676	0.645	0.718	0.647	1.235	0.669
0.686	0.879	0.691	0.732	0.681	0.645	0.72	0.647	1.245	0.667
0.681	0.815	0.691	0.737	0.676	0.642	0.723	0.647	1.245	0.669
0.681	0.784	0.691	0.74	0.671	0.637	0.723	0.647	1.252	0.671
0.679	0.764	0.693	0.74	0.667	0.632	0.72	0.649	1.26	0.671
0.684	0.75	0.696	0.737	0.667	0.632	0.715	0.647	1.267	0.667
0.686	0.74	0.698	0.737	0.667	0.63	0.715	0.647	1.267	0.669
0.686	0.732	0.696	0.73	0.667	0.632	0.723	0.645	1.248	0.664
0.684	0.725	0.696	0.735	0.667	0.632	0.72	0.64	1.233	0.669
0.684	0.728	0.693	0.737	0.662	0.632	0.723	0.645	1.14	0.671
0.686	0.728	0.698	0.737	0.662	0.627	0.718	0.647	1.055	0.669
0.688	0.728	0.701	0.742	0.667	0.625	0.718	0.647	0.913	0.667
0.693	0.725	0.698	0.791	0.669	0.632	0.718	0.652	0.818	0.703
0.691	0.728	0.698	1.389	0.669	0.63	0.728	0.647	0.762	1.729
0.688	0.723	0.693	2.031	0.664	0.627	0.725	0.647	0.728	2.815
0.688	0.725	0.696	2.102	0.654	0.63	0.728	0.652	0.708	2.197
0.688	0.728	0.696	2.095	0.649	0.627	0.725	0.657	0.703	1.841
0.693	0.728	0.698	2.104	0.654	0.632	0.723	0.659	0.691	1.709
0.701	0.728	0.698	2.114	0.662	0.627	0.723	0.659	0.684	1.812
0.693	0.73	0.701	2.109	0.664	0.63	0.728	0.654	0.679	1.882
0.688	0.72	0.691	2.134	0.662	0.632	0.725	0.664	0.684	2.031
0.688	0.725	0.693	2.134	0.657	0.632	0.725	1.609	0.688	2.134
0.688	0.73	0.696	2.109	0.659	0.63	0.723	2.029	0.696	2.217
0.693	0.73	0.701	2.048	0.667	0.63	0.718	1.731	0.696	2.285
0.698	0.73	0.737	1.948	0.676	0.63	0.715	1.514	0.693	2.327
0.688	0.73	2.393	1.797	0.676	0.63	0.72	1.382	0.691	2.349
0.684	0.72	4.177	1.521	0.671	0.625	0.723	1.299	0.693	2.351
0.684	0.72	3.584	1.287	0.667	0.625	0.72	1.252	0.696	2.302
0.686	0.723	3.257	1.189	0.667	0.62	0.715	1.216	0.698	2.068
0.686	0.728	3.486	1.108	0.671	0.623	0.713	1.196	0.696	1.738
0.691	0.725	3.782	1.04	0.679	0.623	0.713	1.177	0.693	1.443
0.684	0.723	3.892	0.935	0.674	0.623	0.715	1.16	0.691	1.243
0.684	0.718	3.97	0.862	0.671	0.615	0.718	1.135	0.691	1.082
0.684	0.72	4.006	0.818	0.669	0.61	0.718	1.096	0.698	0.896
0.684	0.725	4.016	0.791	0.667	0.608	0.713	1.013	0.698	0.776
0.684	0.73	4.009	0.776	0.667	0.608	0.71	0.94	0.696	0.72
0.688	0.73	3.928	0.759	0.674	0.603	0.713	0.833	0.693	0.674
0.686	0.73	3.73	0.75	0.667	0.605	0.715	0.757	0.691	0.645
0.684	0.725	3.437	0.75	0.664	0.608	0.718	0.706	0.691	0.63
0.681	0.728	2.998	0.75	0.662	0.605	0.718	0.688	0.701	0.613
0.684	0.73	2.48	0.742	0.72	0.608	0.713	0.696	0.698	0.608
0.691	0.732	1.978	0.745	1.221	0.608	0.713	0.698	0.696	0.61
0.691	0.732	1.575	0.735	1.34	0.618	0.72	0.691	0.693	0.591
0.688	0.723	1.255	0.735	1.301	0.632	0.72	0.686	0.691	0.591
0.684	0.72	1.057	0.737	1.309	0.645	0.723	0.686	0.693	0.588
0.676	0.72	0.925	0.74	1.311	0.64	0.725	0.688	0.701	0.588
0.676	0.723	0.847	0.74	1.301	0.64	0.72	0.693	0.698	0.591
0.684	0.728	0.798	0.742	1.304	0.645	0.718	0.696	0.698	0.588
0.679	0.73	0.774	0.735	1.301	0.649	0.723	0.691	0.696	0.591
0.674	0.72	0.745	0.735	1.304	0.806	0.718	0.688	0.693	0.591
0.671	0.718	0.73	0.737	1.309	4.397	0.72	0.688	0.696	0.586
0.671	0.72	0.728	0.735	1.313	5.168	1.04	0.693	0.703	0.581
0.676	0.725	0.723	0.735	1.316	3.835	2.722	0.698	0.701	0.576
0.688	0.728	0.72	0.737	1.279	2.961	2.52	0.703	0.701	0.564
0.684	0.73	0.72	0.732	1.211	2.483	2.268	0.696	0.696	0.564
0.684	0.72	0.708	0.732	1.111	2.209	2.163	0.691	0.693	0.596
0.681	0.723	0.706	0.735	1.011	2.043	2.122	0.691	0.693	0.615
0.679	0.723	0.703	0.74	0.942	1.936	2.112	0.693	0.698	0.625
0.681	0.728	0.706	0.742	0.837	1.885	2.124	0.701	0.698	0.64
0.688	0.732	0.71	0.745	0.771	1.851	2.139	0.703	0.696	0.645
0.691	0.735	0.718	0.737	0.723	1.826	2.148	0.698	0.693	0.623
0.706	0.728	0.72	0.74	0.688	1.787	2.175	0.693	0.693	0.605
0.813	0.728	0.708	0.742	0.667	1.685	2.205	0.693	0.693	0.601
1.033	0.774	0.71	0.745	0.654	1.56	2.183	0.698	0.693	0.598
1.094	1.001	0.713	0.745	0.647	1.44	2.083	0.701	0.696	0.601
1.113	2.8	0.715	0.742	0.649	1.306	1.799	0.706	0.696	0.593
1.128	3.201	0.72	0.737	0.645	1.077	1.523	0.698	0.693	0.588
1.157	2.437	0.715	0.737	0.642	0.908	1.338	0.691	0.693	0.591
1.177	1.943	0.71	0.74	0.64	0.803	1.221	0.691	0.701	0.593
1.184	1.672	0.71	0.745	0.64	0.74	1.147	0.691	0.701	0.596
1.211	1.555	0.713	0.75	0.642	0.698	1.038	0.696	0.703	0.601
1.25	1.504	0.718	0.745	0.649	0.676	0.952	0.696	0.693	0.613
1.277	1.47	0.718	0.742	0.647	0.667	0.889	0.696	0.691	0.63
1.282	1.448	0.713	0.74	0.642	0.667	0.854	0.691	0.691	0.642
1.27	1.436	0.708	0.74	0.64	0.654	0.833	0.691	0.693	0.652
1.24	1.438	0.708	0.74	0.635	0.649	0.813	0.693	0.688	0.659
1.213	1.409	0.713	0.745	0.635	0.649	0.801	0.701	0.691	0.669
1.189	1.331	0.72	0.74	0.637	0.657	0.786	0.698	0.691	0.662
1.121	1.216	0.718	0.737	0.635	0.657	0.793	0.691	0.769	0.664
1.052	1.152	0.708	0.737	0.635	0.662	0.791	0.686	0.937	0.659
0.92	1.147	0.703	0.737	0.635	0.652	0.791	0.684	1.438	0.659
0.837	1.082	0.698	0.74	0.63	0.649	0.789	0.686	1.855	0.667
0.791	0.955	0.703	0.747	0.63	0.645	0.789	0.691	1.631	0.674
0.754	0.879	0.708	0.737	0.637	0.645	0.774	0.82	1.523	0.667
0.735	0.818	0.706	0.737	0.642	0.645	0.752	1.135	1.448	0.676
0.72	0.781	0.703	0.735	0.642	0.649	0.745	2.59	1.377	2.991
0.706	0.759	0.701	0.737	0.64	0.635	0.74	2.593	1.34	3.86
0.698	0.747	0.701	0.737	0.632	0.632	0.737	2.029	1.289	2.773
0.703	0.745	0.703	0.742	0.637	0.637	0.732	1.726	1.279	2.249
0.696	0.745	0.708	0.737	0.637	0.637	0.732	1.526	1.265	1.934
0.696	0.735	0.703	0.732	0.642	0.645	0.728	1.448	1.257	1.741
0.693	0.732	0.742	0.784	0.64	0.649	0.728	1.404	1.24	1.646
0.688	0.73	1.086	0.876	0.635	0.649	0.73	1.428	1.177	1.599
0.688	0.73	1.638	1.086	0.632	0.647	0.728	1.475	1.121	1.577
0.696	0.732	1.338	1.472	0.637	0.645	0.725	1.516	1.052	1.553
0.693	0.737	1.321	1.477	0.635	0.647	0.725	1.536	0.952	1.521
0.693	0.73	1.348	1.428	0.637	0.649	0.72	1.531	0.847	1.501
0.688	0.728	1.379	1.436	0.635	0.647	0.72	1.528	0.786	1.431
0.684	0.725	1.409	1.506	0.635	0.642	0.723	1.494	0.747	1.365
0.681	0.725	1.431	1.553	0.64	0.642	0.723	1.345	0.728	1.326
0.688	0.728	1.45	1.57	0.645	0.642	0.72	1.213	0.713	1.274
0.686	0.732	1.477	1.592	0.642	0.647	0.718	1.199	0.701	1.162
0.686	0.728	1.487	1.604	0.642	0.652	0.715	1.282	0.691	0.962
0.681	0.728	1.499	1.624	0.637	0.645	0.72	1.206	0.691	0.83
0.679	0.725	1.499	1.638	0.632	0.64	0.725	1.104	0.681	0.759
0.681	0.725	1.497	1.604	0.63	0.635	0.725	0.969	0.681	0.723
0.684	0.73	1.462	1.506	0.637	0.632	0.725	0.869	0.681	0.684
0.684	0.73	1.426	1.389	0.637	0.64	0.72	0.796	0.681	0.669
0.688	0.725	1.313	1.243	0.642	0.649	0.718	0.742	0.681	0.667
0.684	0.723	1.099	1.096	0.642	0.647	0.723	0.706	0.688	0.652
0.679	0.72	0.967	0.962	0.642	0.645	0.725	0.688	0.684	0.64
0.679	0.723	0.869	0.886	0.64	0.645	0.728	0.688	0.688	0.625
0.676	0.732	0.813	0.83	0.637	0.645	0.728	0.681	0.693	0.603
0.679	0.728	0.774	0.796	0.637	0.647	0.72	0.679	0.688	0.603
0.674	0.728	0.75	0.774	0.64	0.657	0.723	0.674	0.684	0.608
0.667	0.728	0.73	0.762	0.693	0.657	0.723	0.667	0.686	0.613
0.669	0.723	0.72	0.757	0.859	0.654	0.725	0.664	0.681	0.618
0.676	0.725	0.718	0.767	1.973	0.652	0.725	0.671	0.686	0.637
0.674	0.735	0.723	0.757	2.151	0.652	0.728	0.674	0.691	0.657
0.681	0.732	0.72	0.75	2.056	0.654	0.718	0.676	0.691	0.669
0.684	0.732	0.72	0.745	2.041	0.664	0.718	0.671	0.688	0.676
0.679	0.728	0.715	0.745	2.07	0.659	0.72	0.667	0.691	0.681
0.679	0.725	0.713	0.747	2.092	0.657	0.793	0.664	0.688	0.681
0.681	0.73	0.713	0.752	2.114	0.654	3.701	0.669	0.691	0.681
0.676	0.742	0.72	0.75	2.122	0.657	3.738	0.667	0.691	0.671
0.679	0.737	0.715	0.742	2.144	0.662	2.776	0.667	0.691	0.667
0.681	0.735	0.718	0.74	2.161	0.669	2.239	0.664	0.686	0.664
0.679	0.732	0.715	0.737	2.17	0.667	2.024	0.662	0.681	0.659
0.676	0.728	0.71	0.74	2.153	0.662	1.907	0.659	0.681	0.667
0.681	0.73	0.71	0.742	2.068	0.659	1.79	0.664	0.679	0.671
0.679	0.737	0.715	0.74	1.914	0.752	1.704	0.662	0.676	0.671
0.684	0.732	0.713	0.737	1.599	2.166	1.643	0.664	0.669	0.667
0.684	0.728	0.713	0.732	1.36	2.139	1.611	0.664	0.664	0.667
0.684	0.723	0.706	0.735	1.152	1.78	1.589	0.669	0.657	0.669
0.913	0.723	0.703	0.737	0.952	1.677	1.531	0.676	0.654	0.674
1.606	0.725	0.701	0.74	0.859	1.643	1.479	0.686	0.654	0.671
2.622	0.73	0.708	0.74	0.786	1.606	1.37	0.688	0.664	0.671
2.119	0.728	0.71	0.737	0.74	1.567	1.267	0.693	0.662	0.669
1.724	0.728	0.71	0.735	0.713	1.523	1.191	0.693	0.659	0.662
1.494	0.723	0.708	0.737	0.696	1.499	1.111	0.691	0.659	0.662
1.428	0.72	0.708	0.742	0.684	1.453	0.959	0.696	0.664	0.671
1.399	0.725	0.713	0.742	0.676	1.421	0.859	0.696	0.664	0.667
1.387	0.725	0.718	0.745	0.669	1.389	0.781	0.701	0.667	0.667
1.382	0.725	0.718	0.737	0.671	1.384	0.737	0.706	0.669	0.662
1.355	0.723	0.713	0.735	0.674	1.367	0.708	0.708	0.674	0.662
1.34	0.718	0.706	0.735	0.674	1.309	0.691	0.73	0.671	0.701
1.333	0.713	0.706	0.737	0.679	1.199	0.698	3.479	0.679	1.191
1.282	0.718	0.725	0.737	0.679	1.013	0.713	4.319	0.684	1.555
1.218	0.715	1.772	0.737	0.679	0.886	0.706	2.981	0.73	1.416
1.196	0.718	2.415	0.737	0.686	0.818	0.698	2.144	0.806	1.26
1.26	0.72	2.119	0.735	0.691	0.767	0.701	1.67	0.806	1.162
1.189	0.718	1.836	0.737	0.691	0.74	0.701	1.372	0.786	1.104
1.077	0.72	1.648	0.745	0.691	0.708	0.703	1.187	0.759	1.074
0.945	0.73	1.538	0.742	0.688	0.686	0.71	1.064	0.74	1.045
0.852	0.728	1.477	0.742	0.691	0.676	0.703	0.996	0.725	1.04
0.793	0.73	1.453	0.762	0.693	0.676	0.701	0.937	0.718	1.018
0.752	0.728	1.448	3.745	0.693	0.674	0.696	0.85	0.713	0.996
0.725	0.723	1.45	3.521	0.693	0.674	0.703	0.791	0.706	0.989
0.713	0.723	1.46	2.671	0.693	0.671	0.71	0.83	0.708	0.991
0.693	0.73	1.475	2.302	0.686	0.667	0.715	0.864	0.71	0.984
0.688	0.735	1.431	2.09	0.684	0.662	0.706	0.872	0.713	0.989
0.686	1.445	1.372	1.973	0.686	0.664	0.701	0.818	0.71	0.967
0.681	3.748	1.294	1.899	0.686	0.662	0.688	0.776	0.703	0.894
0.679	2.764	1.223	1.853	0.684	0.659	0.679	0.75	0.703	0.823
0.681	2.368	1.15	1.816	0.686	0.654	0.676	0.737	0.706	0.806
0.676	2.139	1.189	1.79	0.681	0.652	0.679	0.73	0.706	0.759
0.681	2.017	1.072	1.724	0.681	0.657	0.674	0.728	0.703	0.718
0.684	1.951	0.984	1.624	0.684	0.659	0.669	0.725	0.706	0.688
0.686	1.88	0.906	1.526	0.684	0.659	0.662	0.72	0.698	0.669
0.684	1.838	0.818	1.326	0.681	0.657	0.662	0.713	0.698	0.664
0.684	1.824	0.764	1.13	0.686	0.645	0.667	0.671	0.698	0.657
0.681	1.812	0.735	0.95	0.676	0.64	0.667	0.657	0.698	0.649
0.688	1.787	0.715	0.85	0.676	0.64	0.662	0.652	0.701	0.645
0.691	1.758	0.703	0.776	0.679	0.637	0.657	0.647	0.703	0.635
0.693	1.653	0.693	0.72	0.686	0.645	0.657	0.637	0.698	0.632
0.691	1.455	0.688	0.691	0.688	0.649	0.662	0.64	0.696	0
0.684	1.199	0.686	0.654	0.691	0.652	0.686	0.645	0.696	0
0.684	1.016	0.686	0.659	0.686	0.652	0.693	0.64	0.698	0
0.684	0.901	0.691	0.664	0.686	0.657	0.696	0.645	0.698	0
0.684	0.83	0.693	0.649	0.684	0.654	0.698	0.64	0.706	0
0.686	0.784	0.693	0.647	0.686	0.654	0.698	0.64	0.698	0
0.686	0.752	0.691	0.657	0.688	0.662	0.703	0.632	0.698	0
0.681	0.735	0	0.676	0.684	0.82	0.701	0.627	0.698	0
0.679	0.715	0	0.691	0.706	2.224	0.686	0.632	0.703	0
0.684	0.71	0	0.701	3.708	2.073	0.681	0.637	0.703	0
0.688	0.703	0	0.703	4.548	1.729	0.676	0.635	0.706	0
0.693	0.693	0	0.706	3.152	1.558	0.664	0.625	0.698	0
0.698	0.688	0	0.715	2.375	1.484	0.667	0.64	0.696	0
0.686	0.698	0	0.71	1.902	1.504	0.667	0.642	0.696	0
0.684	0.696	0	0.708	1.604	1.494	2.883	0.649	0.701	0
0.688	0.71	0	0.701	1.418	1.472	4.817	0.657	0.703	0
0.688	0.72	0	0.708	1.287	1.448	3.354	0.659	0.703	0
0.691	0.725	0	0.71	1.196	1.438	2.588	0.657	0.698	0
0.693	0.725	0	0.718	1.118	1.399	2.136	0.654	0.696	0
0.684	0.728	0	0.725	1.013	1.34	1.782	0.649	0.696	0
0.684	0.723	0	0.73	0.908	1.27	1.506	0.652	0.701	0
0.686	0.723	0	0.73	0.864	1.194	1.328	0.652	0.703	0
0.688	0.718	0	0.728	0.862	1.138	1.208	0.649	0.701	0
0.691	0.71	0	0.725	0.886	1.089	1.145	0.635	0.701	0
0.696	0.706	0	0.725	0.872	1.05	1.077	0.623	0.696	0
0.659	0.713	0	0.73	0.83	0.962	1.089	0.618	0.698	0
0.679	0.715	0	0.732	0.781	0.85	1.06	0.618	0.701	0
4.231	0.725	0	0.73	0.752	0.767	1.018	0.62	0.706	0
3.34	0.725	0	0.725	0.735	0.728	0.994	0.625	0.701	0
2.412	0.728	0	0.725	0.725	0.684	0.977	0.649	0.696	0
1.902	0.728	0	0.718	0.72	0.657	0.93	0.991	0.696	0
1.567	0.728	0	0.723	0.706	0.637	0.833	1.66	0.696	0
1.353	0.728	0	0.728	0.701	0.632	0.767	1.702	0.698	0
1.216	0.732	0	0.73	0.681	0.63	0.735	1.626	0.706	0
1.138	0.73	0	0.73	0.676	0.632	0.698	1.604	0.698	0
1.096	0.73	0	0.73	0.674	0.637	0.684	1.592	0.698	0
1.057	0.728	0	0.725	0.667	0.637	0.679	1.541	0.698	0
1.035	0.725	0	0.728	0.652	0.63	0.671	1.465	0.698	0
0.999	0.728	0	0.732	0.649	0	0.664	1.377	0.701	0
0.977	0.732	0	0.73	0.652	0	0.659	1.292	0.706	0
1.008	0.73	0	0.725	0.657	0	0.647	1.213	0.691	0
0.95	0.723	0	0.725	0.659	0	0.645	1.145	0.691	0
0.842	0.725	0	0.723	0.659	0	0.649	1.108	0.691	0
0.781	0.715	0	0.725	0.654	0	0.649	1.089	0.693	0
0.74	0.718	0	0.728	0.652	0	0.647	1.074	0.698	0
0.715	0.72	0	0.73	0.649	0	0.647	1.06	0.706	0
0.671	0.735	0	0.728	0.654	0	0.64	1.013	0.701	0
0.676	0.889	0	0.728	0.659	0	0.627	0.967	0.696	0
0.669	3.071	0	0.723	0.654	0	0.632	0.896	0.686	0
0.667	3.142	0	0.728	0.657	0	0.632	0.796	0.679	0
0.667	2.5	0	0.73	0.657	0	0.63	0.742	0.681	0
0.669	2.036	0	0.742	0.659	0	0.627	0.71	0.686	0
0.679	1.763	0	1.611	0.664	0	0.625	0.676	0.686	0
0.684	1.663	0	2.38	0.669	0	0.623	0.654	0.684	0
0.674	1.641	0	1.855	0.662	0	0.632	0.632	0.679	0
0.669	1.606	0	1.479	0.659	0	0.632	0.623	0.681	0
0.671	1.582	0	1.255	0.657	0	0.637	0.62	0.684	0
0.667	1.558	0	1.167	0.652	0	0.635	0.623	0.691	0
0.667	1.467	0	1.123	0.652	0	0.637	0.627	0.693	0
0.671	1.357	0	1.086	0.662	0	0.632	0.618	0.693	0
0.659	1.279	0	1.06	0.662	0	0.635	0	0.691	0
0.657	1.257	0	1.042	0.659	0	0.635	0	0.693	0
0.654	1.228	0	1.04	0.657	0	0.635	0	0.701	0
0.659	1.24	0	1.04	0.657	0	0.632	0	0.701	0
0.664	1.184	0	1.013	0.676	0	0.632	0	0.703	0
0.667	1.035	0	0.994	0.779	0	0.642	0	0.701	0
0.662	0.911	0	0.984	1.589	0	0.645	0	0.701	0
0.662	0.823	0	0.937	1.609	0	0.647	0	0.703	0
0.662	0.769	0	0.913	1.36	0	0.649	0	0.715	0
0.664	0.742	0	0.908	1.182	0	0.642	0	0.713	0
0.671	0.723	0	0.85	1.106	0	0.64	0	0.713	0
0.671	0.713	0	0.793	1.079	0	0.649	0	0.71	0
0.667	0.698	0	0.759	1.06	0	0.92	0	0.706	0
0.667	0.691	0	0.742	1.047	0	2.351	0	0.708	0
0.669	0.691	0	0.732	1.045	0	1.914	0	0.718	0
0.674	0.691	0	0.723	1.038	0	1.65	0	0.713	0
0.681	0.693	0	0.72	1.03	0	1.526	0	0.701	0
0.679	0.696	0	0.718	1.021	0	1.445	0	0.686	0
0.676	0	0	0.72	1.013	0	1.428	0	0.681	0
0.674	0	0	0.725	1.011	0	1.416	0	0.671	0
0.669	0	0	0.728	0.986	0	1.387	0	0.669	0
0.674	0	0	0	0.906	0	1.35	0	0.664	0
0.686	0	0	0	0.867	0	1.309	0	0.662	0
0.676	0	0	0	0.833	0	1.267	0	0.657	0
0.676	0	0	0	0.813	0	1.221	0	0.659	0
0.671	0	0	0	0.776	0	1.199	0	0.664	0
0.669	0	0	0	0.732	0	1.145	0	0.669	0
0.674	0	0	0	0.706	0	1.104	0	0.664	0
0.681	0	0	0	0.701	0	1.04	0	0.662	0
0.676	0	0	0	0.676	0	0.969	0	0.659	0
0.684	0	0	0	0.667	0	0.901	0	0.654	0
0.686	0	0	0	0.667	0	0.862	0	0.657	0
0.688	0	0	0	0.664	0	0.818	0	0.654	0
0.691	0	0	0	0.667	0	0.754	0	0.657	0
0.698	0	0	0	0.671	0	0.71	0	0.654	0
0.693	0	0	0	0.676	0	0.686	0	0.647	0
0.696	0	0	0	0.686	0	0.671	0	0.649	0
0.691	0	0	0	0	0	0.662	0	0.659	0
0.693	0	0	0	0	0	0.654	0	0.662	0
0.698	0	0	0	0	0	0.645	0	0.667	0
0.703	0	0	0	0	0	0.64	0	0.669	0
0.703	0	0	0	0	0	0.63	0	0.667	0
0.701	0	0	0	0	0	0.63	0	0.664	0
0.701	0	0	0	0	0	0.623	0	0.674	0
0.737	0	0	0	0	0	0.618	0	0.671	0
1.907	0	0	0	0	0	0.62	0	0.671	0
2.031	0	0	0	0	0	0	0	0.669	0
1.741	0	0	0	0	0	0	0	0.664	0
1.56	0	0	0	0	0	0	0	0.662	0
1.45	0	0	0	0	0	0	0	0.669	0
1.379	0	0	0	0	0	0	0	0.664	0
1.365	0	0	0	0	0	0	0	0.664	0
1.343	0	0	0	0	0	0	0	0.664	0
1.367	0	0	0	0	0	0	0	0.662	0
1.353	0	0	0	0	0	0	0	0.667	0
1.326	0	0	0	0	0	0	0	0.664	0
1.296	0	0	0	0	0	0	0	0.664	0
1.272	0	0	0	0	0	0	0	0.669	0
1.206	0	0	0	0	0	0	0	0.669	0
1.206	0	0	0	0	0	0	0	0.681	0
1.094	0	0	0	0	0	0	0	0.679	0
0.957	0	0	0	0	0	0	0	0.684	0
0.862	0	0	0	0	0	0	0	0.688	0
0.803	0	0	0	0	0	0	0	0.801	0
0.752	0	0	0	0	0	0	0	1.367	0
0.728	0	0	0	0	0	0	0	1.55	0
0.706	0	0	0	0	0	0	0	1.494	0
0.696	0	0	0	0	0	0	0	1.284	0
0.691	0	0	0	0	0	0	0	1.145	0
0.691	0	0	0	0	0	0	0	1.057	0
0.686	0	0	0	0	0	0	0	1.021	0
0.684	0	0	0	0	0	0	0	1.006	0
0.679	0	0	0	0	0	0	0	0.989	0
0.681	0	0	0	0	0	0	0	0.981	0
0.686	0	0	0	0	0	0	0	0.972	0
0.691	0	0	0	0	0	0	0	0.95	0
0.693	0	0	0	0	0	0	0	0.916	0
0.696	0	0	0	0	0	0	0	0.867	0
0.684	0	0	0	0	0	0	0	0.808	0
0	0	0	0	0	0	0	0	0.757	0
0	0	0	0	0	0	0	0	0.72	0
0	0	0	0	0	0	0	0	0.698	0
0	0	0	0	0	0	0	0	0.679	0
0	0	0	0	0	0	0	0	0.669	0
0	0	0	0	0	0	0	0	0.667	0
0	0	0	0	0	0	0	0	0.659	0
0	0	0	0	0	0	0	0	0.662	0
0	0	0	0	0	0	0	0	0.659	0
0	0	0	0	0	0	0	0	0.657	0
0	0	0	0	0	0	0	0	0.654	0
0	0	0	0	0	0	0	0	0.654	0
0	0	0	0	0	0	0	0	0.654	0
0	0	0	0	0	0	0	0	0.659	0
0	0	0	0	0	0	0	0	0.659	0
0	0	0	0	0	0	0	0	0.662	0
0	0	0	0	0	0	0	0	0.662	0
