0.344	0.356	0.381	0.308	0.444	0.361	0.332	0.454	0.442	0.413
0.347	0.354	0.376	0.315	0.439	0.354	0.327	0.457	0.435	0.41
0.342	0.354	0.378	0.315	0.437	0.352	0.33	0.457	0.437	0.413
0.337	0.356	0.376	0.325	0.422	0.337	0.327	0.449	0.43	0.413
0.344	0.366	0.374	0.315	0.43	0.327	0.33	0.457	0.435	0.415
0.344	0.359	0.376	0.32	0.435	0.325	0.325	0.454	0.435	0.41
0.349	0.356	0.376	0.322	0.439	0.322	0.325	0.454	0.432	0.415
0.347	0.361	0.378	0.317	0.437	0.322	0.325	0.454	0.432	0.42
0.352	0.361	0.374	0.32	0.439	0.334	0.325	0.454	0.435	0.417
0.354	0.354	0.381	0.317	0.43	0.322	0.325	0.452	0.43	0.413
0.347	0.354	0.378	0.322	0.435	0.322	0.327	0.454	0.437	0.41
0.349	0.356	0.535	0.317	0.437	0.322	0.327	0.457	0.437	0.415
0.354	0.459	3.088	0.317	0.439	0.327	0.325	0.457	0.432	0.415
0.354	1.05	4.431	0.315	0.437	0.325	0.332	0.452	0.432	0.41
0.554	2.217	3.43	0.312	0.432	0.325	0.325	0.454	0.435	0.413
1.646	2.737	2.854	0.312	0.427	0.413	0.327	0.454	0.432	0.413
2.346	2.698	2.61	0.415	0.43	1.377	0.325	0.454	0.432	0.417
2.31	2.622	2.776	0.984	0.62	2.107	0.325	0.454	0.43	0.828
2.156	2.6	2.983	2.139	3.064	1.934	0.33	0.452	0.427	3.306
2.043	2.615	3.225	2.625	3.831	1.726	0.325	0.454	0.439	3.508
1.995	2.573	3.535	2.705	2.856	1.592	0.369	0.452	0.869	2.839
1.953	2.522	3.713	2.6	2.285	1.536	1.328	0.552	3.437	2.502
1.956	2.507	3.799	2.502	2.056	1.519	3.203	1.907	3.616	2.546
1.926	2.522	3.828	2.458	2.014	1.521	2.605	3.159	2.693	2.705
1.926	2.468	3.857	2.446	2.002	1.536	2.19	2.625	2.483	2.712
1.924	2.437	3.948	2.434	2.014	1.545	2.258	2.312	2.717	2.715
1.909	2.397	3.975	2.424	2.041	1.541	2.507	2.302	2.976	2.729
1.897	2.363	3.894	2.441	2.085	1.543	2.725	2.529	3.11	2.739
1.921	2.341	3.584	2.417	2.087	1.558	2.83	2.712	3.34	2.754
1.956	2.227	3.074	2.407	2.087	1.555	3.008	2.925	3.682	2.764
1.96	2.034	2.588	2.388	2.08	1.489	3.108	3.152	3.918	2.708
1.956	1.863	2.131	2.366	2.085	1.326	3.142	3.271	4.036	2.629
1.885	1.641	1.787	2.344	1.968	1.091	3.186	3.313	4.133	2.432
1.704	1.357	1.46	2.314	1.721	0.884	3.237	3.311	4.197	2.173
1.521	1.099	1.262	2.166	1.499	0.701	3.181	3.271	4.001	1.995
1.396	0.894	1.143	1.968	1.226	0.576	2.922	3.142	3.604	1.863
1.262	0.803	0.889	1.743	0.994	0.481	2.593	2.756	3.115	1.67
1.091	0.64	0.752	1.487	0.781	0.41	2.307	2.314	2.561	1.426
0.85	0.51	0.605	1.238	0.671	0.366	1.978	1.992	2.134	1.262
0.691	0.444	0.51	0.977	0.574	0.344	1.675	1.799	1.904	1.091
0.618	0.415	0.469	0.796	0.474	0.332	1.467	1.482	1.616	0.879
0.513	0.391	0.435	0.654	0.417	0.327	1.321	1.245	1.296	0.732
0.452	0.378	0.42	0.515	0.386	0.32	1.091	1.003	1.099	0.601
0.405	0.376	0.413	0.435	0.369	0.322	0.889	0.884	0.896	0.515
0.388	0.366	0.408	0.386	0.359	0.32	0.764	0.74	0.747	0.474
0.378	0.359	0.405	0.359	0.354	0.312	0.613	0.613	0.62	0.449
0.371	0.354	0.403	0.339	0.352	0.312	0.488	0.537	0.522	0.437
0.369	0.352	0.4	0.332	0.347	0.312	0.417	0.493	0.471	0.427
0.364	0.359	0.4	0.33	0.347	0.32	0.376	0.474	0.442	0.422
0.361	0.364	0.393	0.327	0.347	0.315	0.349	0.457	0.43	0.417
0.361	0.369	0.398	0.33	0.349	0.315	0.337	0.449	0.427	0.42
0.364	0.366	0.396	0.327	0.347	0.317	0.332	0.464	0.43	0.42
0.361	0.356	0.391	0.33	0.347	0.317	0.325	0.442	0.427	0.413
0.369	0.354	0.391	0.327	0.344	0.32	0.325	0.437	0.427	0.42
0.366	0.354	0.391	0.327	0.352	0.317	0.322	0.442	0.43	0.42
0.359	0.361	0.393	0.332	0.349	0.317	0.317	0.442	0.422	0.417
0.359	0.361	0.391	0.337	0.342	0.322	0.315	0.439	0.425	0.417
0.361	0.359	0.393	0.332	0.339	0.322	0.322	0.442	0.425	0.42
0.361	0.354	0.393	0.327	0.337	0.322	0.317	0.439	0.427	0.42
0.359	0.349	0.396	0.327	0.344	0.312	0.317	0.435	0.42	0.415
0.359	0.356	0.4	0.325	0.344	0.325	0.322	0.432	0.427	0.413
0.369	0.352	0.396	0.322	0.344	0.32	0.322	0.437	0.417	0.425
0.361	0.352	0.393	0.327	0.347	0.327	0.322	0.43	0.42	0.413
0.364	0.352	0.393	0.33	0.349	0.322	0.322	0.42	0.422	0.417
0.361	0.347	0.388	0.33	0.347	0.325	0.325	0.415	0.422	0.417
0.361	0.364	0.393	0.334	0.347	0.325	0.33	0.415	0.415	0.415
0.356	0.366	0.396	0.332	0.347	0.32	0.327	0.41	0.415	0.415
0.361	0.366	0.393	0.332	0.344	0.322	0.322	0.41	0.417	0.413
0.361	0.369	0.393	0.332	0.347	0.32	0.332	0.41	0.415	0.413
0.356	0.366	0.388	0.347	0.344	0.325	0.334	0.413	0.415	0.41
0.359	0.364	0.4	0.339	0.347	0.315	0.334	0.417	0.415	0.413
0.361	0.366	0.393	0.332	0.344	0.315	0.327	0.417	0.417	0.413
0.364	0.366	0.393	0.33	0.339	0.315	0.33	0.415	0.415	0.415
0.366	0.364	0.386	0.327	0.342	0.312	0.332	0.42	0.415	0.41
0.366	0.369	0.391	0.332	0.349	0.32	0.33	0.42	0.415	0.413
0.366	0.371	0.398	0.327	0.347	0.32	0.327	0.417	0.417	0.415
0.371	0.356	0.425	0.332	0.347	0.32	0.325	0.422	0.417	0.415
0.376	0.366	0.583	0.332	0.342	0.325	0.33	0.42	0.42	0.432
0.366	0.405	1.243	0.332	0.342	0.322	0.33	0.422	0.415	0.498
0.371	0.544	2.339	0.33	0.347	0.386	0.327	0.425	0.417	0.693
0.369	1.467	2.341	0.332	0.356	0.793	0.364	0.427	0.42	1.458
0.388	4.854	2.31	0.354	0.435	2.275	0.447	0.425	0.415	1.858
0.549	5.005	2.317	0.444	0.896	2.642	0.806	0.427	0.417	1.953
4.695	4.609	2.373	1.665	2.551	2.495	3.611	0.432	0.417	2.026
6.165	4.495	2.439	3.787	2.627	2.427	3.831	0.432	0.42	2.131
4.761	4.819	2.478	3.352	2.524	2.4	3.325	0.437	0.461	2.214
4.573	5.276	2.515	3.12	2.473	2.39	3.14	0.439	0.588	2.246
4.939	5.618	2.578	3.152	2.454	2.432	3.184	0.437	1.116	2.38
5.667	5.911	2.632	3.413	2.446	2.446	3.43	0.43	1.587	2.495
6.235	6.147	2.678	3.796	2.434	2.451	3.672	0.43	1.819	2.581
6.768	6.311	2.725	4.06	2.434	2.451	3.933	0.435	1.897	2.627
7.249	6.423	2.756	4.368	2.451	2.451	4.282	0.432	1.917	2.639
7.639	6.492	2.773	4.766	2.456	2.444	4.541	0.486	1.919	2.627
7.944	6.521	2.764	5.063	2.446	2.434	4.675	0.92	1.885	2.593
8.093	6.487	2.673	5.237	2.434	2.415	4.749	3.408	1.909	2.571
8.188	6.396	2.576	5.374	2.432	2.393	4.785	3.953	2.053	2.561
8.159	6.316	2.507	5.469	2.429	2.375	4.819	3.718	2.205	2.563
7.805	6.223	2.397	5.479	2.427	2.327	4.783	3.572	2.314	2.537
7.163	6.033	2.207	5.349	2.407	2.192	4.722	3.809	2.368	2.461
6.331	5.62	1.941	4.988	2.249	2.092	4.619	4.355	2.4	2.388
5.439	5.039	1.621	4.546	2.107	1.931	4.36	4.788	2.422	2.253
4.451	4.265	1.335	4.15	1.973	1.699	3.977	5.037	2.439	2.104
3.547	3.604	1.082	3.823	1.772	1.472	3.555	5.234	2.378	1.843
2.861	3.027	0.894	3.452	1.548	1.135	3.074	5.322	2.351	1.562
2.256	2.424	0.747	3.127	1.357	0.913	2.634	5.347	2.268	1.306
1.804	1.902	0.627	2.776	1.145	0.757	2.224	5.337	2.031	1.052
1.431	1.533	0.53	2.546	0.935	0.627	1.78	5.269	1.782	0.906
1.23	1.252	0.476	2.231	0.771	0.549	1.467	4.954	1.565	0.759
1.091	1.079	0.449	1.943	0.632	0.474	1.155	4.482	1.428	0.664
0.962	0.937	0.442	1.521	0.505	0.403	0.947	4.062	1.25	0.566
0.774	0.74	0.425	1.084	0.437	0.366	0.796	3.628	1.125	0.498
0.615	0.601	0.417	0.881	0.4	0.344	0.737	3.164	1.082	0.454
0.505	0.527	0.405	0.715	0.378	0.337	0.645	2.732	0.898	0.435
0.439	0.481	0.41	0.593	0.369	0.325	0.562	2.268	0.732	0.42
0.41	0.444	0.403	0.491	0.354	0.322	0.466	1.919	0.618	0.415
0.393	0.413	0.403	0.42	0.354	0.32	0.4	1.545	0.53	0.422
0.388	0.393	0.403	0.383	0.352	0.317	0.366	1.204	0.479	0.413
0.378	0.383	0.4	0.359	0.344	0.315	0.349	0.996	0.457	0.41
0.376	0.378	0.4	0.349	0.349	0.312	0.334	0.872	0.437	0.413
0.381	0.371	0.396	0.339	0.354	0.315	0.332	0.798	0.427	0.413
0.371	0.376	0.398	0.339	0.349	0.308	0.33	0.693	0.425	0.408
0.374	0.371	0.398	0.342	0.349	0.31	0.337	0.61	0.42	0.417
0.374	0.376	0.393	0.342	0.352	0.312	0.337	0.535	0.42	0.415
0.374	0.376	0.391	0.342	0.352	0.303	0.337	0.493	0.42	0.415
0.376	0.369	0.398	0.342	0.349	0.31	0.337	0.469	0.42	0.415
0.374	0.374	0.393	0.339	0.347	0.312	0.339	0.457	0.417	0.413
0.374	0.371	0.396	0.33	0.342	0.317	0.337	0.452	0.415	0.415
0.369	0.371	0.398	0.342	0.349	0.312	0.337	0.449	0.417	0.42
0.371	0.376	0.398	0.342	0.352	0.312	0.337	0.447	0.417	0.417
0.374	0.376	0.4	0.342	0.352	0.305	0.337	0.449	0.413	0.42
0.371	0.369	0.4	0.339	0.349	0.308	0.332	0.449	0.417	0.408
0.369	0.369	0.396	0.342	0.349	0.315	0.332	0.447	0.415	0.415
0.374	0.369	0.398	0.342	0.342	0.312	0.334	0.449	0.43	0.417
0.369	0.366	0.403	0.337	0.347	0.31	0.332	0.447	0.415	0.413
0.369	0.374	0.396	0.339	0.344	0.31	0.334	0.449	0.417	0.415
0.369	0.374	0.398	0.347	0.342	0.308	0.342	0.447	0.417	0.415
0.376	0.378	0.393	0.344	0.344	0.31	0.339	0.442	0.417	0.417
0.378	0.381	0.396	0.339	0.349	0.312	0.339	0.444	0.415	0.415
0.378	0.381	0.393	0.337	0.347	0.315	0.337	0.439	0.417	0.417
0.381	0.378	0.396	0.337	0.347	0.312	0.334	0.444	0.417	0.42
0.381	0.376	0.415	0.339	0.349	0.312	0.339	0.442	0.413	0.415
0.386	0.376	0.413	0.339	0.347	0.317	0.339	0.442	0.415	0.413
0.378	0.371	0.413	0.342	0.347	0.315	0.337	0.437	0.41	0.654
0.378	0.366	0.415	0.342	0.347	0.315	0.339	0.439	0.415	5.935
0.381	0.371	0.417	0.339	0.347	0.312	0.342	0.435	0.422	8.972
0.383	0.376	0.415	0.339	0.349	0.312	0.337	0.432	0.415	9.246
0.383	0.376	0.417	0.342	0.344	0.31	0.342	0.437	0.415	9.25
0.386	0.381	0.415	0.347	0.352	0.308	0.339	0.43	0.41	8.953
0.386	0.381	0.413	0.344	0.344	0.378	0.432	0.439	0.415	8.015
0.388	0.374	0.417	0.344	0.349	2.913	0.43	0.437	0.413	6.765
0.378	0.366	0.413	0.339	0.347	5.52	2.527	0.439	0.41	5.476
0.386	0.371	0.405	0.337	0.349	5.078	5.696	0.439	0.415	4.438
0.376	0.366	0.415	0.337	0.347	4.36	5.027	0.439	0.41	3.521
0.374	0.366	0.413	0.342	0.347	3.782	3.799	0.437	0.42	2.722
0.369	0.369	0.417	0.339	0.344	3.43	2.922	0.437	0.415	2.217
0.366	0.369	0.542	0.339	0.347	3.22	2.458	0.442	0.415	1.909
0.371	0.369	3.433	0.339	0.349	3	2.288	0.444	0.422	1.628
0.369	0.366	5.618	0.342	0.349	2.781	2.234	0.442	0.469	1.416
0.366	0.369	5.779	0.347	0.349	2.407	2.2	0.442	0.483	1.196
0.369	0.425	5.706	0.427	0.356	1.98	2.178	0.439	1.487	1.033
0.366	2.668	5.271	4.185	0.388	1.592	2.017	0.439	5.803	0.864
0.366	6.536	4.675	7.737	0.759	1.384	1.873	0.437	6.76	0.688
0.364	6.094	3.811	7.832	2.893	1.199	1.667	0.461	6.863	0.579
0.488	5.09	2.976	6.946	3.486	1.001	1.436	0.476	6.707	0.52
3.813	4.543	2.339	5.208	3.091	0.876	1.304	0.498	6.506	0.476
6.843	4.255	2.007	4.128	2.747	0.688	1.174	0.64	5.869	0.454
7.126	4.05	1.643	3.611	2.332	0.547	1.045	1.477	5.132	0.435
7.031	3.926	1.328	3.333	1.841	0.444	0.923	2.607	4.614	0.425
6.648	3.855	1.172	3.14	1.538	0.391	0.771	3.159	4.045	0.425
5.986	3.796	1.013	2.642	1.37	0.359	0.603	3.472	3.279	0.425
4.827	3.542	0.842	2.09	1.309	0.342	0.496	3.604	2.522	0.415
3.813	2.93	0.735	1.77	1.238	0.332	0.439	3.618	1.89	0.417
3.04	2.393	0.632	1.479	1.091	0.327	0.415	3.369	1.511	0.427
2.444	2.034	0.583	1.243	0.894	0.315	0.405	2.979	1.265	0.417
1.965	1.672	0.515	1.045	0.73	0.322	0.374	2.6	1.15	0.417
1.602	1.409	0.466	0.842	0.583	0.322	0.361	2.224	1.008	0.415
1.328	1.221	0.447	0.669	0.491	0.325	0.344	1.982	0.84	0.413
1.152	1.03	0.439	0.593	0.464	0.33	0.334	1.736	0.674	0.417
0.979	0.835	0.427	0.503	0.435	0.327	0.327	1.526	0.569	0.42
0.806	0.667	0.413	0.447	0.4	0.33	0.33	1.367	0.51	0.41
0.679	0.591	0.413	0.417	0.381	0.33	0.33	1.27	0.474	0.415
0.547	0.518	0.408	0.391	0.374	0.327	0.332	1.069	0.449	0.415
0.469	0.461	0.403	0.366	0.369	0.339	0.33	0.84	0.435	0.415
0.427	0.435	0.405	0.364	0.361	0.327	0.332	0.676	0.41	0.417
0.4	0.42	0.388	0.364	0.359	0.327	0.33	0.581	0.4	0.417
0.381	0.398	0.408	0.369	0.356	0.33	0.33	0.52	0.386	0.413
0.376	0.388	0.408	0.378	0.356	0.327	0.327	0.479	0.403	0.413
0.374	0.381	0.41	0.376	0.356	0.33	0.33	0.466	0.388	0.408
0.371	0.376	0.41	0.376	0.359	0.332	0.33	0.457	0.396	0.41
0.364	0.374	0.413	0.376	0.356	0.325	0.325	0.452	0.403	0.408
0.371	0.371	0.41	0.374	0.359	0.33	0.327	0.444	0.396	0.408
0.369	0.369	0.415	0.378	0.356	0.325	0.327	0.442	0.398	0.415
0.364	0.366	0.415	0.376	0.364	0.334	0.325	0.437	0.4	0.413
0.364	0.361	0.417	0.376	0.361	0.322	0.327	0.442	0.398	0.413
0.366	0.364	0.41	0.374	0.354	0.322	0.327	0.444	0.398	0.413
0.364	0.369	0.413	0.371	0.356	0.312	0.332	0.442	0.4	0.41
0.366	0.374	0.415	0.371	0.356	0.317	0.327	0.449	0.403	0.41
0.366	0.376	0.417	0.369	0.359	0.317	0.327	0.449	0.398	0.41
0.374	0.374	0.413	0.366	0.354	0.317	0.32	0.454	0.398	0.408
0.369	0.371	0.41	0.369	0.352	0.317	0.315	0.449	0.398	0.405
0.366	0.376	0.413	0.366	0.356	0.32	0.31	0.449	0.4	0.41
0.366	0.378	0.41	0.361	0.361	0.312	0.312	0.447	0.391	0.408
0.364	0.369	0.41	0.361	0.359	0.312	0.31	0.454	0.396	0.41
0.361	0.376	0.415	0.361	0.359	0.315	0.308	0.449	0.393	0.408
0.361	0.378	0.415	0.361	0.361	0.315	0.312	0.449	0.396	0.413
0.364	0.381	0.417	0.366	0.359	0.322	0.312	0.449	0.388	0.413
0.364	0.381	0.42	0.369	0.356	0.317	0.315	0.447	0.391	0.41
0.366	0.386	0.42	0.369	0.359	0.315	0.315	0.444	0.391	0.413
0.364	0.386	0.415	0.366	0.359	0.312	0.312	0.442	0.391	0.41
0.364	0.388	0.415	0.366	0.359	0.315	0.317	0.444	0.393	0.408
0.356	0.391	0.413	0.364	0.359	0.312	0.317	0.447	0.396	0.515
0.361	0.396	0.41	0.359	0.359	0.315	0.317	0.449	0.396	0.864
0.359	0.388	0.41	0.356	0.361	0.315	0.317	0.447	0.396	5.012
0.354	0.391	0.41	0.361	0.356	0.315	0.32	0.452	0.396	8.484
0.359	0.388	0.415	0.354	0.361	0.317	0.374	0.444	0.403	6.738
0.361	0.386	0.413	0.354	0.361	0.32	0.581	0.449	0.403	5.339
0.364	0.388	0.417	0.356	0.359	0.32	1.887	0.444	0.4	5.601
0.369	0.383	0.415	0.356	0.359	0.32	7.639	0.447	0.4	6.099
0.369	0.381	0.415	0.354	0.359	0.361	7.693	0.447	0.4	6.575
0.371	0.381	0.562	0.354	0.359	0.747	6.841	0.442	0.398	6.941
0.378	0.381	1.47	0.349	0.361	6.011	6.587	0.442	0.4	7.288
0.374	0.381	7.625	0.344	0.359	9.26	7.051	0.447	0.403	7.603
0.378	0.383	7.053	0.347	0.364	7.41	7.698	0.444	0.398	7.883
0.376	0.393	5.693	0.349	0.366	5.986	8.169	0.444	0.405	8.047
0.381	0.388	5.632	0.352	0.359	5.952	8.599	0.439	0.4	8.12
0.376	0.388	6.274	0.359	0.361	6.624	9.058	0.435	0.405	8.042
0.378	0.386	6.812	0.369	0.361	7.153	9.246	0.447	0.4	7.727
0.378	0.383	7.168	0.476	0.361	7.6	9.253	0.447	0.4	7.341
0.452	0.398	7.48	0.979	0.361	8.123	9.253	0.444	0.398	6.863
0.813	0.564	7.815	4.954	0.364	8.508	9.25	0.449	0.4	6.282
5.129	1.675	8.062	7.209	0.439	8.721	9.248	0.452	0.4	5.676
8.938	5.508	8.198	5.906	0.813	8.862	9.25	0.452	0.396	4.958
7.388	6.57	8.23	5.115	6.667	8.97	9.243	0.452	0.405	4.292
6.396	5.703	8.142	5.305	9.255	9.092	9.143	0.452	0.53	3.586
6.592	5.571	7.876	6.13	7.021	9.153	8.818	0.454	2.239	2.869
7.441	6.201	7.244	6.67	6.106	9.05	8.425	0.457	9.146	2.256
8.052	7.007	6.646	7.104	6.689	8.542	7.891	0.457	8.413	1.721
8.625	7.581	6.035	7.493	7.214	7.827	7.141	0.657	6.592	1.396
9.248	7.959	5.271	7.808	7.517	7.109	6.245	1.445	6.292	1.157
9.255	8.198	4.675	8.003	7.783	6.423	5.303	7.256	6.636	0.876
9.255	8.359	4.153	8.098	8.062	5.63	4.397	8.511	7.109	0.674
9.25	8.384	3.577	8.159	8.286	4.707	3.538	7.08	7.456	0.552
9.248	8.376	3.074	8.147	8.352	3.784	2.961	6.619	7.81	0.483
9.253	8.291	2.554	8.103	8.43	3.176	2.424	7.043	8.318	0.449
9.25	8.184	2.239	7.935	8.459	2.756	2.004	7.808	8.713	0.427
9.253	7.778	1.873	7.471	8.362	2.222	1.582	8.372	8.936	0.415
8.899	7.168	1.528	6.694	8.071	1.833	1.289	8.855	9.104	0.408
8.284	6.511	1.167	5.977	7.546	1.572	0.979	9.246	9.197	0.41
7.461	5.828	0.84	5.242	6.963	1.252	0.71	9.246	9.048	0.403
6.628	5.178	0.657	4.441	6.387	0.859	0.547	9.255	8.716	0.4
5.864	4.434	0.557	3.708	5.732	0.635	0.444	9.25	8.296	0.396
4.934	3.774	0.493	3.179	5.212	0.508	0.417	9.246	7.859	0.398
4.055	3.115	0.479	2.668	4.631	0.432	0.408	9.25	7.356	0.396
3.291	2.666	0.469	2.246	4.158	0.405	0.403	9.25	6.809	0.391
2.649	2.28	0.457	1.863	3.447	0.381	0.386	9.136	6.079	0.383
2.224	2.007	0.439	1.541	2.769	0.354	0.381	8.611	5.322	0.381
1.941	1.714	0.439	1.182	2.349	0.344	0.383	8.025	4.57	0.378
1.592	1.46	0.437	0.833	1.985	0.342	0.383	7.476	3.716	0.381
1.147	1.096	0.432	0.63	1.714	0.334	0.376	7.024	2.993	0.383
0.815	0.784	0.425	0.515	1.538	0.322	0.391	6.443	2.39	0.386
0.642	0.613	0.432	0.459	1.27	0.32	0.378	5.608	1.855	0.381
0.549	0.522	0.43	0.464	0.957	0.32	0.383	4.897	1.47	0.383
0.51	0.479	0.425	0.442	0.693	0.32	0.383	4.297	1.179	0.381
0.461	0.449	0.43	0.413	0.542	0.32	0.383	3.669	0.874	0.386
0.444	0.439	0.427	0.391	0.457	0.322	0.374	3.12	0.667	0.391
0.42	0.439	0.425	0.383	0.41	0.317	0.376	2.634	0.557	0.391
0.405	0.42	0.42	0.376	0.381	0.322	0.374	2.048	0.5	0.391
0.396	0.417	0.42	0.371	0.378	0.317	0.381	1.621	0.464	0.393
0.393	0.417	0.415	0.369	0.381	0.317	0.376	1.287	0.447	0.391
0.383	0.415	0.42	0.369	0.378	0.315	0.383	1.013	0.444	0.383
0.386	0.417	0.42	0.369	0.371	0.322	0.381	0.754	0.417	0.383
0.393	0.413	0.42	0.376	0.356	0.322	0.381	0.605	0.415	0.383
0.386	0.413	0.425	0.376	0.349	0.312	0.386	0.53	0.41	0.383
0.388	0.41	0.425	0.381	0.354	0.33	0.383	0.483	0.413	0.386
0.393	0.413	0.422	0.383	0.349	0.32	0.383	0.459	0.41	0.388
0.393	0.405	0.42	0.383	0.349	0.322	0.386	0.449	0.405	0.386
0.391	0.405	0.42	0.386	0.361	0.322	0.376	0.449	0.396	0.381
0.391	0.405	0.415	0.388	0.356	0.317	0.383	0.437	0.408	0.383
0.381	0.405	0.422	0.386	0.347	0.315	0.381	0.425	0.405	0.383
0.383	0.405	0.42	0.381	0.349	0.317	0.381	0.417	0.405	0.381
0.378	0.4	0.427	0.383	0.349	0.32	0.381	0.415	0.408	0.396
0.381	0.4	0.427	0.371	0.347	0.32	0.381	0.42	0.403	0.388
0.371	0.403	0.432	0.374	0.352	0.317	0.381	0.417	0.403	0.391
0.381	0.398	0.425	0.374	0.349	0.322	0.403	0.42	0.405	0.386
0.378	0.398	0.425	0.374	0.352	0.33	0.383	0.42	0.4	0.425
0.383	0.396	0.427	0.374	0.347	0.322	0.383	0.422	0.398	0.776
0.381	0.4	0.427	0.371	0.349	0.325	0.381	0.42	0.396	2.788
0.383	0.403	0.43	0.369	0.352	0.327	0.4	0.417	0.398	3.979
0.378	0.405	0.427	0.371	0.352	0.327	0.518	0.42	0.4	4.548
0.376	0.403	0.425	0.371	0.352	0.325	2.751	0.425	0.393	4.944
0.376	0.405	0.43	0.371	0.352	0.33	3.962	0.425	0.383	5.178
0.371	0.408	0.425	0.378	0.339	0.347	3.447	0.425	0.381	5.256
0.374	0.403	0.415	0.371	0.352	0.535	2.896	0.427	0.378	5.234
0.374	0.396	0.422	0.378	0.354	3.225	2.566	0.425	0.374	5.164
0.376	0.398	0.425	0.381	0.354	4.875	2.485	0.43	0.366	4.927
0.376	0.4	0.427	0.381	0.352	5.527	2.451	0.43	0.374	4.402
0.378	0.4	0.42	0.383	0.354	5.383	2.424	0.427	0.371	3.635
0.376	0.403	0.42	0.388	0.361	4.944	2.473	0.43	0.374	2.859
0.378	0.4	0.425	0.381	0.359	4.67	2.505	0.43	0.369	2.332
0.378	0.4	0.425	0.376	0.356	4.463	2.383	0.43	0.371	1.851
0.386	0.403	0.422	0.386	0.354	4.377	2.031	0.432	0.376	1.465
0.381	0.408	0.42	0.483	0.356	4.353	1.689	0.43	0.374	1.121
0.381	0.41	0.42	3.459	0.352	4.216	1.416	0.43	0.371	0.945
0.381	0.41	0.422	6.421	0.352	3.455	1.223	0.432	0.376	0.872
0.381	0.408	0.442	7.332	0.354	2.651	1.13	0.43	0.381	0.803
0.383	0.408	0.52	7.786	0.359	2.026	1.052	0.432	0.505	0.759
0.383	0.405	3.269	7.988	0.361	1.521	0.962	0.435	3.63	0.669
0.383	0.405	6.677	7.834	0.432	1.223	0.886	0.432	6.05	0.583
0.378	0.403	7.522	7.517	1.919	1.033	0.815	0.432	6.458	0.52
0.386	0.408	8	7.102	4.167	0.894	0.752	0.435	6.521	0.474
0.4	0.415	8.162	6.345	5.266	0.796	0.635	0.466	6.206	0.437
0.471	0.479	7.795	5.376	6.021	0.737	0.557	1.052	5.798	0.415
1.365	1.829	6.987	4.163	6.406	0.598	0.522	3.665	5.303	0.403
3.013	4.417	6.392	3.066	6.377	0.496	0.496	5.032	4.761	0.393
3.892	5.154	5.945	2.246	5.947	0.435	0.486	5.449	4.297	0.393
4.531	5.193	5.366	1.626	5.439	0.388	0.479	5.107	3.674	0.405
4.893	4.873	4.39	1.287	4.902	0.376	0.469	4.609	2.825	0.422
5.1	4.512	3.364	1.072	4.316	0.369	0.459	4.28	2.09	0.42
5.105	4.326	2.62	0.857	3.379	0.371	0.452	4.087	1.548	0.422
4.812	4.25	1.997	0.706	2.578	0.374	0.449	3.972	1.167	0.422
4.302	4.189	1.526	0.61	1.926	0.381	0.449	3.826	1.003	0.425
3.628	3.87	1.252	0.522	1.477	0.383	0.444	3.447	0.906	0.425
2.954	3.215	1.016	0.496	1.187	0.388	0.447	2.812	0.811	0.422
2.231	2.373	0.803	0.469	1.025	0.396	0.442	2.283	0.737	0.425
1.77	1.885	0.686	0.452	0.869	0.378	0.439	1.831	0.671	0.422
1.445	1.567	0.576	0.439	0.796	0.391	0.437	1.487	0.588	0.42
1.15	1.226	0.503	0.437	0.754	0.393	0.437	1.235	0.52	0.422
0.884	1.016	0.461	0.437	0.649	0.393	0.432	1.033	0.481	0.42
0.757	0.894	0.427	0.432	0.515	0.391	0.437	0.984	0.461	0.422
0.706	0.762	0.408	0.432	0.457	0.396	0.432	0.974	0.442	0.422
0.662	0.703	0.396	0.432	0.415	0.393	0.43	0.901	0.435	0.42
0.613	0.654	0.405	0.432	0.391	0.393	0.432	0.837	0.425	0.422
0.544	0.588	0.396	0.437	0.383	0.391	0.437	0.784	0.42	0.425
0.486	0.549	0.396	0.435	0.386	0.391	0.43	0.681	0.415	0.427
0.447	0.515	0.393	0.43	0.383	0.393	0.435	0.627	0.415	0.43
0.422	0.461	0.393	0.432	0.388	0.4	0.427	0.549	0.41	0.427
0.41	0.425	0.388	0.432	0.388	0.4	0.425	0.505	0.413	0.432
0.403	0.408	0.388	0.439	0.391	0.391	0.425	0.474	0.413	0.435
0.4	0.403	0.388	0.432	0.396	0.393	0.425	0.457	0.41	0.427
0.398	0.391	0.386	0.432	0.393	0.393	0.427	0.439	0.408	0.427
0.398	0.383	0.381	0.427	0.396	0.393	0.422	0.439	0.41	0.427
0.398	0.381	0.381	0.427	0.393	0.393	0.425	0.437	0.413	0.43
0.396	0.381	0.383	0.427	0.393	0.398	0.427	0.439	0.415	0.425
0.393	0.381	0.386	0.427	0.396	0.396	0.442	0.435	0.415	0.427
0.398	0.376	0.383	0.427	0.396	0.391	0.435	0.427	0.413	0.425
0.398	0.376	0.383	0.422	0.396	0.391	0.437	0.427	0.408	0.427
0.396	0.369	0.386	0.422	0.396	0.393	0.432	0.425	0.415	0.425
0.393	0.364	0.391	0.422	0.396	0.4	0.43	0.422	0.415	0.422
0.398	0.369	0.383	0.422	0.4	0.396	0.427	0.425	0.415	0.422
0.396	0.381	0.386	0.425	0.391	0.393	0.427	0.422	0.422	0.422
0.396	0.369	0.388	0.425	0.4	0.393	0.422	0.417	0.417	0.422
0.393	0.366	0.386	0.427	0.393	0.393	0.425	0.415	0.415	0.422
0.398	0.366	0.383	0.43	0.396	0.396	0.427	0.42	0.415	0.422
0.393	0.359	0.383	0.432	0.396	0.391	0.427	0.417	0.413	0.422
0.4	0.356	0.386	0.425	0.393	0.388	0.432	0.432	0.415	0.422
0.396	0.364	0.383	0.422	0.398	0.396	0.432	0.42	0.413	0.425
0.4	0.364	0.383	0.427	0.396	0.393	0.43	0.43	0.415	0.425
0.393	0.361	0.383	0.425	0.41	0.391	0.427	0.435	0.417	0.425
0.396	0.359	0.386	0.43	0.398	0.393	0.427	0.437	0.417	0.42
0.396	0.354	0.386	0.427	0.398	0.396	0.425	0.437	0.417	0.425
0.4	0.361	0.381	0.432	0.4	0.391	0.427	0.437	0.413	0.425
0.396	0.366	0.378	0.427	0.393	0.393	0.427	0.437	0.415	0.425
0.396	0.371	0.383	0.427	0.396	0.393	0.425	0.435	0.415	0.422
0.403	0.369	0.383	0.427	0.393	0.393	0.425	0.439	0.41	0.425
0.396	0.366	0.383	0.422	0.396	0.396	0.422	0.442	0.415	0.425
0.403	0.369	0.383	0.422	0.4	0.396	0.427	0.439	0.415	0.422
0.398	0.366	0.383	0.422	0.4	0.388	0.425	0.444	0.417	0.427
0.4	0.364	0.383	0.422	0.396	0.393	0.427	0.449	0.417	0.43
0.391	0.354	0.391	0.425	0.398	0.393	0.427	0.449	0.415	0.427
0.396	0.354	0.391	0.427	0.4	0.388	0.422	0.449	0.417	0.43
0.398	0.356	0.388	0.425	0.393	0.396	0.422	0.452	0.415	0.43
0.396	0.361	0.393	0.425	0.398	0.393	0.425	0.447	0.415	0.43
0.4	0.359	0.391	0.427	0.396	0.393	0.427	0.447	0.422	0.427
0.393	0.356	0.393	0.432	0.396	0.396	0.422	0.447	0.417	0.43
0.393	0.356	0.388	0.43	0.396	0.396	0.43	0.447	0.413	0.43
0.396	0.361	0.391	0.43	0.393	0.386	0.432	0.444	0.415	0.43
0.4	0.371	0.388	0.427	0.393	0.398	0.435	0.444	0.413	0.427
0.398	0.361	0.391	0.427	0.396	0.391	0.43	0.447	0.415	0.43
0.396	0.361	0.391	0.425	0.396	0.398	0.43	0.447	0.413	0.422
0.393	0.361	0.388	0.427	0.393	0.393	0.43	0.447	0.41	0.422
0.393	0.361	0.396	0.427	0.398	0.398	0.432	0.444	0.415	0.422
0.396	0.359	0.381	0.427	0.391	0.393	0.43	0.447	0.408	0.42
0.396	0.361	0.391	0.43	0.393	0.396	0.439	0.444	0.41	0.425
0.391	0.361	0.388	0.427	0.396	0.388	0.439	0.442	0.41	0.422
0.396	0.361	0.386	0.43	0.398	0.391	0.439	0.444	0.408	0.422
0.396	0.354	0.391	0.427	0.396	0.393	0.437	0.439	0.41	0.425
0.393	0.359	0.391	0.42	0.4	0.4	0.439	0.444	0.415	0.417
0.393	0.361	0.393	0.42	0.393	0.396	0.439	0.447	0.41	0.422
0.393	0.361	0.388	0.417	0.393	0.396	0.447	0.444	0.413	0.427
0.393	0.364	0.386	0.42	0.396	0.4	0.449	0.442	0.413	0.425
0.388	0.364	0.388	0.422	0.391	0.393	0.449	0.449	0.42	0.43
0.396	0.366	0.388	0.422	0.393	0.396	0.452	0.449	0.415	0.43
0.393	0.364	0.388	0.42	0.396	0.393	0.454	0.447	0.415	0.422
0.393	0.364	0.391	0.427	0.398	0.391	0.454	0.447	0.415	0.422
0.391	0.364	0.391	0.425	0.396	0.391	0.454	0.447	0.408	0.422
0.393	0.361	0.393	0.42	0.396	0.398	0.452	0.449	0.41	0.422
0.391	0.356	0.396	0.425	0.396	0.393	0.452	0.452	0.41	0.425
0.391	0.354	0.391	0.427	0.396	0.393	0.452	0.444	0.415	0.427
0.393	0.352	0.396	0.425	0.398	0.396	0.449	0.447	0.417	0.425
0.396	0.352	0.396	0.417	0.393	0.4	0.447	0.447	0.413	0.427
0.396	0.356	0.396	0.425	0.398	0.396	0.444	0.449	0.41	0.417
0.396	0.356	0.396	0.422	0.396	0.393	0.454	0.449	0.413	0.425
0.398	0.359	0.4	0.422	0.405	0.393	0.459	0.447	0.413	0.422
0.393	0.364	0.403	0.422	0.393	0.393	0.466	0.444	0.408	0.425
0.398	0.361	0.398	0.425	0.396	0.396	0.461	0.444	0.408	0.43
0.393	0.359	0.403	0.422	0.396	0.398	0.466	0.442	0.417	0.515
0.396	0.356	0.398	0.42	0.396	0.396	0.461	0.442	0.41	0.603
0.398	0.354	0.398	0.422	0.393	0.393	0.466	0.447	0.413	0.791
0.396	0.356	0.396	0.425	0.396	0.396	0.469	0.449	0.415	1.182
0.396	0.352	0.398	0.425	0.4	0.393	0.471	0.447	0.417	3.018
0.393	0.356	0.393	0.427	0.396	0.393	0.469	0.447	0.415	4.465
0.386	0.356	0.398	0.425	0.393	0.388	0.466	0.449	0.413	5.183
0.396	0.356	0.393	0.417	0.4	0.393	0.469	0.442	0.415	5.605
0.396	0.356	0.398	0.422	0.393	0.391	0.469	0.439	0.415	5.833
0.396	0.359	0.396	0.415	0.388	0.393	0.471	0.437	0.413	5.637
0.396	0.356	0.398	0.422	0.393	0.393	0.461	0.442	0.415	5.063
0.396	0.354	0.398	0.422	0.398	0.391	0.469	0.442	0.415	4.531
0.393	0.359	0.396	0.422	0.396	0.391	0.469	0.442	0.41	4.114
0.396	0.356	0.4	0.425	0.398	0.398	0.469	0.442	0.413	3.633
0.393	0.359	0.396	0.425	0.4	0.391	0.469	0.442	0.405	2.966
0.393	0.359	0.396	0.425	0.396	0.432	0.469	0.449	0.415	2.407
0.396	0.361	0.391	0.425	0.393	0.479	0.469	0.444	0.415	2.017
0.398	0.352	0.396	0.425	0.398	0.754	0.471	0.447	0.415	1.707
0.4	0.359	0.396	0.427	0.4	2.727	0.469	0.447	0.417	1.526
0.396	0.361	0.393	0.425	0.4	4.834	0.469	0.447	0.42	1.316
0.393	0.356	0.393	0.474	0.393	5.205	0.466	0.447	0.415	1.091
0.396	0.352	0.396	0.518	0.396	5.247	0.464	0.447	0.474	0.852
0.396	0.352	0.391	0.723	0.396	5.347	0.459	0.444	0.5	0.708
0.396	0.354	0.393	1.912	0.496	5.413	0.457	0.442	0.745	0.652
0.393	0.356	0.391	4.509	0.544	5.437	0.454	0.444	3.552	0.608
0.396	0.352	0.393	5.598	0.75	5.449	0.461	0.444	5.547	0.54
0.396	0.352	0.396	5.989	2.498	5.439	0.457	0.444	6.006	0.554
0.41	0.352	0.388	6.218	5.112	5.432	0.461	0.442	6.265	0.505
0.396	0.374	0.386	6.284	5.825	5.151	0.481	0.442	6.548	0.457
0.393	0.4	0.396	6.111	5.901	4.573	0.579	0.442	6.702	0.425
0.398	0.476	0.396	5.928	5.544	3.843	0.754	0.437	6.597	0.41
0.396	1.025	0.393	5.74	4.993	3.291	2.275	0.442	6.47	0.408
0.393	3.931	0.435	5.579	4.524	2.695	3.982	0.442	6.294	0.403
0.388	5.068	0.53	5.388	4.285	2.258	4.751	0.447	5.876	0.405
0.393	5.303	4.556	4.773	4.133	1.914	5.142	0.444	5.193	0.403
0.396	5.41	7.793	4.153	4.026	1.526	5.352	0.513	4.263	0.4
0.425	5.408	8.572	3.718	3.884	1.174	5.471	0.593	3.381	0.4
0.454	5.208	8.945	3.137	3.513	0.862	5.498	1.948	2.827	0.393
0.679	4.976	9.163	2.688	2.988	0.715	5.505	6.938	2.488	0.393
4.067	4.709	9.15	2.302	2.517	0.613	5.378	7.102	2.126	0.391
6.323	4.282	8.765	1.997	2.114	0.61	5.249	6.685	1.829	0.393
6.816	3.696	8.518	1.653	1.921	0.583	5.173	6.35	1.604	0.386
7.031	3.02	8.123	1.36	1.829	0.518	5.107	6.084	1.216	0.388
7.158	2.432	7.4	1.045	1.729	0.479	5.039	5.796	0.964	0.388
7.117	2.1	6.292	0.823	1.545	0.457	4.824	5.591	0.774	0.391
6.995	1.921	5.015	0.752	1.257	0.447	4.524	5.422	0.664	0.396
6.733	1.699	3.926	0.676	0.974	0.449	4.033	5.083	0.574	0.4
6.47	1.472	3.066	0.605	0.747	0.437	3.401	4.465	0.559	0.391
5.952	1.213	2.534	0.532	0.605	0.437	2.729	3.679	0.559	0.388
5.225	0.989	2.122	0.527	0.505	0.439	2.139	2.954	0.549	0.388
4.36	0.789	1.768	0.54	0.454	0.444	1.719	2.402	0.503	0.386
3.586	0.62	1.45	0.53	0.464	0.437	1.467	2.002	0.466	0.391
2.976	0.532	1.111	0.518	0.442	0.439	1.233	1.641	0.459	0.386
2.515	0.481	0.881	0.51	0.43	0.432	0.925	1.274	0.444	0.388
2.234	0.452	0.706	0.515	0.408	0.444	0.759	1.047	0.437	0.391
1.968	0.435	0.601	0.508	0.4	0.449	0.667	0.813	0.43	0.391
1.584	0.425	0.498	0.498	0.393	0.452	0.588	0.657	0.422	0.393
1.24	0.427	0.53	0.496	0.396	0.452	0.549	0.574	0.427	0.398
0.928	0.422	0.549	0.5	0.388	0.452	0.559	0.522	0.415	0.398
0.735	0.427	0.503	0.503	0.391	0.454	0.518	0.508	0.417	0.396
0.615	0.425	0.479	0.498	0.391	0.459	0.491	0.486	0.415	0.398
0.591	0.425	0.459	0.503	0.383	0.454	0.469	0.466	0.415	0.403
0.576	0.427	0.454	0.496	0.388	0.452	0.461	0.442	0.415	0.403
0.525	0.42	0.457	0.496	0.391	0.457	0.459	0.427	0.415	0.4
0.503	0.41	0.454	0.503	0.388	0.454	0.452	0.415	0.41	0.4
0.488	0.405	0.457	0.505	0.386	0.457	0.457	0.413	0.417	0.4
0.479	0.403	0.464	0.505	0.383	0.457	0.449	0.405	0.415	0.403
0.474	0.396	0.459	0.508	0.386	0.459	0.449	0.408	0.413	0.4
0.469	0.391	0.464	0.5	0.381	0.457	0.454	0.415	0.415	0.4
0.471	0.388	0.471	0.498	0.388	0.457	0.457	0.403	0.41	0.4
0.474	0.393	0.471	0.496	0.388	0.457	0.454	0.405	0.417	0.403
0.466	0.396	0.464	0.503	0.383	0.457	0.454	0.405	0.413	0.398
0.454	0.391	0.461	0.493	0.378	0.457	0.452	0.405	0.408	0.396
0.449	0.386	0.457	0.493	0.381	0.457	0.452	0.403	0.415	0.393
0.449	0.388	0.457	0.5	0.386	0.457	0.449	0.403	0.413	0.396
0.447	0.391	0.452	0.5	0.383	0.457	0.454	0.405	0.413	0.398
0.449	0.398	0.444	0.5	0.388	0.454	0.449	0.41	0.415	0.396
0.449	0.393	0.447	0.5	0.391	0.447	0.447	0.413	0.413	0.452
0.449	0.396	0.452	0.505	0.388	0.454	0.447	0.413	0.415	0.598
0.449	0.393	0.447	0.508	0.386	0.447	0.447	0.413	0.415	0.74
0.449	0.398	0.447	0.505	0.388	0.444	0.444	0.41	0.413	1.265
0.449	0.396	0.444	0.508	0.386	0.452	0.447	0.408	0.408	4.241
0.447	0.396	0.437	0.505	0.383	0.447	0.447	0.408	0.408	6.262
0.439	0.393	0.447	0.508	0.388	0.457	0.449	0.41	0.41	6.965
0.437	0.396	0.447	0.513	0.386	0.454	0.444	0.41	0.408	7.117
0.439	0.396	0.447	0.505	0.386	0.454	0.432	0.41	0.405	7.002
0.444	0.398	0.437	0.51	0.386	0.457	0.447	0.413	0.403	6.45
0.442	0.396	0.444	0.515	0.386	0.449	0.447	0.41	0.405	5.598
0.442	0.403	0.442	0.51	0.383	0.449	0.444	0.413	0.396	4.875
0.439	0.4	0.442	0.51	0.386	0.449	0.447	0.413	0.41	4.238
0.442	0.398	0.444	0.515	0.386	0.447	0.447	0.408	0.41	3.455
0.439	0.398	0.442	0.51	0.386	0.603	0.444	0.408	0.408	2.646
0.439	0.396	0.439	0.51	0.383	0.776	0.442	0.405	0.413	2.131
0.442	0.393	0.439	0.505	0.396	2.214	0.447	0.405	0.415	1.75
0.442	0.393	0.437	0.513	0.386	6.582	0.439	0.405	0.408	1.572
0.444	0.396	0.437	0.515	0.386	8.296	0.439	0.4	0.41	1.418
0.444	0.403	0.432	0.515	0.383	7.671	0.437	0.396	0.408	1.267
0.447	0.403	0.435	0.51	0.381	7.183	0.435	0.396	0.408	1.055
0.447	0.4	0.43	0.513	0.383	6.943	0.432	0.393	0.413	0.806
0.444	0.403	0.427	0.535	0.381	6.907	0.425	0.388	0.417	0.632
0.442	0.405	0.432	0.723	0.388	6.892	0.43	0.386	0.41	0.537
0.442	0.403	0.43	2.656	0.393	6.838	0.437	0.391	0.554	0.486
0.442	0.403	0.43	6.697	0.396	6.777	0.435	0.393	0.793	0.476
0.437	0.408	0.422	7.72	0.393	6.316	0.432	0.391	3.66	0.444
0.435	0.41	0.591	7.268	0.498	5.479	0.437	0.388	9.041	0.427
0.439	0.632	0.864	6.926	0.662	4.473	0.435	0.388	9.25	0.422
0.435	0.813	6.392	6.77	2.671	3.56	0.435	0.386	9.253	0.43
0.435	2.705	9.248	6.575	8.506	2.827	0.437	0.386	9.25	0.415
0.444	7.317	9.248	6.328	9.16	2.202	0.435	0.388	9.175	0.415
0.435	8.735	9.255	6.021	8.411	1.853	0.439	0.396	9.006	0.41
0.432	9.05	9.248	5.625	7.974	1.65	0.439	0.396	8.728	0.413
0.576	8.865	9.253	4.895	7.722	1.47	0.435	0.403	7.764	0.415
0.784	8.638	9.248	3.928	7.639	1.23	0.518	0.469	6.45	0.415
4.209	8.542	9.084	3.027	7.622	1.016	0.703	1.086	5.129	0.415
8.782	8.452	8.574	2.385	7.527	0.813	2.454	7.834	3.911	0.415
9.248	8.342	7.842	1.982	7.229	0.635	8.496	9.258	2.905	0.413
9.248	7.795	6.624	1.741	6.565	0.52	9.253	7.839	2.185	0.417
9.248	6.594	5.381	1.494	5.376	0.469	8.845	6.748	1.78	0.417
9.246	5.332	4.321	1.272	4.331	0.437	8.508	5.906	1.523	0.415
9.25	4.16	3.462	1.069	3.428	0.413	8.289	5.413	1.353	0.413
9.248	3.228	2.751	0.916	2.751	0.396	8.196	5.144	1.199	0.413
8.628	2.437	2.187	0.735	2.358	0.393	8.162	4.966	0.937	0.415
7.922	1.941	1.758	0.605	2.151	0.398	8.147	4.819	0.735	0.415
6.719	1.66	1.46	0.527	1.934	0.391	8.108	4.541	0.603	0.415
5.471	1.45	1.218	0.481	1.665	0.393	8.035	3.945	0.557	0.413
4.38	1.279	1.038	0.444	1.384	0.393	7.263	3.142	0.525	0.413
3.428	1.062	0.828	0.415	1.077	0.396	6.14	2.468	0.469	0.415
2.627	0.815	0.659	0.4	0.803	0.393	5.366	2.083	0.425	0.415
2.092	0.637	0.583	0.393	0.649	0.386	4.729	1.858	0.408	0.415
1.746	0.527	0.562	0.391	0.544	0.393	3.94	1.614	0.4	0.415
1.445	0.471	0.549	0.388	0.481	0.388	3.088	1.423	0.405	0.417
1.213	0.439	0.537	0.391	0.452	0.393	2.339	1.221	0.398	0.417
0.986	0.422	0.486	0.386	0.439	0.386	1.87	0.92	0.393	0.413
0.786	0.422	0.466	0.383	0.43	0.388	1.597	0.686	0.388	0.41
0.64	0.413	0.457	0.378	0.415	0.378	1.367	0.579	0.388	0.405
0.562	0.408	0.444	0.378	0.4	0.383	1.047	0.552	0.396	0.403
0.53	0.403	0.427	0.376	0.396	0.391	0.776	0.496	0.393	0.415
0.491	0.403	0.417	0.376	0.393	0.388	0.64	0.447	0.388	0.408
0.466	0.4	0.405	0.378	0.391	0.391	0.559	0.41	0.386	0.413
0.454	0.396	0.41	0.376	0.396	0.388	0.527	0.4	0.388	0.408
0.439	0.396	0.4	0.369	0.4	0.386	0.474	0.391	0.386	0.408
0.439	0.396	0.403	0.374	0.4	0.391	0.449	0.386	0.388	0.413
0.437	0.393	0.403	0.374	0.4	0.388	0.432	0.383	0.393	0.413
0.43	0.393	0.408	0.376	0.403	0.396	0.427	0.381	0.391	0.415
0.432	0.393	0.4	0.371	0.4	0.388	0.422	0.378	0.388	0.417
0.427	0.393	0.396	0.376	0.403	0.383	0.415	0.374	0.393	0.417
0.435	0.4	0.398	0.378	0.408	0.388	0.42	0.376	0.391	0.415
0.439	0.403	0.396	0.378	0.408	0.391	0.422	0.381	0.393	0.415
0.447	0.408	0.391	0.374	0.4	0.391	0.437	0.378	0.391	0.439
0.442	0.405	0.386	0.374	0.405	0.393	0.425	0.386	0.391	0.596
0.449	0.4	0.391	0.376	0.4	0.396	0.422	0.388	0.396	3.354
0.447	0.405	0.393	0.378	0.396	0.391	0.413	0.388	0.393	7.439
0.449	0.41	0.388	0.376	0.381	0.388	0.408	0.393	0.393	6.597
0.442	0.405	0.391	0.371	0.381	0.393	0.41	0.398	0.388	5.347
0.449	0.4	0.388	0.376	0.369	0.391	0.403	0.393	0.396	4.761
0.447	0.403	0.391	0.378	0.378	0.383	0.413	0.393	0.393	5.103
0.449	0.405	0.386	0.374	0.371	0.383	0.41	0.391	0.393	5.728
0.449	0.403	0.391	0.374	0.374	0.383	0.415	0.396	0.393	6.208
0.447	0.403	0.391	0.371	0.374	0.386	0.415	0.4	0.396	6.587
0.449	0.4	0.391	0.369	0.369	0.4	0.413	0.393	0.388	7.058
0.444	0.398	0.396	0.366	0.376	0.479	0.422	0.388	0.4	7.3
0.447	0.4	0.393	0.371	0.374	1.523	0.425	0.376	0.396	7.41
0.449	0.398	0.393	0.378	0.374	4.966	0.425	0.374	0.386	7.378
0.447	0.403	0.393	0.383	0.374	5.002	0.427	0.381	0.396	7.322
0.447	0.405	0.391	0.381	0.374	4.048	0.425	0.383	0.393	7.173
0.449	0.4	0.396	0.381	0.371	3.433	0.425	0.386	0.391	6.982
0.444	0.403	0.393	0.381	0.369	3.103	0.427	0.383	0.393	6.626
0.442	0.393	0.391	0.381	0.374	3	0.427	0.383	0.396	6.001
0.439	0.393	0.388	0.381	0.369	2.869	0.42	0.386	0.391	5.195
0.437	0.396	0.393	0.383	0.369	2.864	0.417	0.383	0.396	4.407
0.432	0.396	0.391	0.378	0.376	2.988	0.417	0.393	0.393	3.489
0.435	0.4	0.391	0.378	0.374	3.04	0.415	0.396	0.452	2.644
0.435	0.391	0.391	0.376	0.376	3.052	0.425	0.396	0.771	2.102
0.432	0.396	0.391	0.374	0.376	3.069	0.42	0.396	4.858	1.658
0.437	0.398	0.393	0.371	0.376	3.052	0.417	0.4	6.65	1.35
0.432	0.4	0.391	0.374	0.442	2.996	0.413	0.396	5.576	1.135
0.435	0.398	0.388	0.398	1.533	2.932	0.415	0.393	5.017	0.916
0.435	0.4	0.391	0.488	8.997	2.876	0.42	0.393	4.807	0.747
0.435	0.405	0.386	1.343	8.621	2.82	0.413	0.393	4.773	0.64
0.432	0.481	0.388	4.69	6.814	2.756	0.42	0.393	4.897	0.544
0.437	2.383	0.388	4.504	6.101	2.595	0.42	0.383	5	0.486
0.432	8.855	0.388	3.772	6.631	2.312	0.425	0.388	5.283	0.461
0.432	7.786	0.386	3.34	7.556	2.056	0.422	0.391	5.598	0.447
0.435	5.759	0.386	3.059	8.123	1.843	0.42	0.4	5.793	0.439
0.435	4.954	0.42	2.891	8.337	1.472	0.422	0.452	5.847	0.439
0.432	5.393	0.564	2.788	8.613	1.213	0.42	0.713	5.854	0.435
0.43	6.179	2.778	2.69	8.806	0.986	0.42	3.755	5.842	0.432
0.432	6.702	6.116	2.7	8.877	0.833	0.425	6.992	5.786	0.43
0.432	6.892	5.01	2.717	8.958	0.686	0.422	6.472	5.71	0
0.43	6.921	4.163	2.715	8.953	0.571	0.427	5.942	5.583	0
0.435	6.978	3.838	2.703	8.848	0.491	0.417	6.106	5.466	0
0.437	6.965	3.984	2.686	8.557	0.479	0.491	7.031	5.195	0
0.459	6.885	4.106	2.644	7.712	0.439	1.26	8.13	4.614	0
0.569	6.812	4.231	2.578	6.536	0.42	6.289	8.76	3.813	0
3.245	6.731	4.324	2.522	5.259	0.396	6.511	9.084	3.01	0
7.922	6.567	4.387	2.456	4.062	0.398	5.715	9.25	2.451	0
6.27	6.143	4.407	2.339	3.013	0.393	5.178	9.255	2.095	0
4.783	5.374	4.434	2.078	2.278	0.388	4.993	9.255	1.711	0
4.028	4.429	4.456	1.75	1.76	0.388	4.968	9.114	1.313	0
3.94	3.486	4.475	1.487	1.323	0.386	4.941	8.779	1.108	0
4.233	2.742	4.126	1.179	1.003	0.386	4.746	8.167	0.876	0
4.385	2.217	3.625	0.986	0.757	0.378	4.614	7.354	0.696	0
4.473	1.848	3.181	0.803	0.601	0	4.436	6.37	0.566	0
4.414	1.423	2.756	0.627	0.522	0	4.292	5.364	0.518	0
4.375	1.101	2.249	0.515	0.469	0	4.224	4.417	0	0
4.341	0.847	1.855	0.449	0.43	0	4.182	3.425	0	0
4.287	0.662	1.562	0.415	0.41	0	4.097	2.649	0	0
4.185	0.583	1.257	0.393	0.396	0	3.953	2.148	0	0
3.916	0.498	1.018	0.388	0.391	0	3.22	1.824	0	0
3.389	0.452	0.815	0	0.388	0	2.48	1.484	0	0
2.888	0.427	0.625	0	0.4	0	1.948	1.23	0	0
2.393	0	0.51	0	0.381	0	1.609	1.035	0	0
1.87	0	0.474	0	0.381	0	1.262	0.823	0	0
1.477	0	0	0	0	0	1.021	0.669	0	0
1.223	0	0	0	0	0	0.808	0.559	0	0
1.025	0	0	0	0	0	0.664	0.508	0	0
0.852	0	0	0	0	0	0.574	0.466	0	0
0.688	0	0	0	0	0	0.522	0.437	0	0
0.593	0	0	0	0	0	0.496	0.425	0	0
0.562	0	0	0	0	0	0.483	0.41	0	0
0.518	0	0	0	0	0	0.476	0.408	0	0
0.483	0	0	0	0	0	0.464	0	0	0
0.471	0	0	0	0	0	0.466	0	0	0
0.454	0	0	0	0	0	0.469	0	0	0
0.452	0	0	0	0	0	0.464	0	0	0
0.449	0	0	0	0	0	0.461	0	0	0
0	0	0	0	0	0	0.454	0	0	0
0	0	0	0	0	0	0.464	0	0	0
0	0	0	0	0	0	0.461	0	0	0
0	0	0	0	0	0	0.459	0	0	0
0	0	0	0	0	0	0.459	0	0	0
0	0	0	0	0	0	0.459	0	0	0
0	0	0	0	0	0	0.452	0	0	0
