0.317	0.317	0.349	0.325	0.354	0.374	0.364	0.342	0.359	0.332
0.325	0.327	0.457	0.327	0.354	0.393	0.42	0.344	0.356	0.327
0.325	0.352	0.425	0.327	0.352	0.51	0.696	0.347	0.378	0.325
0.322	0.405	0.518	0.33	0.349	1.138	1.985	0.349	0.486	0.322
0.322	0.518	0.571	0.366	0.354	1.492	2.532	0.364	0.784	0.327
0.354	0.857	0.593	0.515	0.374	1.223	2.275	0.576	0.837	0.369
0.444	1.018	0.613	1.25	0.447	1.106	2.18	1.606	0.857	0.464
0.623	1.084	0.657	1.455	0.488	1.147	2.358	2.166	0.837	0.576
0.935	1.133	0.715	1.14	0.676	1.265	2.683	2.153	0.769	0.801
0.984	1.143	0.681	1.03	0.703	1.338	2.812	2.048	0.767	0.894
0.918	1.184	0.671	1.089	0.718	1.45	2.852	2.002	0.891	0.92
0.942	1.152	0.63	1.194	0.791	1.492	2.825	2.036	0.967	1.006
1.091	1.096	0.625	1.274	0.872	1.572	2.839	2.126	1.008	1.101
1.191	1.064	0.64	1.316	0.916	1.631	2.808	2.17	1.067	1.262
1.208	1.118	0.64	1.355	0.962	1.631	2.715	2.161	1.086	1.45
1.238	1.152	0.64	1.37	0.991	1.567	2.576	2.134	1.082	1.565
1.306	1.133	0.613	1.375	1.03	1.521	2.388	2.085	1.111	1.646
1.345	1.104	0.576	1.289	1.082	1.433	2.156	1.985	1.072	1.704
1.311	1.028	0.518	1.143	1.125	1.294	1.843	1.846	0.994	1.707
1.226	0.952	0.449	1.074	1.152	1.113	1.602	1.653	0.918	1.587
1.167	0.911	0.425	0.994	1.157	1.003	1.453	1.389	0.84	1.448
1.121	0.776	0.444	0.898	1.121	0.874	1.27	1.089	0.779	1.265
1.077	0.669	0.432	0.776	1.099	0.752	0.918	0.879	0.703	1.089
1.038	0.537	0.42	0.649	1.04	0.635	0.625	0.601	0.625	0.989
0.906	0.527	0.437	0.491	0.972	0.476	0.515	0.579	0.581	0.908
0.784	0.483	0.405	0.415	0.894	0.471	0.481	0.483	0.581	0.781
0.667	0.43	0.43	0.454	0.769	0.522	0.466	0.5	0.586	0.51
0.522	0.432	0.381	0.508	0.645	0.508	0.464	0.588	0.454	0.42
0.527	0.435	0.369	0.503	0.513	0.498	0.415	0.61	0.469	0.474
0.483	0.4	0.352	0.469	0.464	0.481	0.381	0.542	0.474	0.439
0.471	0.364	0.332	0.476	0.43	0.452	0.381	0.505	0.498	0.4
0.408	0.334	0.33	0.417	0.454	0.427	0.381	0.444	0.588	0.383
0.415	0.33	0.322	0.369	0.41	0.42	0.381	0.378	0.513	0.366
0.43	0.327	0.322	0.349	0.383	0.376	0.378	0.366	0.525	0.347
0.396	0.325	0.322	0.339	0.371	0.369	0.376	0.354	0.518	0.33
0.374	0.325	0.327	0.33	0.361	0.361	0.376	0.347	0.466	0.325
0.344	0.315	0.327	0.327	0.359	0.366	0.374	0.342	0.383	0.325
0.332	0.32	0.325	0.325	0.359	0.374	0.378	0.344	0.352	0.322
0.332	0.322	0.322	0.33	0.354	0.371	0.378	0.347	0.352	0.322
0.325	0.325	0.322	0.332	0.354	0.369	0.378	0.359	0.352	0.315
0.32	0.325	0.325	0.332	0.354	0.369	0.374	0.352	0.376	0.337
0.315	0.325	0.325	0.337	0.356	0.366	0.371	0.347	0.376	0.327
0.322	0.317	0.317	0.33	0.359	0.371	0.371	0.344	0.371	0.327
0.325	0.317	0.322	0.33	0.359	0.371	0.374	0.344	0.354	0.322
0.325	0.322	0.317	0.33	0.354	0.376	0.376	0.347	0.352	0.315
0.322	0.325	0.317	0.332	0.352	0.371	0.374	0.347	0.352	0.315
0.317	0.322	0.322	0.33	0.356	0.366	0.374	0.344	0.354	0.32
0.32	0.317	0.325	0.33	0.356	0.364	0.371	0.342	0.349	0.322
0.32	0.315	0.322	0.327	0.356	0.366	0.369	0.339	0.352	0.322
0.322	0.315	0.32	0.325	0.356	0.371	0.374	0.342	0.349	0.32
0.322	0.32	0.317	0.327	0.354	0.374	0.376	0.344	0.352	0.317
0.32	0.325	0.32	0.33	0.349	0.369	0.376	0.344	0.359	0.315
0.315	0.325	0.32	0.33	0.352	0.366	0.371	0.347	0.359	0.317
0.315	0.322	0.322	0.327	0.354	0.366	0.369	0.342	0.354	0.32
0.315	0.32	0.32	0.325	0.356	0.366	0.366	0.339	0.349	0.322
0.322	0.315	0.315	0.325	0.354	0.369	0.371	0.344	0.354	0.322
0.322	0.32	0.315	0.327	0.352	0.369	0.374	0.349	0.356	0.317
0.317	0.325	0.317	0.33	0.352	0.366	0.371	0.352	0.359	0.315
0.312	0.325	0.322	0.327	0.352	0.361	0.369	0.349	0.361	0.315
0.315	0.322	0.322	0.33	0.356	0.361	0.364	0.344	0.361	0.322
0.315	0.32	0.325	0.337	0.356	0.364	0.366	0.344	0.359	0.322
0.317	0.32	0.32	0.339	0.356	0.369	0.369	0.344	0.356	0.322
0.322	0.322	0.322	0.354	0.354	0.369	0.369	0.349	0.359	0.317
0.322	0.327	0.322	0.356	0.349	0.366	0.371	0.352	0.361	0.317
0.315	0.327	0.322	0.356	0.349	0.366	0.366	0.347	0.361	0.322
0.315	0.322	0.325	0.342	0.354	0.364	0.364	0.347	0.359	0.325
0.317	0.317	0.327	0.332	0.356	0.366	0.364	0.356	0.359	0.327
0.322	0.322	0.322	0.364	0.354	0.369	0.369	0.41	0.354	0.334
0.325	0.322	0.322	0.476	0.352	0.369	0.371	0.417	0.359	0.408
0.327	0.325	0.32	0.479	0.347	0.369	0.369	0.425	0.361	0.432
0.317	0.33	0.322	0.471	0.349	0.364	0.366	0.432	0.361	0.432
0.315	0.327	0.325	0.488	0.352	0.364	0.366	0.449	0.359	0.442
0.33	0.322	0.325	0.505	0.354	0.369	0.359	0.5	0.354	0.452
0.344	0.334	0.325	0.522	0.352	0.371	0.4	0.571	0.356	0.457
0.332	0.369	0.317	0.547	0.349	0.393	0.408	0.686	0.359	0.457
0.327	0.388	0.317	0.557	0.349	0.498	0.437	0.735	0.364	0.459
0.361	0.413	0.322	0.562	0.352	0.581	0.439	0.786	0.364	0.474
0.381	0.41	0.325	0.571	0.352	0.623	0.439	0.803	0.366	0.481
0.408	0.41	0.322	0.576	0.352	0.64	0.437	0.813	0.359	0.488
0.41	0.41	0.322	0.581	0.352	0.654	0.439	0.85	0.359	0.486
0.41	0.439	0.327	0.593	0.352	0.701	0.439	0.872	0.361	0.481
0.413	0.464	0.352	0.598	0.347	0.757	0.447	0.867	0.364	0.466
0.408	0.5	0.374	0.588	0.352	0.845	0.449	0.791	0.366	0.457
0.415	0.518	0.393	0.564	0.388	0.967	0.447	0.752	0.364	0.457
0.42	0.537	0.398	0.547	0.4	1.057	0.444	0.735	0.359	0.439
0.442	0.547	0.393	0.54	0.427	1.13	0.449	0.698	0.359	0.439
0.454	0.547	0.393	0.515	0.452	1.169	0.452	0.652	0.361	0.408
0.464	0.557	0.393	0.459	0.464	1.182	0.444	0.603	0.364	0.447
0.449	0.559	0.396	0.449	0.474	1.179	0.439	0.549	0.366	0.432
0.447	0.508	0.405	0.474	0.476	1.147	0.447	0.496	0.361	0.403
0.452	0.483	0.408	0.449	0.474	1.055	0.447	0.518	0.356	0.417
0.459	0.476	0.425	0.413	0.486	0.972	0.447	0.505	0.356	0.396
0.457	0.464	0.439	0.4	0.496	0.93	0.449	0.452	0.361	0.371
0.461	0.449	0.449	0.396	0.498	0.83	0.447	0.425	0.364	0.352
0.452	0.425	0.457	0.381	0.505	0.759	0.437	0.415	0.366	0.332
0.459	0.4	0.469	0.371	0.508	0.693	0.427	0.405	0.361	0.339
0.452	0.391	0.476	0.359	0.505	0.571	0.415	0.381	0.359	0.327
0.427	0.376	0.483	0.332	0.503	0.479	0.393	0.386	0.359	0.325
0.408	0.356	0.476	0.33	0.527	0.449	0.376	0.403	0.361	0.322
0.398	0.334	0.469	0.33	0.537	0.435	0.366	0.374	0.364	0.32
0.366	0.334	0.466	0.332	0.54	0.425	0.359	0.352	0.361	0.322
0.33	0.325	0.464	0.327	0.542	0.408	0.369	0.347	0.361	0.322
0.332	0.32	0.457	0.325	0.544	0.376	0.359	0.344	0.356	0.325
0.33	0.322	0.454	0.325	0.544	0.376	0.361	0.347	0.369	0.322
0.33	0.32	0.452	0.33	0.537	0.364	0.364	0.349	0.667	0.322
0.325	0.325	0.449	0.33	0.515	0.361	0.364	0.352	0.864	0.317
0.32	0.325	0.459	0.327	0.505	0.359	0.359	0.354	0.686	0.32
0.317	0.325	0.459	0.327	0.476	0.359	0.356	0.349	0.708	0.322
0.325	0.32	0.459	0.325	0.447	0.359	0.359	0.347	0.747	0.325
0.325	0.32	0.452	0.32	0.427	0.361	0.361	0.349	0.752	0.322
0.325	0.32	0.43	0.325	0.393	0.364	0.364	0.352	0.757	0.322
0.322	0.325	0.398	0.327	0.359	0.359	0.366	0.354	0.764	0.32
0.317	0.325	0.388	0.325	0.352	0.361	0.366	0.354	0.762	0.32
0.317	0.322	0.349	0.325	0.354	0.359	0.361	0.352	0.759	0.322
0.32	0.317	0.334	0.32	0.359	0.359	0.359	0.347	0.752	0.325
0.322	0.315	0.327	0.325	0.359	0.364	0.361	0.352	0.75	0.322
0.322	0.325	0.322	0.325	0.354	0.366	0.361	0.354	0.747	0.32
0.322	0.325	0.32	0.327	0.354	0.366	0.361	0.356	0.762	0.317
0.317	0.325	0.32	0.33	0.354	0.361	0.361	0.354	0.754	0.32
0.317	0.325	0.327	0.325	0.356	0.356	0.359	0.352	0.72	0.322
0.322	0.32	0.325	0.322	0.359	0.361	0.359	0.349	0.681	0.325
0.325	0.32	0.327	0.322	0.354	0.364	0.361	0.349	0.601	0.325
0.325	0.322	0.322	0.325	0.352	0.364	0.364	0.352	0.559	0.32
0.325	0.325	0.322	0.327	0.352	0.366	0.364	0.354	0.537	0.317
0.322	0.325	0.322	0.33	0.354	0.359	0.364	0.352	0.491	0.32
0.32	0.322	0.325	0.325	0.356	0.356	0.361	0.347	0.474	0.322
0.322	0.32	0.327	0.32	0.359	0.359	0.359	0.347	0.459	0.327
0.325	0.32	0.325	0.317	0.356	0.364	0.366	0.349	0.444	0.325
0.322	0.322	0.322	0.325	0.354	0.366	0.364	0.352	0.422	0.322
0.32	0.325	0.317	0.327	0.349	0.364	0.361	0.352	0.403	0.32
0.317	0.325	0.322	0.327	0.349	0.361	0.361	0.352	0.408	0.322
0.315	0.325	0.322	0.327	0.352	0.361	0.361	0.349	0.369	0.327
0.317	0.32	0.325	0.32	0.352	0.364	0.361	0.347	0.354	0.327
0.322	0.322	0.322	0.322	0.352	0.366	0.361	0.349	0.349	0.442
0.317	0.322	0.32	0.322	0.349	0.369	0.366	0.352	0.352	1.091
0.312	0.327	0.317	0.325	0.347	0.371	0.366	0.352	0.356	1.106
0.31	0.325	0.32	0.327	0.349	0.364	0.361	0.354	0.354	1.028
0.31	0.322	0.325	0.325	0.352	0.361	0.361	0.347	0.352	1.003
0.31	0.32	0.327	0.322	0.354	0.361	0.359	0.347	0.347	1.013
0.315	0.317	0.325	0.322	0.354	0.366	0.364	0.347	0.347	1.028
0.32	0.322	0.322	0.325	0.352	0.369	0.366	0.352	0.349	1.038
0.317	0.325	0.322	0.33	0.347	0.364	0.366	0.352	0.356	1.05
0.315	0.325	0.322	0.33	0.354	0.361	0.361	0.352	0.356	1.062
0.315	0.322	0.325	0.349	0.354	0.359	0.359	0.52	0.356	1.069
0.312	0.32	0.325	0.325	0.356	0.359	0.359	0.671	0.352	1.079
0.315	0.317	0.325	0.347	0.356	0.364	0.364	0.701	0.352	1.099
0.317	0.32	0.32	0.361	0.354	0.366	0.366	0.715	0.352	1.106
0.315	0.325	0.317	0.364	0.349	0.366	0.369	0.728	0.354	1.013
0.312	0.325	0.322	0.371	0.352	0.364	0.364	0.728	0.356	0.859
0.31	0.322	0.322	0.371	0.356	0.361	0.361	0.75	0.356	0.708
0.31	0.32	0.325	0.376	0.359	0.364	0.361	0.74	0.352	0.552
0.315	0.325	0.322	0.383	0.359	0.366	0.361	0.754	0.352	0.449
0.315	0.322	0.32	0.388	0.352	0.369	0.366	0.769	0.354	0.378
0.312	0.325	0.317	0.393	0.349	0.366	0.625	0.781	0.356	0.332
0.31	0.327	0.317	0.396	0.347	0.361	1.167	0.793	0.359	0.327
0.31	0.322	0.322	0.391	0.352	0.361	1.191	0.789	0.359	0.322
0.312	0.317	0.322	0.393	0.354	0.361	1.086	0.74	0.354	0.322
0.317	0.32	0.325	0.396	0.356	0.366	1.057	0.681	0.352	0.322
0.32	0.322	0.317	0.405	0.349	0.369	1.123	0.603	0.356	0.32
0.315	0.327	0.317	0.41	0.349	0.366	1.165	0.476	0.361	0.315
0.312	0.327	0.32	0.405	0.352	0.359	1.179	0.413	0.364	0.312
0.312	0.327	0.322	0.403	0.352	0.505	1.182	0.361	0.361	0.317
0.315	0.332	0.325	0.393	0.354	1.038	1.194	0.344	0.359	0.322
0.317	0.4	0.322	0.376	0.354	1.152	1.206	0.347	0.356	0.322
0.32	0.483	0.32	0.349	0.349	1.096	1.206	0.349	0.359	0.315
0.32	0.613	0.317	0.334	0.544	1.067	1.238	0.354	0.364	0.312
0.317	0.718	0.317	0.334	0.889	1.057	1.235	0.354	0.364	0.312
0.317	0.752	0.322	0.327	0.901	1.094	1.101	0.344	0.359	0.315
0.322	0.776	0.325	0.325	0.84	1.228	0.879	0.344	0.356	0.32
0.325	0.754	0.322	0.325	0.864	1.304	0.657	0.349	0.354	0.317
0.339	0.742	0.317	0.325	0.935	1.301	0.522	0.352	0.359	0.317
0.349	0.752	0.317	0.33	1.091	1.274	0.466	0.354	0.361	0.315
0.383	0.779	0.32	0.33	1.223	1.292	0.405	0.347	0.364	0.32
0.554	0.769	0.325	0.325	1.294	1.306	0.366	0.347	0.359	0.3
0.61	0.698	0.325	0.322	1.311	1.331	0.356	0.347	0.356	0.315
0.623	0.635	0.322	0.327	1.333	1.333	0.356	0.349	0.356	0.317
0.657	0.566	0.32	0.332	1.35	1.25	0.359	0.352	0.754	0.315
0.715	0.491	0.317	0.332	1.357	1.138	0.361	0.352	1.15	0.315
0.779	0.417	0.32	0.33	1.313	0.984	0.361	0.354	0.967	0.312
0.835	0.383	0.322	0.332	1.248	0.801	0.361	0.349	0.854	0.315
0.913	0.366	0.322	0.327	1.121	0.627	0.361	0.344	0.908	0.32
0.986	0.356	0.322	0.327	0.977	0.491	0.366	0.347	0.942	0.322
1.016	0.334	0.32	0.327	0.847	0.439	0.364	0.347	1.03	0.317
1.042	0.33	0.32	0.33	0.767	0.378	0.366	0.349	1.135	0.315
1.025	0.325	0.322	0.327	0.681	0.361	0.361	0.347	1.165	0.317
0.977	0.325	0.325	0.327	0.591	0.356	0.364	0.347	1.189	0.317
0.82	0.322	0.325	0.325	0.486	0.354	0.364	0.344	1.199	0.322
0.728	0.317	0.322	0.327	0.437	0.364	0.364	0.344	1.201	0.322
0.649	0.325	0.32	0.327	0.41	0.366	0.369	0.349	1.13	0.315
0.601	0.327	0.32	0.33	0.371	0.359	0.369	0.349	1.033	0.312
0.557	0.33	0.322	0.332	0.356	0.359	0.361	0.352	0.94	0.31
0.51	0.325	0.325	0.327	0.359	0.359	0.359	0.347	0.779	0.315
0.471	0.325	0.325	0.327	0.361	0.356	0.359	0.347	0.659	0.317
0.43	0.325	0.322	0.325	0.359	0.361	0.366	0.347	0.571	0.32
0.4	0.33	0.32	0.327	0.356	0.361	0.369	0.352	0.483	0.322
0.376	0.327	0.317	0.33	0.354	0.356	0.371	0.347	0.435	0.317
0.371	0.325	0.322	0.325	0.352	0.356	0.369	0.342	0.415	0.317
0.376	0.325	0.325	0.322	0.356	0.354	0.366	0.342	0.376	0.32
0.361	0.322	0.327	0.32	0.359	0.354	0.366	0.342	0.366	0.32
0.337	0.317	0.325	0.32	0.359	0.361	0.366	0.342	0.356	0.32
0.33	0.325	0.32	0.322	0.354	0.369	0.369	0.344	0.359	0.317
0.327	0.33	0.315	0.325	0.354	0.359	0.366	0.344	0.359	0.315
0.325	0.33	0.32	0.327	0.354	0.364	0.364	0.344	0.356	0.315
0.32	0.325	0.322	0.325	0.354	0.361	0.364	0.344	0.354	0.322
0.325	0.32	0.325	0.322	0.359	0.366	0.364	0.344	0.354	0.325
0.325	0.322	0.32	0.322	0.354	0.369	0.369	0.344	0.354	0.322
0.327	0.322	0.32	0.325	0.356	0.366	0.369	0.349	0.356	0.32
0.327	0.325	0.315	0.33	0.352	0.361	0.371	0.349	0.359	0.339
0.322	0.327	0.32	0.33	0.354	0.356	0.366	0.347	0.356	0.352
0.322	0.325	0.327	0.325	0.356	0.354	0.361	0.344	0.356	0.496
0.325	0.32	0.376	0.322	0.356	0.359	0.361	0.342	0.352	0.566
0.327	0.32	0.796	0.322	0.359	0.359	0.364	0.342	0.354	0.771
0.327	0.32	0.903	0.327	0.356	0.361	0.369	0.344	0.356	0.842
0.325	0.325	0.898	0.33	0.352	0.359	0.369	0.347	0.359	0.847
0.322	0.325	0.891	0.33	0.356	0.356	0.369	0.344	0.361	0.852
0.32	0.32	0.894	0.327	0.356	0.356	0.364	0.388	0.359	0.847
0.325	0.317	0.886	0.325	0.359	0.359	0.364	0.386	0.356	0.859
0.327	0.317	0.881	0.325	0.356	0.361	0.364	0.522	0.352	0.859
0.327	0.322	0.891	0.33	0.354	0.361	0.369	0.674	0.356	0.886
0.327	0.325	0.894	0.332	0.352	0.361	0.369	0.886	0.359	0.881
0.325	0.325	0.884	0.332	0.352	0.359	0.364	0.918	0.359	0.864
0.325	0.339	0.886	0.33	0.354	0.356	0.361	0.874	0.359	0.833
0.325	0.376	0.859	0.327	0.356	0.361	0.364	0.881	0.354	0.796
0.327	0.42	0.793	0.33	0.356	0.361	0.364	0.901	0.354	0.793
0.33	0.588	0.681	0.332	0.352	0.364	0.369	0.93	0.361	0.786
0.325	0.93	0.603	0.334	0.349	0.359	0.364	0.952	0.364	0.762
0.322	1.211	0.537	0.334	0.349	0.369	0.366	0.977	0.364	0.74
0.322	1.221	0.408	0.33	0.354	0.413	0.364	0.967	0.361	0.747
0.325	1.211	0.361	0.327	0.354	0.562	0.364	0.94	0.361	0.752
0.327	1.213	0.347	0.325	0.354	1.094	0.369	0.928	0.361	0.757
0.33	1.233	0.33	0.33	0.352	1.226	0.369	0.913	0.359	0.752
0.325	1.243	0.322	0.332	0.352	1.089	0.369	0.903	0.361	0.742
0.322	1.257	0.325	0.33	0.347	1.023	0.369	0.894	0.364	0.725
0.32	1.257	0.332	0.327	0.349	1.001	0.364	0.886	0.359	0.667
0.322	1.233	0.332	0.322	0.352	0.959	0.364	0.872	0.354	0.613
0.322	1.216	0.332	0.327	0.349	0.945	0.366	0.84	0.352	0.537
0.325	1.201	0.325	0.33	0.349	0.977	0.374	0.815	0.359	0.486
0.322	1.196	0.32	0.332	0.349	0.979	0.371	0.715	0.364	0.439
0.32	1.196	0.322	0.332	0.349	0.974	0.369	0.652	0.364	0.435
0.315	1.199	0.327	0.33	0.349	0.964	0.364	0.571	0.359	0.442
0.317	1.165	0.33	0.327	0.354	0.935	0.364	0.522	0.356	0.452
0.322	1.145	0.327	0.322	0.354	0.918	0.371	0.493	0.356	0.391
0.322	1.096	0.322	0.327	0.364	0.903	0.378	0.479	0.371	0.352
0.322	0.989	0.322	0.332	0.376	0.876	0.457	0.51	0.376	0.334
0.317	0.854	0.322	0.332	0.371	0.823	0.566	0.483	0.439	0.322
0.317	0.718	0.327	0.33	0.469	0.72	1.069	0.454	0.53	0.33
0.32	0.632	0.327	0.327	0.591	0.642	1.379	0.41	0.984	0.334
0.322	0.532	0.33	0.327	0.828	0.615	1.252	0.378	1.101	0.334
0.325	0.483	0.325	0.33	1.03	0.583	1.213	0.371	0.947	0.339
0.325	0.479	0.325	0.332	1.072	0.547	1.226	0.366	0.889	0.337
0.32	0.437	0.325	0.332	1.067	0.479	1.238	0.356	0.879	0.332
0.317	0.405	0.327	0.33	1.086	0.483	1.243	0.356	0.847	0.327
0.322	0.364	0.327	0.327	1.187	0.476	1.257	0.352	0.845	0.327
0.325	0.352	0.327	0.33	1.272	0.42	1.284	0.349	0.828	0.325
0.33	0.339	0.325	0.327	1.301	0.391	1.292	0.364	0.908	0.327
0.327	0.342	0.322	0.332	1.326	0.366	1.313	0.361	0.947	0.32
0.344	0.354	0.322	0.33	1.362	0.361	1.333	0.359	0.984	0.32
0.371	0.364	0.325	0.327	1.372	0.359	1.367	0.352	0.969	0.322
0.659	0.369	0.325	0.327	1.36	0.361	1.367	0.347	0.977	0.327
1.35	0.349	0.325	0.325	1.36	0.366	1.355	0.349	0.981	0.325
1.382	0.327	0.32	0.327	1.377	0.366	1.299	0.354	0.962	0.325
1.15	0.327	0.322	0.332	1.389	0.361	1.133	0.356	0.972	0.32
1.062	0.332	0.322	0.334	1.404	0.359	0.903	0.356	0.945	0.322
1.145	0.322	0.327	0.327	1.401	0.359	0.718	0.352	0.845	0.325
1.235	0.322	0.33	0.327	1.389	0.361	0.586	0.349	0.747	0.327
1.294	0.317	0.325	0.327	1.389	0.364	0.53	0.349	0.632	0.327
1.296	0.322	0.322	0.33	1.375	0.364	0.503	0.356	0.581	0.322
1.294	0.325	0.32	0.334	1.279	0.366	0.491	0.354	0.605	0.32
1.313	0.327	0.322	0.334	1.133	0.359	0.461	0.354	0.571	0.32
1.311	0.322	0.325	0.332	0.945	0.359	0.403	0.349	0.535	0.325
1.292	0.322	0.327	0.332	0.776	0.361	0.374	0.347	0.488	0.325
1.262	0.322	0.325	0.337	0.667	0.364	0.374	0.349	0.476	0.327
1.216	0.325	0.322	0.342	0.554	0.369	0.383	0.352	0.449	0.325
1.121	0.327	0.32	0.342	0.488	0.369	0.383	0.354	0.42	0.322
0.977	0.33	0.322	0.337	0.496	0.364	0.383	0.352	0.393	0.322
0.825	0.327	0.327	0.332	0.479	0.361	0.381	0.344	0.383	0.325
0.723	0.325	0.332	0.337	0.42	0.361	0.374	0.347	0.369	0.327
0.627	0.325	0.33	0.342	0.378	0.364	0.371	0.349	0.364	0.327
0.605	0.327	0.327	0.349	0.364	0.369	0.374	0.352	0.369	0.325
0.557	0.332	0.325	0.356	0.356	0.366	0.371	0.354	0.361	0.322
0.483	0.327	0.325	0.364	0.361	0.364	0.371	0.354	0.364	0.322
0.483	0.33	0.327	0.371	0.371	0.361	0.366	0.352	0.359	0.325
0.508	0.325	0.33	0.361	0.371	0.361	0.366	0.349	0.354	0.33
0.464	0.325	0.322	0.349	0.359	0.366	0.369	0.349	0.352	0.33
0.444	0.327	0.317	0.505	0.354	0.366	0.374	0.354	0.356	0.327
0.4	0.332	0.322	0.593	0.352	0.366	0.371	0.356	0.361	0.325
0.354	0.332	0.322	0.632	0.352	0.364	0.369	0.354	0.364	0.325
0.344	0.33	0.327	0.691	0.354	0.361	0.366	0.354	0.359	0.325
0.334	0.327	0.33	0.735	0.359	0.364	0.376	0.352	0.361	0.33
0.339	0.327	0.33	0.73	0.356	0.366	0.371	0.352	0.359	0.33
0.342	0.33	0.325	0.762	0.354	0.369	0.371	0.356	0.361	0.327
0.349	0.332	0.32	0.815	0.349	0.364	0.371	0.354	0.366	0.322
0.344	0.332	0.322	0.923	0.347	0.361	0.364	0.352	0.366	0.325
0.342	0.33	0.325	1.008	0.352	0.361	0.359	0.352	0.366	0.325
0.334	0.327	0.33	1.074	0.352	0.364	0.359	0.349	0.361	0.327
0.33	0.327	0.33	1.138	0.352	0.369	0.364	0.352	0.361	0.327
0.33	0.327	0.325	1.182	0.344	0.369	0.369	0.356	0.361	0.337
0.327	0.332	0.325	1.204	0.344	0.366	0.371	0.356	0.366	0.349
0.322	0.332	0.325	1.262	0.347	0.364	0.369	0.354	0.366	0.491
0.32	0.33	0.332	1.453	0.347	0.361	0.366	0.354	0.361	0.903
0.322	0.325	0.332	1.567	0.349	0.361	0.369	0.352	0.361	1.084
0.327	0.325	0.33	1.641	0.349	0.366	0.374	0.352	0.361	1.125
0.327	0.33	0.327	1.667	0.344	0.371	0.374	0.354	0.364	1.147
0.325	0.332	0.327	1.682	0.342	0.366	0.376	0.391	0.366	1.292
0.322	0.332	0.325	1.685	0.347	0.364	0.371	0.872	0.364	1.416
0.322	0.332	0.332	1.663	0.352	0.366	0.366	1.086	0.364	1.531
0.322	0.354	0.332	1.614	0.352	0.366	0.366	1.104	0.361	1.653
0.325	0.444	0.33	1.602	0.352	0.366	0.369	1.099	0.361	1.692
0.327	0.684	0.327	1.577	0.352	0.369	0.371	1.128	0.364	1.743
0.322	0.815	0.325	1.565	0.349	0.369	0.369	1.138	0.366	1.746
0.325	0.859	0.349	1.499	0.347	0.366	0.369	1.169	0.366	1.682
0.322	0.898	0.554	1.328	0.349	0.361	0.366	1.23	0.366	1.616
0.325	1.016	1.899	1.106	0.354	0.364	0.366	1.233	0.364	1.484
0.327	1.211	2.307	0.884	0.361	0.369	0.366	1.243	0.361	1.191
0.327	1.411	1.87	0.723	0.354	0.369	0.369	1.248	0.364	0.996
0.327	1.626	1.697	0.61	0.352	0.369	0.369	1.233	0.366	0.742
0.325	1.841	1.692	0.549	0.352	0.364	0.364	1.206	0.371	0.654
0.322	1.987	1.719	0.483	0.354	0.364	0.364	1.162	0.366	0.513
0.322	2.041	1.736	0.454	0.354	0.366	0.366	1.045	0.364	0.454
0.327	2.039	1.848	0.417	0.354	0.366	0.366	0.906	0.364	0.457
0.33	1.978	1.97	0.364	0.354	0.369	0.369	0.747	0.364	0.422
0.327	1.826	2.041	0.347	0.352	0.369	0.374	0.723	0.366	0.386
0.322	1.616	2.078	0.342	0.352	0.364	0.369	0.601	0.369	0.349
0.322	1.392	2.131	0.339	0.356	0.364	0.364	0.588	0.366	0.322
0.325	1.228	2.151	0.339	0.356	0.383	0.361	0.532	0.364	0.308
0.327	1.062	2.102	0.339	0.356	0.444	0.366	0.442	0.359	0.3
0.327	0.93	1.936	0.342	0.356	0.671	0.371	0.41	0.364	0.298
0.327	0.696	1.638	0.339	0.354	0.75	0.371	0.41	0.366	0.295
0.325	0.549	1.311	0.334	0.352	0.784	0.369	0.376	0.369	0.295
0.325	0.5	1.067	0.33	0.356	0.798	0.366	0.339	0.366	0.298
0.325	0.452	0.859	0.327	0.359	0.837	0.361	0.33	0.364	0.303
0.33	0.383	0.769	0.327	0.356	0.911	0.364	0.325	0.364	0.303
0.332	0.337	0.664	0.33	0.352	0.933	0.369	0.332	0.369	0.303
0.332	0.381	0.503	0.334	0.349	0.937	0.369	0.334	0.366	0.3
0.327	0.376	0.464	0.339	0.349	0.972	0.364	0.332	0.369	0.3
0.327	0.33	0.449	0.332	0.349	0.991	0.364	0.332	0.366	0.303
0.33	0.312	0.396	0.33	0.352	1.016	0.366	0.332	0.364	0.305
0.332	0.315	0.359	0.327	0.349	1.023	0.371	0.332	0.361	0.305
0.332	0.312	0.332	0.325	0.347	1.055	0.371	0.337	0.364	0.305
0.33	0.315	0.334	0.337	0.344	1.018	0.371	0.334	0.381	0.3
0.327	0.315	0.337	0.337	0.344	0.901	0.369	0.334	0.808	0.303
0.325	0.308	0.342	0.334	0.347	0.828	0.364	0.33	1.697	0.305
0.33	0.31	0.337	0.332	0.388	0.752	0.364	0.327	1.636	0.31
0.33	0.31	0.334	0.33	0.803	0.708	0.366	0.327	1.482	0.325
0.332	0.317	0.327	0.332	1.436	0.559	0.371	0.332	1.516	0.322
0.33	0.32	0.327	0.337	1.541	0.54	0.371	0.33	1.606	0.322
0.327	0.322	0.33	0.337	1.567	0.5	0.369	0.327	1.699	0.325
0.325	0.32	0.33	0.332	1.562	0.471	0.366	0.325	1.741	0.325
0.327	0.315	0.332	0.33	1.597	0.42	0.364	0.322	1.758	0.33
0.33	0.315	0.332	0.33	1.628	0.42	0.366	0.322	1.809	0.332
0.332	0.317	0.327	0.332	1.68	0.427	0.371	0.325	1.841	0.33
0.33	0.32	0.325	0.332	1.699	0.371	0.369	0.327	1.826	0.327
0.327	0.32	0.325	0.339	1.707	0.356	0.369	0.33	1.758	0.325
0.327	0.317	0.327	0.332	1.763	0.352	0.364	0.325	1.611	0.332
0.33	0.315	0.327	0.33	1.79	0.354	0.361	0.322	1.343	0.334
0.337	0.312	0.325	0.33	1.782	0.354	0.366	0.327	1.201	0.334
0.41	0.312	0.327	0.332	1.775	0.356	0.371	0.325	0.979	0.332
0.474	0.315	0.325	0.334	1.777	0.356	0.369	0.327	0.771	0.33
0.54	0.317	0.325	0.334	1.768	0.352	0.364	0.327	0.62	0.332
0.574	0.31	0.33	0.332	1.743	0.349	0.361	0.325	0.562	0.332
0.62	0.31	0.332	0.33	1.572	0.347	0.364	0.325	0.496	0.334
0.642	0.312	0.327	0.332	1.323	0.354	0.366	0.327	0.432	0.334
0.737	0.31	0.33	0.33	1.077	0.359	0.369	0.33	0.393	0.332
0.94	0.315	0.327	0.337	0.833	0.356	0.371	0.332	0.41	0.33
1.104	0.317	0.325	0.339	0.674	0.352	0.369	0.33	0.398	0.33
1.304	0.312	0.332	0.337	0.591	0.352	0.369	0.327	0.361	0.33
1.416	0.312	0.332	0.332	0.486	0.349	0.366	0.327	0.349	0.334
1.443	0.31	0.33	0.334	0.405	0.359	0.42	0.332	0.347	0.334
1.401	0.308	0.327	0.334	0.371	0.364	0.762	0.33	0.347	0.332
1.299	0.315	0.327	0.337	0.356	0.364	0.898	0.332	0.349	0.332
1.213	0.315	0.33	0.339	0.393	0.361	0.891	0.327	0.349	0.332
1.172	0.317	0.332	0.337	0.369	0.359	0.889	0.33	0.344	0.33
1.094	0.312	0.332	0.334	0.347	0.364	0.894	0.325	0.347	0.334
1.033	0.31	0.332	0.334	0.342	0.366	0.906	0.332	0.347	0.332
0.894	0.312	0.33	0.337	0.337	0.366	0.986	0.332	0.347	0.332
0.762	0.315	0.33	0.342	0.337	0.364	1.082	0.332	0.347	0.33
0.623	0.315	0.33	0.337	0.339	0.356	1.15	0.33	0.347	0.33
0.544	0.308	0.332	0.339	0.342	0.352	1.184	0.33	0.347	0.332
0.488	0.31	0.334	0.334	0.344	0.354	1.191	0.322	0.342	0.334
0.464	0.308	0.337	0.332	0.339	0.359	1.211	0.325	0.342	0.332
0.415	0.31	0.33	0.337	0.337	0.359	1.226	0.33	0.347	0.33
0.378	0.312	0.33	0.339	0.337	0.356	1.223	0.33	0.349	0.33
0.344	0.312	0.327	0.342	0.334	0.356	1.162	0.332	0.349	0.33
0.383	0.312	0.332	0.339	0.339	0.352	0.999	0.327	0.344	0.33
0.354	0.308	0.334	0.337	0.344	0.354	0.801	0.322	0.339	0.332
0.337	0.305	0.332	0.334	0.344	0.361	0.72	0.322	0.339	0.332
0.334	0.31	0.33	0.337	0.344	0.361	0.576	0.327	0.342	0.33
0.332	0.31	0.327	0.339	0.342	0.359	0.513	0.327	0.344	0.327
0.33	0.312	0.327	0.339	0.342	0.356	0.479	0.33	0.347	0.327
0.327	0.31	0.33	0.337	0.344	0.354	0.452	0.322	0.342	0.327
0.332	0.308	0.332	0.332	0.347	0.354	0.408	0.317	0.339	0.33
0.334	0.305	0.332	0.332	0.349	0.359	0.391	0.315	0.337	0.332
0.334	0.308	0.33	0.334	0.342	0.359	0.369	0.322	0.339	0.33
0.332	0.312	0.325	0.337	0.339	0.356	0.344	0.322	0.342	0.327
0.33	0.312	0.33	0.337	0.342	0.354	0.327	0.317	0.342	0.325
0.33	0.312	0.332	0.334	0.342	0.352	0.317	0.317	0.342	0.332
0.33	0.31	0.334	0.332	0.347	0.354	0.325	0.317	0.339	0.442
0.332	0.31	0.332	0.332	0.347	0.359	0.322	0.32	0.342	0.491
0.334	0.312	0.33	0.337	0.344	0.359	0.322	0.32	0.342	0.51
0.334	0.315	0.325	0.339	0.342	0.354	0.317	0.322	0.347	0.63
0.33	0.315	0.327	0.339	0.344	0.352	0.322	0.322	0.349	0.811
0.327	0.31	0.332	0.339	0.344	0.349	0.32	0.322	0.347	0.771
0.332	0.305	0.332	0.334	0.347	0.352	0.317	0.322	0.339	0.691
0.332	0.305	0.332	0.332	0.349	0.369	0.325	0.322	0.339	0.642
0.334	0.308	0.344	0.334	0.347	0.356	0.325	0.322	0.339	0.61
0.332	0.312	0.564	0.337	0.344	0.356	0.325	0.327	0.344	0.625
0.33	0.312	1.309	0.342	0.347	0.352	0.322	0.327	0.344	0.693
0.327	0.308	1.353	0.337	0.344	0.349	0.32	0.325	0.342	0.708
0.33	0.305	1.399	0.332	0.349	0.352	0.322	0.325	0.339	0.723
0.332	0.303	1.421	0.332	0.347	0.354	0.322	0.325	0.342	0.732
0.332	0.317	1.443	0.334	0.342	0.359	0.327	0.327	0.339	0.698
0.332	0.325	1.458	0.337	0.342	0.356	0.33	0.33	0.344	0.608
0.327	0.322	1.453	0.337	0.342	0.354	0.327	0.33	0.347	0.496
0.325	0.657	1.46	0.334	0.342	0.349	0.322	0.325	0.344	0.43
0.327	1.345	1.465	0.332	0.347	0.352	0.322	0.32	0.342	0.405
0.33	1.484	1.489	0.33	0.349	0.352	0.322	0.322	0.342	0.352
0.332	1.443	1.477	0.332	0.342	0.354	0.327	0.325	0.342	0.347
0.332	1.44	1.401	0.337	0.339	0.354	0.325	0.33	0.344	0.342
0.327	1.426	1.165	0.334	0.342	0.352	0.32	0.327	0.347	0.332
0.327	1.409	1.001	0.332	0.344	0.349	0.315	0.325	0.344	0.352
0.33	1.394	0.908	0.33	0.349	0.352	0.315	0.322	0.339	0.354
0.33	1.394	0.789	0.327	0.349	0.354	0.32	0.322	0.339	0.356
0.332	1.396	0.627	0.332	0.347	0.356	0.322	0.327	0.339	0.344
0.332	1.394	0.547	0.332	0.344	0.356	0.322	0.327	0.344	0.33
0.327	1.357	0.483	0.334	0.342	0.356	0.32	0.322	0.344	0.337
0.327	1.187	0.43	0.334	0.344	0.352	0.315	0.322	0.344	0.332
0.33	1.035	0.393	0.332	0.344	0.354	0.315	0.322	0.342	0.332
0.332	0.923	0.393	0.33	0.344	0.359	0.32	0.325	0.342	0.332
0.334	0.825	0.371	0.337	0.342	0.361	0.322	0.359	0.337	0.33
0.332	0.803	0.327	0.339	0.337	0.359	0.322	0.352	0.342	0.322
0.33	0.671	0.32	0.339	0.337	0.356	0.322	0.356	0.342	0.325
0.327	0.566	0.322	0.337	0.342	0.354	0.317	1.179	0.342	0.33
0.332	0.515	0.322	0.334	0.347	0.354	0.315	1.484	0.339	0.33
0.332	0.359	0.32	0.334	0.347	0.359	0.317	1.516	0.339	0.33
0.332	0.317	0.315	0.337	0.344	0.361	0.32	1.448	0.339	0.33
0.332	0.308	0.315	0.339	0.339	0.359	0.32	1.543	0.342	0.325
0.33	0.305	0.312	0.339	0.339	0.356	0.32	1.643	0.344	0.327
0.33	0.317	0.317	0.391	0.342	0.354	0.315	1.699	0.342	0.33
0.327	0.303	0.322	0.698	0.347	0.354	0.317	1.748	0.352	0.33
0.334	0.3	0.32	0.923	0.344	0.356	0.32	1.921	0.366	0.332
0.337	0.303	0.315	0.977	0.344	0.359	0.322	2.017	0.408	0.322
0.332	0.303	0.312	0.972	0.342	0.359	0.322	2.068	1.829	0.32
0.33	0.31	0.312	0.974	0.342	0.356	0.322	2.017	2.195	0.32
0.33	0.308	0.315	1.003	0.344	0.356	0.317	1.909	1.855	0.322
0.33	0.305	0.317	1.06	0.349	0.354	0.317	1.819	1.702	0.325
0.332	0.303	0.315	1.096	0.347	0.359	0.32	1.736	1.68	0.332
0.334	0.31	0.31	1.111	0.344	0.361	0.325	1.57	1.699	0.327
0.334	0.31	0.305	1.111	0.339	0.359	0.325	1.384	1.704	0.322
0.33	0.312	0.308	1.104	0.342	0.356	0.32	1.128	1.726	0.322
0.327	0.308	0.31	1.084	0.344	0.356	0.322	0.903	1.738	0.327
0.33	0.303	0.315	1.084	0.344	0.356	0.317	0.737	1.763	0.332
0.332	0.298	0.315	1.05	0.347	0.359	0.32	0.579	1.689	0.33
0.337	0.3	0.31	0.955	0.342	0.361	0.322	0.403	1.499	0.33
0.332	0.308	0.31	0.85	0.398	0.491	0.322	0.374	1.255	0.322
0.33	0.312	0.308	0.723	0.452	0.569	0.32	0.374	1.089	0.325
0.33	0.31	0.312	0.581	0.52	0.645	0.317	0.344	0.872	0.325
0.33	0.308	0.315	0.461	0.613	0.637	0.315	0.334	0.659	0.33
0.334	0.308	0.315	0.398	0.686	0.557	0.322	0.332	0.432	0.325
0.334	0.31	0.315	0.378	0.627	0.498	0.322	0.33	0.376	0.325
0.334	0.312	0.312	0.352	0.535	0.605	0.322	0.332	0.369	0.322
0.33	0.317	0.31	0.352	0.505	0.798	0.317	0.332	0.366	0.322
0.327	0.31	0.312	0.391	0.5	1.025	0.317	0.332	0.359	0.325
0.33	0.305	0.315	0.352	0.618	1.282	0.317	0.332	0.337	0.327
0.334	0.308	0.317	0.332	0.747	1.372	0.322	0.33	0.327	0.33
0.334	0.31	0.312	0.334	0.791	1.389	0.325	0.334	0.332	0.322
0.337	0.312	0.31	0.337	0.835	1.423	0.322	0.337	0.33	0.322
0.33	0.312	0.312	0.339	0.82	1.479	0.32	0.332	0.332	0.322
0.33	0.312	0.315	0.339	0.833	1.492	0.32	0.332	0.332	0.327
0.332	0.308	0.317	0.334	0.833	1.516	0.32	0.332	0.327	0.327
0.364	0.308	0.317	0.334	0.801	1.523	0.32	0.332	0.327	0.33
0.403	0.308	0.315	0.337	0.713	1.44	0.327	0.334	0.337	0.325
0.444	0.312	0.312	0.339	0.591	1.196	0.325	0.337	0.334	0.322
0.469	0.315	0.312	0.339	0.51	0.994	0.322	0.337	0.337	0.325
0.476	0.312	0.317	0.339	0.415	0.764	0.32	0.33	0.339	0.327
0.527	0.31	0.322	0.334	0.405	0.581	0.317	0.327	0.332	0.327
0.476	0.31	0.315	0.332	0.378	0.513	0.322	0.327	0.332	0.327
0.476	0.31	0.317	0.334	0.369	0.527	0.325	0.327	0.334	0.327
0.452	0.315	0.315	0.337	0.364	0.51	0.327	0.33	0.337	0.325
0.439	0.315	0.317	0.339	0.361	0.498	0.325	0.332	0.337	0.325
0.439	0.315	0.322	0.337	0.339	0.452	0.334	0.327	0.337	0.33
0.439	0.312	0.325	0.332	0.337	0.422	0.32	0.325	0.332	0.33
0.457	0.31	0.322	0.332	0.337	0.41	0.71	0.327	0.33	0.33
0.471	0.315	0.315	0.332	0.332	0.381	0.95	0.33	0.334	0.327
0.469	0.315	0.312	0.337	0.33	0.371	0.906	0.33	0.337	0.325
0.466	0.322	0.315	0.337	0.322	0.366	0.84	0.327	0.339	0.43
0.432	0.315	0.317	0.334	0.325	0.361	0.813	0.33	0.339	2.258
0.376	0.31	0.32	0.334	0.327	0.361	0.806	0.325	0.334	2.068
0.337	0.31	0.317	0.332	0.327	0.366	0.828	0.327	0.332	1.497
0.334	0.31	0.315	0.337	0.32	0.366	0.884	0.327	0.334	1.416
0.347	0.317	0.312	0.342	0.32	0.369	0.894	0.33	0.334	1.47
0.376	0.315	0.312	0.342	0.322	0.356	0.894	0.322	0.337	1.526
0.359	0.315	0.315	0.344	0.334	0.356	0.891	0.322	0.339	1.592
0.344	0.312	0.315	0.339	0.342	0.359	0.85	0.322	0.332	1.597
0.332	0.31	0.317	0.337	0.344	0.366	0.781	0.325	0.332	1.626
0.332	0.31	0.315	0.339	0.342	0.371	0.73	0.33	0.334	1.638
0.327	0.315	0.31	0.342	0.342	0.366	0.71	0.332	0.337	1.616
0.325	0.317	0.312	0.344	0.342	0.366	0.559	0.339	0.339	1.531
0.322	0.312	0.315	0.339	0.344	0.364	0.42	0.325	0.342	1.282
0.322	0.312	0.317	0.337	0.347	0.364	0.342	0.325	0.337	1.099
0.325	0.31	0.317	0.334	0.347	0.366	0.327	0.317	0.334	0.818
0.33	0.31	0.312	0.337	0.344	0.369	0.317	0.327	0.337	0.671
0.327	0.315	0.31	0.339	0.342	0.366	0.317	0.327	0.339	0.535
0.322	0.315	0.31	0.339	0.342	0.361	0.315	0.327	0.342	0.457
0.32	0.315	0.315	0.337	0.344	0.361	0.308	0.325	0.339	0.417
0.322	0.31	0.317	0.334	0.347	0.356	0.308	0.322	0.337	0.408
0.325	0.308	0.315	0.334	0.349	0.361	0.312	0.322	0.332	0.408
0.327	0.31	0.312	0.339	0.344	0.364	0.312	0.327	0.337	0.388
0.327	0.312	0.31	0.342	0.342	0.361	0.315	0.33	0.337	0.339
0.325	0.315	0.312	0.342	0.344	0.356	0.308	0.33	0.339	0.33
0.322	0.312	0.312	0.344	0.347	0.352	0.308	0.327	0.337	0.33
0.325	0.31	0.315	0.337	0.352	0.354	0.308	0.325	0.334	0.332
0.327	0.305	0.315	0.337	0.354	0.359	0.31	0.327	0.332	0.33
0.327	0.308	0.312	0.339	0.354	0.359	0.315	0.327	0.332	0.325
0.327	0.31	0.312	0.342	0.352	0.359	0.315	0.332	0.339	0.327
0.322	0.312	0.31	0.342	0.347	0.356	0.315	0.334	0.339	0.325
0.322	0.31	0.315	0.342	0.352	0.352	0.312	0.327	0.342	0.325
0.322	0.308	0.317	0.337	0.354	0.349	0.312	0.327	0.337	0.33
0.327	0.305	0.317	0.337	0.352	0.349	0.315	0.33	0.337	0.327
0.327	0.315	0.312	0.339	0.352	0.349	0.32	0.334	0.339	0.325
0.325	0.33	0.31	0.342	0.349	0.349	0.322	0.337	0.342	0.32
0.322	0.886	0.312	0.344	0.349	0.347	0.322	0.337	0.344	0.32
0.32	2.671	0.315	0.342	0.352	0.342	0.317	0.342	0.342	0.322
0.325	2.559	0.32	0.339	0.352	0.342	0.315	0.337	0.339	0.327
0.327	1.929	0.317	0.337	0.352	0.347	0.317	0.947	0.422	0.327
0.33	1.785	0.312	0.339	0.352	0.349	0.317	2.561	2.292	0.325
0.33	1.775	0.549	0.342	0.347	0.349	0.315	2.373	2.913	0.322
0.325	1.787	1.357	0.344	0.347	0.344	0.312	1.924	1.938	0.322
0.322	1.824	1.228	0.344	0.349	0.344	0.31	1.812	1.553	0.325
0.322	1.819	1.094	0.342	0.354	0.344	0.305	1.807	1.501	0.33
0.327	1.814	1.106	0.339	0.354	0.352	0.312	1.833	1.519	0.327
0.327	1.804	1.155	0.342	0.352	0.352	0.315	1.868	1.558	0.322
0.327	1.812	1.252	0.344	0.349	0.352	0.315	1.89	1.577	0.32
0.322	1.824	1.384	0.344	0.349	0.347	0.312	1.902	1.58	0.317
0.322	1.76	1.411	0.342	0.352	0.347	0.31	1.887	1.56	0.322
0.327	1.575	1.401	0.339	0.354	0.347	0.31	1.863	1.553	0.32
0.327	1.257	1.389	0.342	0.352	0.352	0.312	1.675	1.545	0.322
0.327	0.894	1.379	0.342	0.349	0.354	0.315	1.404	1.431	0.325
0.327	0.596	1.37	0.344	0.349	0.349	0.317	1.179	1.204	0.327
0.325	0.598	1.379	0.347	0.344	0.349	0.315	1.104	0.913	0.32
0.322	0.588	1.316	0.344	0.352	0.347	0.312	0.977	0.686	0.325
0.322	0.5	1.199	0.342	0.356	0.349	0.31	0.708	0.627	0.33
0.33	0.447	1.013	0.342	0.356	0.354	0.308	0.547	0.61	0.332
0.332	0.437	0.801	0.339	0.354	0.354	0.315	0.479	0.562	0.325
0.332	0.405	0.701	0.344	0.352	0.354	0.317	0.466	0.51	0.327
0.327	0.359	0.5	0.344	0.352	0.349	0.315	0.449	0.474	0.325
0.322	0.322	0.354	0.342	0.356	0.347	0.312	0.452	0.439	0.325
0.325	0.308	0.322	0.339	0.359	0.347	0.312	0.457	0.378	0.325
0.33	0.305	0.312	0.339	0.356	0.349	0.312	0.43	0.344	0.322
0.332	0.308	0.305	0.342	0.359	0.352	0.317	0.359	0.337	0.325
0.33	0.31	0.303	0.342	0.383	0.352	0.32	0.352	0.339	0.322
0.327	0.312	0.303	0.344	2.31	0.374	0.32	0.339	0.339	0.322
0.325	0.31	0.303	0.342	3.931	2.114	0.312	0.334	0.337	0.322
0.325	0.308	0.308	0.339	3.567	3.55	0.315	0.33	0.334	0.322
0.33	0.305	0.31	0.337	3.354	2.72	0.32	0.33	0.33	0.322
0.33	0.303	0.305	0.337	3.323	2.363	0.322	0.33	0.334	0
0.327	0.312	0.305	0.339	3.311	2.341	0.322	0.332	0.334	0
0.325	0.317	0.308	0.342	3.296	2.439	0.32	0.332	0.337	0
0.322	0.317	0.31	0.344	3.262	2.505	0.315	0.32	0.337	0
0.325	0.315	0.31	0.339	3.247	2.637	0.315	0.312	0.334	0
0.33	0.315	0.308	0.337	3.223	2.686	0.32	0.312	0.332	0
0.33	0.317	0.308	0.342	3.188	2.688	0.322	0.315	0.332	0
0.327	0.32	0.305	0.344	3.14	2.683	0.32	0.317	0.339	0
0.327	0.32	0.31	0.452	3.083	2.649	0.317	0.317	0.337	0
0.325	0.322	0.31	0.525	2.766	2.561	0.315	0.317	0.337	0
0.322	0.315	0.312	0.566	2.285	2.371	0.315	0.315	0.334	0
0.327	0.315	0.31	0.601	1.765	2.109	0.317	0.317	0.334	0
0.33	0.317	0.308	0.688	1.213	1.697	0.371	0.32	0.337	0
0.327	0.317	0.305	0.625	0.796	1.313	1.682	0.32	0.337	0
0.337	0.317	0.308	0.535	0.645	1.03	2.683	0.317	0.339	0
0.334	0.315	0.312	0.503	0.574	0.896	2.473	0.315	0.337	0
0.713	0.312	0.312	0.498	0.53	0.713	2.275	0.315	0.334	0
1.309	0.31	0.312	0.503	0.486	0.596	2.219	0.315	0.332	0
0.94	0.315	0.31	0.564	0.466	0.544	2.197	0.308	0.332	0
0.691	0.317	0.308	0.61	0.427	0.498	2.192	0.32	0.334	0
0.713	0.317	0.305	0.627	0.381	0.481	2.183	0.32	0.337	0
0.801	0.317	0.31	0.625	0.359	0.464	2.185	0.317	0.334	0
0.862	0.315	0.315	0.61	0.356	0.398	2.18	0.315	0.332	0
0.957	0.31	0.31	0.549	0.356	0.366	2.131	0.315	0.332	0
1.006	0.312	0.31	0.503	0.356	0.356	1.934	0.32	0.332	0
1.047	0.317	0.31	0.471	0.352	0.354	1.545	0.322	0.334	0
1.045	0.315	0.31	0.396	0.352	0.349	1.221	0.32	0.337	0
1.047	0.317	0.308	0.376	0.352	0.349	0.913	0.32	0.334	0
1.021	0.312	0.312	0.366	0.356	0.349	0.652	0.317	0.334	0
0.906	0.312	0.315	0.361	0.359	0.356	0.618	0.315	0.33	0
0.723	0.315	0.31	0.359	0.354	0.354	0.618	0.32	0.332	0
0.557	0.317	0.308	0.352	0.349	0.354	0.583	0.327	0.334	0
0.454	0.32	0.303	0.332	0.349	0.352	0.522	0	0.334	0
0.42	0.315	0.305	0.33	0.352	0.349	0.479	0	0.334	0
0.4	0.31	0.308	0.325	0.354	0.352	0.403	0	0.347	0
0.396	0.308	0.308	0.325	0.354	0.352	0.356	0	0.356	0
0.388	0.305	0.305	0.327	0.352	0.354	0.332	0	0.361	0
0.349	0.31	0.303	0.332	0.349	0.352	0.33	0	0.366	0
0.33	0.315	0.305	0.332	0.347	0.349	0.325	0	0.366	0
0.325	0.31	0.31	0.33	0.349	0.347	0.322	0	0.364	0
0.322	0.312	0.312	0.327	0.356	0.352	0.322	0	0.361	0
0.325	0.31	0.312	0.327	0.356	0.356	0.325	0	0.359	0
0.327	0.312	0.31	0.332	0.354	0.356	0.327	0	0.361	0
0.327	0.315	0.308	0.334	0.352	0.352	0.327	0	0.364	0
0.32	0.317	0.308	0.332	0.352	0.349	0.325	0	0.366	0
0.32	0.315	0.31	0.332	0.354	0.349	0.32	0	0.364	0
0.317	0.31	0.312	0.33	0.356	0.349	0.32	0	0.364	0
0.32	0.308	0.317	0.327	0.356	0.352	0.322	0	0.361	0
0.325	0.308	0.31	0.33	0.352	0.356	0.325	0	0.364	0
0.325	0.312	0.305	0.332	0.349	0.352	0.325	0	0.361	0
0.32	0.312	0.305	0.334	0.347	0.352	0.322	0	0.364	0
0.315	0.312	0.31	0.334	0.354	0.352	0.32	0	0.359	0
0.317	0.31	0.315	0.332	0.359	0.354	0.32	0	0.361	0
0.322	0.308	0.312	0.332	0.359	0.356	0.322	0	0.359	0
0.322	0.31	0.308	0.334	0.356	0.356	0.322	0	0.359	0
0.32	0.312	0.308	0.337	0.354	0.354	0.325	0	0	0
0.312	0.315	0.308	0.339	0.356	0.349	0.325	0	0	0
0.308	0.315	0.31	0.339	0.354	0.349	0.32	0	0	0
0.308	0.31	0.31	0.334	0.356	0.352	0.322	0	0	0
0.317	0.308	0.31	0.332	0.359	0.354	0.322	0	0	0
0.32	0.31	0.31	0.332	0.354	0.356	0.327	0	0	0
0.317	0.312	0.305	0.337	0.349	0.356	0.33	0	0	0
0.315	0	0.305	0.342	0.352	0.352	0.325	0	0	0
0.312	0	0.31	0.334	0.354	0.349	0.322	0	0	0
0.315	0	0.312	0.332	0	0.352	0.322	0	0	0
0.32	0	0.31	0.332	0	0.352	0.32	0	0	0
0.322	0	0.308	0.334	0	0.354	0.322	0	0	0
0.322	0	0.303	0.337	0	0.352	0.32	0	0	0
0.32	0	0.305	0.339	0	0.349	0.32	0	0	0
0.317	0	0.33	0.337	0	0.347	0.315	0	0	0
0.317	0	0.833	0.334	0	0.352	0.312	0	0	0
0.322	0	2.051	0.332	0	0.354	0.315	0	0	0
0.325	0	1.626	0.337	0	0.354	0.32	0	0	0
0.322	0	1.357	0.339	0	0	0.322	0	0	0
0.322	0	1.333	0.339	0	0	0.322	0	0	0
0.317	0	1.389	0.337	0	0	0.317	0	0	0
0.317	0	1.406	0.334	0	0	0.315	0	0	0
0.317	0	1.409	0.332	0	0	0.317	0	0	0
0.322	0	1.396	0.334	0	0	0.322	0	0	0
0.322	0	1.401	0.334	0	0	0.322	0	0	0
0.322	0	1.414	0.334	0	0	0.32	0	0	0
0.317	0	1.409	0.334	0	0	0.315	0	0	0
0.32	0	1.394	0.332	0	0	0.315	0	0	0
0.322	0	1.306	0.332	0	0	0.32	0	0	0
0.325	0	1.101	0.334	0	0	0.322	0	0	0
0.325	0	0.823	0.334	0	0	0.317	0	0	0
0.317	0	0.586	0.337	0	0	0	0	0	0
0.317	0	0.466	0.334	0	0	0	0	0	0
0.322	0	0.43	0.332	0	0	0	0	0	0
0.322	0	0.42	0.33	0	0	0	0	0	0
0.322	0	0.408	0.332	0	0	0	0	0	0
0.32	0	0.41	0.334	0	0	0	0	0	0
0.32	0	0.393	0.337	0	0	0	0	0	0
0.317	0	0.332	0.334	0	0	0	0	0	0
0.32	0	0.312	0.332	0	0	0	0	0	0
0.322	0	0.305	0.359	0	0	0	0	0	0
0.325	0	0.305	1.118	0	0	0	0	0	0
0.317	0	0.303	1.682	0	0	0	0	0	0
0.317	0	0.303	1.011	0	0	0	0	0	0
0.315	0	0.305	0.857	0	0	0	0	0	0
0.317	0	0.308	0.796	0	0	0	0	0	0
0.32	0	0.305	0.786	0	0	0	0	0	0
0.325	0	0.303	0.796	0	0	0	0	0	0
0.322	0	0.298	0.862	0	0	0	0	0	0
0.32	0	0.303	0.903	0	0	0	0	0	0
0.315	0	0.303	0.908	0	0	0	0	0	0
0	0	0.305	0.903	0	0	0	0	0	0
0	0	0.305	0.913	0	0	0	0	0	0
0	0	0.303	0.869	0	0	0	0	0	0
0	0	0.3	0.791	0	0	0	0	0	0
0	0	0.298	0.669	0	0	0	0	0	0
0	0	0.303	0.503	0	0	0	0	0	0
0	0	0.305	0.437	0	0	0	0	0	0
0	0	0.308	0.413	0	0	0	0	0	0
0	0	0.303	0.403	0	0	0	0	0	0
0	0	0.3	0.41	0	0	0	0	0	0
0	0	0.3	0.405	0	0	0	0	0	0
0	0	0.305	0.398	0	0	0	0	0	0
0	0	0.308	0.366	0	0	0	0	0	0
0	0	0.305	0.342	0	0	0	0	0	0
0	0	0.305	0.337	0	0	0	0	0	0
0	0	0.303	0.339	0	0	0	0	0	0
0	0	0.303	0.339	0	0	0	0	0	0
0	0	0.305	0.339	0	0	0	0	0	0
0	0	0.31	0.337	0	0	0	0	0	0
0	0	0.31	0.334	0	0	0	0	0	0
0	0	0.308	0.339	0	0	0	0	0	0
0	0	0.303	0.337	0	0	0	0	0	0
0	0	0.303	0.337	0	0	0	0	0	0
0	0	0.308	0.334	0	0	0	0	0	0
0	0	0.312	0.33	0	0	0	0	0	0
0	0	0.31	0.327	0	0	0	0	0	0
0	0	0.308	0.33	0	0	0	0	0	0
0	0	0.305	0.334	0	0	0	0	0	0
0	0	0.308	0.337	0	0	0	0	0	0
0	0	0.308	0.337	0	0	0	0	0	0
0	0	0.31	0.334	0	0	0	0	0	0
0	0	0.312	0.332	0	0	0	0	0	0
0	0	0.308	0.334	0	0	0	0	0	0
0	0	0.305	0.337	0	0	0	0	0	0
0	0	0.3	0.337	0	0	0	0	0	0
0	0	0.308	0.332	0	0	0	0	0	0
0	0	0.308	0.332	0	0	0	0	0	0
0	0	0.312	0.327	0	0	0	0	0	0
0	0	0.308	0.332	0	0	0	0	0	0
0	0	0.305	0.334	0	0	0	0	0	0
0	0	0.305	0.337	0	0	0	0	0	0
0	0	0.305	0.334	0	0	0	0	0	0
0	0	0.31	0.33	0	0	0	0	0	0
0	0	0.308	0.33	0	0	0	0	0	0
0	0	0.303	0.334	0	0	0	0	0	0
0	0	0.3	0.337	0	0	0	0	0	0
0	0	0.3	0.339	0	0	0	0	0	0
0	0	0.303	0.337	0	0	0	0	0	0
0	0	0.305	0.332	0	0	0	0	0	0
0	0	0.305	0.332	0	0	0	0	0	0
0	0	0.303	0.334	0	0	0	0	0	0
0	0	0.303	0.334	0	0	0	0	0	0
0	0	0.3	0.337	0	0	0	0	0	0
0	0	0.305	0.337	0	0	0	0	0	0
0	0	0.308	0.332	0	0	0	0	0	0
0	0	0.305	0.33	0	0	0	0	0	0
0	0	0.303	0.33	0	0	0	0	0	0
0	0	0.3	0.334	0	0	0	0	0	0
0	0	0.3	0.334	0	0	0	0	0	0
0	0	0.3	0.334	0	0	0	0	0	0
0	0	0.305	0.332	0	0	0	0	0	0
0	0	0	0.33	0	0	0	0	0	0
0	0	0	0.332	0	0	0	0	0	0
0	0	0	0.334	0	0	0	0	0	0
0	0	0	0.334	0	0	0	0	0	0
0	0	0	0.332	0	0	0	0	0	0
