0.374	0.366	0.339	0.42	0.449	0.43	0.449	0.449	0.449	0.449
0.374	0.364	0.337	0.417	0.5	0.427	0.5	0.5	0.5	0.5
0.374	0.366	0.347	0.427	0.54	0.425	0.54	0.54	0.54	0.54
0.405	0.374	0.386	0.479	0.579	0.427	0.579	0.579	0.579	0.579
0.479	0.374	0.515	0.508	0.703	0.435	0.703	0.703	0.703	0.703
0.583	0.381	0.923	0.51	0.769	0.474	0.769	0.769	0.769	0.769
0.569	0.449	1.035	0.535	0.757	0.618	0.757	0.757	0.757	0.757
0.583	0.532	1.001	0.566	0.745	0.937	0.745	0.745	0.745	0.745
0.637	0.598	0.974	0.593	0.747	0.815	0.747	0.747	0.747	0.747
0.767	0.659	0.92	0.696	0.72	0.767	0.72	0.72	0.72	0.72
0.82	0.725	0.879	0.657	0.718	0.769	0.718	0.718	0.718	0.718
0.957	0.779	0.879	0.647	0.735	0.769	0.735	0.735	0.735	0.735
1.091	0.835	0.903	0.662	0.725	0.771	0.725	0.725	0.725	0.725
1.206	0.952	0.906	0.649	0.71	0.774	0.71	0.71	0.71	0.71
1.296	0.994	0.911	0.63	0.71	0.779	0.71	0.71	0.71	0.71
1.382	1.013	0.928	0.586	0.696	0.776	0.696	0.696	0.696	0.696
1.37	0.977	0.95	0.571	0.688	0.762	0.688	0.688	0.688	0.688
1.277	1.011	0.947	0.569	0.681	0.691	0.681	0.681	0.681	0.681
1.147	1.055	0.835	0.569	0.649	0.576	0.649	0.649	0.649	0.649
1.118	1.067	0.632	0.574	0.579	0.527	0.579	0.579	0.579	0.579
0.989	1.055	0.596	0.574	0.537	0.493	0.537	0.537	0.537	0.537
0.837	1.055	0.481	0.579	0.505	0.469	0.505	0.505	0.505	0.505
0.715	1.038	0.417	0.571	0.486	0.444	0.486	0.486	0.486	0.486
0.515	0.959	0.369	0.574	0.457	0.439	0.457	0.457	0.457	0.457
0.488	0.813	0.344	0.562	0.447	0.439	0.447	0.447	0.447	0.447
0.479	0.659	0.337	0.518	0.444	0.435	0.444	0.444	0.444	0.444
0.466	0.586	0.337	0.469	0.442	0.432	0.442	0.442	0.442	0.442
0.454	0.525	0.339	0.42	0.447	0.435	0.447	0.447	0.447	0.447
0.403	0.457	0.344	0.408	0.447	0.437	0.447	0.447	0.447	0.447
0.386	0.444	0.342	0.4	0.447	0.439	0.447	0.447	0.447	0.447
0.381	0.405	0.339	0.378	0.444	0.437	0.444	0.444	0.444	0.444
0.378	0.388	0.339	0.371	0.442	0.435	0.442	0.442	0.442	0.442
0.376	0.374	0.339	0.361	0.444	0.432	0.444	0.444	0.444	0.444
0.376	0.374	0.342	0.361	0.444	0.435	0.444	0.444	0.444	0.444
0.378	0.371	0.344	0.352	0.447	0.439	0.447	0.447	0.447	0.447
0.381	0.374	0.344	0.352	0.447	0.439	0.447	0.447	0.447	0.447
0.381	0.369	0.342	0.352	0.444	0.439	0.444	0.444	0.444	0.444
0.376	0.369	0.342	0.356	0.442	0.437	0.442	0.442	0.442	0.442
0.374	0.369	0.342	0.356	0.442	0.435	0.442	0.442	0.442	0.442
0.378	0.371	0.342	0.352	0.447	0.439	0.447	0.447	0.447	0.447
0.381	0.374	0.344	0.349	0.449	0.439	0.449	0.449	0.449	0.449
0.381	0.376	0.342	0.347	0.449	0.439	0.449	0.449	0.449	0.449
0.378	0.374	0.342	0.347	0.444	0.439	0.444	0.444	0.444	0.444
0.376	0.371	0.339	0.352	0.442	0.437	0.442	0.442	0.442	0.442
0.374	0.371	0.339	0.349	0.444	0.435	0.444	0.444	0.444	0.444
0.374	0.374	0.339	0.349	0.444	0.435	0.444	0.444	0.444	0.444
0.376	0.376	0.347	0.347	0.447	0.439	0.447	0.447	0.447	0.447
0.378	0.376	0.349	0.344	0.447	0.439	0.447	0.447	0.447	0.447
0.376	0.374	0.344	0.347	0.444	0.439	0.444	0.444	0.444	0.444
0.374	0.369	0.342	0.352	0.442	0.437	0.442	0.442	0.442	0.442
0.371	0.371	0.342	0.352	0.442	0.435	0.442	0.442	0.442	0.442
0.374	0.374	0.342	0.347	0.447	0.437	0.447	0.447	0.447	0.447
0.376	0.374	0.342	0.344	0.449	0.439	0.449	0.449	0.449	0.449
0.378	0.374	0.344	0.344	0.447	0.439	0.447	0.447	0.447	0.447
0.376	0.369	0.342	0.347	0.444	0.437	0.444	0.444	0.444	0.444
0.374	0.366	0.337	0.349	0.439	0.435	0.439	0.439	0.439	0.439
0.371	0.371	0.337	0.349	0.439	0.435	0.439	0.439	0.439	0.439
0.374	0.371	0.342	0.347	0.447	0.437	0.447	0.447	0.447	0.447
0.374	0.376	0.344	0.347	0.447	0.439	0.447	0.447	0.447	0.447
0.376	0.371	0.342	0.347	0.444	0.442	0.444	0.444	0.444	0.444
0.374	0.374	0.339	0.349	0.442	0.444	0.442	0.442	0.442	0.442
0.378	0.371	0.337	0.352	0.442	0.437	0.442	0.442	0.442	0.442
0.413	0.383	0.337	0.349	0.442	0.43	0.442	0.442	0.442	0.442
0.43	0.378	0.342	0.349	0.444	0.437	0.444	0.444	0.444	0.444
0.442	0.376	0.356	0.347	0.447	0.439	0.447	0.447	0.447	0.447
0.449	0.398	0.352	0.347	0.447	0.442	0.447	0.447	0.447	0.447
0.442	0.415	0.452	0.349	0.444	0.437	0.444	0.444	0.444	0.444
0.427	0.425	0.481	0.352	0.442	0.437	0.442	0.442	0.442	0.442
0.42	0.43	0.491	0.352	0.447	0.437	0.447	0.447	0.447	0.447
0.41	0.447	0.493	0.349	0.444	0.439	0.444	0.444	0.444	0.444
0.425	0.457	0.503	0.347	0.447	0.439	0.447	0.447	0.447	0.447
0.432	0.444	0.513	0.349	0.447	0.442	0.447	0.447	0.447	0.447
0.425	0.439	0.544	0.349	0.452	0.439	0.452	0.452	0.452	0.452
0.42	0.442	0.547	0.352	0.444	0.439	0.444	0.444	0.444	0.444
0.417	0.442	0.559	0.354	0.452	0.437	0.452	0.452	0.452	0.452
0.42	0.447	0.566	0.349	0.459	0.437	0.459	0.459	0.459	0.459
0.42	0.452	0.566	0.347	0.474	0.442	0.474	0.474	0.474	0.474
0.427	0.449	0.564	0.347	0.471	0.442	0.471	0.471	0.471	0.471
0.422	0.444	0.525	0.352	0.449	0.442	0.449	0.449	0.449	0.449
0.391	0.461	0.513	0.352	0.442	0.439	0.442	0.442	0.442	0.442
0.376	0.476	0.508	0.352	0.457	0.437	0.457	0.457	0.457	0.457
0.386	0.466	0.476	0.352	0.474	0.439	0.474	0.474	0.474	0.474
0.396	0.425	0.43	0.349	0.476	0.442	0.476	0.476	0.476	0.476
0.383	0.42	0.378	0.352	0.481	0.505	0.481	0.481	0.481	0.481
0.378	0.405	0.347	0.352	0.479	0.525	0.479	0.479	0.479	0.479
0.369	0.413	0.356	0.352	0.479	0.498	0.479	0.479	0.479	0.479
0.364	0.383	0.342	0.352	0.479	0.491	0.479	0.479	0.479	0.479
0.364	0.369	0.342	0.349	0.486	0.496	0.486	0.486	0.486	0.486
0.369	0.371	0.344	0.349	0.491	0.513	0.491	0.491	0.491	0.491
0.369	0.386	0.344	0.347	0.491	0.51	0.491	0.491	0.491	0.491
0.369	0.374	0.339	0.349	0.481	0.503	0.481	0.481	0.481	0.481
0.366	0.366	0.334	0.354	0.476	0.498	0.476	0.476	0.476	0.476
0.364	0.366	0.337	0.352	0.461	0.496	0.461	0.461	0.461	0.461
0.364	0.369	0.339	0.352	0.449	0.5	0.449	0.449	0.449	0.449
0.364	0.371	0.349	0.352	0.447	0.51	0.447	0.447	0.447	0.447
0.366	0.369	0.352	0.352	0.444	0.542	0.444	0.444	0.444	0.444
0.366	0.366	0.347	0.352	0.442	0.51	0.442	0.442	0.442	0.442
0.361	0.364	0.344	0.354	0.439	0.5	0.439	0.439	0.439	0.439
0.361	0.369	0.347	0.354	0.439	0.498	0.439	0.439	0.439	0.439
0.364	0.371	0.349	0.352	0.442	0.481	0.442	0.442	0.442	0.442
0.366	0.371	0.349	0.347	0.444	0.454	0.444	0.444	0.444	0.444
0.366	0.371	0.349	0.347	0.444	0.459	0.444	0.444	0.444	0.444
0.366	0.366	0.344	0.349	0.439	0.444	0.439	0.439	0.439	0.439
0.364	0.364	0.344	0.352	0.439	0.437	0.439	0.439	0.439	0.439
0.361	0.366	0.347	0.352	0.437	0.437	0.437	0.437	0.437	0.437
0.364	0.369	0.349	0.347	0.442	0.437	0.442	0.442	0.442	0.442
0.366	0.371	0.352	0.347	0.444	0.439	0.444	0.444	0.444	0.444
0.366	0.369	0.354	0.347	0.444	0.442	0.444	0.444	0.444	0.444
0.366	0.369	0.347	0.349	0.439	0.437	0.439	0.439	0.439	0.439
0.356	0.366	0.347	0.352	0.437	0.437	0.437	0.437	0.437	0.437
0.354	0.369	0.349	0.354	0.439	0.435	0.439	0.439	0.439	0.439
0.359	0.374	0.352	0.349	0.442	0.437	0.442	0.442	0.442	0.442
0.369	0.374	0.352	0.349	0.449	0.439	0.449	0.449	0.449	0.449
0.374	0.374	0.349	0.347	0.435	0.442	0.435	0.435	0.435	0.435
0.371	0.369	0.347	0.349	0.435	0.439	0.435	0.435	0.435	0.435
0.369	0.366	0.344	0.354	0.432	0.437	0.432	0.432	0.432	0.432
0.366	0.369	0.344	0.356	0.432	0.435	0.432	0.432	0.432	0.432
0.369	0.369	0.349	0.352	0.435	0.439	0.435	0.435	0.435	0.435
0.369	0.374	0.352	0.349	0.437	0.439	0.437	0.437	0.437	0.437
0.371	0.374	0.347	0.349	0.437	0.442	0.437	0.437	0.437	0.437
0.942	0.562	0.347	0.354	0.435	0.439	0.435	0.435	0.435	0.435
1.201	0.593	0.347	0.354	0.432	0.435	0.432	0.432	0.432	0.432
0.593	0.447	0.344	0.352	0.435	0.432	0.435	0.435	0.435	0.435
0.437	0.439	0.349	0.349	0.437	0.432	0.437	0.437	0.437	0.437
0.403	0.439	0.701	0.347	0.444	0.437	0.444	0.444	0.444	0.444
0.41	0.449	0.535	0.349	0.444	0.437	0.444	0.444	0.444	0.444
0.413	0.447	0.439	0.352	0.444	0.435	0.444	0.444	0.444	0.444
0.413	0.447	0.422	0.354	0.442	0.432	0.442	0.442	0.442	0.442
0.415	0.449	0.43	0.354	0.442	0.43	0.442	0.442	0.442	0.442
0.422	0.444	0.439	0.352	0.442	0.432	0.442	0.442	0.442	0.442
0.425	0.454	0.442	0.349	0.444	0.437	0.444	0.444	0.444	0.444
0.432	0.452	0.447	0.352	0.442	0.435	0.442	0.442	0.442	0.442
0.427	0.41	0.437	0.354	0.439	0.435	0.439	0.439	0.439	0.439
0.415	0.403	0.43	0.356	0.437	0.432	0.437	0.437	0.437	0.437
0.417	0.398	0.432	0.354	0.442	0.43	0.442	0.442	0.442	0.442
0.405	0.391	0.43	0.354	0.439	0.432	0.439	0.439	0.439	0.439
0.391	0.374	0.4	0.352	0.442	0.437	0.442	0.442	0.442	0.442
0.376	0.369	0.378	0.354	0.442	0.437	0.442	0.442	0.442	0.442
0.369	0.366	0.376	0.354	0.439	0.435	0.439	0.439	0.439	0.439
0.366	0.366	0.371	0.356	0.437	0.435	0.437	0.437	0.437	0.437
0.366	0.366	0.361	0.356	0.442	0.432	0.442	0.442	0.442	0.442
0.369	0.369	0.354	0.352	0.442	0.435	0.442	0.442	0.442	0.442
0.371	0.371	0.354	0.352	0.444	0.437	0.444	0.444	0.444	0.444
0.374	0.371	0.349	0.352	0.442	0.442	0.442	0.442	0.442	0.442
0.369	0.366	0.349	0.356	0.439	0.437	0.439	0.439	0.439	0.439
0.366	0.366	0.347	0.356	0.437	0.435	0.437	0.437	0.437	0.437
0.369	0.366	0.347	0.356	0.437	0.435	0.437	0.437	0.437	0.437
0.371	0.371	0.352	0.352	0.442	0.437	0.442	0.442	0.442	0.442
0.376	0.374	0.352	0.349	0.442	0.439	0.442	0.442	0.442	0.442
0.378	0.374	0.347	0.349	0.442	0.442	0.442	0.442	0.442	0.442
0.376	0.369	0.347	0.352	0.437	0.439	0.437	0.437	0.437	0.437
0.366	0.369	0.347	0.356	0.435	0.437	0.435	0.435	0.435	0.435
0.366	0.371	0.347	0.356	0.437	0.437	0.437	0.437	0.437	0.437
0.361	0.374	0.352	0.354	0.439	0.437	0.439	0.439	0.439	0.439
0.369	0.376	0.354	0.352	0.442	0.442	0.442	0.442	0.442	0.442
0.369	0.376	0.352	0.349	0.447	0.442	0.447	0.447	0.447	0.447
0.364	0.371	0.349	0.354	0.439	0.439	0.439	0.439	0.439	0.439
0.361	0.371	0.347	0.356	0.437	0.437	0.437	0.437	0.437	0.437
0.359	0.371	0.349	0.354	0.437	0.437	0.437	0.437	0.437	0.437
0.356	0.376	0.352	0.354	0.439	0.439	0.439	0.439	0.439	0.439
0.366	0.376	0.354	0.349	0.442	0.691	0.442	0.442	0.442	0.442
0.366	0.376	0.354	0.349	0.437	1.14	0.437	0.437	0.437	0.437
0.366	0.371	0.349	0.352	0.437	0.691	0.437	0.437	0.437	0.437
0.361	0.371	0.349	0.354	0.437	0.576	0.437	0.437	0.437	0.437
0.356	0.371	0.349	0.349	0.439	0.569	0.439	0.439	0.439	0.439
0.364	0.374	0.352	0.347	0.442	0.569	0.442	0.442	0.442	0.442
0.369	0.376	0.354	0.347	0.442	0.569	0.442	0.442	0.442	0.442
0.371	0.376	0.352	0.347	0.439	0.569	0.439	0.439	0.439	0.439
0.369	0.371	0.349	0.352	0.437	0.574	0.437	0.437	0.437	0.437
0.366	0.369	0.347	0.396	0.437	0.581	0.437	0.437	0.437	0.437
0.364	0.369	0.349	0.43	0.437	0.583	0.437	0.437	0.437	0.437
0.366	0.371	0.352	0.444	0.566	0.549	0.566	0.566	0.566	0.566
0.369	0.374	0.352	0.444	0.796	0.52	0.796	0.796	0.796	0.796
0.369	0.371	0.352	0.447	0.571	0.493	0.571	0.571	0.571	0.571
0.369	0.371	0.349	0.454	0.51	0.476	0.51	0.51	0.51	0.51
0.366	0.369	0.344	0.466	0.498	0.447	0.498	0.498	0.498	0.498
0.366	0.369	0.344	0.474	0.503	0.437	0.503	0.503	0.503	0.503
0.364	0.374	0.349	0.481	0.505	0.437	0.505	0.505	0.505	0.505
0.366	0.374	0.349	0.486	0.51	0.439	0.51	0.51	0.51	0.51
0.369	0.374	0.347	0.491	0.508	0.442	0.508	0.508	0.508	0.508
0.374	0.371	0.344	0.496	0.508	0.435	0.508	0.508	0.508	0.508
0.371	0.366	0.344	0.5	0.505	0.435	0.505	0.505	0.505	0.505
0.369	0.369	0.344	0.498	0.493	0.432	0.493	0.493	0.493	0.493
0.371	0.371	0.352	0.493	0.481	0.435	0.481	0.481	0.481	0.481
0.371	0.374	0.354	0.488	0.476	0.437	0.476	0.476	0.476	0.476
0.371	0.371	0.349	0.491	0.466	0.439	0.466	0.466	0.466	0.466
0.369	0.369	0.352	0.491	0.447	0.442	0.447	0.447	0.447	0.447
0.369	0.369	0.349	0.493	0.442	0.425	0.442	0.442	0.442	0.442
0.366	0.369	0.349	0.483	0.442	0.432	0.442	0.442	0.442	0.442
0.371	0.371	0.354	0.43	0.444	0.437	0.444	0.444	0.444	0.444
0.371	0.374	0.354	0.391	0.447	0.437	0.447	0.447	0.447	0.447
0.371	0.374	0.354	0.359	0.444	0.439	0.444	0.444	0.444	0.444
0.369	0.369	0.349	0.354	0.442	0.439	0.442	0.442	0.442	0.442
0.364	0.369	0.347	0.366	0.442	0.435	0.442	0.442	0.442	0.442
0.361	0.369	0.361	0.356	0.444	0.432	0.444	0.444	0.444	0.444
0.366	0.371	0.354	0.349	0.447	0.435	0.447	0.447	0.447	0.447
0.369	0.371	0.356	0.347	0.447	0.437	0.447	0.447	0.447	0.447
0.369	0.369	0.354	0.347	0.444	0.439	0.444	0.444	0.444	0.444
0.366	0.366	0.352	0.349	0.444	0.435	0.444	0.444	0.444	0.444
0.366	0.366	0.352	0.352	0.442	0.43	0.442	0.442	0.442	0.442
0.366	0.371	0.349	0.352	0.442	0.422	0.442	0.442	0.442	0.442
0.369	0.371	0.352	0.349	0.444	0.422	0.444	0.444	0.444	0.444
0.366	0.371	0.354	0.344	0.447	0.427	0.447	0.447	0.447	0.447
0.374	0.371	0.354	0.344	0.449	0.43	0.449	0.449	0.449	0.449
0.369	0.366	0.349	0.347	0.444	0.427	0.444	0.444	0.444	0.444
0.364	0.364	0.349	0.352	0.442	0.425	0.442	0.442	0.442	0.442
0.361	0.366	0.349	0.349	0.442	0.425	0.442	0.442	0.442	0.442
0.366	0.371	0.352	0.347	0.447	0.43	0.447	0.447	0.447	0.447
0.364	0.374	0.354	0.347	0.449	0.43	0.449	0.449	0.449	0.449
0.369	0.376	0.349	0.347	0.449	0.43	0.449	0.449	0.449	0.449
0.366	0.369	0.349	0.349	0.444	0.43	0.444	0.444	0.444	0.444
0.366	0.366	0.347	0.349	0.442	0.427	0.442	0.442	0.442	0.442
0.364	0.366	0.349	0.352	0.442	0.425	0.442	0.442	0.442	0.442
0.364	0.371	0.352	0.347	0.447	0.427	0.447	0.447	0.447	0.447
0.366	0.371	0.354	0.344	0.449	0.43	0.449	0.449	0.449	0.449
0.369	0.369	0.352	0.339	0.449	0.427	0.449	0.449	0.449	0.449
0.364	0.366	0.349	0.347	0.444	0.425	0.444	0.444	0.444	0.444
0.361	0.369	0.347	0.349	0.442	0.425	0.442	0.442	0.442	0.442
0.359	0.374	0.349	0.347	0.444	0.427	0.444	0.444	0.444	0.444
0.359	0.381	0.366	0.344	0.447	0.425	0.447	0.447	0.447	0.447
0.366	0.425	0.361	0.342	0.449	0.43	0.449	0.449	0.449	0.449
0.366	0.481	0.369	0.344	0.447	0.432	0.447	0.447	0.447	0.447
0.366	0.605	0.476	0.347	0.444	0.432	0.444	0.444	0.444	0.444
0.361	0.681	0.54	0.354	0.442	0.425	0.442	0.442	0.442	0.442
0.361	0.771	0.654	0.352	0.437	0.422	0.437	0.437	0.437	0.437
0.361	0.813	0.708	0.349	0.447	0.425	0.447	0.447	0.447	0.447
0.366	0.828	0.73	0.347	0.447	0.43	0.447	0.447	0.447	0.447
0.366	0.842	0.737	0.347	0.447	0.432	0.447	0.447	0.447	0.447
0.364	0.889	0.725	0.352	0.444	0.427	0.444	0.444	0.444	0.444
0.361	0.918	0.718	0.354	0.444	0.427	0.444	0.444	0.444	0.444
0.359	0.942	0.725	0.352	0.444	0.427	0.444	0.444	0.444	0.444
0.361	0.957	0.742	1.226	0.447	0.43	0.447	0.447	0.447	0.447
0.364	0.955	0.73	0.82	0.449	0.432	0.449	0.449	0.449	0.449
0.369	0.937	0.718	0.557	0.447	0.435	0.447	0.447	0.447	0.447
0.366	0.894	0.701	0.496	0.444	0.432	0.444	0.444	0.444	0.444
0.364	0.823	0.715	0.479	0.442	0.43	0.442	0.442	0.442	0.442
0.361	0.767	0.732	0.481	0.442	0.427	0.442	0.442	0.442	0.442
0.361	0.64	0.742	0.461	0.447	0.432	0.447	0.447	0.447	0.447
0.366	0.623	0.742	0.452	0.447	0.432	0.447	0.447	0.447	0.447
0.366	0.605	0.745	0.454	0.447	0.435	0.447	0.447	0.447	0.447
0.364	0.474	0.723	0.464	0.444	0.432	0.444	0.444	0.444	0.444
0.361	0.408	0.754	0.457	0.442	0.43	0.442	0.442	0.442	0.442
0.359	0.42	0.767	0.398	0.442	0.427	0.442	0.442	0.442	0.442
0.364	0.41	0.742	0.391	0.447	0.43	0.447	0.447	0.447	0.447
0.366	0.386	0.737	0.386	0.447	0.432	0.447	0.447	0.447	0.447
0.369	0.396	0.798	0.376	0.444	0.432	0.444	0.444	0.444	0.444
0.366	0.371	0.75	0.364	0.442	0.43	0.442	0.442	0.442	0.442
0.364	0.364	0.703	0.361	0.439	0.427	0.439	0.439	0.439	0.439
0.364	0.364	0.637	0.352	0.442	0.427	0.442	0.442	0.442	0.442
0.364	0.371	0.579	0.352	0.447	0.427	0.447	0.447	0.447	0.447
0.366	0.374	0.618	0.347	0.447	0.43	0.447	0.447	0.447	0.447
0.366	0.371	0.537	0.349	0.447	0.435	0.447	0.447	0.447	0.447
0.361	0.369	0.452	0.352	0.442	0.496	0.442	0.442	0.442	0.442
0.364	0.366	0.413	0.354	0.439	1.716	0.439	0.439	0.439	0.439
0.366	0.369	0.415	0.354	0.442	2.903	0.442	0.442	0.442	0.442
0.364	0.369	0.383	0.349	0.474	2.686	0.474	0.474	0.474	0.474
0.371	0.371	0.371	0.349	0.828	1.858	0.828	0.828	0.828	0.828
0.374	0.364	0.361	0.349	2.732	1.565	2.732	2.732	2.732	2.732
0.369	0.364	0.356	0.349	3.079	1.501	3.079	3.079	3.079	3.079
0.369	0.361	0.352	0.349	2.249	1.484	2.249	2.249	2.249	2.249
0.364	0.364	0.352	0.347	1.755	1.494	1.755	1.755	1.755	1.755
0.369	0.366	0.356	0.347	1.619	1.492	1.619	1.619	1.619	1.619
0.369	0.364	0.356	0.342	1.548	1.479	1.548	1.548	1.548	1.548
0.366	0.364	0.356	0.342	1.538	1.411	1.538	1.538	1.538	1.538
0.364	0.359	0.352	0.347	1.516	1.265	1.516	1.516	1.516	1.516
0.361	0.361	0.352	0.349	1.509	1.118	1.509	1.509	1.509	1.509
0.361	0.364	0.352	0.344	1.501	0.984	1.501	1.501	1.501	1.501
0.364	0.369	0.354	0.347	1.458	0.852	1.458	1.458	1.458	1.458
0.366	0.369	0.356	0.344	1.294	0.71	1.294	1.294	1.294	1.294
0.366	0.369	0.356	0.342	1.04	0.615	1.04	1.04	1.04	1.04
0.364	0.364	0.354	0.347	0.876	0.554	0.876	0.876	0.876	0.876
0.374	0.364	0.352	0.349	0.767	0.522	0.767	0.767	0.767	0.767
0.425	0.366	0.354	0.349	0.674	0.515	0.674	0.674	0.674	0.674
1.245	0.364	0.356	0.347	0.579	0.461	0.579	0.579	0.579	0.579
2.527	0.366	0.359	0.347	0.493	0.447	0.493	0.493	0.493	0.493
2.493	0.369	0.354	0.349	0.461	0.444	0.461	0.461	0.461	0.461
2.141	0.366	0.352	0.352	0.474	0.437	0.474	0.474	0.474	0.474
2.065	0.366	0.349	0.354	0.454	0.43	0.454	0.454	0.454	0.454
2.053	0.369	0.352	0.354	0.454	0.43	0.454	0.454	0.454	0.454
2.114	0.371	0.356	0.349	0.449	0.427	0.449	0.449	0.449	0.449
2.185	0.374	0.359	0.349	0.449	0.43	0.449	0.449	0.449	0.449
2.195	0.371	0.356	0.349	0.449	0.432	0.449	0.449	0.449	0.449
2.173	0.369	0.354	0.354	0.444	0.427	0.444	0.444	0.444	0.444
2.083	0.366	0.352	0.356	0.442	0.427	0.442	0.442	0.442	0.442
1.704	0.369	0.354	0.354	0.444	0.427	0.444	0.444	0.444	0.444
1.304	0.374	0.354	0.352	0.447	0.427	0.447	0.447	0.447	0.447
0.984	0.374	0.356	0.352	0.449	0.43	0.449	0.449	0.449	0.449
0.771	0.374	0.354	0.352	0.442	0.43	0.442	0.442	0.442	0.442
0.642	0.371	0.352	0.356	0.442	0.43	0.442	0.442	0.442	0.442
0.566	0.371	0.349	0.356	0.442	0.427	0.442	0.442	0.442	0.442
0.564	0.371	0.354	0.354	0.444	0.425	0.444	0.444	0.444	0.444
0.464	0.371	0.356	0.352	0.447	0.427	0.447	0.447	0.447	0.447
0.403	0.374	0.356	0.352	0.449	0.432	0.449	0.449	0.449	0.449
0.42	0.371	0.354	0.349	0.444	0.432	0.444	0.444	0.444	0.444
0.415	0.369	0.352	0.354	0.444	0.43	0.444	0.444	0.444	0.444
0.393	0.369	0.352	0.356	0.442	0.427	0.442	0.442	0.442	0.442
0.371	0.369	0.352	0.354	0.444	0.427	0.444	0.444	0.444	0.444
0.366	0.371	0.356	0.354	0.447	0.427	0.447	0.447	0.447	0.447
0.366	0.371	0.359	0.352	0.449	0.432	0.449	0.449	0.449	0.449
0.369	0.366	0.356	0.352	0.447	0.435	0.447	0.447	0.447	0.447
0.374	0.361	0.354	0.356	0.444	0.432	0.444	0.444	0.444	0.444
0.376	0.364	0.352	0.356	0.444	0.43	0.444	0.444	0.444	0.444
0.371	0.369	0.354	0.354	0.449	0.43	0.449	0.449	0.449	0.449
0.376	0.371	0.359	0.352	0.447	0.43	0.447	0.447	0.447	0.447
0.376	0.371	0.359	0.349	0.449	0.432	0.449	0.449	0.449	0.449
0.376	0.371	0.356	0.349	0.449	0.432	0.449	0.449	0.449	0.449
0.371	0.369	0.354	0.354	0.447	0.43	0.447	0.447	0.447	0.447
0.369	0.366	0.354	0.359	0.447	0.427	0.447	0.447	0.447	0.447
0.366	0.369	0.354	0.356	0.442	0.427	0.442	0.442	0.442	0.442
0.369	0.371	0.356	0.354	0.449	0.43	0.449	0.449	0.449	0.449
0.371	0.374	0.359	0.352	0.449	0.43	0.449	0.449	0.449	0.449
0.371	0.374	0.356	0.354	0.449	0.43	0.449	0.449	0.449	0.449
0.371	0.374	0.354	0.354	0.444	0.432	0.444	0.444	0.444	0.444
0.361	0.371	0.352	0.356	0.439	0.425	0.439	0.439	0.439	0.439
0.369	0.964	0.354	0.356	0.442	0.422	0.442	0.442	0.442	0.442
0.371	1.848	0.356	0.352	0.444	0.427	0.444	0.444	0.444	0.444
0.376	1.897	0.356	0.349	0.449	0.43	0.449	0.449	0.449	0.449
0.381	1.907	0.354	0.352	0.447	0.43	0.447	0.447	0.447	0.447
0.376	1.921	0.352	0.354	0.442	0.427	0.442	0.442	0.442	0.442
0.374	1.951	0.349	0.356	0.442	0.425	0.442	0.442	0.442	0.442
0.371	1.978	0.354	0.356	0.444	0.422	0.444	0.444	0.444	0.444
0.374	2.012	0.354	0.354	0.444	0.427	0.444	0.444	0.444	0.444
0.376	1.985	0.356	0.356	0.447	0.432	0.447	0.447	0.447	0.447
0.378	1.912	0.356	0.378	0.447	0.432	0.447	0.447	0.447	0.447
0.371	1.707	0.354	1.262	0.442	0.43	0.442	0.442	0.442	0.442
0.369	1.196	0.352	3.513	0.439	0.427	0.439	0.439	0.439	0.439
0.371	0.725	0.356	3.293	0.442	0.425	0.442	0.442	0.442	0.442
0.369	0.525	0.361	2.639	0.444	0.427	0.444	0.444	0.444	0.444
0.371	0.449	0.369	2.517	0.449	0.43	0.449	0.449	0.449	0.449
0.371	0.417	0.396	2.498	0.447	0.432	0.447	0.447	0.447	0.447
0.366	0.374	0.449	2.52	0.442	0.43	0.442	0.442	0.442	0.442
0.366	0.369	0.481	2.51	0.442	0.427	0.442	0.442	0.442	0.442
0.366	0.364	0.505	2.517	0.442	0.427	0.442	0.442	0.442	0.442
0.369	0.369	0.505	2.49	0.447	0.427	0.447	0.447	0.447	0.447
0.371	0.364	0.5	2.424	0.444	0.427	0.444	0.444	0.444	0.444
0.374	0.369	0.5	2.219	0.442	0.437	0.442	0.442	0.442	0.442
0.371	0.369	0.5	1.755	0.439	0.459	0.439	0.439	0.439	0.439
0.369	0.366	0.503	1.287	0.439	1.091	0.439	0.439	0.439	0.439
0.366	0.371	0.505	0.935	0.442	1.133	0.442	0.442	0.442	0.442
0.371	0.374	0.51	0.847	0.444	0.837	0.444	0.444	0.444	0.444
0.374	0.374	0.496	0.686	0.444	0.767	0.444	0.444	0.444	0.444
0.374	0.374	0.452	0.549	0.447	0.742	0.447	0.447	0.447	0.447
0.371	0.371	0.405	0.483	0.442	0.723	0.442	0.442	0.442	0.442
0.369	0.369	0.369	0.439	0.439	0.713	0.439	0.439	0.439	0.439
0.369	0.371	0.356	0.425	0.442	0.718	0.442	0.442	0.442	0.442
0.371	0.374	0.356	0.435	0.444	0.718	0.444	0.444	0.444	0.444
0.374	0.374	0.356	0.427	0.447	0.671	0.447	0.447	0.447	0.447
0.376	0.374	0.356	0.383	0.442	0.637	0.442	0.442	0.442	0.442
0.371	0.371	0.352	0.364	0.442	0.554	0.442	0.442	0.442	0.442
0.369	0.364	0.352	0.359	0.439	0.503	0.439	0.439	0.439	0.439
0.371	0.361	0.356	0.359	0.444	0.466	0.444	0.444	0.444	0.444
0.371	0.364	0.356	0.352	0.447	0.432	0.447	0.447	0.447	0.447
0.376	0.364	0.359	0.349	0.449	0.432	0.449	0.449	0.449	0.449
0.374	0.359	0.354	0.349	0.449	0.43	0.449	0.449	0.449	0.449
0.369	0.364	0.354	0.354	0.444	0.427	0.444	0.444	0.444	0.444
0.369	0.369	0.352	0.356	0.442	0.425	0.442	0.442	0.442	0.442
0.366	0.366	0.349	0.354	0.444	0.422	0.444	0.444	0.444	0.444
0.369	0.374	0.354	0.354	0.449	0.425	0.449	0.449	0.449	0.449
0.374	0.371	0.356	0.352	0.449	0.425	0.449	0.449	0.449	0.449
0.376	0.371	0.354	0.352	0.447	0.42	0.447	0.447	0.447	0.447
0.371	0.366	0.352	0.354	0.442	0.42	0.442	0.442	0.442	0.442
0.371	0.366	0.352	0.359	0.442	0.417	0.442	0.442	0.442	0.442
0.371	0.369	0.354	0.361	0.444	0.417	0.444	0.444	0.444	0.444
0.391	0.374	0.359	0.356	0.447	0.42	0.447	0.447	0.447	0.447
0.435	0.374	0.361	0.354	0.449	0.422	0.449	0.449	0.449	0.449
0.439	0.369	0.359	0.352	0.447	0.427	0.447	0.447	0.447	0.447
0.437	0.369	0.356	0.354	0.444	0.425	0.444	0.444	0.444	0.444
0.435	0.366	0.354	0.356	0.444	0.422	0.444	0.444	0.444	0.444
0.435	0.366	0.356	0.354	0.447	0.422	0.447	0.447	0.447	0.447
0.437	0.369	0.359	0.352	0.449	0.425	0.449	0.449	0.449	0.449
0.437	0.369	0.359	0.349	0.452	0.43	0.452	0.452	0.452	0.452
0.437	0.366	0.359	0.349	0.449	0.43	0.449	0.449	0.449	0.449
0.425	0.366	0.354	0.352	0.444	0.43	0.444	0.444	0.444	0.444
0.43	0.364	0.354	0.354	0.444	0.425	0.444	0.444	0.444	0.444
0.427	0.366	0.359	0.349	0.447	0.43	0.447	0.447	0.447	0.447
0.408	0.371	0.359	0.347	0.449	0.43	0.449	0.449	0.449	0.449
0.4	0.369	0.359	0.347	0.452	0.432	0.452	0.452	0.452	0.452
0.381	0.369	0.359	0.347	0.449	0.432	0.449	0.449	0.449	0.449
0.371	0.366	0.354	0.349	0.447	0.432	0.447	0.447	0.447	0.447
0.366	0.366	0.354	0.352	0.447	0.427	0.447	0.447	0.447	0.447
0.364	0.366	0.356	0.349	0.447	0.427	0.447	0.447	0.447	0.447
0.369	0.371	0.359	0.347	0.449	0.427	0.449	0.449	0.449	0.449
0.371	0.371	0.359	0.347	0.452	0.43	0.452	0.452	0.452	0.452
0.371	0.364	0.356	0.347	0.452	0.432	0.452	0.452	0.452	0.452
0.371	0.364	0.354	0.352	0.447	0.425	0.447	0.447	0.447	0.447
0.366	0.364	0.354	0.352	0.447	0.427	0.447	0.447	0.447	0.447
0.366	0.369	0.356	0.349	0.449	0.427	0.449	0.449	0.449	0.449
0.369	0.371	0.359	0.347	0.449	0.43	0.449	0.449	0.449	0.449
0.374	0.398	0.359	0.347	0.449	0.43	0.449	0.449	0.449	0.449
0.374	0.4	0.356	0.347	0.449	0.427	0.449	0.449	0.449	0.449
0.369	0.393	0.356	0.349	0.447	0.422	0.447	0.447	0.447	0.447
0.369	0.4	0.356	0.352	0.444	0.422	0.444	0.444	0.444	0.444
0.371	0.396	0.356	0.349	0.447	0.42	0.447	0.447	0.447	0.447
0.371	0.386	0.361	0.344	0.449	0.422	0.449	0.449	0.449	0.449
0.371	0.374	0.361	0.344	0.452	0.425	0.452	0.452	0.452	0.452
0.374	0.364	0.359	0.349	0.452	0.427	0.452	0.452	0.452	0.452
0.371	0.359	0.356	0.352	0.444	0.427	0.444	0.444	0.444	0.444
0.371	0.374	0.354	0.354	0.444	0.425	0.444	0.444	0.444	0.444
0.369	0.413	0.359	0.352	0.459	0.425	0.459	0.459	0.459	0.459
0.371	0.452	0.391	0.349	0.471	0.425	0.471	0.471	0.471	0.471
0.376	0.486	0.388	0.347	1.03	0.43	1.03	1.03	1.03	1.03
0.376	0.522	1.196	0.349	1.699	0.437	1.699	1.699	1.699	1.699
0.374	0.537	0.872	0.352	0.979	0.43	0.979	0.979	0.979	0.979
0.371	0.54	0.588	0.354	0.693	0.422	0.693	0.693	0.693	0.693
0.369	0.544	0.547	0.352	0.645	0.42	0.645	0.645	0.645	0.645
0.371	0.547	0.657	0.349	0.659	0.425	0.659	0.659	0.659	0.659
0.374	0.542	0.73	0.349	0.686	0.43	0.686	0.686	0.686	0.686
0.374	0.54	0.747	0.349	0.701	0.454	0.701	0.701	0.701	0.701
0.369	0.518	0.83	0.352	0.698	0.51	0.698	0.698	0.698	0.698
0.366	0.437	0.872	0.354	0.691	0.806	0.691	0.691	0.691	0.691
0.371	0.425	0.903	0.354	0.693	1.499	0.693	0.693	0.693	0.693
0.369	0.405	0.93	0.347	0.688	1.101	0.688	0.688	0.688	0.688
0.371	0.378	0.92	0.352	0.642	0.896	0.642	0.642	0.642	0.642
0.371	0.366	0.854	1.089	0.586	0.986	0.586	0.586	0.586	0.586
0.369	0.359	0.72	2.637	0.581	1.086	0.581	0.581	0.581	0.581
0.369	0.359	0.542	2.595	0.537	1.147	0.537	0.537	0.537	0.537
0.369	0.359	0.461	2.397	0.5	1.416	0.5	0.5	0.5	0.5
0.371	0.366	0.41	2.327	0.474	1.406	0.474	0.474	0.474	0.474
0.374	0.364	0.381	2.417	0.466	1.387	0.466	0.466	0.466	0.466
0.374	0.361	0.359	2.478	0.454	1.387	0.454	0.454	0.454	0.454
0.371	0.359	0.349	2.473	0.447	1.353	0.447	0.447	0.447	0.447
0.369	0.361	0.349	2.446	0.447	1.145	0.447	0.447	0.447	0.447
0.371	0.364	0.352	2.4	0.447	0.894	0.447	0.447	0.447	0.447
0.374	0.364	0.352	2.007	0.449	0.691	0.449	0.449	0.449	0.449
0.374	0.366	0.354	1.289	0.449	0.596	0.449	0.449	0.449	0.449
0.374	0.364	0.352	0.806	0.449	0.525	0.449	0.449	0.449	0.449
0.369	0.361	0.349	0.647	0.444	0.474	0.444	0.444	0.444	0.444
0.369	0.361	0.349	0.581	0.444	0.439	0.444	0.444	0.444	0.444
0.366	0.364	0.352	0.527	0.447	0.425	0.447	0.447	0.447	0.447
0.369	0.366	0.354	0.503	0.447	0.432	0.447	0.447	0.447	0.447
0.371	0.366	0.354	0.498	0.449	0.435	0.449	0.449	0.449	0.449
0.381	0.364	0.356	0.5	0.449	0.43	0.449	0.449	0.449	0.449
0.376	0.359	0.347	0.5	0.444	0.425	0.444	0.444	0.444	0.444
0.374	0.383	0.347	0.5	0.442	0.42	0.442	0.442	0.442	0.442
0.371	0.476	0.349	0.5	0.447	0.42	0.447	0.447	0.447	0.447
0.374	0.664	0.354	0.498	0.449	0.425	0.449	0.449	0.449	0.449
0.378	0.566	0.356	0.496	0.449	0.425	0.449	0.449	0.449	0.449
0.376	0.549	0.352	0.5	0.447	0.422	0.447	0.447	0.447	0.447
0.376	0.552	0.349	0.503	0.444	0.422	0.444	0.444	0.444	0.444
0.376	0.562	0.349	0.505	0.444	0.42	0.444	0.444	0.444	0.444
0.381	0.645	0.349	0.503	0.444	0.42	0.444	0.444	0.444	0.444
0.405	0.708	0.352	0.5	0.449	0.422	0.449	0.449	0.449	0.449
1.55	0.789	0.369	0.498	0.449	0.422	0.449	0.449	0.449	0.449
1.35	0.813	0.396	0.498	0.447	0.425	0.447	0.447	0.447	0.447
0.601	0.825	0.439	0.503	0.444	0.422	0.444	0.444	0.444	0.444
0.435	0.854	0.496	0.503	0.439	0.42	0.439	0.439	0.439	0.439
0.471	0.876	0.488	0.5	0.444	0.417	0.444	0.444	0.444	0.444
0.525	0.886	0.481	0.498	0.449	0.42	0.449	0.449	0.449	0.449
0.542	0.896	0.483	0.498	0.449	0.422	0.449	0.449	0.449	0.449
0.64	0.903	0.535	0.498	0.449	0.42	0.449	0.449	0.449	0.449
0.686	0.85	0.605	0.503	0.444	0.42	0.444	0.444	0.444	0.444
0.618	0.806	0.718	0.503	0.444	0.452	0.444	0.444	0.444	0.444
0.574	0.784	0.774	0.503	0.447	0.508	0.447	0.447	0.447	0.447
0.579	0.737	0.823	0.498	0.447	0.605	0.447	0.447	0.447	0.447
0.566	0.62	0.84	0.496	0.449	0.837	0.449	0.449	0.449	0.449
0.542	0.518	0.862	0.493	0.444	0.891	0.444	0.444	0.444	0.444
0.444	0.486	0.854	0.5	0.444	0.842	0.444	0.444	0.444	0.444
0.405	0.498	0.85	0.503	0.439	0.852	0.439	0.439	0.439	0.439
0.381	0.498	0.845	0.5	0.447	0.908	0.447	0.447	0.447	0.447
0.376	0.474	0.85	0.496	0.447	1.018	0.447	0.447	0.447	0.447
0.378	0.481	0.828	0.496	0.447	1.182	0.447	0.447	0.447	0.447
0.378	0.481	0.784	0.498	0.447	1.287	0.447	0.447	0.447	0.447
0.374	0	0.735	0.5	0.442	1.34	0.442	0.442	0.442	0.442
0.371	0	0.647	0.5	0.439	1.406	0.439	0.439	0.439	0.439
0.374	0	0.588	0.5	0.442	1.46	0.442	0.442	0.442	0.442
0.376	0	0.586	0.498	0.444	1.482	0.444	0.444	0.444	0.444
0.381	0	0.474	0.496	0.447	1.582	0.447	0.447	0.447	0.447
0.383	0	0.447	0.498	0.447	1.577	0.447	0.447	0.447	0.447
0.378	0	0.439	0.5	0.444	1.416	0.444	0.444	0.444	0.444
0.376	0	0.435	0.505	0.442	1.216	0.442	0.442	0.442	0.442
0.381	0	0.432	0.508	0.442	0.933	0.442	0.442	0.442	0.442
0.374	0	0.471	0.503	0.422	0.796	0.422	0.422	0.422	0.422
0.378	0	0.476	0.5	0.452	0.742	0.452	0.452	0.452	0.452
0.376	0	0.476	0.5	0.449	0.681	0.449	0.449	0.449	0.449
0.371	0	0.474	0.518	0.447	0.627	0.447	0.447	0.447	0.447
0.371	0	0	0.522	0.447	0.537	0.447	0.447	0.447	0.447
0.374	0	0	0.879	0.449	0.51	0.449	0.449	0.449	0.449
0.376	0	0	1.421	0.449	0.491	0.449	0.449	0.449	0.449
0.381	0	0	0.664	0.449	0.483	0.449	0.449	0.449	0.449
0.378	0	0	0.488	0.449	0.476	0.449	0.449	0.449	0.449
0.378	0	0	0.547	0.444	0.474	0.444	0.444	0.444	0.444
0.376	0	0	0.62	0.442	0.466	0.442	0.442	0.442	0.442
0.374	0	0	0.84	0.447	0.459	0.447	0.447	0.447	0.447
0.396	0	0	1.145	0.447	0.464	0.447	0.447	0.447	0.447
0.64	0	0	1.301	0.447	0.437	0.447	0.447	0.447	0.447
0.613	0	0	1.392	0.447	0.457	0.447	0.447	0.447	0.447
0.508	0	0	1.418	0.444	0.562	0.444	0.444	0.444	0.444
0.491	0	0	1.343	0.444	1.277	0.444	0.444	0.444	0.444
0.508	0	0	1.199	0.447	0	0.447	0.447	0.447	0.447
0.542	0	0	1.03	0.449	0	0.449	0.449	0.449	0.449
0.596	0	0	0.813	0.452	0	0.452	0.452	0.452	0.452
0.669	0	0	0.654	0.449	0	0.449	0.449	0.449	0.449
0.757	0	0	0.566	0.444	0	0.444	0.444	0.444	0.444
0.85	0	0	0.493	0.444	0	0.444	0.444	0.444	0.444
0.901	0	0	0.483	0.447	0	0.447	0.447	0.447	0.447
0.923	0	0	0.464	0.479	0	0.479	0.479	0.479	0.479
0.891	0	0	0.444	0.53	0	0.53	0.53	0.53	0.53
0.791	0	0	0.427	0.569	0	0.569	0.569	0.569	0.569
0.674	0	0	0.422	0.591	0	0.591	0.591	0.591	0.591
0.623	0	0	0.422	0.618	0	0.618	0.618	0.618	0.618
0.579	0	0	0.417	0.659	0	0.659	0.659	0.659	0.659
0.542	0	0	0.415	0.647	0	0.647	0.647	0.647	0.647
0.508	0	0	0.413	0.496	0	0.496	0.496	0.496	0.496
0.464	0	0	0.413	0.457	0	0.457	0.457	0.457	0.457
0.452	0	0	0.417	0.447	0	0.447	0.447	0.447	0.447
0.43	0	0	0.42	0.442	0	0.442	0.442	0.442	0.442
0.417	0	0	0.42	0.457	0	0.457	0.457	0.457	0.457
0.417	0	0	0.417	0.471	0	0.471	0.471	0.471	0.471
0.42	0	0	0.415	0.5	0	0.5	0.5	0.5	0.5
0.425	0	0	0.417	0.513	0	0.513	0.513	0.513	0.513
0.422	0	0	0.422	0.515	0	0.515	0.515	0.515	0.515
0.422	0	0	0.422	0.518	0	0.518	0.518	0.518	0.518
0.41	0	0	0.422	0.496	0	0.496	0.496	0.496	0.496
0.42	0	0	0.415	0.493	0	0.493	0.493	0.493	0.493
0.427	0	0	0.415	0.476	0	0.476	0.476	0.476	0.476
0.417	0	0	0.417	0.479	0	0.479	0.479	0.479	0.479
0.437	0	0	0.422	0.466	0	0.466	0.466	0.466	0.466
0.498	0	0	0.422	0.457	0	0.457	0.457	0.457	0.457
0.466	0	0	0.417	0.447	0	0.447	0.447	0.447	0.447
0.459	0	0	0.435	0.447	0	0.447	0.447	0.447	0.447
0.459	0	0	0.535	0.449	0	0.449	0.449	0.449	0.449
0.466	0	0	0.667	0.444	0	0.444	0.444	0.444	0.444
0.476	0	0	0.693	0.439	0	0.439	0.439	0.439	0.439
0.493	0	0	0.728	0.439	0	0.439	0.439	0.439	0.439
0	0	0	0.684	0.442	0	0.442	0.442	0.442	0.442
0	0	0	0.737	0.447	0	0.447	0.447	0.447	0.447
0	0	0	0.852	0.447	0	0.447	0.447	0.447	0.447
0	0	0	0.962	0.444	0	0.444	0.444	0.444	0.444
0	0	0	1.133	0.439	0	0.439	0.439	0.439	0.439
0	0	0	1.223	0.442	0	0.442	0.442	0.442	0.442
0	0	0	1.228	0.442	0	0.442	0.442	0.442	0.442
0	0	0	1.223	0.447	0	0.447	0.447	0.447	0.447
0	0	0	1.218	0.449	0	0.449	0.449	0.449	0.449
0	0	0	1.23	0.447	0	0.447	0.447	0.447	0.447
0	0	0	1.235	0.442	0	0.442	0.442	0.442	0.442
0	0	0	1.226	0.439	0	0.439	0.439	0.439	0.439
0	0	0	1.204	0.444	0	0.444	0.444	0.444	0.444
0	0	0	1.135	0.447	0	0.447	0.447	0.447	0.447
0	0	0	1.074	0.447	0	0.447	0.447	0.447	0.447
0	0	0	0.95	0.444	0	0.444	0.444	0.444	0.444
0	0	0	0.891	0.442	0	0.442	0.442	0.442	0.442
0	0	0	0.681	0.442	0	0.442	0.442	0.442	0.442
0	0	0	0.586	0.444	0	0.444	0.444	0.444	0.444
0	0	0	0.579	0.444	0	0.444	0.444	0.444	0.444
0	0	0	0.571	0.444	0	0.444	0.444	0.444	0.444
0	0	0	0.564	0.439	0	0.439	0.439	0.439	0.439
0	0	0	0.588	0.437	0	0.437	0.437	0.437	0.437
0	0	0	0	0.437	0	0.437	0.437	0.437	0.437
0	0	0	0	0.439	0	0.439	0.439	0.439	0.439
0	0	0	0	0.444	0	0.444	0.444	0.444	0.444
0	0	0	0	0.444	0	0.444	0.444	0.444	0.444
0	0	0	0	0.442	0	0.442	0.442	0.442	0.442
0	0	0	0	0.439	0	0.439	0.439	0.439	0.439
0	0	0	0	0.439	0	0.439	0.439	0.439	0.439
0	0	0	0	0.439	0	0.439	0.439	0.439	0.439
0	0	0	0	0.444	0	0.444	0.444	0.444	0.444
0	0	0	0	0.447	0	0.447	0.447	0.447	0.447
0	0	0	0	0.437	0	0.437	0.437	0.437	0.437
0	0	0	0	0.449	0	0.449	0.449	0.449	0.449
0	0	0	0	0.505	0	0.505	0.505	0.505	0.505
0	0	0	0	0.562	0	0.562	0.562	0.562	0.562
0	0	0	0	0.618	0	0.618	0.618	0.618	0.618
0	0	0	0	0.645	0	0.645	0.645	0.645	0.645
0	0	0	0	0.669	0	0.669	0.669	0.669	0.669
0	0	0	0	0.684	0	0.684	0.684	0.684	0.684
0	0	0	0	0.686	0	0.686	0.686	0.686	0.686
0	0	0	0	0.649	0	0.649	0.649	0.649	0.649
0	0	0	0	0.623	0	0.623	0.623	0.623	0.623
0	0	0	0	0.637	0	0.637	0.637	0.637	0.637
0	0	0	0	0.642	0	0.642	0.642	0.642	0.642
0	0	0	0	0.613	0	0.613	0.613	0.613	0.613
0	0	0	0	0.574	0	0.574	0.574	0.574	0.574
0	0	0	0	0.552	0	0.552	0.552	0.552	0.552
0	0	0	0	0.552	0	0.552	0.552	0.552	0.552
0	0	0	0	0.559	0	0.559	0.559	0.559	0.559
0	0	0	0	0.559	0	0.559	0.559	0.559	0.559
0	0	0	0	0.54	0	0.54	0.54	0.54	0.54
0	0	0	0	0.51	0	0.51	0.51	0.51	0.51
0	0	0	0	0.498	0	0.498	0.498	0.498	0.498
0	0	0	0	0.505	0	0.505	0.505	0.505	0.505
0	0	0	0	0.491	0	0.491	0.491	0.491	0.491
0	0	0	0	0.486	0	0.486	0.486	0.486	0.486
0	0	0	0	0.483	0	0.483	0.483	0.483	0.483
0	0	0	0	0.452	0	0.452	0.452	0.452	0.452
0	0	0	0	0.444	0	0.444	0.444	0.444	0.444
0	0	0	0	0.444	0	0.444	0.444	0.444	0.444
0	0	0	0	0.444	0	0.444	0.444	0.444	0.444
0	0	0	0	0.442	0	0.442	0.442	0.442	0.442
0	0	0	0	0.439	0	0.439	0.439	0.439	0.439
0	0	0	0	0.439	0	0.439	0.439	0.439	0.439
0	0	0	0	0.442	0	0.442	0.442	0.442	0.442
0	0	0	0	0.442	0	0.442	0.442	0.442	0.442
0	0	0	0	0.444	0	0.444	0.444	0.444	0.444
0	0	0	0	0.439	0	0.439	0.439	0.439	0.439
0	0	0	0	0.439	0	0.439	0.439	0.439	0.439
0	0	0	0	0.466	0	0.466	0.466	0.466	0.466
0	0	0	0	0.481	0	0.481	0.481	0.481	0.481
0	0	0	0	0.488	0	0.488	0.488	0.488	0.488
0	0	0	0	0.503	0	0.503	0.503	0.503	0.503
0	0	0	0	0.503	0	0.503	0.503	0.503	0.503
