0.674	0.789	0.657	0.791	0.73	0.728	0.615	0.608	0.596	0.688
0.674	0.791	0.664	0.793	0.725	0.723	0.615	0.605	0.593	0.713
0.684	0.791	0.664	0.801	0.728	0.723	0.615	0.608	0.591	0.718
0.686	0.789	0.662	0.803	0.73	0.72	0.62	0.613	0.598	0.73
0.691	0.789	0.659	0.798	0.735	0.723	0.625	0.613	0.598	0.737
0.688	0.791	0.654	0.793	0.745	0.725	0.618	0.615	0.598	0.742
0.686	0.789	0.654	0.793	0.737	0.72	0.615	0.608	0.596	0.752
0.686	0.791	0.662	0.796	0.732	0.718	0.618	0.608	0.591	0.762
0.693	0.791	0.662	0.798	0.73	0.72	0.618	0.61	0.591	0.759
0.691	0.791	0.662	0.803	0.732	0.715	0.62	0.615	0.596	0.757
0.696	0.789	0.659	0.798	0.74	0.718	0.625	0.615	0.596	0.754
0.684	0.791	0.659	0.789	0.742	0.718	0.618	0.613	0.596	0.752
0.676	0.791	0.657	0.784	0.742	0.715	0.615	0.608	0.591	0.757
0.676	0.796	0.662	0.779	0.742	0.708	0.61	0.61	0.586	0.762
0.681	0.793	0.664	0.781	0.735	0.708	0.615	0.608	0.588	0.757
0.676	0.791	0.659	0.786	0.732	0.703	0.62	0.61	0.596	0.752
0.676	0.791	0.659	0.789	0.735	0.706	0.623	0.615	0.598	0.752
0.669	0.798	0.657	0.789	0.735	0.706	0.618	0.61	0.601	0.75
0.664	0.796	0.659	0.786	0.732	0.706	0.613	0.608	0.591	0.754
0.664	0.798	0.659	0.781	0.73	0.706	0.61	0.603	0.588	0.757
0.669	0.801	0.662	0.784	0.728	0.715	0.615	0.605	0.586	0.759
0.669	0.793	0.662	0.784	0.73	0.723	0.623	0.61	0.591	0.752
0.667	0.791	0.657	0.784	0.737	0.73	0.62	0.618	0.593	0.718
0.662	0.796	0.657	0.779	0.737	0.725	0.62	0.608	0.596	0.701
0.657	0.801	0.659	0.774	0.737	0.723	0.618	0.605	0.593	0.686
0.657	0.798	0.659	0.793	0.732	0.745	0.618	0.608	0.593	0.664
0.662	0.796	0.701	0.83	0.728	0.793	0.618	0.635	0.593	0.63
0.664	0.796	0.718	1.128	0.732	1.089	0.625	0.693	0.64	0.586
0.669	0.796	0.854	1.37	0.74	1.167	0.684	0.854	1.118	0.61
0.825	0.791	1.013	1.396	0.742	1.135	1.191	0.945	1.775	0.977
1.731	0.793	1.089	1.382	1.289	1.104	1.733	0.935	1.877	1.621
2.058	0.862	1.106	1.365	2.09	1.079	1.87	0.95	1.836	1.611
1.982	2.202	1.174	1.377	2.041	1.06	1.868	0.999	1.819	1.58
1.829	2.957	1.221	1.504	1.877	1.067	1.863	1.111	1.899	1.577
1.755	2.803	1.306	1.653	1.76	1.091	1.843	1.179	2	1.626
1.799	2.62	1.418	1.736	1.758	1.091	1.812	1.201	2.08	1.714
1.853	2.651	1.509	1.77	1.848	1.047	1.785	1.221	2.144	1.809
1.863	2.773	1.548	1.812	1.968	1.025	1.763	1.24	2.185	1.851
1.848	2.917	1.509	1.836	2.083	0.967	1.707	1.25	2.156	1.853
1.841	3.022	1.423	1.829	2.148	0.925	1.602	1.24	1.987	1.807
1.787	3.091	1.331	1.804	2.212	0.845	1.487	1.226	1.75	1.768
1.702	3.105	1.201	1.753	2.227	0.774	1.401	1.14	1.404	1.726
1.58	3.098	1.04	1.658	2.19	0.745	1.228	0.991	1.135	1.67
1.331	3.01	0.898	1.494	2.078	0.723	1.028	0.857	0.989	1.582
1.06	2.744	0.84	1.257	1.86	0.674	0.894	0.806	0.874	1.431
0.901	2.417	0.791	1.077	1.624	0.647	0.83	0.767	0.764	1.121
0.803	2.09	0.735	0.918	1.318	0.632	0.752	0.703	0.696	0.94
0.725	1.66	0.691	0.828	1.099	0.623	0.703	0.652	0.657	0.833
0.654	1.292	0.669	0.796	0.974	0.61	0.669	0.62	0.63	0.757
0.613	1.084	0.654	0.745	0.85	0.605	0.649	0.601	0.613	0.679
0.579	0.923	0.645	0.701	0.759	0.596	0.642	0.596	0.601	0.618
0.564	0.815	0.642	0.679	0.701	0.596	0.637	0.601	0.596	0.579
0.552	0.75	0.684	0.657	0.662	0.598	0.632	0.596	0.593	0.552
0.542	0.708	0.942	0.642	0.642	0.601	0.625	0.588	0.591	0.537
0.532	0.691	1.101	0.63	0.625	0.601	0.62	0.583	0.591	0.532
0.53	0.679	1.106	0.63	0.61	0.593	0.632	0.583	0.591	0.53
0.527	0.671	1.094	0.627	0.603	0.596	0.688	0.579	0.608	0.525
0.53	0.662	1.069	0.632	0.603	0.613	1.616	0.588	0.669	0.518
0.532	0.657	1.045	0.635	0.598	0.623	2	0.591	0.942	0.515
0.53	0.652	1.035	0.627	0.603	0.63	1.943	0.598	1.235	0.579
0.547	0.654	1.025	0.647	0.601	0.696	1.882	1.069	1.375	0.801
0.742	0.657	1.025	0.664	0.601	0.735	1.86	1.743	1.416	1.104
0.991	0.657	1.03	0.696	0.596	0.732	1.904	1.719	1.431	1.296
1.067	0.654	1.025	0.796	0.603	0.837	1.934	1.594	1.448	1.45
1.04	0.701	1.021	0.825	0.601	1.086	1.914	1.521	1.479	1.548
1.062	1.165	1.023	0.84	0.676	1.235	1.902	1.509	1.504	1.621
1.096	1.919	1.013	0.845	0.803	1.392	1.917	1.56	1.519	1.66
1.125	2.146	1.001	0.842	0.981	1.509	1.919	1.624	1.541	1.663
1.155	2.148	1.035	0.84	1.162	1.56	1.914	1.67	1.555	1.648
1.172	2.183	1.143	0.791	1.299	1.584	1.882	1.758	1.575	1.646
1.177	2.192	1.155	0.779	1.37	1.57	1.853	1.87	1.582	1.643
1.191	2.205	1.135	0.764	1.445	1.519	1.775	1.948	1.587	1.643
1.213	2.239	1.111	0.757	1.396	1.438	1.626	1.98	1.584	1.658
1.218	2.263	1.106	0.757	1.309	1.37	1.443	1.96	1.58	1.655
1.226	2.278	1.055	0.757	1.245	1.279	1.289	1.873	1.565	1.663
1.26	2.288	0.93	0.754	1.179	1.211	1.135	1.736	1.545	1.65
1.296	2.285	0.818	0.75	1.138	1.106	1.016	1.626	1.465	1.606
1.238	2.283	0.747	0.723	1.113	1.082	0.945	1.514	1.348	1.567
1.169	2.271	0.703	0.708	1.101	1.038	0.925	1.36	1.194	1.477
1.055	2.197	0.681	0.696	1.082	0.972	0.85	1.23	1.118	1.431
1.045	1.841	0.667	0.679	1.072	0.852	0.808	1.062	1.052	1.321
1.003	1.689	0.654	0.706	1.077	0.786	0.767	0.913	0.994	1.179
0.947	1.543	0.649	0.684	1.077	0.735	0.713	0.835	0.989	1.082
0.835	1.379	0.64	0.654	1.064	0.701	0.674	0.767	0.945	1.008
0.73	1.282	0.657	0.649	1.062	0.679	0.645	0.693	0.862	0.935
0.674	1.187	1.328	0.686	1.091	0.662	0.63	0.681	0.759	0.828
0.754	1.079	1.926	0.664	1.179	0.647	0.623	0.652	0.691	0.71
1.409	0.95	1.743	0.647	1.196	0.645	0.623	0.627	0.659	0.635
1.797	0.825	1.599	0.637	1.204	0.645	0.625	0.613	0.667	0.588
1.919	0.752	1.565	0.625	1.199	0.647	0.623	0.593	0.896	0.559
2.012	0.708	1.733	0.618	1.155	0.645	0.635	0.581	1.113	0.542
2.139	0.686	1.943	0.623	1.101	0.642	0.986	0.576	1.304	0.537
2.268	0.669	2.097	0.64	1.011	0.64	1.423	0.601	1.438	0.576
2.393	0.652	2.217	0.723	0.916	0.64	1.575	1.047	1.572	0.73
2.471	0.64	2.312	0.913	0.793	0.645	1.599	2.122	1.711	0.854
2.527	0.659	2.371	1.03	0.72	0.647	1.562	2.241	1.816	0.935
2.544	1.296	2.383	1.135	0.667	0.642	1.57	2.092	1.914	0.955
2.561	2.388	2.339	1.37	0.632	0.637	1.689	2.048	1.987	1.013
2.544	2.751	2.148	1.704	0.657	0.676	2.024	2.156	2.036	1.177
2.371	2.888	1.797	2.007	0.745	1.177	2.275	2.373	2.056	1.455
1.931	3.098	1.494	2.224	0.774	1.589	2.412	2.561	2.051	1.738
1.584	3.77	1.282	2.336	0.784	1.733	2.466	2.717	1.992	1.897
1.279	4.27	1.16	2.415	0.796	1.79	2.471	2.795	1.809	2.029
1.035	4.551	1.008	2.451	0.996	1.809	2.393	2.837	1.555	2.109
0.889	4.78	0.857	2.461	1.23	1.929	2.134	2.864	1.274	2.168
0.779	4.924	0.732	2.378	1.411	2.29	1.816	2.815	1.055	2.183
0.688	4.949	0.649	2.209	1.533	2.629	1.555	2.581	0.911	2.024
0.632	4.814	0.596	1.97	1.602	2.854	1.357	2.327	0.813	1.748
0.593	4.387	0.566	1.724	1.641	2.991	1.152	2.078	0.75	1.47
0.571	3.826	0.549	1.499	1.677	3.083	1.011	1.763	0.703	1.252
0.554	3.259	0.54	1.304	1.721	3.088	0.894	1.504	0.669	1.069
0.549	2.629	0.566	1.116	1.753	2.917	0.806	1.252	0.659	0.886
0.547	2.036	0.647	0.962	1.716	2.639	0.742	1.047	0.632	0.776
0.547	1.553	0.989	0.854	1.543	2.129	0.698	0.916	0.613	0.674
0.532	1.248	1.377	0.786	1.343	1.697	0.669	0.828	0.605	0.618
0.53	1.047	1.646	0.725	1.111	1.387	0.654	0.781	0.593	0.583
0.53	0.906	1.755	0.684	0.94	1.15	0.645	0.742	0.586	0.564
0.549	0.798	1.819	0.664	0.84	1.001	0.64	0.691	0.586	0.542
0.581	0.732	1.958	0.642	0.791	0.889	0.632	0.654	0.586	0.532
0.735	0.693	2.427	0.627	0.752	0.793	0.625	0.63	0.583	0.522
1.316	0.669	2.903	0.618	0.72	0.73	0.62	0.615	0.603	0.522
1.863	0.659	3.362	0.615	0.693	0.688	0.618	0.61	0.642	0.52
2.051	0.649	3.779	0.618	0.657	0.664	0.618	0.603	0.752	0.522
2.117	0.642	4.18	0.618	0.632	0.654	0.618	0.603	1.104	0.518
2.166	0.632	4.521	0.615	0.615	0.654	0.613	0.598	1.548	0.515
2.28	0.63	4.834	0.608	0.605	0.645	0.61	0.596	1.814	0.564
2.429	0.63	5.132	0.608	0.598	0.64	0.61	0.591	1.907	0.615
2.634	0.635	5.383	0.605	0.596	0.63	0.649	0.598	2.009	1.001
2.8	0.635	5.562	0.613	0.588	0.627	0.759	0.591	2.092	1.565
2.908	0.693	5.679	0.615	0.588	0.63	1.426	0.593	2.19	1.863
2.976	1.436	5.764	0.61	0.591	0.64	1.956	0.591	2.312	2.036
3.035	2.4	5.825	0.657	0.593	0.642	2.168	0.591	2.412	2.17
3.042	2.847	5.859	0.801	0.591	0.64	2.273	0.586	2.461	2.534
2.939	3.042	5.842	1.597	0.588	0.64	2.424	0.625	2.534	3.118
2.759	3.076	5.72	2.646	0.583	0.637	2.673	0.681	2.62	3.73
2.566	3.135	5.396	2.783	0.588	0.64	2.908	0.691	2.69	4.238
2.471	3.191	4.888	2.693	0.593	0.649	3.105	0.681	2.751	4.614
2.38	3.408	4.26	2.722	0.601	0.679	3.22	0.803	2.729	4.875
2.236	3.643	3.618	2.979	0.659	0.771	3.328	0.872	2.62	5.078
2.002	3.821	3.145	3.298	0.706	1.172	3.386	0.891	2.517	5.239
1.743	3.999	2.776	3.562	1.008	1.714	3.445	1.096	2.451	5.283
1.475	4.133	2.363	3.752	1.594	2.024	3.43	1.433	2.351	5.059
1.15	4.197	2.097	3.945	2.161	2.214	3.313	1.733	2.166	4.548
0.92	4.163	1.799	4.097	2.512	2.3	3.118	1.931	1.946	3.911
0.786	3.979	1.501	4.175	2.766	2.388	2.922	2.09	1.782	3.235
0.708	3.591	1.206	4.065	2.969	2.549	2.764	2.229	1.558	2.815
0.649	3.262	0.959	3.804	3.247	2.744	2.622	2.349	1.379	2.617
0.623	3.101	0.808	3.491	3.599	2.954	2.395	2.483	1.099	2.393
0.608	2.874	0.725	3.171	3.926	3.093	2.158	2.593	0.911	2.153
0.64	2.542	0.657	2.817	4.253	3.176	1.841	2.766	0.793	1.936
0.579	2.268	0.618	2.576	4.458	3.23	1.604	2.922	0.715	1.594
0.576	1.907	0.596	2.302	4.595	3.274	1.267	3.032	0.664	1.355
0.576	1.455	0.586	2.017	4.69	3.298	1.03	3.108	0.63	1.05
0.583	1.14	0.566	1.714	4.751	3.184	0.881	3.149	0.615	0.847
0.586	0.957	0.557	1.497	4.753	3.059	0.789	3.193	0.61	0.728
0.579	0.847	0.549	1.182	4.692	2.947	0.735	3.196	0.603	0.657
0.576	0.779	0.544	0.979	4.48	2.708	0.688	3.154	0.593	0.608
0.574	0.74	0.549	0.859	4.062	2.446	0.662	3.074	0.586	0.581
0.579	0.706	0.554	0.791	3.696	2.197	0.649	2.939	0.583	0.559
0.581	0.681	0.544	0.747	3.345	1.956	0.64	2.783	0.588	0.544
0.583	0.657	0.54	0.713	3.052	1.729	0.632	2.617	0.593	0.53
0.581	0.645	0.537	0.696	2.72	1.379	0.63	2.476	0.593	0.522
0.576	0.642	0.537	0.674	2.378	1.106	0.618	2.361	0.588	0.518
0.571	0.64	0.542	0.662	2.173	0.928	0.618	2.148	0.583	0.52
0.569	0.637	0.549	0.649	1.858	0.815	0.618	1.902	0.581	0.522
0.574	0.632	0.547	0.645	1.482	0.759	0.62	1.687	0.586	0.518
0.576	0.63	0.544	0.64	1.16	0.715	0.623	1.421	0.596	0.51
0.574	0.632	0.537	0.632	0.957	0.686	0.625	1.135	0.591	0.51
0.569	0.637	0.54	0.625	0.823	0.667	0.615	0.945	0.591	0.51
0.564	0.635	0.544	0.632	0.742	0.649	0.615	0.835	0.588	0.515
0.571	0.635	0.557	0.632	0.708	0.64	0.618	0.833	0.583	0.52
0.579	0.632	0.549	0.635	0.696	0.645	0.62	0.823	0.588	0.513
0.574	0.632	0.549	0.63	0.691	0.647	0.62	0.752	0.598	0.508
0.574	0.632	0.532	0.627	0.691	0.649	0.623	0.715	0.593	0.508
0.571	0.635	0.544	0.623	0.659	0.652	0.613	0.686	0.591	0.51
0.586	0.635	0.549	0.625	0.632	0.647	0.613	0.669	0.586	0.515
0.664	0.635	0.559	0.627	0.615	0.647	0.615	0.652	0.586	0.518
1.135	0.63	0.559	0.627	0.608	0.649	0.618	0.64	0.588	0.513
1.523	0.625	0.552	0.627	0.603	0.647	0.618	0.632	0.601	0.51
1.782	0.623	0.544	0.623	0.603	0.647	0.623	0.627	0.613	0.508
1.941	0.63	0.542	0.615	0.598	0.645	0.615	0.62	0.627	0.51
2.073	0.63	0.544	0.62	0.601	0.637	0.615	0.623	0.708	0.513
2.202	0.632	0.574	0.623	0.603	0.64	0.62	0.618	0.828	0.518
2.295	0.63	0.781	0.625	0.608	0.642	0.623	0.62	0.935	0.51
2.307	0.627	1.331	0.62	0.618	0.642	0.623	0.618	1.011	0.508
2.28	0.637	1.504	0.62	0.627	0.642	0.623	0.618	1.052	0.505
2.107	0.684	1.477	0.615	0.627	0.632	0.618	0.61	1.064	0.51
1.841	1.213	1.45	0.62	0.623	0.632	0.613	0.61	1.082	0.513
1.57	1.743	1.433	0.62	0.62	0.63	0.615	0.613	1.086	0.513
1.377	2.305	1.406	0.627	0.625	0.632	0.62	0.61	1.089	0.51
1.187	2.649	1.399	0.625	0.632	0.632	0.623	0.613	1.106	0.508
1.038	2.847	1.392	0.62	0.635	0.632	0.618	0.61	1.125	0.505
0.903	2.947	1.382	0.618	0.632	0.63	0.615	0.603	1.128	0.51
0.813	2.991	1.379	0.618	0.627	0.627	0.615	0.601	1.125	0.5
0.764	2.996	1.365	0.62	0.62	0.632	0.615	0.601	1.111	0.51
0.732	2.93	1.304	0.618	0.62	0.63	0.62	0.598	1.001	0.51
0.713	2.798	1.167	0.618	0.64	0.632	0.627	0.601	0.864	0.505
0.696	2.561	0.991	0.62	0.715	0.632	0.62	0.618	0.754	0.505
0.684	2.236	0.874	0.627	0.933	0.63	0.618	0.84	0.696	0.515
0.674	1.887	0.789	0.869	1.123	0.627	0.615	1.428	0.645	0.557
0.679	1.597	0.73	1.306	1.26	0.635	0.618	1.833	0.62	1.262
0.676	1.333	0.698	1.621	1.343	0.625	0.62	2.058	0.613	1.692
0.676	1.194	0.667	1.792	1.396	0.63	0.618	2.19	0.603	1.904
0.671	1.047	0.627	1.826	1.426	0.627	0.605	2.307	0.598	2.056
0.669	0.937	0.603	1.753	1.436	0.623	0.598	2.363	0.588	2.129
0.669	0.867	0.598	1.636	1.448	0.62	0.598	2.371	0.581	2.148
0.679	0.796	0.586	1.533	1.455	0.627	0.603	2.297	0.579	2.129
0.674	0.742	0.579	1.484	1.47	0.623	0.61	2.271	0.586	2.129
0.676	0.706	0.566	1.462	1.465	0.627	0.618	2.253	0.586	2.141
0.669	0.686	0.564	1.431	1.445	0.63	0.61	2.178	0.586	2.139
0.662	0.669	0.559	1.306	1.406	0.627	0.625	2.012	0.586	2.078
0.659	0.664	0.564	1.121	1.257	0.627	0.767	1.797	0.581	1.882
0.667	0.659	0.562	1.011	1.074	0.63	1.035	1.523	0.579	1.619
0.662	0.652	0.557	0.977	0.964	0.63	1.167	1.284	0.583	1.377
0.662	0.649	0.554	0.923	0.874	0.635	1.204	1.128	0.583	1.152
0.652	0.652	0.544	0.842	0.82	0.635	1.221	1.001	0.581	0.972
0.637	0.652	0.547	0.806	0.791	0.635	1.238	0.898	0.576	0.908
0.632	0.654	0.552	0.74	0.752	0.63	1.272	0.833	0.571	0.879
0.635	0.652	0.554	0.703	0.725	0.63	1.306	0.771	0.569	0.789
0.635	0.647	0.557	0.686	0.715	0.632	1.331	0.708	0.574	0.728
0.635	0.642	0.552	0.664	0.713	0.632	1.377	0.674	0.576	0.684
0.632	0.645	0.547	0.654	0.701	0.635	1.418	0.64	0.583	0.63
0.63	0.642	0.549	0.647	0.701	0.632	1.401	0.618	0.583	0.598
0.632	0.647	0.549	0.642	0.693	0.63	1.333	0.608	0.586	0.581
0.637	0.645	0.552	0.64	0.691	0.627	1.323	0.605	0.588	0.566
0.637	0.642	0.557	0.637	0.693	0.625	1.396	0.608	0.593	0.552
0.637	0.64	0.549	0.635	0.703	0.625	1.353	0.61	0.598	0.542
0.635	0.645	0.547	0.63	0.706	0.625	1.292	0.605	0.598	0.54
0.632	0.645	0.557	0.627	0.708	0.625	1.194	0.601	0.596	0.544
0.635	0.649	0.554	0.627	0.696	0.635	1.086	0.603	0.593	0.547
0.637	0.647	0.554	0.632	0.691	0.701	1.025	0.605	0.593	0.552
0.64	0.647	0.557	0.635	0.691	0.886	0.967	0.613	0.593	0.549
0.64	0.647	0.547	0.63	0.701	0.999	0.911	0.618	0.596	0.542
0.637	0.642	0.549	0.627	0.696	1.067	0.869	0.61	0.598	0.535
0.635	0.64	0.552	0.623	0.691	1.111	0.833	0.605	0.593	0.542
0.635	0.642	0.554	0.625	0.688	1.147	0.801	0.608	0.591	0.54
0.635	0.645	0.557	0.63	0.688	1.157	0.776	0.605	0.591	0.542
0.64	0.642	0.562	0.632	0.693	1.152	0.742	0.605	0.591	0.544
0.64	0.64	0.552	0.63	0.701	1.101	0.706	0.61	0.596	0.544
0.637	0.632	0.554	0.632	0.696	1.06	0.684	0.61	0.593	0.547
0.635	0.635	0.559	0.627	0.691	1.013	0.676	0.61	0.591	0.557
0.64	0.64	0.562	0.627	0.684	0.996	0.659	0.615	0.588	0.559
0.64	0.635	0.564	0.63	0.684	0.979	0.654	0.625	0.593	0.564
0.645	0.635	0.559	0.632	0.688	0.925	0.652	0.632	0.588	0.559
0.645	0.637	0.557	0.63	0.693	0.852	0.645	0.632	0.591	0.552
0.642	0.635	0.557	0.63	0.693	0.803	0.642	0.63	0.591	0.552
0.64	0.637	0.557	0.625	0.686	0.779	0.64	0.632	0.588	0.559
0.654	0.64	0.559	0.632	0.681	0.74	0.64	0.627	0.586	0.562
0.737	0.64	0.562	0.645	0.676	0.71	0.642	0.635	0.591	0.562
0.85	0.635	0.559	0.654	0.688	0.696	0.649	0.642	0.588	0.557
0.984	0.635	0.557	0.654	0.693	0.688	0.647	0.645	0.588	0.554
1.509	0.632	0.557	0.657	0.696	0.684	0.645	0.642	0.593	0.547
2.002	0.635	0.557	0.649	0.698	0.679	0.637	0.64	0.588	0.557
2.327	0.64	0.557	0.652	0.696	0.691	0.64	0.645	0.581	0.554
2.661	0.637	0.562	0.654	0.696	0.667	0.645	0.642	0.574	0.557
3.105	0.635	0.559	0.657	0.706	0.669	0.649	0.645	0.586	0.549
3.64	0.632	0.552	0.659	0.703	0.671	0.649	0.637	0.618	0.549
4.084	0.63	0.557	0.657	0.698	0.674	0.647	0.637	0.61	0.547
4.336	0.63	0.557	0.652	0.691	0.669	0.642	0.632	0.63	0.554
4.497	0.635	0.559	0.652	0.684	0.664	0.64	0.632	0.693	0.557
4.644	0.632	0.559	0.654	0.681	0.664	0.64	0.632	0.793	0.557
4.79	0.64	0.562	0.657	0.681	0.664	0.642	0.64	1.011	0.547
4.949	0.632	0.559	0.649	0.679	0.667	0.647	0.635	1.421	0.542
5.085	0.627	0.559	0.64	0.676	0.667	0.645	0.632	1.858	0.542
5.146	0.645	0.554	0.632	0.671	0.669	0.642	0.63	2.09	0.54
5.178	0.747	0.559	0.627	0.669	0.659	0.64	0.63	2.317	0.542
5.188	0.933	0.581	0.63	0.674	0.662	0.647	0.632	2.417	0.542
5.125	1.34	0.623	0.635	0.684	0.662	0.652	0.637	2.583	0.54
4.998	2.053	0.823	0.637	0.681	0.662	0.652	0.63	2.761	0.535
4.854	2.456	1.958	0.63	0.684	0.667	0.649	0.632	2.844	0.537
4.739	2.583	2.756	0.63	0.679	0.671	0.647	0.63	2.891	0.544
4.69	2.849	3.184	0.625	0.679	0.662	0.642	0.632	2.91	0.547
4.851	3.391	3.687	0.625	0.681	0.662	0.647	0.635	2.9	0.547
5.542	4.104	4.343	0.625	0.684	0.662	0.647	0.64	2.927	0.547
6.824	4.934	4.934	0.635	0.688	0.667	0.647	0.637	3.008	0.542
7.51	5.632	5.615	0.627	0.688	0.664	0.645	0.647	3.079	0.547
7.637	6.267	6.267	0.623	0.688	0.671	0.635	0.64	3.135	0.544
7.62	6.692	6.885	0.625	0.686	0.664	0.635	0.64	3.179	0.547
7.41	6.982	7.434	0.698	0.684	0.659	0.662	0.713	3.22	0.544
7.175	7.168	7.727	0.759	0.686	0.659	0.684	0.852	3.335	0.542
6.978	7.324	7.917	0.913	0.767	0.664	0.688	1.299	3.491	0.54
6.892	7.449	8.083	1.069	0.977	0.664	0.667	1.846	3.75	0.544
6.709	7.566	8.186	1.338	1.108	0.662	0.649	2.219	4.043	0.547
6.455	7.642	8.257	1.714	1.226	0.657	0.649	2.49	4.441	0.547
6.414	7.654	8.223	2.065	1.377	0.652	0.657	2.71	5.51	0.544
6.182	7.659	8.164	2.524	1.606	0.654	0.659	3.108	7.051	0.544
5.823	7.588	8.064	3.086	1.826	0.659	0.688	3.486	7.883	0.532
5.269	7.49	7.974	3.733	2.068	0.662	0.73	3.76	8.359	0.535
4.761	7.373	7.874	4.585	2.224	0.659	0.811	3.936	8.782	0.54
4.429	7.202	7.717	5.415	2.473	0.652	0.874	4.094	9.128	0.547
4.197	7.083	7.617	6.077	2.725	0.649	0.901	4.221	9.248	0.547
3.86	6.943	7.563	6.523	3.008	0.652	0.925	4.277	9.246	0.549
3.391	6.807	7.495	7.041	3.418	0.657	0.952	4.285	9.248	0.549
2.822	6.743	7.527	7.583	3.711	0.659	0.979	4.268	9.25	0.549
2.368	6.707	7.725	8.064	3.953	0.657	0.991	4.253	9.155	0.552
2	6.904	7.903	8.394	4.141	0.647	1.003	4.238	8.782	0.557
1.75	7.231	7.927	8.606	4.253	0.645	1.033	4.197	8.311	0.557
1.479	7.61	7.727	8.779	4.248	0.645	1.045	4.148	7.764	0.552
1.199	7.664	7.441	8.926	4.236	0.647	1.14	4.126	7.126	0.557
1.028	7.686	7.065	9.045	4.282	0.649	1.152	4.099	6.526	0.544
0.916	7.651	6.882	9.141	4.326	0.64	1.128	4.089	5.811	0.549
0.842	7.656	6.75	9.238	4.358	0.645	1.199	4.087	5.161	0.554
0.771	7.605	6.46	9.248	4.397	0.645	1.235	4.094	4.465	0.554
0.732	7.324	6.16	9.165	4.419	0.649	1.294	4.099	3.704	0.552
0.715	7.253	5.708	8.872	4.438	0.654	1.345	4.116	3.069	0.549
0.72	7.161	5.371	8.501	4.463	0.669	1.367	4.138	2.59	0.549
0.745	7.063	5.122	7.998	4.487	0.667	1.416	4.224	2.283	0.547
0.781	7.129	4.814	7.52	4.497	0.688	1.475	4.355	1.946	0.552
0.884	7.263	4.519	7.104	4.482	0.774	1.523	4.38	1.616	0.544
1.921	7.322	4.255	6.838	4.49	1.006	1.575	4.404	1.311	0.544
3.64	7.285	4.004	6.67	4.487	1.692	1.597	4.529	1.189	0.542
4.124	7.202	3.523	6.567	4.487	2.466	1.636	4.651	1.067	0.535
4.163	7.031	3.015	6.565	4.663	3.169	1.653	4.966	0.891	0.54
4.138	6.702	2.622	6.753	5.122	3.889	1.685	5.479	0.776	0.544
4.333	6.123	2.322	7.419	5.625	4.658	1.736	5.872	0.701	0.544
4.7	5.444	2.024	7.888	5.867	5.388	1.775	6.118	0.664	0.54
5.103	4.751	1.782	8.079	5.986	5.964	1.821	6.226	0.645	0.542
5.417	4.087	1.499	7.979	5.994	6.523	1.863	6.223	0.637	0.542
5.608	3.425	1.206	7.812	5.898	6.907	1.921	6.13	0.642	0.544
5.703	2.832	1.021	7.8	5.857	7.068	1.968	6.082	0.657	0.549
5.837	2.292	0.906	7.754	5.769	7.161	1.958	6.023	0.681	0.547
5.969	1.931	0.828	7.798	5.652	7.241	1.963	5.725	0.681	0.544
6.035	1.724	0.776	7.876	5.586	7.31	2.214	5.266	0.901	0.54
6.028	1.523	0.798	7.795	5.542	7.305	3.767	4.958	1.206	0.537
5.735	1.27	0.835	7.583	5.425	7.268	4.646	4.714	1.379	0.54
5.337	1.011	0.845	7.366	5.388	7.236	5.134	4.568	1.477	0.547
4.841	0.901	0.913	7.148	5.41	7.187	5.474	4.46	1.553	0.576
4.258	0.842	0.962	6.948	5.337	7.109	5.818	4.307	1.597	0.586
3.716	0.747	1.086	6.709	5.176	7.1	6.362	4.158	1.65	0.693
3.308	0.698	1.523	6.423	5.022	7.085	6.936	3.948	1.775	0.884
2.91	0.667	2.363	6.057	4.895	7.129	7.573	3.691	1.897	1.187
2.595	0.642	2.979	5.632	4.646	7.134	7.996	3.34	1.982	1.409
2.271	0.637	3.14	5.09	4.351	7.17	8.298	2.935	2.034	1.619
2.009	1.028	3.259	4.348	3.962	7.212	8.491	2.532	2.078	1.716
1.814	2.51	3.584	3.696	3.401	7.212	8.547	2.166	2.141	1.807
1.626	3.523	3.962	3.215	2.844	7.773	8.521	1.877	2.168	1.885
1.401	3.909	4.209	2.732	2.444	8.711	8.477	1.677	2.151	2.019
1.194	4.016	4.377	2.346	2.209	8.887	8.435	1.465	2.109	2.131
1.05	4.011	4.48	1.995	1.938	8.777	8.345	1.262	2.041	2.192
0.964	4.27	4.565	1.675	1.653	8.66	8.096	1.06	1.99	2.241
0.913	4.717	4.619	1.443	1.355	8.281	7.61	0.886	1.929	2.251
0	5.21	4.768	1.23	1.118	7.903	6.936	0.791	1.846	2.283
0	5.686	4.783	1.047	0.969	7.61	6.123	0.723	1.726	2.373
0	6.111	4.805	0.92	0.876	7.524	5.125	0.681	1.587	2.461
0	6.477	4.822	0.845	0.781	7.324	4.207	0.654	1.45	2.512
0	6.699	4.788	0.784	0.723	7.124	3.389	0.642	1.345	2.529
0	6.75	4.692	0.747	0.684	6.75	2.747	0.637	1.172	2.529
0	6.528	4.492	0.73	0.659	6.414	2.209	0.625	0.957	2.529
0	6.157	4.277	0.747	0.679	6.218	1.724	0.618	0.789	2.52
0	5.75	4.109	0.786	0.688	6.106	1.353	0.61	0.684	2.532
0	5.264	3.831	0.818	0.691	5.781	1.084	0.608	0.623	2.544
0	4.8	3.511	0.806	0.701	5.171	0.918	0.608	0.586	2.544
0	4.185	3.123	0.955	0.706	4.482	0.813	0.608	0.566	2.644
0	3.567	2.776	1.56	0.732	3.872	0.745	0.605	0.554	2.764
0	3.062	2.488	2.429	0.754	3.293	0.701	0.649	0	3.142
0	2.654	2.107	2.896	1.157	2.817	0.671	0.933	0	3.623
0	2.307	1.816	2.993	1.956	2.39	0.664	1.855	0	4.285
0	1.968	1.636	3.042	2.664	1.98	0.654	2.412	0	4.724
0	1.714	1.467	3.113	2.917	1.653	0.681	2.559	0	5.046
0	1.538	1.221	3.32	3.086	1.323	0.696	2.559	0	5.266
0	1.414	1.072	3.474	3.149	1.062	0.701	2.524	0	5.32
0	1.26	0.974	3.562	3.152	0.886	0.703	2.466	0	5.176
0	1.072	0.911	3.54	3.203	0.771	0.71	2.451	0	5.027
0	0.906	0	3.499	3.308	0.713	0.715	2.393	0	5.032
0	0.801	0	3.467	3.32	0.674	0.715	2.336	0	5.154
0	0.742	0	3.423	3.254	0.649	0.715	2.241	0	5.269
0	0.715	0	3.403	3.242	0.659	0.701	2.153	0	5.173
0	0	0	3.347	3.279	0.642	0.701	2.053	0	4.902
0	0	0	3.232	3.303	0.625	0.698	1.956	0	4.524
0	0	0	3.105	3.179	0.623	0.696	1.846	0	4.089
0	0	0	2.9	2.913	0.615	0.703	1.726	0	3.716
0	0	0	2.627	2.698	0.615	0.708	1.575	0	3.467
0	0	0	2.397	2.446	0.61	0.698	1.465	0	3.167
0	0	0	2.229	2.158	0.605	0.693	1.389	0	2.808
0	0	0	2.048	1.907	0.601	0.696	1.34	0	2.412
0	0	0	1.851	1.763	0.649	0.698	1.182	0	2.197
0	0	0	1.741	1.567	1.116	0.693	0.972	0	2.092
0	0	0	1.721	1.36	2.253	0.688	0.833	0	1.982
0	0	0	1.624	1.133	2.808	0.679	0.745	0	1.755
0	0	0	1.492	0.996	3.022	0.698	0.688	0	1.528
0	0	0	1.265	0.901	3.044	0.762	0.659	0	1.248
0	0	0	1.089	0.842	2.996	1.35	0.642	0	1.016
0	0	0	1.003	0.811	2.954	2.903	0.63	0	0.85
0	0	0	0.918	0.793	2.915	3.657	0.627	0	0.754
0	0	0	0.867	0.774	2.844	3.672	0.615	0	0.701
0	0	0	0.84	0.759	2.708	3.699	0.61	0	0.645
0	0	0	0.825	0.752	2.581	3.882	0.608	0	0.615
0	0	0	0.818	0.747	2.532	4.128	0.608	0	0.586
0	0	0	0.808	0.745	2.488	4.246	0.598	0	0.569
0	0	0	0.798	0.747	2.461	4.312	0	0	0.566
0	0	0	0	0	2.397	4.419	0	0	0.557
0	0	0	0	0	2.297	4.475	0	0	0.554
0	0	0	0	0	2.092	4.368	0	0	0.549
0	0	0	0	0	1.841	4.175	0	0	0.542
0	0	0	0	0	1.633	3.894	0	0	0.535
0	0	0	0	0	1.426	3.611	0	0	0.532
0	0	0	0	0	1.147	3.323	0	0	0.535
0	0	0	0	0	0.935	3.069	0	0	0.537
0	0	0	0	0	0.808	2.803	0	0	0.535
0	0	0	0	0	0.737	2.554	0	0	0.598
0	0	0	0	0	0.691	2.283	0	0	1.401
0	0	0	0	0	0.664	1.982	0	0	3.975
0	0	0	0	0	0.642	1.726	0	0	4.077
0	0	0	0	0	0.623	1.538	0	0	3.479
0	0	0	0	0	0.615	1.394	0	0	3.118
0	0	0	0	0	0.605	1.211	0	0	3.157
0	0	0	0	0	0.608	1.033	0	0	3.428
0	0	0	0	0	0.608	0.889	0	0	3.599
0	0	0	0	0	0.598	0.798	0	0	3.623
0	0	0	0	0	0	0.75	0	0	3.611
0	0	0	0	0	0	0.718	0	0	3.611
0	0	0	0	0	0	0.701	0	0	3.625
0	0	0	0	0	0	0.696	0	0	3.606
0	0	0	0	0	0	0.684	0	0	3.499
0	0	0	0	0	0	0.676	0	0	3.323
0	0	0	0	0	0	0.669	0	0	3.132
0	0	0	0	0	0	0.664	0	0	2.793
0	0	0	0	0	0	0	0	0	2.373
0	0	0	0	0	0	0	0	0	2.021
0	0	0	0	0	0	0	0	0	1.68
0	0	0	0	0	0	0	0	0	1.416
0	0	0	0	0	0	0	0	0	1.204
0	0	0	0	0	0	0	0	0	1.013
0	0	0	0	0	0	0	0	0	0.876
0	0	0	0	0	0	0	0	0	0.752
0	0	0	0	0	0	0	0	0	0.671
0	0	0	0	0	0	0	0	0	0.63
0	0	0	0	0	0	0	0	0	0.618
0	0	0	0	0	0	0	0	0	0.605
0	0	0	0	0	0	0	0	0	0.596
