0.146	0.107	0.669	0.103	0.11	0.107	0.107	0.107	0.107	0.107
0.146	0.105	3.633	0.107	0.11	0.105	0.105	0.105	0.105	0.105
0.176	0.198	2.214	0.112	0.11	0.198	0.198	0.198	0.198	0.198
0.796	2.983	1.116	0.103	0.107	2.983	2.983	2.983	2.983	2.983
1.77	3.037	0.85	0.427	0.11	3.037	3.037	3.037	3.037	3.037
0.955	1.46	0.889	2.397	0.115	1.46	1.46	1.46	1.46	1.46
0.591	1.047	0.957	2.339	0.693	1.047	1.047	1.047	1.047	1.047
0.469	0.999	0.984	1.484	2.661	0.999	0.999	0.999	0.999	0.999
0.449	1.035	1.018	1.191	1.895	1.035	1.035	1.035	1.035	1.035
0.449	1.055	1.033	1.111	1.15	1.055	1.055	1.055	1.055	1.055
0.452	1.099	0.999	1.13	1.042	1.099	1.099	1.099	1.099	1.099
0.452	1.104	0.886	1.187	1.045	1.104	1.104	1.104	1.104	1.104
0.437	1.089	0.642	1.199	1.084	1.089	1.089	1.089	1.089	1.089
0.386	0.979	0.503	1.182	1.113	0.979	0.979	0.979	0.979	0.979
0.376	0.82	0.464	1.179	1.135	0.82	0.82	0.82	0.82	0.82
0.334	0.657	0.391	1.167	1.135	0.657	0.657	0.657	0.657	0.657
0.334	0.508	0.315	1.13	1.133	0.508	0.508	0.508	0.508	0.508
0.244	0.398	0.198	0.886	1.038	0.398	0.398	0.398	0.398	0.398
0.181	0.322	0.151	0.664	0.889	0.322	0.322	0.322	0.322	0.322
0.168	0.315	0.144	0.454	0.72	0.315	0.315	0.315	0.315	0.315
0.181	0.21	0.142	0.298	0.518	0.21	0.21	0.21	0.21	0.21
0.176	0.154	0.139	0.259	0.396	0.154	0.154	0.154	0.154	0.154
0.164	0.142	0.146	0.161	0.386	0.142	0.142	0.142	0.142	0.142
0.159	0.137	0.146	0.1	0.251	0.137	0.137	0.137	0.137	0.137
0.161	0.139	0.142	0.1	0.188	0.139	0.139	0.139	0.139	0.139
0.161	0.129	0.144	0.11	0.171	0.129	0.129	0.129	0.129	0.129
0.164	0.122	0.149	0.098	0.173	0.122	0.122	0.122	0.122	0.122
0.161	0.117	0.151	0.09	0.166	0.117	0.117	0.117	0.117	0.117
0.156	0.093	0.149	0.083	0.154	0.093	0.093	0.093	0.093	0.093
0.159	0.115	0.146	0.083	0.149	0.115	0.115	0.115	0.115	0.115
0.159	0.125	0.144	0.083	0.151	0.125	0.125	0.125	0.125	0.125
0.161	1.008	0.146	0.081	0.154	1.008	1.008	1.008	1.008	1.008
0.161	1.555	0.149	0.081	0.156	1.555	1.555	1.555	1.555	1.555
0.159	0.964	0.176	0.078	0.154	0.964	0.964	0.964	0.964	0.964
0.164	0.732	0.945	0.078	0.149	0.732	0.732	0.732	0.732	0.732
0.205	0.71	2.534	0.076	0.149	0.71	0.71	0.71	0.71	0.71
0.356	0.73	1.482	0.076	0.151	0.73	0.73	0.73	0.73	0.73
0.325	0.735	0.854	0.078	0.156	0.735	0.735	0.735	0.735	0.735
0.308	0.745	0.798	0.088	0.156	0.745	0.745	0.745	0.745	0.745
0.303	0.757	0.813	0.088	0.176	0.757	0.757	0.757	0.757	0.757
0.305	0.779	0.84	0.088	0.317	0.779	0.779	0.779	0.779	0.779
0.305	0.774	0.862	0.088	0.459	0.774	0.774	0.774	0.774	0.774
0.305	0.779	0.869	0.09	0.469	0.779	0.779	0.779	0.779	0.779
0.31	0.781	0.864	0.09	0.459	0.781	0.781	0.781	0.781	0.781
0.31	0.776	0.845	0.093	0.444	0.776	0.776	0.776	0.776	0.776
0.308	0.757	0.82	0.09	0.442	0.757	0.757	0.757	0.757	0.757
0.305	0.601	0.779	0.09	0.444	0.601	0.601	0.601	0.601	0.601
0.308	0.457	0.708	0.088	0.449	0.457	0.457	0.457	0.457	0.457
0.303	0.3	0.623	0.09	0.452	0.3	0.3	0.3	0.3	0.3
0.305	0.232	0.537	0.088	0.447	0.232	0.232	0.232	0.232	0.232
0.293	0.254	0.459	0.11	0.442	0.254	0.254	0.254	0.254	0.254
0.3	0.251	0.376	0.21	0.42	0.251	0.251	0.251	0.251	0.251
0.305	0.176	0.317	0.552	0.366	0.176	0.176	0.176	0.176	0.176
0.308	0.105	0.269	0.925	0.322	0.105	0.105	0.105	0.105	0.105
0.293	0.088	0.21	0.664	0.291	0.088	0.088	0.088	0.088	0.088
0.242	0.081	0.159	0.518	0.269	0.081	0.081	0.081	0.081	0.081
0.183	0.078	0.144	0.481	0.264	0.078	0.078	0.078	0.078	0.078
0.164	0.083	0.142	0.474	0.264	0.083	0.083	0.083	0.083	0.083
0.159	0.107	0.142	0.481	0.254	0.107	0.107	0.107	0.107	0.107
0.159	0.1	0.139	0.493	0.22	0.1	0.1	0.1	0.1	0.1
0.159	0.09	0.137	0.496	0.176	0.09	0.09	0.09	0.09	0.09
0.164	0.085	0.142	0.498	0.161	0.085	0.085	0.085	0.085	0.085
0.164	0.088	0.146	0.5	0.159	0.088	0.088	0.088	0.088	0.088
0.161	0.09	0.142	0.498	0.156	0.09	0.09	0.09	0.09	0.09
0.159	0.093	0.142	0.491	0.154	0.093	0.093	0.093	0.093	0.093
0.159	0.09	0.139	0.486	0.151	0.09	0.09	0.09	0.09	0.09
0.161	0.088	0.142	0.479	0.154	0.088	0.088	0.088	0.088	0.088
0.164	0.088	0.144	0.415	0.156	0.088	0.088	0.088	0.088	0.088
0.164	0.09	0.146	0.371	0.156	0.09	0.09	0.09	0.09	0.09
0.161	0.098	0.146	0.334	0.154	0.098	0.098	0.098	0.098	0.098
0.159	0.098	0.146	0.254	0.151	0.098	0.098	0.098	0.098	0.098
0.161	0.095	0.171	0.195	0.151	0.095	0.095	0.095	0.095	0.095
0.164	0.088	0.857	0.183	0.156	0.088	0.088	0.088	0.088	0.088
0.164	0.078	1.24	0.151	0.156	0.078	0.078	0.078	0.078	0.078
0.164	0.081	0.613	0.117	0.156	0.081	0.081	0.081	0.081	0.081
0.161	0.088	0.41	0.105	0.154	0.088	0.088	0.088	0.088	0.088
0.159	0.139	0.366	0.093	0.151	0.139	0.139	0.139	0.139	0.139
0.159	1.548	0.352	0.098	0.154	1.548	1.548	1.548	1.548	1.548
0.261	1.406	0.33	0.103	0.156	1.406	1.406	1.406	1.406	1.406
1.191	0.62	0.334	0.107	0.159	0.62	0.62	0.62	0.62	0.62
0.583	0.391	0.332	0.105	0.159	0.391	0.391	0.391	0.391	0.391
0.283	0.376	0.325	0.083	0.181	0.376	0.376	0.376	0.376	0.376
0.195	0.381	0.295	0.076	0.825	0.381	0.381	0.381	0.381	0.381
0.19	0.364	0.276	0.083	0.974	0.364	0.364	0.364	0.364	0.364
0.198	0.347	0.269	0.09	0.5	0.347	0.347	0.347	0.347	0.347
0.203	0.327	0.291	0.093	0.4	0.327	0.327	0.327	0.327	0.327
0.203	0.32	0.3	0.134	0.386	0.32	0.32	0.32	0.32	0.32
0.203	0.33	0.293	2.217	0.381	0.33	0.33	0.33	0.33	0.33
0.205	0.31	0.251	1.824	0.364	0.31	0.31	0.31	0.31	0.31
0.215	0.259	0.215	0.85	0.359	0.259	0.259	0.259	0.259	0.259
0.225	0.176	0.161	0.559	0.347	0.176	0.176	0.176	0.176	0.176
0.239	0.154	0.149	0.525	0.305	0.154	0.154	0.154	0.154	0.154
0.239	0.151	0.149	0.557	0.273	0.151	0.151	0.151	0.151	0.151
0.251	0.151	0.151	0.564	0.254	0.151	0.151	0.151	0.151	0.151
0.198	0.154	0.146	0.566	0.256	0.154	0.154	0.154	0.154	0.154
0.149	0.149	0.146	0.559	0.269	0.149	0.149	0.149	0.149	0.149
0.142	0.146	0.146	0.537	0.278	0.146	0.146	0.146	0.146	0.146
0.142	0.146	0.146	0.422	0.208	0.146	0.146	0.146	0.146	0.146
0.144	0.146	0.176	0.396	0.166	0.146	0.146	0.146	0.146	0.146
0.146	0.149	0.276	0.378	0.154	0.149	0.149	0.149	0.149	0.149
0.146	0.151	1.633	0.361	0.151	0.151	0.151	0.151	0.151	0.151
0.149	0.146	2.444	0.352	0.151	0.146	0.146	0.146	0.146	0.146
0.151	0.144	2.224	0.222	0.154	0.144	0.144	0.144	0.144	0.144
0.154	0.144	1.951	0.144	0.156	0.144	0.144	0.144	0.144	0.144
0.154	0.144	1.919	0.122	0.156	0.144	0.144	0.144	0.144	0.144
0.151	0.149	1.892	0.112	0.154	0.149	0.149	0.149	0.149	0.149
0.149	0.149	1.86	0.105	0.151	0.149	0.149	0.149	0.149	0.149
0.151	0.146	1.829	0.098	0.151	0.146	0.146	0.146	0.146	0.146
0.151	0.144	1.812	0.081	0.156	0.144	0.144	0.144	0.144	0.144
0.154	0.144	1.797	0.078	0.156	0.144	0.144	0.144	0.144	0.144
0.154	0.19	1.782	0.073	0.171	0.19	0.19	0.19	0.19	0.19
0.151	1.536	1.76	0.09	0.215	1.536	1.536	1.536	1.536	1.536
0.149	2.517	1.714	0.1	0.544	2.517	2.517	2.517	2.517	2.517
0.149	1.799	1.523	0.095	0.994	1.799	1.799	1.799	1.799	1.799
0.151	1.394	1.179	0.095	1.072	1.394	1.394	1.394	1.394	1.394
0.151	1.355	1.008	0.093	1.069	1.355	1.355	1.355	1.355	1.355
0.149	1.497	0.781	0.093	1.06	1.497	1.497	1.497	1.497	1.497
0.149	1.604	0.469	0.1	1.055	1.604	1.604	1.604	1.604	1.604
0.149	1.628	0.337	0.098	1.052	1.628	1.628	1.628	1.628	1.628
0.149	1.614	0.225	0.098	1.047	1.614	1.614	1.614	1.614	1.614
0.144	1.658	0.164	0.098	1.057	1.658	1.658	1.658	1.658	1.658
0.142	1.675	0.149	0.103	1.052	1.675	1.675	1.675	1.675	1.675
0.137	1.689	0.149	0.103	1.021	1.689	1.689	1.689	1.689	1.689
0.134	1.697	0.146	0.107	1.006	1.697	1.697	1.697	1.697	1.697
0.134	1.68	0.144	0.11	0.996	1.68	1.68	1.68	1.68	1.68
0.137	1.643	0.139	0.117	0.969	1.643	1.643	1.643	1.643	1.643
0.137	1.553	0.139	0.12	0.869	1.553	1.553	1.553	1.553	1.553
0.139	1.423	0.144	0.12	0.784	1.423	1.423	1.423	1.423	1.423
0.137	1.26	0.146	0.122	0.684	1.26	1.26	1.26	1.26	1.26
0.137	1.216	0.149	0.125	0.518	1.216	1.216	1.216	1.216	1.216
0.137	1.016	0.142	0.105	0.408	1.016	1.016	1.016	1.016	1.016
0.151	0.879	0.139	0.095	0.291	0.879	0.879	0.879	0.879	0.879
0.298	0.723	0.139	0.093	0.227	0.723	0.723	0.723	0.723	0.723
1.45	0.5	0.139	0.1	0.178	0.5	0.5	0.5	0.5	0.5
1.292	0.356	0.12	0.134	0.164	0.356	0.356	0.356	0.356	0.356
0.847	0.366	0.12	0.403	0.156	0.366	0.366	0.366	0.366	0.366
0.696	0.288	0.125	0.999	0.154	0.288	0.288	0.288	0.288	0.288
0.662	0.22	0.12	1.108	0.151	0.22	0.22	0.22	0.22	0.22
0.723	0.164	0.115	1.089	0.154	0.164	0.164	0.164	0.164	0.164
0.737	0.149	0.115	1.067	0.156	0.149	0.149	0.149	0.149	0.149
0.745	0.146	0.12	1.069	0.156	0.146	0.146	0.146	0.146	0.146
0.75	0.151	0.12	1.062	0.151	0.151	0.151	0.151	0.151	0.151
0.752	0.151	0.117	1.062	0.151	0.151	0.151	0.151	0.151	0.151
0.745	0.146	0.115	1.057	0.151	0.146	0.146	0.146	0.146	0.146
0.73	0.146	0.112	1.042	0.151	0.146	0.146	0.146	0.146	0.146
0.723	0.144	0.103	1.018	0.154	0.144	0.144	0.144	0.144	0.144
0.698	0.149	0.107	1.013	0.156	0.149	0.149	0.149	0.149	0.149
0.642	0.151	0.105	1.03	0.154	0.151	0.151	0.151	0.151	0.151
0.559	0.149	0.103	1.025	0.154	0.149	0.149	0.149	0.149	0.149
0.43	0.149	0.1	0.952	0.151	0.149	0.149	0.149	0.149	0.149
0.327	0.146	0.103	0.811	0.154	0.146	0.146	0.146	0.146	0.146
0.278	0.144	0.103	0.754	0.156	0.144	0.144	0.144	0.144	0.144
0.225	0.144	0.1	0.71	0.156	0.144	0.144	0.144	0.144	0.144
0.171	0.146	0.098	0.593	0.154	0.146	0.146	0.146	0.146	0.146
0.154	0.149	0.103	0.413	0.151	0.149	0.149	0.149	0.149	0.149
0.146	0.149	0.1	0.32	0.151	0.149	0.149	0.149	0.149	0.149
0.146	0.144	0.098	0.232	0.156	0.144	0.144	0.144	0.144	0.144
0.146	0.144	0.098	0.186	0.156	0.144	0.144	0.144	0.144	0.144
0.146	0.144	0.1	0.122	0.156	0.144	0.144	0.144	0.144	0.144
0.144	0.146	0.105	0.103	0.154	0.146	0.146	0.146	0.146	0.146
0.139	0.149	0.103	0.112	0.151	0.149	0.149	0.149	0.149	0.149
0.144	0.146	0.1	0.122	0.151	0.146	0.146	0.146	0.146	0.146
0.144	0.146	0.1	0.117	0.154	0.146	0.146	0.146	0.146	0.146
0.146	0.144	0.103	0.117	0.156	0.144	0.144	0.144	0.144	0.144
0.144	0.146	0.103	0.122	0.159	0.146	0.146	0.146	0.146	0.146
0.142	0.149	0.105	0.11	0.154	0.149	0.149	0.149	0.149	0.149
0.139	0.149	0.105	0.103	0.151	0.149	0.149	0.149	0.149	0.149
0.142	0.146	0.1	0.098	0.154	0.146	0.146	0.146	0.146	0.146
0.144	0.146	0.098	0.1	0.156	0.146	0.146	0.146	0.146	0.146
0.149	0.144	0.1	0.105	0.156	0.144	0.144	0.144	0.144	0.144
0.149	0.144	0.103	0.11	0.156	0.144	0.144	0.144	0.144	0.144
0.146	0.146	0.105	0.112	0.151	0.146	0.146	0.146	0.146	0.146
0.146	0.149	0.105	0.115	0.151	0.149	0.149	0.149	0.149	0.149
0.132	0.146	0.1	0.117	0.151	0.146	0.146	0.146	0.146	0.146
0.149	0.142	0.1	0.122	0.154	0.142	0.142	0.142	0.142	0.142
0.149	0.142	0.1	0.12	0.156	0.142	0.142	0.142	0.142	0.142
0.149	0.144	0.098	0.125	0.156	0.144	0.144	0.144	0.144	0.144
0.149	0.149	0.098	0.125	0.154	0.149	0.149	0.149	0.149	0.149
0.146	0.149	0.098	0.122	0.151	0.149	0.149	0.149	0.149	0.149
0.146	0.146	0.095	0.122	0.151	0.146	0.146	0.146	0.146	0.146
0.149	0.144	0.093	0.117	0.154	0.144	0.144	0.144	0.144	0.144
0.151	0.142	0.095	0.12	0.154	0.142	0.142	0.142	0.142	0.142
0.146	0.144	0.095	0.12	0.156	0.144	0.144	0.144	0.144	0.144
0.144	0.149	0.1	0.122	0.154	0.149	0.149	0.149	0.149	0.149
0.144	0.146	0.098	0.117	0.151	0.146	0.146	0.146	0.146	0.146
0.144	0.146	0.098	0.115	0.151	0.146	0.146	0.146	0.146	0.146
0.146	0.144	0.095	0.105	0.154	0.144	0.144	0.144	0.144	0.144
0.149	0.142	0.093	0.103	0.156	0.142	0.142	0.142	0.142	0.142
0.146	0.144	0.098	0.098	0.156	0.144	0.144	0.144	0.144	0.144
0.144	0.146	0.095	0.098	0.154	0.146	0.146	0.146	0.146	0.146
0.144	0.146	0.095	0.085	0.154	0.146	0.146	0.146	0.146	0.146
0.146	0.144	0.093	0.083	0.151	0.144	0.144	0.144	0.144	0.144
0.144	0.142	0.093	0.093	0.154	0.142	0.142	0.142	0.142	0.142
0.142	0.142	0.093	0.095	0.156	0.142	0.142	0.142	0.142	0.142
0.142	0.146	0.093	0.098	0.154	0.146	0.146	0.146	0.146	0.146
0.142	0.149	0.093	0.095	0.151	0.149	0.149	0.149	0.149	0.149
0.142	0.149	0.09	0.095	0.151	0.149	0.149	0.149	0.149	0.149
0.142	0.149	0.088	0.093	0.151	0.149	0.149	0.149	0.149	0.149
0.144	0.144	0.088	0.093	0.151	0.144	0.144	0.144	0.144	0.144
0.146	0.144	0.09	0.093	0.154	0.144	0.144	0.144	0.144	0.144
0.146	0.146	0.093	0.095	0.151	0.146	0.146	0.146	0.146	0.146
0.142	0.149	0.095	0.098	0.151	0.149	0.149	0.149	0.149	0.149
0.139	0.149	0.095	0.1	0.149	0.149	0.149	0.149	0.149	0.149
0.142	0.146	0.09	0.103	0.149	0.146	0.146	0.146	0.146	0.146
0.142	0.144	0.093	0.105	0.151	0.144	0.144	0.144	0.144	0.144
0.144	0.144	0.093	0.107	0.154	0.144	0.144	0.144	0.144	0.144
0.142	0.146	0.095	0.1	0.154	0.146	0.146	0.146	0.146	0.146
0.144	0.149	0.095	0.098	0.149	0.149	0.149	0.149	0.149	0.149
0.144	0.149	0.093	0.095	0.149	0.149	0.149	0.149	0.149	0.149
0.142	0.146	0.088	0.093	0.149	0.146	0.146	0.146	0.146	0.146
0.146	0.144	0.088	0.09	0.151	0.144	0.144	0.144	0.144	0.144
0.149	0.144	0.095	0.09	0.154	0.144	0.144	0.144	0.144	0.144
0.146	0.144	0.098	0.093	0.154	0.144	0.144	0.144	0.144	0.144
0.142	0.149	0.103	0.095	0.149	0.149	0.149	0.149	0.149	0.149
0.139	0.146	0.103	0.093	0.149	0.146	0.146	0.146	0.146	0.146
0.139	0.146	0.1	0.095	0.149	0.146	0.146	0.146	0.146	0.146
0.142	0.144	0.1	0.093	0.151	0.144	0.144	0.144	0.144	0.144
0.146	0.144	0.1	0.095	0.151	0.144	0.144	0.144	0.144	0.144
0.146	0.146	0.1	0.093	0.151	0.146	0.146	0.146	0.146	0.146
0.144	0.146	0.105	0.09	0.149	0.146	0.146	0.146	0.146	0.146
0.142	0.149	0.103	0.085	0.149	0.149	0.149	0.149	0.149	0.149
0.142	0.146	0.117	0.103	0.149	0.146	0.146	0.146	0.146	0.146
0.144	0.144	0.266	0.115	0.164	0.144	0.144	0.144	0.144	0.144
0.146	0.144	1.621	0.117	0.933	0.144	0.144	0.144	0.144	0.144
0.146	0.146	1.204	0.115	2.471	0.146	0.146	0.146	0.146	0.146
0.139	0.149	0.74	0.11	1.26	0.149	0.149	0.149	0.149	0.149
0.137	0.154	0.615	0.103	0.657	0.154	0.154	0.154	0.154	0.154
0.139	0.149	0.605	0.093	0.647	0.149	0.149	0.149	0.149	0.149
0.139	0.146	0.605	0.095	0.845	0.146	0.146	0.146	0.146	0.146
0.142	0.146	0.615	0.095	0.92	0.146	0.146	0.146	0.146	0.146
0.139	0.146	0.613	0.095	0.898	0.146	0.146	0.146	0.146	0.146
0.134	0.151	0.613	0.088	0.879	0.151	0.151	0.151	0.151	0.151
0.137	0.154	0.613	0.085	0.879	0.154	0.154	0.154	0.154	0.154
0.137	0.151	0.601	0.088	0.886	0.151	0.151	0.151	0.151	0.151
0.137	0.146	0.559	0.093	0.828	0.146	0.146	0.146	0.146	0.146
0.144	0.146	0.505	0.098	0.764	0.146	0.146	0.146	0.146	0.146
0.142	0.149	0.52	0.098	0.728	0.149	0.149	0.149	0.149	0.149
0.139	0.149	0.491	0.093	0.664	0.149	0.149	0.149	0.149	0.149
0.137	0.151	0.391	0.09	0.547	0.151	0.151	0.151	0.151	0.151
0.137	0.149	0.291	0.083	0.452	0.149	0.149	0.149	0.149	0.149
0.134	0.146	0.22	0.083	0.31	0.146	0.146	0.146	0.146	0.146
0.142	0.146	0.168	0.085	0.237	0.146	0.146	0.146	0.146	0.146
0.139	0.149	0.12	0.09	0.208	0.149	0.149	0.149	0.149	0.149
0.139	0.149	0.1	0.09	0.166	0.149	0.149	0.149	0.149	0.149
0.137	0.149	0.098	0.09	0.156	0.149	0.149	0.149	0.149	0.149
0.139	0.149	0.093	0.083	0.154	0.149	0.149	0.149	0.149	0.149
0.142	0.146	0.095	0.088	0.156	0.146	0.146	0.146	0.146	0.146
0.144	0.137	0.098	0.088	0.156	0.137	0.137	0.137	0.137	0.137
0.144	0.12	0.1	0.09	0.156	0.12	0.12	0.12	0.12	0.12
0.142	0.12	0.1	0.09	0.154	0.12	0.12	0.12	0.12	0.12
0.142	0.125	0.1	0.088	0.149	0.125	0.125	0.125	0.125	0.125
0.142	0.125	0.1	0.088	0.151	0.125	0.125	0.125	0.125	0.125
0.146	0.125	0.098	0.088	0.154	0.125	0.125	0.125	0.125	0.125
0.146	0.122	0.098	0.09	0.156	0.122	0.122	0.122	0.122	0.122
0.146	0.115	0.098	0.09	0.154	0.115	0.115	0.115	0.115	0.115
0.144	0.112	0.1	0.09	0.154	0.112	0.112	0.112	0.112	0.112
0.142	0.115	0.1	0.09	0.151	0.115	0.115	0.115	0.115	0.115
0.144	0.12	0.1	0.088	0.151	0.12	0.12	0.12	0.12	0.12
0.146	0.122	0.1	0.083	0.154	0.122	0.122	0.122	0.122	0.122
0.146	0.122	0.103	0.085	0.156	0.122	0.122	0.122	0.122	0.122
0.146	0.117	0.103	0.095	0.156	0.117	0.117	0.117	0.117	0.117
0.146	0.117	0.105	0.1	0.151	0.117	0.117	0.117	0.117	0.117
0.142	0.11	0.103	0.098	0.151	0.11	0.11	0.11	0.11	0.11
0.139	0.1	0.098	0.093	0.151	0.1	0.1	0.1	0.1	0.1
0.142	0.098	0.098	0.088	0.154	0.098	0.098	0.098	0.098	0.098
0.142	0.09	0.098	0.081	0.156	0.09	0.09	0.09	0.09	0.09
0.139	0.1	0.098	0.083	0.156	0.1	0.1	0.1	0.1	0.1
0.137	0.11	0.098	0.085	0.154	0.11	0.11	0.11	0.11	0.11
0.137	0.11	0.098	0.078	0.151	0.11	0.11	0.11	0.11	0.11
0.137	0.11	0.095	0.076	0.151	0.11	0.11	0.11	0.11	0.11
0.142	0.107	0.095	0.073	0.154	0.107	0.107	0.107	0.107	0.107
0.139	0.1	0.098	0.076	0.156	0.1	0.1	0.1	0.1	0.1
0.139	0.103	0.098	0.078	0.156	0.103	0.103	0.103	0.103	0.103
0.134	0.103	0.093	0.073	0.151	0.103	0.103	0.103	0.103	0.103
0.134	0.107	0.09	0.076	0.151	0.107	0.107	0.107	0.107	0.107
0.134	0.103	0.09	0.076	0.151	0.103	0.103	0.103	0.103	0.103
0.139	0.1	0.09	0.078	0.156	0.1	0.1	0.1	0.1	0.1
0.142	0.095	0.093	0.078	0.156	0.095	0.095	0.095	0.095	0.095
0.142	0.122	0.095	0.081	0.154	0.122	0.122	0.122	0.122	0.122
0.139	0.154	0.098	0.078	0.154	0.154	0.154	0.154	0.154	0.154
0.137	0.193	0.1	0.073	0.149	0.193	0.193	0.193	0.193	0.193
0.139	0.898	0.1	0.076	0.151	0.898	0.898	0.898	0.898	0.898
0.139	1.75	0.095	0.081	0.154	1.75	1.75	1.75	1.75	1.75
0.156	1.243	0.095	0.081	0.156	1.243	1.243	1.243	1.243	1.243
0.205	0.92	0.095	0.081	0.154	0.92	0.92	0.92	0.92	0.92
0.793	0.857	0.095	0.081	0.151	0.857	0.857	0.857	0.857	0.857
1.084	0.823	0.098	0.081	0.149	0.823	0.823	0.823	0.823	0.823
1.064	0.823	0.09	0.085	0.151	0.823	0.823	0.823	0.823	0.823
1.06	0.82	0.088	0.09	0.154	0.82	0.82	0.82	0.82	0.82
1.064	0.82	0.095	0.09	0.156	0.82	0.82	0.82	0.82	0.82
1.072	0.808	0.098	0.093	0.154	0.808	0.808	0.808	0.808	0.808
1.072	0.706	0.098	0.093	0.151	0.706	0.706	0.706	0.706	0.706
1.057	0.586	0.098	0.09	0.151	0.586	0.586	0.586	0.586	0.586
1.067	0.486	0.098	0.09	0.156	0.486	0.486	0.486	0.486	0.486
1.067	0.425	0.098	0.088	0.154	0.425	0.425	0.425	0.425	0.425
1.033	0.342	0.103	0.09	0.154	0.342	0.342	0.342	0.342	0.342
0.942	0.269	0.103	0.137	0.154	0.269	0.269	0.269	0.269	0.269
0.791	0.256	0.103	1.333	0.151	0.256	0.256	0.256	0.256	0.256
0.676	0.22	0.1	1.768	0.151	0.22	0.22	0.22	0.22	0.22
0.525	0.176	0.093	0.93	0.151	0.176	0.176	0.176	0.176	0.176
0.466	0.161	0.093	0.598	0.154	0.161	0.161	0.161	0.161	0.161
0.337	0.154	0.093	0.552	0.156	0.154	0.154	0.154	0.154	0.154
0.312	0.159	0.093	0.5	0.156	0.159	0.159	0.159	0.159	0.159
0.222	0.161	0.09	0.486	0.151	0.161	0.161	0.161	0.161	0.161
0.178	0.161	0.093	0.481	0.151	0.161	0.161	0.161	0.161	0.161
0.151	0.159	0.093	0.488	0.151	0.159	0.159	0.159	0.159	0.159
0.142	0.159	0.09	0.488	0.154	0.159	0.159	0.159	0.159	0.159
0.142	0.156	0.09	0.483	0.156	0.156	0.156	0.156	0.156	0.156
0.139	0.159	0.095	0.481	0.154	0.159	0.159	0.159	0.159	0.159
0.134	0.159	0.103	0.447	0.151	0.159	0.159	0.159	0.159	0.159
0.132	0.159	0.095	0.417	0.151	0.159	0.159	0.159	0.159	0.159
0.137	0.159	0.093	0.347	0.151	0.159	0.159	0.159	0.159	0.159
0.139	0.156	0.093	0.256	0.154	0.156	0.156	0.156	0.156	0.156
0.142	0.156	0.093	0.183	0.159	0.156	0.156	0.156	0.156	0.156
0.139	0.159	0.095	0.164	0.156	0.159	0.159	0.159	0.159	0.159
0.137	0.161	0.098	0.146	0.151	0.161	0.161	0.161	0.161	0.161
0.134	0.161	0.09	0.105	0.151	0.161	0.161	0.161	0.161	0.161
0.137	0.156	0.09	0.088	0.151	0.156	0.156	0.156	0.156	0.156
0.137	0.156	0.088	0.088	0.154	0.156	0.156	0.156	0.156	0.156
0.142	0.156	0.095	0.09	0.156	0.156	0.156	0.156	0.156	0.156
0.139	0.161	0.098	0.088	0.156	0.161	0.161	0.161	0.161	0.161
0.139	0.161	0.098	0.088	0.151	0.161	0.161	0.161	0.161	0.161
0.137	0.161	0.095	0.09	0.151	0.161	0.161	0.161	0.161	0.161
0.139	0.159	0.098	0.088	0.151	0.159	0.159	0.159	0.159	0.159
0.139	0.156	0.093	0.088	0.154	0.156	0.156	0.156	0.156	0.156
0.144	0.156	0.09	0.093	0.154	0.156	0.156	0.156	0.156	0.156
0.142	0.159	0.09	0.09	0.154	0.159	0.159	0.159	0.159	0.159
0.139	0.159	0.098	0.088	0.151	0.159	0.159	0.159	0.159	0.159
0.134	0.161	0.098	0.085	0.151	0.161	0.161	0.161	0.161	0.161
0.134	0.159	0.088	0.081	0.151	0.159	0.159	0.159	0.159	0.159
0.134	0.154	0.083	0.085	0.154	0.154	0.154	0.154	0.154	0.154
0.139	0.156	0.088	0.088	0.156	0.156	0.156	0.156	0.156	0.156
0.137	0.159	0.09	0.093	0.156	0.159	0.159	0.159	0.159	0.159
0.134	0.161	0.09	0.09	0.151	0.161	0.161	0.161	0.161	0.161
0.134	0.159	0.09	0.078	0.151	0.159	0.159	0.159	0.159	0.159
0.137	0.159	0.088	0.076	0.151	0.159	0.159	0.159	0.159	0.159
0.142	0.156	0.085	0.078	0.156	0.156	0.156	0.156	0.156	0.156
0.142	0.154	0.098	0.081	0.156	0.154	0.154	0.154	0.154	0.154
0.142	0.156	0.105	0.081	0.154	0.156	0.156	0.156	0.156	0.156
0.139	0.159	0.103	0.076	0.151	0.159	0.159	0.159	0.159	0.159
0.137	0.161	0.1	0.073	0.151	0.161	0.161	0.161	0.161	0.161
0.139	0.156	0.095	0.073	0.151	0.156	0.156	0.156	0.156	0.156
0.144	0.156	0.095	0.076	0.154	0.156	0.156	0.156	0.156	0.156
0.146	0.154	0.09	0.083	0.156	0.154	0.154	0.154	0.154	0.154
0.146	0.159	0.088	0.081	0.156	0.159	0.159	0.159	0.159	0.159
0.144	0.161	0.085	0.073	0.151	0.161	0.161	0.161	0.161	0.161
0.142	0.159	0.081	0.071	0.151	0.159	0.159	0.159	0.159	0.159
0.142	0.156	0.076	0.068	0.151	0.156	0.156	0.156	0.156	0.156
0.144	0.156	0.073	0.078	0.154	0.156	0.156	0.156	0.156	0.156
0.144	0.154	0.071	0.085	0.154	0.154	0.154	0.154	0.154	0.154
0.144	0.156	0.171	0.083	0.154	0.156	0.156	0.156	0.156	0.156
0.144	0.161	0.769	0.09	0.151	0.161	0.161	0.161	0.161	0.161
0.142	0.161	2.441	0.103	0.154	0.161	0.161	0.161	0.161	0.161
0.144	0.159	1.528	0.105	0.151	0.159	0.159	0.159	0.159	0.159
0.144	0.156	0.969	0.115	0.154	0.156	0.156	0.156	0.156	0.156
0.146	0.156	0.908	0.125	0.154	0.156	0.156	0.156	0.156	0.156
0.146	0.156	0.991	0.129	0.154	0.156	0.156	0.156	0.156	0.156
0.144	0.159	1.04	0.112	0.154	0.159	0.159	0.159	0.159	0.159
0.142	0.161	1.101	0.098	0.151	0.161	0.161	0.161	0.161	0.161
0.144	0.159	1.096	0.115	0.151	0.159	0.159	0.159	0.159	0.159
0.146	0.156	1.084	0.095	0.151	0.156	0.156	0.156	0.156	0.156
0.146	0.154	1.069	0.098	0.156	0.154	0.154	0.154	0.154	0.154
0.146	0.156	1.042	0.107	0.154	0.156	0.156	0.156	0.156	0.156
0.144	0.159	0.964	0.103	0.151	0.159	0.159	0.159	0.159	0.159
0.142	0.161	0.82	0.103	0.151	0.161	0.161	0.161	0.161	0.161
0.142	0.159	0.686	0.103	0.149	0.159	0.159	0.159	0.159	0.159
0.146	0.156	0.527	0.105	0.154	0.156	0.156	0.156	0.156	0.156
0.146	0.156	0.476	0.105	0.154	0.156	0.156	0.156	0.156	0.156
0.144	0.159	0.432	0.11	0.144	0.159	0.159	0.159	0.159	0.159
0.142	0.161	0.349	0.105	0.151	0.161	0.161	0.161	0.161	0.161
0.142	0.161	0.227	0.103	0.151	0.161	0.161	0.161	0.161	0.161
0.142	0.159	0.171	0.105	0.151	0.159	0.159	0.159	0.159	0.159
0.146	0.156	0.154	0.11	0.154	0.156	0.156	0.156	0.156	0.156
0.151	0.156	0.156	0.112	0.154	0.156	0.156	0.156	0.156	0.156
0.149	0.159	0.176	0.117	0.154	0.159	0.159	0.159	0.159	0.159
0.144	0.161	0.164	0.112	0.151	0.161	0.161	0.161	0.161	0.161
0.144	0.161	0.159	0.11	0.154	0.161	0.161	0.161	0.161	0.161
0.144	0.156	0.156	0.11	0.239	0.156	0.156	0.156	0.156	0.156
0.146	0.156	0.151	0.107	0.366	0.156	0.156	0.156	0.156	0.156
0.149	0.156	0.154	0.11	1.091	0.156	0.156	0.156	0.156	0.156
0.146	0.159	0.156	0.11	1.096	0.159	0.159	0.159	0.159	0.159
0.144	0.159	0.159	0.105	0.713	0.159	0.159	0.159	0.159	0.159
0.142	0.159	0.156	0.103	0.505	0.159	0.159	0.159	0.159	0.159
0.142	0.159	0.154	0.103	0.459	0.159	0.159	0.159	0.159	0.159
0.144	0.156	0.154	0.105	0.454	0.156	0.156	0.156	0.156	0.156
0.149	0.159	0.154	0.107	0.452	0.159	0.159	0.159	0.159	0.159
0.146	0.161	0.156	0.112	0.444	0.161	0.161	0.161	0.161	0.161
0.146	0.159	0.159	0.112	0.439	0.159	0.159	0.159	0.159	0.159
0.144	0.161	0.156	0.105	0.432	0.161	0.161	0.161	0.161	0.161
0.144	0.156	0.151	0.103	0.425	0.156	0.156	0.156	0.156	0.156
0.146	0.156	0.151	0.107	0.42	0.156	0.156	0.156	0.156	0.156
0.149	0.156	0.151	0.107	0.417	0.156	0.156	0.156	0.156	0.156
0.146	0.159	0.154	0.11	0.405	0.159	0.159	0.159	0.159	0.159
0.146	0.161	0.154	0.105	0.444	0.161	0.161	0.161	0.161	0.161
0.144	0.161	0.154	0.095	0.471	0.161	0.161	0.161	0.161	0.161
0.146	0.159	0.151	0.095	0.432	0.159	0.159	0.159	0.159	0.159
0.146	0.156	0.151	0.1	0.403	0.156	0.156	0.156	0.156	0.156
0.149	0.156	0.151	0.103	0.378	0.156	0.156	0.156	0.156	0.156
0.149	0.159	0.154	0.103	0.315	0.159	0.159	0.159	0.159	0.159
0.146	0.161	0.156	0.1	0.208	0.161	0.161	0.161	0.161	0.161
0.144	0.161	0.156	0.105	0.164	0.161	0.161	0.161	0.161	0.161
0.144	0.159	0.151	0.105	0.154	0.159	0.159	0.159	0.159	0.159
0.146	0.156	0.149	0.103	0.156	0.156	0.156	0.156	0.156	0.156
0.146	0.156	0.151	0.105	0.154	0.156	0.156	0.156	0.156	0.156
0.146	0.159	0.151	0.11	0.154	0.159	0.159	0.159	0.159	0.159
0.146	0.188	0.149	0.11	0.154	0.188	0.188	0.188	0.188	0.188
0.144	0.369	0.151	0.107	0.151	0.369	0.369	0.369	0.369	0.369
0.146	2.634	0.259	0.107	0.151	2.634	2.634	2.634	2.634	2.634
0.149	1.995	2.561	0.1	0.154	1.995	1.995	1.995	1.995	1.995
0.149	1.038	1.636	0.105	0.159	1.038	1.038	1.038	1.038	1.038
0.146	0.803	0.754	0.107	0.159	0.803	0.803	0.803	0.803	0.803
0.144	0.852	0.525	0.107	0.151	0.852	0.852	0.852	0.852	0.852
0.178	0.891	0.51	0.103	0.151	0.891	0.891	0.891	0.891	0.891
0.354	0.903	0.464	0.1	0.151	0.903	0.903	0.903	0.903	0.903
1.628	0.967	0.479	0.103	0.156	0.967	0.967	0.967	0.967	0.967
1.633	1.035	0.488	0.107	0.156	1.035	1.035	1.035	1.035	1.035
0.854	1.045	0.488	0.105	0.154	1.045	1.045	1.045	1.045	1.045
0.706	0.996	0.476	0.1	0.151	0.996	0.996	0.996	0.996	0.996
0.664	0.933	0.457	0.095	0.149	0.933	0.933	0.933	0.933	0.933
0.688	0.859	0.356	0.103	0.151	0.859	0.859	0.859	0.859	0.859
0.649	0.72	0.305	0.103	0.154	0.72	0.72	0.72	0.72	0.72
0.657	0.618	0.364	0.105	0.156	0.618	0.618	0.618	0.618	0.618
0.635	0.479	0.498	0.115	0.156	0.479	0.479	0.479	0.479	0.479
0.608	0.381	0.532	0.115	0.154	0.381	0.381	0.381	0.381	0.381
0.593	0.273	0.417	0.12	0.151	0.273	0.273	0.273	0.273	0.273
0.588	0.229	0.352	0.122	0.151	0.229	0.229	0.229	0.229	0.229
0.554	0.178	0.217	0.127	0.156	0.178	0.178	0.178	0.178	0.178
0.527	0.161	0.137	0.127	0.156	0.161	0.161	0.161	0.161	0.161
0.505	0.159	0	0.129	0.154	0.159	0.159	0.159	0.159	0.159
0.474	0.173	0	0.127	0.151	0.173	0.173	0.173	0.173	0.173
0.427	0.171	0	0.125	0.149	0.171	0.171	0.171	0.171	0.171
0.334	0.161	0	0.125	0.151	0.161	0.161	0.161	0.161	0.161
0.225	0.156	0	0.125	0.154	0.156	0.156	0.156	0.156	0.156
0.193	0.156	0	0.127	0.156	0.156	0.156	0.156	0.156	0.156
0.168	0.159	0	0.132	0.154	0.159	0.159	0.159	0.159	0.159
0.156	0.161	0	0.129	0.154	0.161	0.161	0.161	0.161	0.161
0.151	0.159	0	0.129	0.151	0.159	0.159	0.159	0.159	0.159
0.151	0.159	0	0.129	0.151	0.159	0.159	0.159	0.159	0.159
0.156	0.156	0	0.132	0.156	0.156	0.156	0.156	0.156	0.156
0.156	0.159	0	0.132	0.156	0.159	0.159	0.159	0.159	0.159
0.154	0.159	0	0.134	0.161	0.159	0.159	0.159	0.159	0.159
0.151	0.159	0	0.134	0.198	0.159	0.159	0.159	0.159	0.159
0.151	0.161	0	0.129	2.129	0.161	0.161	0.161	0.161	0.161
0.151	0.159	0	0.132	2.09	0.159	0.159	0.159	0.159	0.159
0.151	0.154	0	0.132	0.981	0.154	0.154	0.154	0.154	0.154
0.154	0.154	0	0.132	0.61	0.154	0.154	0.154	0.154	0.154
0.146	0.156	0	0.132	0.576	0.156	0.156	0.156	0.156	0.156
0.142	0.161	0	0.129	0.581	0.161	0.161	0.161	0.161	0.161
0.139	0.159	0	0.122	0.591	0.159	0.159	0.159	0.159	0.159
0.144	0.156	0	0.125	0.615	0.156	0.156	0.156	0.156	0.156
0.149	0.156	0	0.127	0.645	0.156	0.156	0.156	0.156	0.156
0.144	0.156	0	0.129	0.652	0.156	0.156	0.156	0.156	0.156
0.142	0.159	0	0.134	0.63	0.159	0.159	0.159	0.159	0.159
0.139	0.161	0	0.134	0.605	0.161	0.161	0.161	0.161	0.161
0.139	0.161	0	0.134	0.537	0.161	0.161	0.161	0.161	0.161
0.139	0.159	0	0.134	0.466	0.159	0.159	0.159	0.159	0.159
0.139	0.156	0	0.132	0.376	0.156	0.156	0.156	0.156	0.156
0.139	0.154	0	0.137	0.305	0.154	0.154	0.154	0.154	0.154
0.139	0.159	0	0.139	0.415	0.159	0.159	0.159	0.159	0.159
0.137	0.161	0	0.134	0.483	0.161	0.161	0.161	0.161	0.161
0.139	0.159	0	0.132	0.479	0.159	0.159	0.159	0.159	0.159
0.142	0.156	0	0.132	0.393	0.156	0.156	0.156	0.156	0.156
0.146	0.154	0	0.134	0.254	0.154	0.154	0.154	0.154	0.154
0.146	0.156	0	0.134	0.173	0.156	0.156	0.156	0.156	0.156
0.142	0.159	0	0.139	0.144	0.159	0.159	0.159	0.159	0.159
0.139	0.161	0	0.134	0.129	0.161	0.161	0.161	0.161	0.161
0.134	0.171	0	0.134	0.127	0.171	0.171	0.171	0.171	0.171
0.137	0.349	0	0.134	0.137	0.349	0.349	0.349	0.349	0.349
0.139	1.589	0	0.134	0.144	1.589	1.589	1.589	1.589	1.589
0.142	1.638	0	0.137	0.149	1.638	1.638	1.638	1.638	1.638
0.142	1.133	0	0.139	0.149	1.133	1.133	1.133	1.133	1.133
0.139	1.001	0	0.164	0.144	1.001	1.001	1.001	1.001	1.001
0.139	0.955	0	2.415	0.144	0.955	0.955	0.955	0.955	0.955
0.142	0.937	0	2.253	0.144	0.937	0.937	0.937	0.937	0.937
0.144	0.93	0	1.157	0.146	0.93	0.93	0.93	0.93	0.93
0.203	0.916	0	0.854	0.146	0.916	0.916	0.916	0.916	0.916
0.317	0.898	0	0.82	0.146	0.898	0.898	0.898	0.898	0.898
1.958	0.898	0	0.806	0.144	0.898	0.898	0.898	0.898	0.898
1.265	0.825	0	0.784	0.142	0.825	0.825	0.825	0.825	0.825
0.615	0.54	0	0.769	0.142	0.54	0.54	0.54	0.54	0.54
0.471	0.354	0	0.759	0.142	0.354	0.354	0.354	0.354	0.354
0.449	0.488	0	0.752	0.142	0.488	0.488	0.488	0.488	0.488
0.459	0.781	0	0.75	0.139	0.781	0.781	0.781	0.781	0.781
0.459	0.752	0	0.713	0.134	0.752	0.752	0.752	0.752	0.752
0.449	0.669	0	0.613	0.137	0.669	0.669	0.669	0.669	0.669
0.449	0.549	0	0.476	0.137	0.549	0.549	0.549	0.549	0.549
0.447	0.408	0	0.417	0.137	0.408	0.408	0.408	0.408	0.408
0.452	0.242	0	0.339	0	0.242	0.242	0.242	0.242	0.242
0.444	0.178	0	0.259	0	0.178	0.178	0.178	0.178	0.178
0.449	0.161	0	0.166	0	0.161	0.161	0.161	0.161	0.161
0.476	0.156	0	0.139	0	0.156	0.156	0.156	0.156	0.156
0.513	0.151	0	0.125	0	0.151	0.151	0.151	0.151	0.151
0.547	0.151	0	0.12	0	0.151	0.151	0.151	0.151	0.151
0.493	0	0	0.117	0	0	0	0	0	0
0.435	0	0	0.115	0	0	0	0	0	0
0.305	0	0	0.107	0	0	0	0	0	0
0.21	0	0	0.107	0	0	0	0	0	0
0.188	0	0	0.105	0	0	0	0	0	0
0.188	0	0	0.103	0	0	0	0	0	0
0.186	0	0	0.105	0	0	0	0	0	0
0.154	0	0	0.105	0	0	0	0	0	0
0.144	0	0	0.1	0	0	0	0	0	0
0.137	0	0	0.095	0	0	0	0	0	0
0.134	0	0	0.098	0	0	0	0	0	0
0.137	0	0	0.103	0	0	0	0	0	0
0	0	0	0.103	0	0	0	0	0	0
0	0	0	0.103	0	0	0	0	0	0
0	0	0	0.103	0	0	0	0	0	0
0	0	0	0.095	0	0	0	0	0	0
0	0	0	0.095	0	0	0	0	0	0
0	0	0	0.095	0	0	0	0	0	0
0	0	0	0.098	0	0	0	0	0	0
0	0	0	0.1	0	0	0	0	0	0
0	0	0	0.098	0	0	0	0	0	0
0	0	0	0.093	0	0	0	0	0	0
0	0	0	0.095	0	0	0	0	0	0
0	0	0	0.1	0	0	0	0	0	0
0	0	0	0.105	0	0	0	0	0	0
0	0	0	0.105	0	0	0	0	0	0
0	0	0	0.103	0	0	0	0	0	0
0	0	0	0.105	0	0	0	0	0	0
0	0	0	0.107	0	0	0	0	0	0
0	0	0	0.11	0	0	0	0	0	0
0	0	0	0.12	0	0	0	0	0	0
0	0	0	0.115	0	0	0	0	0	0
0	0	0	0.11	0	0	0	0	0	0
0	0	0	0.098	0	0	0	0	0	0
0	0	0	0.1	0	0	0	0	0	0
0	0	0	0.105	0	0	0	0	0	0
0	0	0	0.098	0	0	0	0	0	0
0	0	0	0.098	0	0	0	0	0	0
0	0	0	0.105	0	0	0	0	0	0
0	0	0	0.63	0	0	0	0	0	0
0	0	0	2.722	0	0	0	0	0	0
0	0	0	2.239	0	0	0	0	0	0
0	0	0	1.665	0	0	0	0	0	0
0	0	0	1.589	0	0	0	0	0	0
0	0	0	1.58	0	0	0	0	0	0
0	0	0	1.572	0	0	0	0	0	0
0	0	0	1.57	0	0	0	0	0	0
0	0	0	1.541	0	0	0	0	0	0
0	0	0	1.411	0	0	0	0	0	0
0	0	0	0.967	0	0	0	0	0	0
0	0	0	0.508	0	0	0	0	0	0
0	0	0	0.43	0	0	0	0	0	0
0	0	0	0.549	0	0	0	0	0	0
0	0	0	0.657	0	0	0	0	0	0
0	0	0	0.623	0	0	0	0	0	0
0	0	0	0.554	0	0	0	0	0	0
0	0	0	0.447	0	0	0	0	0	0
0	0	0	0.281	0	0	0	0	0	0
