0.349	0.347	0.371	0.325	0.342	0.359	0.352	0.337	0.347	0.354
0.352	0.347	0.369	0.325	0.347	0.356	0.352	0.337	0.344	0.349
0.352	0.352	0.364	0.332	0.344	0.356	0.356	0.334	0.347	0.349
0.352	0.349	0.374	0.322	0.344	0.356	0.344	0.337	0.347	0.349
0.352	0.352	0.366	0.33	0.339	0.356	0.349	0.337	0.344	0.352
0.347	0.352	0.366	0.337	0.342	0.356	0.352	0.337	0.342	0.352
0.347	0.352	0.366	0.347	0.342	0.356	0.349	0.334	0.342	0.349
0.334	0.349	0.364	0.347	0.337	0.356	0.349	0.334	0.339	0.349
0.339	0.344	0.364	0.344	0.337	0.359	0.349	0.337	0.339	0.349
0.342	0.347	0.356	0.349	0.339	0.356	0.347	0.334	0.337	0.354
0.344	0.349	0.364	0.352	0.339	0.356	0.347	0.334	0.337	0.349
0.349	0.349	0.364	0.359	0.337	0.356	0.347	0.334	0.337	0.349
0.352	0.347	0.366	0.354	0.339	0.356	0.344	0.337	0.339	0.352
0.352	0.347	0.366	0.352	0.337	0.352	0.347	0.337	0.334	0.349
0.352	0.347	0.364	0.354	0.337	0.356	0.347	0.339	0.337	0.352
0.352	0.344	0.366	0.354	0.342	0.359	0.347	0.337	0.339	0.344
0.349	0.352	0.366	0.354	0.339	0.359	0.349	0.339	0.339	0.349
0.352	0.352	0.366	0.352	0.339	0.354	0.349	0.342	0.342	0.349
0.356	0.349	0.364	0.349	0.342	0.356	0.352	0.344	0.339	0.347
0.349	0.349	0.366	0.349	0.332	0.359	0.352	0.342	0.342	0.349
0.356	0.349	0.364	0.349	0.337	0.359	0.381	0.339	0.344	0.349
0.356	0.349	0.364	0.354	0.337	0.403	0.442	0.339	0.337	0.352
0.352	0.352	0.364	0.356	0.337	0.488	0.537	0.344	0.334	0.352
0.347	0.347	0.364	0.361	0.339	1.27	2.041	0.339	0.339	0.349
0.344	0.352	0.422	0.374	0.339	3.286	3.013	0.342	0.349	0.349
0.352	0.352	0.493	0.437	0.337	3.347	2.759	0.339	0.349	0.381
0.361	0.344	1.208	0.581	0.383	2.917	2.483	0.339	0.391	0.437
0.422	0.349	3.916	3.623	0.427	2.683	2.322	0.342	0.432	1.541
0.552	0.383	4.05	5.312	0.554	2.688	2.302	0.371	0.908	4.734
2.947	0.464	3.389	5.193	1.394	2.769	2.361	0.698	4.634	4.221
5.11	2.261	3.03	5.09	2.769	2.979	2.432	3.203	5.298	3.232
5.459	6.616	2.805	5.059	3.55	3.171	2.485	4.7	4.609	2.62
5.61	5.962	2.668	5.081	3.748	3.301	2.476	4.883	4.25	2.253
5.696	4.824	2.563	5.073	3.838	3.323	2.38	4.949	4.133	2.139
5.793	4.121	2.483	5.049	3.914	3.167	2.1	5.007	4.187	2.112
5.852	3.748	2.385	5.042	3.931	2.939	1.729	5.081	4.214	2.065
5.857	3.606	2.329	4.99	3.906	2.576	1.436	5.071	4.226	2.039
5.859	3.545	2.041	4.778	3.801	2.258	1.252	5.002	4.219	1.973
5.774	3.467	1.812	4.299	3.511	1.848	1.16	4.932	4.07	1.86
5.413	3.269	1.653	3.75	3.044	1.541	1.121	4.873	3.784	1.685
4.79	2.957	1.462	3.193	2.629	1.365	1.023	4.844	3.567	1.482
3.894	2.505	1.243	2.729	2.305	1.245	0.879	4.778	3.306	1.279
3.127	2.102	1.077	2.297	1.953	1.162	0.715	4.524	2.747	1.104
2.554	1.76	0.95	1.973	1.655	0.981	0.603	3.906	2.263	0.972
2.148	1.521	0.815	1.714	1.448	0.801	0.552	3.115	1.812	0.869
1.902	1.331	0.752	1.455	1.304	0.691	0.5	2.468	1.501	0.818
1.736	1.208	0.671	1.167	1.14	0.601	0.476	1.851	1.238	0.757
1.511	1.108	0.632	0.959	0.933	0.535	0.439	1.396	1.077	0.659
1.25	1.03	0.591	0.815	0.793	0.54	0.422	1.062	0.974	0.564
0.999	0.933	0.549	0.674	0.691	0.515	0.439	0.83	0.85	0.503
0.803	0.828	0.505	0.627	0.637	0.491	0.413	0.671	0.757	0.469
0.681	0.735	0.476	0.625	0.593	0.486	0.381	0.552	0.681	0.469
0.605	0.652	0.481	0.579	0.562	0.476	0.361	0.474	0.652	0.464
0.598	0.566	0.481	0.552	0.54	0.43	0.349	0.427	0.623	0.459
0.552	0.513	0.464	0.535	0.527	0.396	0.352	0.396	0.596	0.471
0.513	0.486	0.42	0.522	0.51	0.378	0.352	0.391	0.583	0.483
0.488	0.469	0.393	0.476	0.444	0.364	0.352	0.374	0.576	0.447
0.481	0.435	0.383	0.444	0.4	0.359	0.354	0.364	0.559	0.4
0.469	0.41	0.378	0.422	0.371	0.361	0.352	0.354	0.498	0.374
0.437	0.4	0.378	0.408	0.356	0.361	0.354	0.349	0.461	0.361
0.396	0.386	0.376	0.4	0.342	0.356	0.361	0.349	0.447	0.356
0.369	0.381	0.374	0.4	0.337	0.354	0.352	0.344	0.432	0.349
0.352	0.366	0.371	0.4	0.334	0.352	0.354	0.344	0.432	0.344
0.337	0.374	0.376	0.391	0.334	0.349	0.349	0.347	0.427	0.342
0.332	0.371	0.371	0.393	0.332	0.349	0.356	0.347	0.43	0.344
0.327	0.371	0.369	0.386	0.334	0.354	0.469	0.349	0.422	0.337
0.325	0.374	0.366	0.381	0.337	0.364	0.603	0.342	0.425	0.339
0.315	0.374	0.364	0.386	0.332	0.457	1.851	0.347	0.425	0.334
0.315	0.374	0.354	0.376	0.337	0.596	2.036	0.349	0.427	0.332
0.315	0.374	0.356	0.376	0.337	1.58	1.692	0.349	0.43	0.334
0.312	0.378	0.347	0.378	0.337	2.09	1.643	0.349	0.425	0.337
0.312	0.376	0.349	0.378	0.339	1.87	1.838	0.344	0.425	0.334
0.334	0.378	0.352	0.378	0.337	1.855	2.192	0.352	0.42	0.339
0.437	0.383	0.405	0.378	0.342	2.012	2.529	0.352	0.417	0.337
0.605	0.386	0.439	0.381	0.342	2.18	2.815	0.383	0.417	0.337
0.979	0.383	0.913	0.376	0.342	2.437	3.044	0.449	0.413	0.339
1.252	0.383	1.965	0.378	0.413	2.844	3.252	1.111	0.415	0.339
1.15	0.386	1.782	0.378	0.469	3.159	3.462	1.526	0.42	0.344
1.062	0.383	1.614	0.376	1.082	3.362	3.669	1.421	0.417	0.425
1.05	0.383	1.533	0.454	2.009	3.472	3.845	1.458	0.466	0.447
1.157	0.388	1.497	0.635	1.853	3.586	3.928	1.584	0.576	0.654
1.338	0.481	1.501	3.081	1.743	3.606	3.87	1.719	2.747	0.986
1.548	0.696	1.565	3.171	1.699	3.518	3.77	1.841	3.193	1.116
1.729	1.201	1.614	2.676	1.719	3.352	3.511	1.98	2.656	1.101
1.873	1.641	1.68	2.59	1.799	3.149	3.171	2.19	2.471	1.101
1.973	1.384	1.804	2.722	1.921	2.925	2.788	2.4	2.517	1.196
2.07	1.252	1.907	3.01	2.034	2.649	2.383	2.517	2.732	1.423
2.129	1.255	1.973	3.218	2.192	2.371	2.056	2.61	2.917	1.653
2.124	1.377	1.99	3.43	2.317	2.148	1.748	2.666	3.062	1.814
2.051	1.545	1.99	3.638	2.41	1.838	1.523	2.695	3.259	1.904
1.943	1.782	1.929	3.809	2.471	1.56	1.35	2.698	3.433	1.982
1.804	2.012	1.868	3.953	2.451	1.357	1.235	2.627	3.54	2.048
1.621	2.195	1.77	4.092	2.407	1.235	1.147	2.441	3.586	2.065
1.416	2.302	1.667	4.17	2.346	1.13	1.062	2.253	3.599	2.012
1.221	2.375	1.558	4.128	2.273	0.981	0.986	1.941	3.513	1.948
1.096	2.412	1.433	3.931	2.139	0.82	0.835	1.621	3.389	1.807
0.996	2.422	1.338	3.647	1.985	0.649	0.642	1.335	3.225	1.704
0.933	2.422	1.23	3.33	1.782	0.54	0.53	1.099	2.991	1.621
0.881	2.38	1.14	2.976	1.589	0.476	0.461	0.906	2.664	1.467
0.84	2.187	1.052	2.563	1.44	0.439	0.427	0.786	2.393	1.338
0.833	1.941	0.959	2.214	1.289	0.405	0.393	0.701	1.973	1.235
0.771	1.672	0.837	1.86	1.196	0.388	0.376	0.618	1.616	1.174
0.645	1.416	0.671	1.584	1.077	0.378	0.366	0.527	1.338	1.094
0.53	1.223	0.549	1.377	0.984	0.374	0.361	0.461	1.057	1.001
0.452	1.099	0.476	1.187	0.908	0.366	0.356	0.417	0.911	0.903
0.408	1.028	0.427	1.001	0.796	0.364	0.354	0.391	0.82	0.813
0.376	0.979	0.398	0.852	0.642	0.361	0.352	0.374	0.706	0.696
0.359	0.933	0.383	0.693	0.532	0.361	0.354	0.364	0.569	0.593
0.344	0.864	0.369	0.574	0.459	0.361	0.354	0.354	0.481	0.496
0.337	0.742	0.361	0.503	0.417	0.361	0.349	0.352	0.432	0.442
0.33	0.605	0.354	0.464	0.393	0.361	0.349	0.349	0.422	0.432
0.33	0.522	0.349	0.432	0.376	0.359	0.352	0.344	0.388	0.415
0.317	0.474	0.344	0.415	0.364	0.359	0.349	0.349	0.366	0.386
0.325	0.435	0.344	0.4	0.359	0.356	0.349	0.347	0.359	0.369
0.325	0.417	0.344	0.391	0.354	0.359	0.352	0.337	0.352	0.361
0.322	0.398	0.342	0.386	0.352	0.356	0.352	0.344	0.347	0.349
0.322	0.388	0.344	0.386	0.349	0.354	0.349	0.344	0.342	0.352
0.32	0.381	0.352	0.383	0.354	0.356	0.349	0.342	0.344	0.344
0.32	0.383	0.356	0.388	0.347	0.359	0.349	0.342	0.342	0.344
0.32	0.386	0.359	0.388	0.347	0.359	0.352	0.339	0.342	0.347
0.322	0.388	0.366	0.386	0.347	0.4	0.354	0.342	0.342	0.354
0.322	0.391	0.366	0.386	0.344	0.474	0.347	0.339	0.347	0.344
0.327	0.393	0.364	0.391	0.344	2.085	0.347	0.342	0.344	0.342
0.327	0.391	0.366	0.386	0.342	4.585	0.356	0.342	0.347	0.339
0.334	0.391	0.364	0.386	0.342	4.067	0.383	0.342	0.344	0.342
0.332	0.393	0.364	0.383	0.344	3.643	0.464	0.339	0.349	0.342
0.33	0.391	0.366	0.391	0.344	3.501	2.512	0.352	0.352	0.342
0.391	0.396	0.366	0.396	0.347	3.562	5.43	0.42	0.349	0.339
0.469	0.393	0.366	0.391	0.344	3.694	4.646	0.549	0.352	0.339
1.853	0.393	0.369	0.393	0.349	3.77	3.679	2.468	0.349	0.337
5.571	0.4	0.425	0.398	0.347	3.708	3.137	4.517	0.344	0.332
6.509	0.461	0.491	0.4	0.344	3.657	2.893	4.348	0.347	0.33
6.748	0.52	2.051	0.398	0.383	3.513	2.842	4.062	0.349	0.334
6.851	0.889	4.473	0.4	0.479	3.291	2.866	3.906	0.352	0.371
6.938	3.291	4.368	0.439	1.963	3.093	2.876	3.848	0.349	0.437
6.975	3.867	4.167	0.52	4.656	2.781	2.766	3.826	0.347	1.68
6.948	3.557	4.08	2.781	4.307	2.329	2.622	3.811	0.349	4.39
6.763	3.311	4.019	4.59	3.604	1.807	2.329	3.77	0.347	3.621
6.306	3.157	3.992	4.512	3.208	1.492	2.039	3.481	0.347	2.69
5.498	3.04	3.982	4.28	3.008	1.321	1.738	3.032	0.347	2.158
4.57	2.974	3.94	4.146	2.939	1.152	1.453	2.48	0.376	1.926
3.533	2.881	3.701	4.111	2.9	1.03	1.165	2.036	0.432	1.919
2.764	2.627	3.21	4.158	2.837	0.876	0.974	1.624	1.299	2.026
2.217	2.275	2.681	4.204	2.739	0.757	0.879	1.245	4.397	2.126
1.77	1.809	2.185	4.197	2.444	0.674	0.781	0.93	3.892	2.122
1.433	1.636	1.726	3.97	2.146	0.596	0.693	0.725	2.908	2.09
1.169	1.516	1.492	3.447	1.882	0.542	0.608	0.608	2.275	1.956
0.977	1.404	1.243	2.871	1.675	0.5	0.557	0.566	1.987	1.755
0.815	1.172	1.003	2.231	1.506	0.464	0.513	0.518	1.975	1.467
0.684	0.967	0.815	1.919	1.355	0.466	0.486	0.51	1.978	1.191
0.623	0.784	0.691	1.714	1.26	0.479	0.43	0.496	1.956	0.979
0.569	0.635	0.615	1.487	1.128	0.447	0.388	0.53	1.921	0.84
0.54	0.574	0.566	1.262	0.991	0.405	0.366	0.552	1.755	0.745
0.513	0.557	0.53	1.042	0.842	0.378	0.352	0.493	1.584	0.64
0.496	0.527	0.5	0.886	0.72	0.364	0.342	0.442	1.353	0.566
0.447	0.513	0.486	0.718	0.615	0.354	0.339	0.403	1.262	0.488
0.41	0.508	0.454	0.649	0.557	0.349	0.347	0.381	1.135	0.439
0.383	0.481	0.464	0.605	0.508	0.347	0.342	0.366	1.064	0.437
0.364	0.442	0.481	0.542	0.471	0.349	0.342	0.356	1.016	0.442
0.352	0.417	0.479	0.513	0.43	0.349	0.342	0.349	0.906	0.417
0.347	0.405	0.437	0.493	0.459	0.354	0.334	0.339	0.793	0.386
0.342	0.391	0.417	0.476	0.527	0.356	0.339	0.332	0.688	0.369
0.342	0.388	0.393	0.439	0.542	0.356	0.339	0.332	0.576	0.354
0.339	0.381	0.383	0.417	0.471	0.359	0.339	0.332	0.532	0.347
0.339	0.383	0.376	0.398	0.425	0.359	0.342	0.332	0.508	0.347
0.359	0.386	0.371	0.388	0.393	0.359	0.339	0.571	0.491	0.344
0.437	0.386	0.371	0.381	0.376	0.393	0.342	2.329	0.51	0.347
1.392	0.381	0.371	0.378	0.366	0.51	0.339	2.424	0.505	0.349
1.855	0.381	0.369	0.376	0.361	2.185	0.337	2.102	0.461	0.349
1.655	0.381	0.371	0.371	0.354	2.217	0.41	1.99	0.42	0.349
1.699	0.378	0.376	0.369	0.354	1.824	0.476	1.953	0.396	0.347
1.88	0.378	0.386	0.381	0.352	1.663	1.516	2.012	0.376	0.347
2.122	0.422	0.435	0.864	0.408	1.628	2.146	2.117	0.366	0.349
2.334	0.439	0.505	4.194	0.454	1.677	1.799	2.192	0.359	0.349
2.605	0.767	2.969	4.087	1.16	1.76	1.624	2.302	0.361	0.352
2.742	1.821	3.108	3.491	1.926	1.858	1.594	2.378	0.356	0.347
2.834	1.736	2.471	3.496	1.655	1.968	1.636	2.451	0.356	0.352
2.9	1.663	2.271	3.677	1.492	2.043	1.775	2.512	0.354	0.349
2.903	1.799	2.312	3.879	1.558	2.068	1.953	2.542	0.354	0.352
2.878	1.995	2.341	4.026	1.694	2.08	2.1	2.561	0.356	0.347
2.839	2.124	2.393	4.197	1.804	2.063	2.253	2.585	0.364	0.349
2.82	2.217	2.502	4.355	1.97	2.004	2.366	2.603	0.361	0.361
2.783	2.29	2.683	4.463	2.19	1.926	2.444	2.498	0.356	0.466
2.642	2.437	2.8	4.485	2.422	1.77	2.478	2.139	0.354	1.914
2.358	2.598	2.893	4.495	2.617	1.543	2.51	1.699	0.356	1.924
2.029	2.688	2.932	4.519	2.732	1.335	2.539	1.338	0.356	1.631
1.741	2.72	2.944	4.565	2.803	1.211	2.554	1.077	0.354	1.479
1.465	2.729	2.898	4.595	2.866	1.069	2.52	0.884	0.356	1.406
1.226	2.712	2.847	4.592	2.849	0.942	2.417	0.764	0.359	1.406
1.057	2.646	2.788	4.509	2.742	0.842	2.185	0.681	0.415	1.445
0.896	2.524	2.634	4.17	2.639	0.747	1.921	0.596	0.54	1.511
0.747	2.324	2.407	3.752	2.471	0.654	1.56	0.515	1.646	1.516
0.615	2.002	2.136	3.247	2.209	0.569	1.321	0.452	1.67	1.516
0.515	1.702	1.809	2.578	1.88	0.491	1.047	0.41	1.658	1.541
0.454	1.465	1.521	1.958	1.536	0.432	0.84	0.383	1.802	1.572
0.42	1.238	1.211	1.428	1.267	0.403	0.71	0.369	2	1.58
0.391	1.077	0.974	1.082	1.04	0.378	0.62	0.354	2.366	1.562
0.376	0.964	0.793	0.869	0.857	0.364	0.522	0.347	2.834	1.501
0.369	0.872	0.674	0.688	0.723	0.354	0.466	0.347	3.267	1.379
0.361	0.803	0.574	0.566	0.625	0.347	0.42	0.347	3.604	1.226
0.356	0.696	0.498	0.493	0.542	0.342	0.388	0.344	3.772	1.138
0.354	0.583	0.457	0.447	0.471	0.344	0.371	0.337	3.865	1.013
0.354	0.508	0.425	0.42	0.43	0.342	0.361	0.334	3.894	0.92
0.354	0.457	0.417	0.4	0.396	0.347	0.354	0.337	3.894	0.82
0.352	0.43	0.41	0.386	0.381	0.337	0.352	0.339	3.821	0.745
0.354	0.422	0.405	0.381	0.371	0.339	0.352	0.342	3.684	0.676
0.349	0.413	0.403	0.376	0.361	0.342	0.352	0.334	3.469	0.603
0.347	0.403	0.393	0.381	0.359	0.344	0.347	0.337	3.145	0.53
0.349	0.4	0.398	0.371	0.352	0.342	0.347	0.334	2.847	0.449
0.352	0.403	0.396	0.381	0.354	0.347	0.349	0.334	2.5	0.405
0.349	0.403	0.393	0.369	0.354	0.347	0.344	0.334	2.141	0.371
0.349	0.398	0.388	0.371	0.354	0.352	0.347	0.334	1.738	0.354
0.349	0.4	0.388	0.364	0.352	0.347	0.344	0.339	1.396	0.342
0.349	0.4	0.391	0.364	0.352	0.347	0.344	0.334	1.096	0.339
0.354	0.398	0.391	0.361	0.352	0.347	0.347	0.334	0.896	0.332
0.349	0.398	0.391	0.361	0.354	0.352	0.344	0.337	0.742	0.33
0.347	0.398	0.396	0.361	0.349	0.352	0.349	0.342	0.623	0.327
0.344	0.403	0.391	0.366	0.352	0.349	0.347	0.337	0.53	0.325
0.347	0.391	0.391	0.361	0.352	0.344	0.344	0.337	0.464	0.322
0.342	0.403	0.391	0.366	0.349	0.349	0.344	0.332	0.422	0.327
0.337	0.4	0.388	0.361	0.349	0.352	0.342	0.334	0.396	0.325
0.344	0.4	0.391	0.356	0.344	0.354	0.342	0.339	0.378	0.325
0.344	0.4	0.398	0.364	0.349	0.349	0.342	0.344	0.369	0.33
0.339	0.396	0.393	0.361	0.349	0.344	0.344	0.342	0.361	0.332
0.342	0.393	0.396	0.359	0.349	0.347	0.347	0.342	0.356	0.332
0.337	0.396	0.398	0.361	0.349	0.344	0.349	0.342	0.352	0.33
0.344	0.403	0.396	0.361	0.354	0.344	0.347	0.334	0.352	0.33
0.342	0.4	0.398	0.359	0.349	0.337	0.344	0.337	0.352	0.33
0.334	0.4	0.398	0.361	0.352	0.332	0.342	0.337	0.347	0.332
0.339	0.403	0.396	0.361	0.352	0.332	0.339	0.334	0.344	0.33
0.334	0.4	0.4	0.361	0.354	0.337	0.339	0.334	0.339	0.332
0.334	0.398	0.391	0.364	0.352	0.337	0.342	0.344	0.339	0.33
0.334	0.4	0.4	0.361	0.356	0.339	0.339	0.334	0.337	0.327
0.337	0.4	0.396	0.361	0.352	0.344	0.337	0.332	0.327	0.322
0.334	0.398	0.398	0.361	0.352	0.349	0.337	0.334	0.332	0.332
0.334	0.4	0.396	0.369	0.359	0.352	0.337	0.332	0.332	0.332
0.334	0.4	0.396	0.356	0.352	0.352	0.334	0.334	0.33	0.33
0.332	0.398	0.398	0.366	0.354	0.356	0.337	0.332	0.33	0.332
0.334	0.4	0.4	0.361	0.356	0.354	0.337	0.334	0.33	0.33
0.334	0.4	0.398	0.364	0.356	0.356	0.332	0.334	0.334	0.327
0.33	0.4	0.393	0.361	0.354	0.354	0.334	0.334	0.337	0.327
0.337	0.4	0.398	0.359	0.354	0.356	0.334	0.334	0.337	0.325
0.334	0.403	0.398	0.361	0.354	0.354	0.339	0.334	0.334	0.325
0.332	0.403	0.4	0.364	0.354	0.359	0.337	0.332	0.332	0.327
0.33	0.403	0.398	0.364	0.349	0.356	0.339	0.337	0.334	0.325
0.332	0.403	0.403	0.359	0.352	0.359	0.342	0.339	0.334	0.325
0.334	0.4	0.4	0.364	0.354	0.359	0.339	0.344	0.339	0.325
0.332	0.403	0.4	0.364	0.349	0.361	0.342	0.347	0.342	0.325
0.334	0.41	0.4	0.366	0.352	0.364	0.342	0.349	0.342	0.322
0.339	0.4	0.396	0.361	0.354	0.364	0.344	0.339	0.337	0.32
0.349	0.403	0.391	0.366	0.344	0.364	0.344	0.334	0.339	0.32
0.356	0.403	0.391	0.356	0.349	0.369	0.349	0.332	0.342	0.317
0.356	0.4	0.403	0.364	0.349	0.364	0.344	0.33	0.337	0.317
0.364	0.4	0.405	0.361	0.352	0.366	0.344	0.334	0.337	0.32
0.361	0.4	0.427	0.364	0.349	0.366	0.342	0.337	0.339	0.322
0.364	0.393	0.527	0.359	0.347	0.364	0.342	0.334	0.339	0.317
0.369	0.4	1.604	0.361	0.347	0.366	0.342	0.337	0.339	0.32
0.364	0.4	1.697	0.361	0.347	0.366	0.342	0.332	0.339	0.317
0.364	0.403	1.455	0.359	0.349	0.369	0.354	0.332	0.334	0.325
0.366	0.391	1.311	0.359	0.349	0.369	0.339	0.334	0.349	0.327
0.364	0.393	1.287	0.356	0.349	0.369	0.339	0.337	0.344	0.325
0.364	0.391	1.338	0.361	0.344	0.374	0.337	0.337	0.342	0.322
0.366	0.4	1.384	0.361	0.349	0.366	0.337	0.334	0.342	0.327
0.415	0.396	1.458	0.361	0.352	0.361	0.337	0.337	0.339	0.327
0.464	0.396	1.521	0.356	0.352	0.364	0.337	0.33	0.339	0.327
2.437	0.391	1.56	0.359	0.349	0.361	0.334	0.337	0.344	0.332
2.371	0.393	1.584	0.359	0.354	0.369	0.337	0.342	0.344	0.334
1.846	0.391	1.633	0.359	0.354	0.364	0.337	0.342	0.344	0.339
1.477	0.396	1.689	0.361	0.354	0.361	0.337	0.339	0.344	0.344
1.509	0.393	1.726	0.366	0.354	0.364	0.342	0.344	0.347	0.344
1.934	0.391	1.731	0.361	0.356	0.364	0.339	0.337	0.347	0.339
2.2	0.388	1.738	0.361	0.364	0.361	0.339	0.344	0.347	0.337
2.31	0.388	1.743	0.361	0.356	0.364	0.339	0.344	0.349	0.339
2.295	0.381	1.746	0.361	0.352	0.366	0.339	0.344	0.344	0.339
2.261	0.393	1.748	0.364	0.352	0.366	0.339	0.342	0.347	0.337
2.256	0.393	1.736	0.361	0.356	0.361	0.339	0.342	0.347	0.337
2.258	0.396	1.689	0.361	0.359	0.364	0.344	0.342	0.342	0.33
2.205	0.398	1.448	0.364	0.359	0.369	0.342	0.342	0.342	0.332
2.058	0.4	1.26	0.364	0.359	0.366	0.344	0.342	0.344	0.327
1.919	0.396	1.074	0.366	0.361	0.466	0.342	0.342	0.344	0.327
1.667	0.396	0.911	0.366	0.618	3.779	0.349	0.339	0.347	0.327
1.497	0.393	0.837	0.378	2.336	3.33	0.342	0.334	0.349	0.32
1.294	0.637	0.771	1.465	1.926	2.373	0.344	0.337	0.349	0.322
1.118	3.083	0.625	4.399	1.523	2.031	0.344	0.334	0.349	0.32
0.981	2.532	0.535	3.091	1.24	2.036	0.342	0.334	0.347	0.327
0.881	1.882	0.518	2.19	1.14	2.085	0.339	0.33	0.347	0.33
0.732	1.602	0.464	1.785	1.243	2.136	0.344	0.332	0.344	0.334
0.623	1.687	0.43	1.768	1.267	2.356	0.347	0.332	0.342	0.337
0.54	1.746	0.408	1.775	1.24	2.559	0.347	0.332	0.347	0.337
0.488	1.753	0.403	1.797	1.23	2.761	0.344	0.334	0.344	0.334
0.474	1.787	0.398	1.833	1.23	2.92	0.347	0.332	0.347	0.342
0.449	1.912	0.386	1.892	1.204	3.015	0.344	0.327	0.342	0.361
0.43	2.014	0.378	1.907	1.174	3.059	0.352	0.334	0.344	1.897
0.413	2.021	0.371	1.851	1.152	3.005	0.415	0.332	0.347	2.678
0.422	1.936	0.371	1.775	1.145	2.834	2.871	0.332	0.344	1.885
0.403	1.868	0.366	1.707	1.14	2.546	2.546	0.332	0.347	1.389
0.388	1.824	0.366	1.592	1.125	2.119	1.78	0.334	0.342	1.14
0.383	1.663	0.366	1.455	1.111	1.707	1.328	0.337	0.344	1.108
0.376	1.404	0.366	1.348	1.099	1.387	1.26	0.334	0.342	1.077
0.374	1.187	0.361	1.204	1.067	1.179	1.279	0.33	0.342	1.021
0.374	1.04	0.361	1.04	1.052	1.021	1.218	0.327	0.342	0.979
0.374	0.957	0.366	0.874	1.03	0.876	1.16	0.33	0.342	0.969
0.371	0.903	0.369	0.779	1.016	0.779	1.145	0.33	0.339	0.991
0.369	0.842	0.369	0.679	0.942	0.686	1.167	0.354	0.339	1.016
0.369	0.75	0.364	0.598	0.862	0.674	1.135	0.588	0.376	1.04
0.366	0.64	0.364	0.525	0.771	0.559	1.077	0.984	3.132	0.991
0.369	0.605	0.371	0.469	0.657	0.554	1.05	0.859	2.927	0.952
0.369	0.547	0.364	0.427	0.62	0.54	0.991	0.74	2.012	0.916
0.366	0.481	0.386	0.398	0.632	0.474	0.928	0.73	1.531	0.876
0.366	0.476	2.021	0.378	0.598	0.432	0.854	0.779	1.396	0.825
0.374	0.437	5.066	0.378	0.515	0.405	0.801	0.823	1.504	0.769
0.366	0.43	5.43	0.364	0.461	0.388	0.759	0.847	1.667	0.713
0.369	0.413	5.044	0.359	0.425	0.378	0.725	0.881	2.036	0.657
0.366	0.403	4.851	0.354	0.4	0.371	0.654	0.876	2.324	0.63
0.366	0.396	4.731	0.354	0.388	0.366	0.566	0.847	2.478	0.581
0.369	0.391	4.687	0.354	0.381	0.366	0.559	0.815	2.502	0.5
0.391	0.386	4.692	0.352	0.376	0.361	0.542	0.791	2.463	0.486
3.853	0.383	4.724	0.344	0.374	0.359	0.562	0.759	2.402	0.476
5.62	0.386	4.702	0.347	0.371	0.354	0.52	0.73	2.241	0.42
4.68	0.386	4.343	0.349	0.369	0.354	0.488	0.696	2.046	0.386
3.84	0.388	3.662	0.344	0.369	0.356	0.464	0.654	1.716	0.369
3.337	0.381	2.871	0.347	0.371	0.359	0.435	0.61	1.418	0.349
3.032	0.383	2.146	0.349	0.371	0.354	0.422	0.549	1.189	0.344
2.861	0.386	1.592	0.349	0.369	0.354	0.396	0.493	1.021	0.337
2.734	0.386	1.155	0.349	0.366	0.354	0.371	0.459	0.891	0.332
2.559	0.383	0.874	0.349	0.366	0.356	0.364	0.425	0.759	0.325
2.263	0.381	0.684	0.344	0.366	0.356	0.359	0.393	0.605	0.322
1.885	0.376	0.583	0.352	0.366	0.354	0.349	0.381	0.525	0.33
1.45	0.403	0.522	0.349	0.371	0.354	0.352	0.393	0.464	0.322
1.116	0.381	0.496	0.349	0.366	2.012	0.347	0.381	0.43	0.317
0.837	0.383	0.449	0.349	0.369	4.619	0.342	0.391	0.422	0.32
0.654	0.388	0.408	0.352	0.371	4.563	0.342	0.381	0.43	0.325
0.544	0.391	0.383	0.342	0.369	3.579	0.344	0.366	0.405	0.33
0.481	0.391	0.369	0.349	0.366	2.905	0.344	0.364	0.388	0.327
0.447	0.386	0.354	0.352	0.371	2.493	0.342	0.361	0.366	0.32
0.442	0.378	0.347	0.513	0.366	2.229	0.339	0.356	0.352	0.317
0.449	0.388	0.349	2.827	0.383	2.056	0.337	0.354	0.344	0.317
0.442	0.415	0.347	4.395	2.402	1.946	0.342	0.354	0.339	0.315
0.41	2.822	0.342	4.192	4.839	1.858	0.332	0.359	0.347	0.315
0.386	5.483	0.342	3.994	4.783	1.758	0.334	0.361	0.349	0.312
0.376	4.954	0.339	3.784	4.109	1.523	0.337	0.356	0.349	0.312
0.366	4.138	0.339	3.574	3.674	1.204	0.339	0.347	0.352	0.339
0.364	3.64	0.344	3.357	3.516	0.93	0.339	0.349	0.349	3.154
0.356	3.342	0.339	2.976	3.452	0.806	0.339	0.342	0.347	4.585
0.359	3.174	0.339	2.485	3.396	0.674	0.339	0.347	0.349	3.616
0.354	3.071	0.334	1.931	3.323	0.601	0.337	0.347	0.349	2.825
0.356	2.966	0.337	1.467	3.235	0.544	0.337	0.342	0.354	2.354
0.352	2.737	0.339	1.111	3.088	0.51	0.337	0.339	0.349	2.104
0.352	2.4	0.337	0.85	2.832	0.488	0.344	0.342	0.349	1.973
0.352	1.88	0.339	0.679	2.52	0.439	1.338	0.344	0.342	1.912
0.352	1.45	0.337	0.598	2.266	0.41	3.113	0.344	0.339	1.868
0.352	1.138	0.337	0.522	1.833	0.388	3.037	0.344	0.337	1.738
0.352	0.947	0.337	0.503	1.389	0.376	2.463	0.349	0.327	1.479
0.349	0.786	0.339	0.466	1.04	0.366	2.058	0.347	0.334	1.135
0.349	0.667	0.339	0.42	0.82	0.364	1.792	0.344	0.334	0.908
0.352	0.586	0.339	0.393	0.693	0.364	1.624	0.342	0.332	0.759
0.347	0.542	0.339	0.378	0.603	0.356	1.514	0.339	0.342	0.61
0.347	0.491	0.337	0.369	0.53	0.356	1.436	0.339	1.436	0.508
0.349	0.444	0.339	0.361	0.488	0.356	1.313	0.342	2.896	0.442
0.349	0.42	0.339	0.354	0.459	0.356	1.104	0.342	2.617	0.408
0.347	0.403	0.344	0.354	0.425	0.356	0.879	0.339	2.153	0.4
0.349	0.393	0.352	0.347	0.405	0.359	0.688	0.344	1.914	0.371
0.349	0.388	0.354	0.344	0.393	0.354	0.571	0.339	1.885	0.354
0.352	0.386	0.359	0.347	0.386	0.349	0.52	0.344	1.975	0.344
0.376	0.381	0.359	0.349	0.381	0.354	0.479	1.35	2.024	0.337
0.417	0.381	0.354	0.349	0.374	0.359	0.459	3.999	2.034	0.332
1.948	0.376	0.359	0.349	0.374	0.359	0.452	3.879	1.975	0.334
2.295	0.376	0.369	0.349	0.374	0.356	0.417	3.049	1.809	0.334
1.79	0.371	0.359	0.349	0.369	0.354	0.388	2.485	1.462	0.33
1.44	0.376	0.408	0.347	0.369	0.354	0.374	2.097	1.238	0.33
1.472	0.374	0.603	0.344	0.366	0.352	0.359	1.831	1.021	0.332
1.738	0.376	2.058	0.356	0.369	0.354	0.354	1.663	0.789	0.334
1.887	0.371	1.904	0.347	0.364	0.354	0.347	1.504	0.62	0.339
1.953	0.369	1.526	0.349	0.364	0.354	0.347	1.326	0.52	0.339
1.919	0.366	1.357	0.339	0.364	0.352	0.339	1.052	0.457	0.344
1.824	0.371	1.421	0.347	0.366	0.352	0.344	0.884	0.437	0.339
1.819	0.371	1.667	0.347	0.361	0.356	0.342	0.754	0.408	0.342
1.836	0.374	1.802	0.347	0.364	0.354	0.342	0.647	0.386	0.342
1.858	0.371	1.855	0.349	0.366	0.354	0.342	0.542	0.378	0.342
1.868	0.371	1.958	0.349	0.364	0.356	0.342	0.493	0.366	0.342
1.853	0.371	2.083	0.349	0.364	0.366	0.344	0.449	0.354	0.339
1.746	0.369	2.161	0.352	0.364	0.425	0.352	0.422	0.349	0.337
1.597	0.374	2.202	0.352	0.364	0.701	0.342	0.391	0.349	0.332
1.401	0.371	2.222	0.349	0.364	1.091	0.337	0.376	0.347	0.334
1.201	0.369	2.224	0.359	0.364	1.013	0.327	0.366	0.342	0.332
1.104	0.371	2.217	0.386	0.374	0.942	0.33	0.359	0.339	0.332
0.994	0.371	2.205	0.85	0.491	0.916	0.327	0.354	0.344	0.334
0.94	0.369	2.136	1.799	2.666	0.93	0.325	0.352	0.347	0.327
0.886	0.374	1.97	1.472	2.319	1.121	0.322	0.347	0.347	0.332
0.759	0.374	1.77	1.272	1.68	1.287	0.325	0.344	0.347	0.327
0.735	0.364	1.604	1.211	1.323	1.321	0.322	0.347	0.349	0.33
0.627	0.371	1.404	1.323	1.267	1.326	0.322	0.344	0.347	0.325
0.52	0.371	1.25	1.313	1.287	1.348	0.322	0.344	0.347	0.347
0.457	0.376	1.101	1.289	1.267	1.377	0.322	0.339	0.344	0.425
0.435	0.371	0.898	1.311	1.233	1.394	0.32	0.339	0.342	2.134
0.417	0.371	0.779	1.338	1.282	1.404	0.322	0.339	0.342	1.914
0.391	0.415	0.686	1.365	1.387	1.389	0.322	0.342	0.344	1.475
0.374	0.591	0.559	1.355	1.55	1.384	0.317	0.342	0.342	1.267
0.378	1.76	0.479	1.318	1.702	1.313	0.325	0.339	0.339	1.501
0.369	1.729	0.447	1.267	1.765	1.226	0.325	0.342	0.342	1.738
0.364	1.482	0.413	1.182	1.741	1.113	0.325	0.342	0.339	1.87
0.356	1.389	0.383	1.096	1.716	0.999	0.327	0.342	0.339	1.943
0.352	1.375	0.369	1.045	1.682	0.916	0.33	0.342	0.344	2.131
0.354	1.531	0.359	0.986	1.545	0.793	0.5	0.342	0.339	2.205
0.356	1.716	0.352	0.898	1.428	0.718	1.77	0.339	0.344	2.163
0.869	1.855	0.354	0.825	1.272	0.603	1.528	0.342	0.342	2.146
5.273	1.985	0.347	0.75	1.125	0.535	1.143	0.339	0.347	2.112
6.016	2.139	0.347	0.693	0.972	0.486	0.955	0.344	0.359	2.083
4.839	2.224	0.347	0.662	0.808	0.449	0.92	0.344	0.376	2.056
4.075	2.271	0.344	0.62	0.681	0.413	1.077	0.347	0.723	2.036
3.56	2.307	0.344	0.549	0.591	0.435	1.133	0.349	2.056	1.968
3.254	2.322	0.344	0.493	0.518	0.432	1.213	0.347	1.824	1.88
3.074	2.339	0.342	0.457	0.466	0.417	1.316	0.349	1.672	1.719
2.876	2.329	0.342	0.452	0.481	0.417	1.335	0.349	1.841	1.641
2.544	2.183	0.342	0.439	0.498	0.449	1.338	0.349	2.08	1.497
2.239	1.934	2.515	0.425	0.481	0.452	1.328	0.349	2.261	1.392
1.829	1.66	6.511	0.43	0.464	0.417	1.313	0.349	2.393	1.221
1.355	1.409	6.096	0.417	0.447	0.383	1.301	1.008	2.495	1.052
1.018	1.125	4.834	0.393	0.422	0.378	1.248	2.939	2.539	0.864
0.803	0.974	4.089	0.381	0.413	0.361	1.14	2.129	2.62	0.752
0.649	0.894	3.643	0.371	0.391	0.359	1.094	1.58	2.676	0.637
0.566	0.789	3.376	0.364	0.383	0.354	0.994	1.292	2.698	0.53
0.52	0.654	3.093	0.361	0.374	0.356	0.801	1.243	2.681	0.459
0.476	0.552	2.563	0.356	0.371	0.354	0.696	1.184	2.595	0.415
0.417	0.52	1.941	0.354	0.371	0.352	0.627	1.155	2.439	0.396
0.386	0.474	1.418	0.359	0.371	0.354	0.537	1.111	2.288	0.371
0.356	0.439	1.055	0.356	0.364	0.769	0.537	1.077	2.131	0.354
0.337	0.43	0.835	0.352	0.366	5.188	0.588	1.003	1.938	0.349
0.332	0.457	0.71	0.354	0.364	6.68	0.51	0.947	1.67	0.349
0.327	0.439	0.603	1.006	0.364	5.439	0.449	0.92	1.462	0.339
0.322	0.417	0.5	6.382	0.361	4.587	0.417	0.918	1.213	0.334
0.317	0.408	0.444	7.859	0.364	4.089	0.405	0.896	1.011	0.334
0.322	0.396	0.413	6.499	0.383	3.784	0.393	0.852	0.869	0.334
0.312	0.391	0.388	5.457	1.809	3.582	0.376	0.801	0.679	0.332
0.312	0.386	0.374	4.761	5.112	3.459	0.361	0.742	0.593	0.327
0.317	0.396	0.361	4.282	5.71	3.359	0.354	0.693	0.532	0.33
0	1.064	0.356	3.972	4.656	3.186	0.347	0.669	0.496	0.327
0	4.409	0.352	3.738	3.933	2.727	0.344	0.627	0.442	0.33
0	5.149	0.352	3.289	3.511	2.085	0.342	0.588	0.408	0.33
0	4.131	0.349	2.681	3.289	1.55	0.342	0.542	0.386	1.897
0	3.496	0.347	2.085	3.118	1.147	0.344	0.5	0.369	4.148
0	3.101	0.347	1.55	3.025	0.862	0.344	0.559	0.361	3.567
0	2.871	0.347	1.145	2.82	0.706	0.344	0.51	0.356	2.7
0	2.7	0.344	0.891	2.307	0.615	0.344	0.476	0.352	2.119
0	2.532	0.342	0.754	1.753	0.549	0.342	0.447	0.352	1.78
0	2.368	0.347	0.647	1.323	0.486	0.935	0.425	0.349	1.555
0	2.031	0	0.559	1.013	0.437	4.28	0.41	0.352	1.382
0	1.619	0	0.481	0.818	0.408	4.832	0.4	0.354	1.243
0	1.267	0	0.439	0.659	0.388	4.097	0.376	0.354	1.099
0	1.052	0	0.408	0.574	0.371	3.628	0.361	0.352	0.923
0	0.847	0	0.391	0.496	0.366	3.296	0.356	0.364	0.801
0	0.728	0	0.383	0.452	0.364	3.103	0.347	5.659	0.645
0	0.618	0	0.371	0.42	0.359	2.974	0.344	9.211	0.54
0	0.564	0	0.369	0.398	0.356	2.878	0.344	7.612	0.466
0	0.525	0	0.364	0.391	0.359	2.764	0.349	6.143	0.42
0	0.466	0	0.361	0.381	0.352	2.412	0.344	5.261	0.383
0	0.439	0	0.361	0.376	0.352	1.943	0.347	4.741	0.366
0	0.413	0	0.361	0.369	0.352	1.543	0.344	4.412	0.352
0	0.396	0	0.359	0.369	0.354	1.138	0.344	4.187	0.342
0	0.388	0	0	0.364	0.354	0.85	0.339	4.041	0.337
0	0.386	0	0	0.369	0.352	0.664	0.356	3.833	0.339
0	0.383	0	0	0.364	0.347	0.542	1.299	3.506	0.334
0	0.378	0	0	0.364	0	0.491	4.143	2.815	0.334
0	0.374	0	0	0.366	0	0.42	4.375	2.107	0.334
0	0	0	0	0.364	0	0.415	3.535	1.506	0.334
0	0	0	0	0.366	0	0.388	3.013	1.125	0.334
0	0	0	0	0.361	0	0.366	2.681	0.835	0.334
0	0	0	0	0.361	0	0.354	2.49	0.649	0.33
0	0	0	0	0	0	0.349	2.351	0.537	0.332
0	0	0	0	0	0	0.342	2.239	0.464	0.332
0	0	0	0	0	0	0.339	2.041	0.42	0.334
0	0	0	0	0	0	0.339	1.667	0.391	0.334
0	0	0	0	0	0	0.337	1.318	0.366	0
0	0	0	0	0	0	0.339	0.996	0.359	0
0	0	0	0	0	0	0.344	0.776	0.352	0
0	0	0	0	0	0	0.337	0.627	0.347	0
0	0	0	0	0	0	0.339	0.53	0.347	0
0	0	0	0	0	0	0.337	0.474	0.347	0
0	0	0	0	0	0	0	0.432	0.352	0
0	0	0	0	0	0	0	0.4	0.356	0
0	0	0	0	0	0	0	0.381	0.347	0
0	0	0	0	0	0	0	0.364	0.354	0
0	0	0	0	0	0	0	0.356	0.352	0
0	0	0	0	0	0	0	0.347	0.352	0
0	0	0	0	0	0	0	0.344	0.352	0
0	0	0	0	0	0	0	0.342	0	0
0	0	0	0	0	0	0	0.342	0	0
0	0	0	0	0	0	0	0.339	0	0
0	0	0	0	0	0	0	0.337	0	0
0	0	0	0	0	0	0	0.337	0	0
