0.518	0.564	0.713	0.508	0.51	0.535	0.54	0.479	0.5	0.649
0.51	0.583	0.715	0.505	0.503	0.53	0.535	0.479	0.5	0.645
0.513	0.598	0.713	0.503	0.508	0.53	0.532	0.479	0.498	0.649
0.515	0.608	0.708	0.503	0.505	0.537	0.53	0.479	0.505	0.647
0.518	0.615	0.706	0.503	0.508	0.537	0.53	0.483	0.505	0.654
0.52	0.623	0.715	0.505	0.505	0.54	0.535	0.488	0.503	0.649
0.52	0.625	0.713	0.505	0.51	0.535	0.54	0.483	0.503	0.642
0.515	0.627	0.715	0.5	0.508	0.53	0.535	0.486	0.498	0.642
0.515	0.63	0.71	0.498	0.508	0.532	0.532	0.479	0.5	0.642
0.518	0.63	0.706	0.5	0.505	0.537	0.53	0.483	0.508	0.64
0.522	0.632	0.708	0.503	0.51	0.537	0.53	0.486	0.508	0.649
0.522	0.637	0.713	0.508	0.508	0.54	0.535	0.488	0.505	0.645
0.525	0.637	0.715	0.513	0.51	0.535	0.54	0.491	0.503	0.64
0.52	0.637	0.715	0.508	0.51	0.532	0.532	0.488	0.5	0.637
0.527	0.642	0.713	0.508	0.508	0.537	0.53	0.488	0.5	0.64
0.527	0.64	0.706	0.508	0.505	0.54	0.53	0.488	0.503	0.645
0.527	0.645	0.706	0.508	0.508	0.544	0.53	0.488	0.505	0.649
0.527	0.649	0.713	0.508	0.505	0.542	0.535	0.491	0.505	0.645
0.527	0.652	0.713	0.508	0.51	0.537	0.54	0.491	0.503	0.64
0.522	0.652	0.715	0.498	0.583	0.535	0.535	0.483	0.5	0.635
0.522	0.652	0.71	0.493	0.735	0.535	0.532	0.481	0.5	0.635
0.525	0.652	0.708	0.496	0.933	0.54	0.527	0.483	0.5	0.64
0.527	0.657	0.706	0.498	1.091	0.542	0.53	0.483	0.503	0.649
0.527	0.659	0.71	0.5	1.177	0.549	0.535	0.488	0.505	0.645
0.522	0.659	0.713	0.5	1.145	0.605	0.537	0.486	0.503	0.642
0.518	0.659	0.71	0.493	1.106	1.985	0.535	0.476	0.498	0.632
0.518	0.657	0.708	0.493	1.145	2.676	0.557	0.474	0.5	0.635
0.518	0.657	0.791	0.493	1.174	2.466	2.134	0.479	0.5	0.64
0.522	0.664	2.078	0.544	1.179	2.31	3.481	0.481	0.537	0.647
0.525	0.671	2.498	0.566	1.162	2.224	3.074	0.483	0.93	0.642
0.522	0.674	2.305	0.625	1.135	2.158	2.607	0.486	1.453	1.78
0.569	0.72	2.148	0.659	1.138	2.124	2.62	0.476	1.697	3.672
0.588	2.141	2.092	0.691	1.138	2.107	2.825	0.874	1.841	2.959
0.627	2.542	2.095	0.757	1.147	2.092	3.03	2.874	1.931	2.285
0.647	2.178	2.131	0.825	1.145	2.083	3.271	2.522	2.102	1.833
0.662	2.034	2.156	0.886	1.113	2.056	3.55	1.992	2.336	1.604
0.654	2.078	2.18	0.994	1.077	2.029	3.76	1.67	2.539	1.462
0.693	2.107	2.2	1.077	1.035	1.985	3.921	1.606	2.703	1.384
0.73	2.126	2.217	1.13	0.986	1.772	4.041	1.66	2.883	1.367
0.754	2.151	2.214	1.157	0.967	1.465	4.021	1.707	3.076	1.365
0.781	2.219	2.222	1.172	0.955	1.262	3.821	1.75	3.196	1.375
0.806	2.297	2.224	1.184	0.945	1.03	3.501	1.758	3.267	1.387
0.813	2.322	2.097	1.179	0.942	0.854	3.035	1.76	3.286	1.399
0.811	2.332	1.907	1.157	0.947	0.803	2.549	1.748	3.235	1.392
0.808	2.31	1.67	1.123	0.859	0.776	2.058	1.76	3.184	1.362
0.818	2.234	1.362	1.108	0.754	0.688	1.675	1.738	3.154	1.311
0.83	2.104	1.165	1.108	0.684	0.635	1.37	1.675	3.098	1.223
0.825	1.902	1.021	1.074	0.654	0.601	1.113	1.479	2.939	1.104
0.815	1.677	0.928	1.06	0.615	0.576	0.979	1.304	2.725	0.986
0.769	1.462	0.864	0.889	0.593	0.562	0.903	1.138	2.544	0.974
0.728	1.208	0.811	0.759	0.562	0.554	0.798	1.033	2.341	0.955
0.701	1.094	0.774	0.703	0.542	0.547	0.715	0.898	2.117	0.874
0.659	1.03	0.754	0.664	0.525	0.547	0.662	0.835	1.838	0.801
0.674	0.93	0.742	0.64	0.522	0.54	0.625	0.781	1.641	0.75
0.637	0.862	0.737	0.591	0.52	0.537	0.593	0.674	1.499	0.715
0.593	0.808	0.73	0.564	0.518	0.537	0.574	0.605	1.409	0.691
0.571	0.769	0.728	0.535	0.515	0.537	0.557	0.554	1.292	0.679
0.557	0.735	0.723	0.522	0.51	0.537	0.547	0.527	1.077	0.679
0.552	0.718	0.72	0.518	0.508	0.54	0.542	0.515	0.957	0.674
0.54	0.706	0.72	0.52	0.51	0.54	0.544	0.513	0.872	0.669
0.532	0.698	0.725	0.51	0.513	0.537	0.544	0.498	0.825	0.662
0.527	0.691	0.725	0.503	0.513	0.537	0.54	0.488	0.732	0.657
0.527	0.684	0.723	0.503	0.513	0.535	0.532	0.486	0.647	0.662
0.53	0.681	0.723	0.5	0.508	0.537	0.53	0.486	0.593	0.667
0.537	0.681	0.718	0.505	0.505	0.54	0.532	0.488	0.559	0.662
0.532	0.686	0.72	0.508	0.51	0.537	0.535	0.491	0.532	0.662
0.53	0.691	0.723	0.505	0.513	0.537	0.537	0.488	0.515	0.657
0.527	0.684	0.725	0.5	0.513	0.54	0.537	0.481	0.508	0.654
0.527	0.684	0.723	0.498	0.513	0.535	0.53	0.479	0.498	0.654
0.535	0.679	0.723	0.503	0.508	0.537	0.53	0.483	0.498	0.657
0.542	0.681	0.718	0.508	0.505	0.54	0.532	0.488	0.498	0.657
0.537	0.688	0.72	0.508	0.51	0.537	0.535	0.493	0.496	0.654
0.53	0.688	0.725	0.505	0.513	0.535	0.535	0.491	0.496	0.649
0.527	0.681	0.725	0.5	0.515	0.537	0.535	0.488	0.493	0.649
0.527	0.676	0.723	0.5	0.515	0.535	0.53	0.488	0.493	0.654
0.535	0.676	0.723	0.5	0.508	0.537	0.527	0.491	0.496	0.654
0.542	0.676	0.725	0.508	0.508	0.542	0.535	0.498	0.498	0.662
0.537	0.676	0.723	0.503	0.51	0.54	0.532	0.498	0.498	0.659
0.53	0.681	0.723	0.503	0.513	0.54	0.53	0.496	0.496	0.657
0.525	0.676	0.725	0.498	0.515	0.537	0.532	0.491	0.496	0.657
0.527	0.671	0.723	0.493	0.515	0.535	0.537	0.486	0.491	0.664
0.53	0.669	0.725	0.498	0.508	0.537	0.596	0.491	0.493	0.662
0.544	0.674	0.72	0.508	0.505	0.554	0.747	0.498	0.493	0.664
0.579	0.676	0.723	0.503	0.508	0.793	1.443	0.496	0.493	0.664
0.742	0.679	0.725	0.564	0.51	1.941	1.794	0.496	0.493	0.659
0.857	0.674	0.74	2.092	0.518	1.948	1.892	0.493	0.491	0.706
0.981	0.671	0.801	4.192	0.579	1.758	1.948	0.491	0.488	0.786
1.052	0.681	1.304	3.386	0.676	1.641	1.97	0.493	0.493	0.918
1.118	0.769	1.582	2.646	0.85	1.577	1.995	0.522	0.493	1.074
1.157	1.357	1.646	2.192	1.033	1.575	2.014	0.615	0.498	1.116
1.177	1.741	1.672	1.904	1.038	1.587	2.026	1.506	0.493	1.128
1.172	1.821	1.689	1.729	1.013	1.609	2.034	2.483	0.486	1.138
1.15	1.877	1.716	1.619	0.994	1.621	2.048	2.234	0.486	1.15
1.147	1.968	1.716	1.55	0.979	1.628	2.07	2.002	0.488	1.157
1.128	2.092	1.709	1.526	0.981	1.628	2.078	1.87	0.491	1.165
1.121	2.166	1.704	1.511	0.986	1.633	2.085	1.78	0.498	1.162
1.099	2.236	1.682	1.499	1.042	1.638	2.085	1.746	0.493	1.165
1.091	2.312	1.667	1.482	1.082	1.641	2.08	1.738	0.557	1.167
1.079	2.407	1.655	1.482	1.104	1.638	2.08	1.736	2.297	1.172
1.082	2.507	1.643	1.477	1.116	1.587	2.068	1.733	5.425	1.172
1.079	2.585	1.641	1.477	1.128	1.489	2.058	1.733	4.646	1.169
1.077	2.656	1.646	1.47	1.145	1.338	2.046	1.719	3.813	1.165
1.06	2.69	1.641	1.438	1.16	1.155	2.039	1.687	3.396	1.147
1.033	2.681	1.55	1.399	1.167	1.006	2.036	1.658	3.25	1.152
0.999	2.646	1.448	1.284	1.172	0.911	2.034	1.624	3.225	1.099
0.974	2.625	1.284	1.201	1.174	0.842	2.051	1.589	3.311	1.042
0.952	2.6	1.13	1.06	1.182	0.759	2.031	1.382	3.452	1.001
0.901	2.515	1.018	0.974	1.194	0.681	1.951	1.167	3.567	0.94
0.835	2.397	0.967	0.94	1.201	0.632	1.877	1.006	3.655	0.881
0.786	2.261	0.933	0.894	1.211	0.591	1.755	0.918	3.672	0.825
0.774	2.056	0.896	0.835	1.199	0.571	1.604	0.874	3.674	0.786
0.791	1.763	0.823	0.786	1.194	0.562	1.494	0.818	3.706	0.747
0.728	1.567	0.784	0.686	1.184	0.557	1.333	0.735	3.704	0.72
0.674	1.494	0.759	0.62	1.177	0.552	1.138	0.713	3.638	0.696
0.618	1.406	0.747	0.574	1.184	0.547	0.95	0.708	3.462	0.681
0.581	1.313	0.737	0.542	1.184	0.54	0.791	0.627	3.081	0.676
0.564	1.189	0.73	0.53	1.128	0.54	0.718	0.579	2.749	0.667
0.557	1.165	0.72	0.52	1.096	0.542	0.647	0.547	2.422	0.667
0.549	1.089	0.718	0.513	1.055	0.544	0.605	0.53	2.129	0.669
0.542	1.011	0.718	0.508	0.981	0.544	0.581	0.518	1.853	0.667
0.535	0.933	0.723	0.505	0.898	0.54	0.569	0.508	1.592	0.659
0.53	0.835	0.723	0.498	0.82	0.535	0.554	0.498	1.355	0.662
0.53	0.771	0.72	0.496	0.72	0.535	0.544	0.493	1.155	0.657
0.605	0.74	0.715	0.503	0.637	0.54	0.54	0.5	0.999	0.662
1.733	0.72	0.713	0.503	0.588	0.542	0.537	0.498	0.879	0.664
2.744	0.708	0.718	0.503	0.564	0.544	0.537	0.498	0.769	0.659
2.756	0.698	0.72	0.5	0.549	0.537	0.537	0.491	0.662	0.654
2.698	0.686	0.725	0.498	0.542	0.535	0.537	0.486	0.598	0.745
2.708	0.679	0.718	0.496	0.527	0.537	0.535	0.483	0.557	1.826
2.913	0.671	0.715	0.503	0.522	0.537	0.535	0.491	0.535	2.461
3.162	0.686	0.715	0.503	0.515	0.54	0.532	0.493	0.525	2.554
3.352	1.55	0.715	0.559	0.518	0.544	0.535	0.493	0.52	2.588
3.496	3.145	0.72	1.34	0.52	0.537	0.537	0.491	0.508	2.668
3.628	3.254	0.72	2.187	0.52	0.535	0.535	0.486	0.503	2.795
3.726	3.015	0.715	2.419	0.515	0.54	0.532	0.488	0.5	3.022
3.689	2.937	0.715	2.434	0.51	0.547	0.53	0.493	0.5	3.269
3.635	3.142	0.757	2.437	0.51	0.815	0.53	0.493	0.503	3.394
3.462	3.345	2.129	2.419	0.515	2.002	0.535	0.498	0.51	3.484
3.157	3.54	3.586	2.48	0.52	2.529	0.535	0.535	0.5	3.518
2.803	3.672	3.362	2.6	0.518	2.581	0.535	1.255	0.496	3.506
2.446	3.77	3.086	2.671	0.513	2.649	0.535	2.031	0.496	3.496
2.136	3.835	3.018	2.698	0.51	2.764	0.527	1.931	0.498	3.437
1.912	3.857	3.123	2.734	0.508	2.949	0.532	1.799	0.5	3.318
1.726	3.85	3.396	2.766	0.527	3.152	0.586	1.812	0.505	3.123
1.541	3.806	3.76	2.72	2.012	3.267	1.174	1.943	0.498	2.827
1.377	3.708	4.062	2.656	3.582	3.372	1.804	2.124	0.493	2.429
1.208	3.506	4.219	2.583	3.01	3.43	1.985	2.244	0.493	2.034
1.13	3.184	4.292	2.473	2.532	3.452	2.043	2.314	0.496	1.743
1.055	2.861	4.392	2.329	2.295	3.44	2.083	2.334	0.498	1.489
1.018	2.48	4.463	2.151	2.339	3.271	2.112	2.312	0.498	1.294
0.92	2.058	4.473	1.846	2.498	3.013	2.124	2.222	0.496	1.096
0.823	1.697	4.536	1.479	2.571	2.639	2.141	2.129	0.493	0.908
0.759	1.396	4.504	1.243	2.595	2.161	2.144	2.014	0.493	0.791
0.701	1.196	4.395	1.069	2.559	1.843	2.107	1.841	0.498	0.723
0.657	1.064	4.185	0.94	2.368	1.548	2.063	1.672	0.503	0.684
0.613	0.996	3.855	0.83	2.2	1.353	2.029	1.526	0.498	0.652
0.576	0.935	3.408	0.742	2.078	1.191	2.007	1.372	0.498	0.63
0.552	0.872	3.042	0.657	1.86	1.079	1.958	1.235	0.496	0.61
0.54	0.818	2.681	0.605	1.672	0.981	1.858	1.118	0.493	0.605
0.535	0.769	2.339	0.571	1.516	0.916	1.699	0.999	0.496	0.603
0.54	0.737	1.926	0.549	1.404	0.874	1.511	0.913	0.498	0.601
0.532	0.72	1.631	0.53	1.292	0.811	1.262	0.806	0.5	0.601
0.532	0.708	1.443	0.518	1.13	0.747	1.118	0.693	0.5	0.598
0.54	0.696	1.279	0.51	0.989	0.703	0.979	0.642	0.496	0.593
0.53	0.688	1.123	0.508	0.881	0.654	0.876	0.623	0.493	0.596
0.535	0.688	1.011	0.505	0.791	0.615	0.784	0.579	0.503	0.596
0.537	0.688	0.911	0.508	0.715	0.598	0.725	0.547	0.513	0.603
0.535	0.693	0.842	0.503	0.671	0.574	0.667	0.53	0.508	0.676
0.53	0.691	0.82	0.503	0.635	0.562	0.623	0.51	0.503	3.86
0.532	0.688	0.791	0.5	0.603	0.552	0.601	0.498	0.498	5.601
0.53	0.688	0.764	0.498	0.569	0.547	0.588	0.493	0.498	4.363
0.532	0.691	0.75	0.5	0.544	0.549	0.569	0.488	0.5	3.308
0.537	0.688	0.74	0.505	0.53	0.554	0.562	0.486	0.51	2.668
0.535	0.691	0.737	0.5	0.532	0.547	0.557	0.486	0.505	2.295
0.53	0.691	0.742	0.5	0.527	0.544	0.552	0.483	0.5	2.051
0.535	0.686	0.74	0.5	0.525	0.54	0.552	0.479	0.496	1.909
0.532	0.686	0.73	0.496	0.522	0.542	0.542	0.479	0.498	1.841
0.532	0.691	0.725	0.5	0.518	0.542	0.537	0.481	0.498	1.797
0.535	0.688	0.723	0.503	0.515	0.547	0.535	0.483	0.505	1.785
0.53	0.688	0.73	0.503	0.522	0.544	0.54	0.483	0.503	1.777
0.552	0.686	0.735	0.503	0.522	0.542	0.542	0.486	0.498	1.738
0.625	0.718	0.732	0.503	0.518	0.54	0.544	0.483	0.493	1.602
1.577	1.538	0.725	0.496	0.518	0.537	0.535	0.483	0.496	1.504
2.839	3.625	0.723	0.498	0.513	0.54	0.532	0.486	0.496	1.521
2.822	3.87	0.728	0.505	0.513	0.586	0.532	0.488	0.513	1.648
2.644	3.501	0.728	0.591	0.52	1.079	0.535	0.491	0.937	1.626
2.588	3.274	0.798	2.429	0.518	3.293	0.535	0.488	2.339	1.489
2.791	3.149	2.478	4.28	0.52	3.374	0.564	0.508	3.171	1.274
3.018	3.093	4.563	3.486	0.515	2.788	0.664	1.326	3.464	1.028
3.271	3.076	3.823	2.808	0.513	2.505	3.625	4.78	3.762	0.867
3.477	3.054	3.123	2.424	0.513	2.415	4.817	4.651	4.326	0.771
3.596	3.022	2.783	2.253	0.518	2.373	4.026	3.628	4.905	0.718
3.64	2.998	2.722	2.158	0.518	2.339	3.452	2.988	5.613	0.669
3.726	2.981	2.761	2.124	0.515	2.307	3.12	2.642	6.123	0.642
3.806	2.971	2.793	2.097	0.513	2.285	2.949	2.495	6.514	0.627
3.857	2.869	2.832	2.1	0.51	2.271	2.849	2.48	6.836	0.623
3.713	2.529	2.859	2.117	0.53	2.266	2.764	2.495	7.212	0.618
3.455	2.31	2.881	2.136	0.889	2.236	2.693	2.524	7.473	0.615
3.071	2.38	2.874	2.187	2.375	2.205	2.651	2.554	7.639	0.605
2.712	2.339	2.849	2.212	2.952	2.092	2.629	2.578	7.729	0.603
2.515	2.2	2.795	2.151	2.822	1.995	2.61	2.578	7.676	0.605
2.449	2.08	2.676	2.039	2.683	1.946	2.585	2.554	7.466	0.608
2.324	1.794	2.461	2.095	2.642	1.936	2.527	2.397	7.146	0.613
2.156	1.428	2.302	2.163	2.749	1.855	2.266	2.08	6.772	0.613
2.065	1.155	2.202	2.102	2.966	1.702	2.007	1.86	6.355	0.605
1.753	0.984	2.285	1.978	3.196	1.494	1.99	1.787	5.806	0.603
1.467	0.876	2.28	1.833	3.354	1.174	2.129	1.772	5.212	0.603
1.138	0.815	2.083	1.592	3.503	0.942	2.095	1.809	4.456	0.608
0.92	0.811	1.843	1.296	3.611	0.791	1.995	1.672	3.662	0.613
0.776	0.776	1.501	1.011	3.704	0.701	1.846	1.453	2.878	0.608
0.693	0.742	1.262	0.835	3.767	0.637	1.555	1.116	2.361	0.601
0.632	0.718	1.101	0.725	3.821	0.598	1.211	0.889	1.848	0.601
0.598	0.706	1.008	0.662	3.826	0.581	0.955	0.745	1.431	0.598
0.586	0.693	0.937	0.615	3.689	0.574	0.793	0.664	1.128	0.605
0.571	0.696	0.862	0.576	3.257	0.562	0.696	0.603	0.928	0.61
0.559	0.701	0.815	0.552	2.732	0.552	0.64	0.562	0.789	0.605
0.549	0.696	0.786	0.535	2.373	0.544	0.615	0.535	0.679	0.601
0.535	0.693	0.764	0.515	2.048	0.537	0.588	0.513	0.613	0.598
0.537	0.693	0.747	0.508	1.768	0.54	0.564	0.5	0.571	0.598
0.537	0.691	0.737	0.505	1.526	0.54	0.549	0.498	0.547	0.603
0.542	0.693	0.732	0.505	1.404	0.542	0.542	0.493	0.532	0.61
0.54	0.696	0.735	0.503	1.235	0.54	0.542	0.493	0.522	0.601
0.535	0.696	0.735	0.505	0.969	0.532	0.544	0.493	0.515	0.598
0.532	0.696	0.73	0.496	0.801	0.532	0.537	0.483	0.505	0.596
0.53	0.693	0.728	0.5	0.691	0.535	0.535	0.486	0.505	0.596
0.532	0.693	0.725	0.498	0.62	0.535	0.53	0.483	0.505	0.601
0.535	0.696	0.73	0.498	0.581	0.535	0.53	0.483	0.505	0.603
0.535	0.698	0.728	0.5	0.559	0.537	0.535	0.493	0.505	0.603
0.527	0.696	0.73	0.5	0.547	0.532	0.537	0.491	0.503	0.601
0.525	0.698	0.728	0.493	0.535	0.53	0.532	0.481	0.5	0.605
0.525	0.693	0.725	0.491	0.527	0.532	0.53	0.483	0.508	0.613
0.527	0.688	0.72	0.493	0.52	0.535	0.527	0.483	0.508	0.667
0.535	0.696	0.723	0.498	0.518	0.535	0.527	0.486	0.513	0.803
0.535	0.696	0.725	0.5	0.515	0.537	0.532	0.488	0.51	1.038
0.527	0.701	0.728	0.5	0.518	0.53	0.532	0.488	0.508	1.218
0.527	0.698	0.725	0.493	0.515	0.525	0.53	0.481	0.505	1.389
0.525	0.691	0.72	0.493	0.513	0.535	0.525	0.479	0.51	1.624
0.527	0.693	0.718	0.498	0.515	0.532	0.525	0.483	0.532	1.936
0.532	0.696	0.725	0.5	0.51	0.535	0.525	0.486	0.61	2.141
0.535	0.698	0.72	0.505	0.513	0.535	0.535	0.491	2.224	2.295
0.527	0.698	0.725	0.5	0.518	0.527	0.535	0.491	3.289	2.49
0.525	0.698	0.723	0.498	0.518	0.527	0.53	0.486	2.744	2.651
0.525	0.75	0.72	0.496	0.515	0.53	0.525	0.481	2.292	2.732
0.53	1.594	0.718	0.498	0.518	0.53	0.522	0.488	2.051	2.695
0.532	2.832	0.723	0.503	0.51	0.53	0.525	0.491	1.875	2.654
0.537	3.218	0.72	0.503	0.513	0.53	0.532	0.493	1.748	2.62
0.525	3.372	0.725	0.5	0.518	0.527	0.53	0.493	1.667	2.546
0.522	3.506	0.723	0.496	0.518	0.525	0.527	0.488	1.602	2.456
0.525	3.579	0.72	0.496	0.515	0.53	0.527	0.488	1.57	2.393
0.527	3.628	0.718	0.498	0.515	0.53	0.522	0.491	1.545	2.354
0.53	3.647	0.72	0.503	0.513	0.532	0.525	0.493	1.521	2.28
0.53	3.65	0.723	0.508	0.513	0.532	0.532	0.498	1.467	2.161
0.525	3.64	0.725	0.498	0.515	0.53	0.532	0.491	1.396	1.98
0.522	3.625	0.723	0.496	0.518	0.527	0.53	0.486	1.401	1.76
0.525	3.547	0.72	0.491	0.513	0.53	0.525	0.486	1.514	1.538
0.527	3.396	0.715	0.498	0.513	0.532	0.522	0.486	1.467	1.414
0.532	3.076	0.72	0.503	0.51	0.535	0.527	0.491	1.348	1.26
0.532	2.747	0.718	0.518	0.513	0.535	0.532	0.493	1.218	1.123
0.527	2.312	0.723	0.571	0.515	0.535	0.53	0.486	0.964	0.974
0.525	1.89	0.723	2.18	0.515	0.535	0.53	0.505	0.818	0.862
0.547	1.565	0.718	2.954	0.513	0.532	0.527	1.548	0.73	0.798
0.659	1.375	0.732	2.629	0.513	0.537	0.525	3.225	0.725	0.759
1.387	1.221	1.35	2.366	0.51	0.542	0.549	3.381	0.713	0.72
1.853	1.118	4.568	2.222	0.513	0.537	1.042	2.959	0.64	0.688
2.053	1.045	4.819	2.075	0.515	0.537	2.021	2.708	0.588	0.669
2.18	0.959	3.806	2.019	0.513	0.537	2.493	2.566	0.562	0.657
2.253	0.894	3.232	2.014	0.515	0.535	2.495	2.485	0.537	0.654
2.324	0.845	2.91	2.017	0.51	0.54	2.512	2.419	0.53	0.657
2.351	0.791	2.727	2.024	0.513	0.574	2.529	2.373	0.53	0.652
2.3	0.757	2.61	2.034	0.51	0.659	2.554	2.346	0.52	0.652
2.246	0.742	2.532	2.046	0.515	1.206	2.568	2.314	0.515	0.645
2.183	0.72	2.498	2.024	0.515	1.58	2.566	2.278	0.515	0.642
2.104	0.713	2.463	1.948	0.515	1.77	2.559	2.227	0.508	0.645
2.041	0.703	2.441	1.743	0.51	1.887	2.563	2.146	0.513	0.649
1.934	0.701	2.4	1.499	0.51	1.943	2.546	2.017	0.518	0.649
1.685	0.703	2.251	1.233	0.515	1.978	2.451	1.836	0.515	0.647
1.362	0.708	1.921	1.111	0.518	2.004	2.297	1.519	0.51	0.642
1.121	0.698	1.609	1.045	0.52	2.017	2.09	1.267	0.51	0.642
1.011	0.693	1.345	0.967	0.52	2.009	1.843	1.082	0.505	0.645
0.93	0.696	1.226	0.894	0.513	2.034	1.567	0.996	0.51	0.645
0.84	0.698	1.116	0.845	0.515	2.036	1.287	0.916	0.513	0.647
0.754	0.703	1.006	0.771	0.527	2.041	1.145	0.825	0.513	0.647
0.706	0.706	0.918	0.72	0.54	2.046	1.06	0.745	0.508	0.642
0.637	0.698	0.825	0.686	0.642	2.036	0.947	0.662	0.508	0.645
0.593	0.696	0.764	0.664	0.779	1.943	0.815	0.608	0.505	0.652
0.569	0.696	0.725	0.647	0.818	1.692	0.742	0.581	0.51	0.649
0.559	0.701	0.681	0.645	0.742	1.45	0.698	0.566	0.513	0.654
0.54	0.701	0.652	0.637	0.806	1.243	0.657	0.552	0.51	0.649
0.53	0.703	0.627	0.615	2.053	1.062	0.637	0.537	0.51	0.647
0.52	0.696	0.605	0.593	2.688	0.935	0.62	0.532	0.505	0.645
0.518	0.693	0.588	0.583	2.825	0.833	0.605	0.527	0.505	0.657
0.522	0.693	0.581	0.581	2.883	0.781	0.601	0.527	0.508	0.654
0.52	0.698	0.579	0.583	2.954	0.73	0.601	0.532	0.51	0.659
0.518	0.708	0.574	0.579	2.993	0.706	0.598	0.527	0.505	0.654
0.513	0.701	0.571	0.574	2.974	0.693	0.598	0.527	0.508	0.652
0.508	0.698	0.571	0.571	2.961	0.659	0.593	0.522	0.503	0.652
0.508	0.696	0.569	0.569	2.966	0.642	0.588	0.52	0.505	0.657
0.515	0.696	0.564	0.571	2.979	0.635	0.583	0.525	0.505	0.659
0.513	0.701	0.569	0.576	2.996	0.649	0.588	0.53	0.508	0.659
0.505	0.708	0.571	0.574	2.959	0.615	0.591	0.53	0.51	0.659
0.503	0.701	0.571	0.569	2.727	0.588	0.591	0.525	0.508	0.654
0.5	0.698	0.566	0.564	2.375	0.562	0.586	0.52	0.5	0.654
0.5	0.693	0.569	0.564	1.99	0.554	0.583	0.515	0.503	0.657
0.51	0.693	0.559	0.569	1.663	0.549	0.586	0.52	0.505	0.657
0.51	0.693	0.557	0.574	1.377	0.547	0.586	0.532	0.508	0.659
0.508	0.706	0.559	0.571	1.213	0.544	0.588	0.53	0.505	0.657
0.505	0.701	0.562	0.569	1.121	0.544	0.586	0.53	0.513	0.654
0.505	0.698	0.562	0.588	0.979	0.535	0.586	0.525	0.552	0.654
0.505	0.696	0.562	0.562	0.845	0.535	0.583	0.52	2.998	0.654
0.515	0.696	0.552	0.571	0.75	0.54	0.586	0.52	5.063	0.659
0.513	0.698	0.554	0.571	0.688	0.54	0.583	0.525	5.095	0.659
0.513	0.706	0.559	0.571	0.654	0.54	0.586	0.53	4.905	0.657
0.508	0.701	0.557	0.571	0.635	0.542	0.583	0.53	4.8	0.652
0.505	0.696	0.562	0.566	0.625	0.535	0.586	0.522	4.734	0.652
0.51	0.691	0.564	0.566	0.608	0.535	0.581	0.52	4.707	0.688
0.515	0.693	0.557	0.569	0.598	0.537	0.586	0.527	4.695	1.067
0.513	0.698	0.559	0.566	0.601	0.54	0.583	0.53	4.719	1.79
0.513	0.706	0.564	0.566	0.598	0.54	0.588	0.527	4.744	2.202
0.508	0.701	0.571	0.564	0.598	0.537	0.588	0.525	4.707	2.295
0.505	0.696	0.569	0.562	0.596	0.535	0.586	0.52	4.539	2.429
0.505	0.686	0.569	0.562	0.591	0.535	0.583	0.522	4.097	2.737
0.51	0.688	0.562	0.564	0.586	0.537	0.581	0.527	3.516	3.145
0.515	0.693	0.564	0.564	0.583	0.54	0.586	0.53	2.944	3.506
0.51	0.698	0.566	0.562	0.586	0.542	0.586	0.532	2.366	3.784
0.505	0.696	0.569	0.562	0.588	0.537	0.586	0.53	1.931	3.938
0.503	0.693	0.569	0.554	0.593	0.532	0.586	0.527	1.67	4.014
0.508	0.696	0.564	0.557	0.586	0.535	0.583	0.525	1.47	3.953
0.51	0.696	0.562	0.566	0.581	0.537	0.586	0.53	1.331	3.721
0.51	0.701	0.562	0.564	0.581	0.54	0.581	0.53	1.187	3.396
0.513	0.72	0.564	0.562	0.583	0.544	0.586	0.527	1.064	3.003
0.508	0.791	0.564	0.562	0.588	0.535	0.583	0.527	0.92	2.515
0.498	1.433	0.571	0.559	0.588	0.532	0.583	0.522	0.842	2.163
0.513	2.317	0.564	0.557	0.583	0.535	0.583	0.525	0.796	1.934
0.51	2.361	0.557	0.564	0.579	0.537	0.583	0.535	0.759	1.726
0.513	2.268	0.562	0.566	0.576	0.54	0.581	0.549	0.73	1.514
0.51	2.41	0.566	0.564	0.583	0.542	0.586	0.659	0.71	1.343
0.508	2.922	0.591	0.562	0.588	0.537	0.586	1.931	0.691	1.194
0.503	3.459	0.64	0.574	0.583	0.535	0.593	3.308	0.681	1.089
0.51	3.997	0.828	0.588	0.581	0.54	0.586	3.484	0.674	1.064
0.508	4.312	1.406	0.647	0.579	0.537	0.581	3.674	0.671	0.979
0.51	4.575	1.97	0.701	0.576	0.54	0.581	4.299	0.674	0.876
0.51	4.707	2.241	0.884	0.579	0.544	0.586	5.051	0.679	0.801
0.503	4.629	2.454	1.184	0.588	0.535	0.586	5.803	0.669	0.764
0.5	4.387	2.739	1.394	0.583	0.532	0.583	6.44	0.669	0.75
0.505	4.094	3.223	1.501	0.579	0.532	0.586	6.843	0.664	0.73
0.53	3.652	3.706	1.68	0.576	0.54	0.581	6.865	0.667	0.708
0.647	3.198	4.231	2.031	0.579	0.54	0.583	6.646	0.669	0.698
0.85	2.7	4.619	2.466	0.581	0.544	0.586	6.218	0.669	0.684
2.046	2.317	4.783	2.812	0.591	0.535	0.591	5.701	0.667	0.674
2.908	2.061	4.739	3.083	0.586	0.532	0.596	5.071	0.664	0.662
2.93	1.841	4.485	3.257	0.586	0.532	0.662	4.426	0.659	0.664
3.032	1.631	4.136	3.333	0.581	0.537	1.052	3.696	0.667	0.664
3.298	1.47	3.833	3.337	0.581	0.537	2.168	3.015	0.667	0.674
3.689	1.248	3.569	3.342	0.583	0.54	2.778	2.393	0.667	0.669
4.109	1.079	3.252	3.34	0.591	0.535	3.013	1.821	0.664	0.671
4.468	0.981	2.949	3.276	0.588	0.532	3.298	1.497	0.664	0.664
4.661	0.918	2.566	3.103	0.581	0.532	3.672	1.299	0.684	0.667
4.785	0.876	2.219	2.905	0.576	0.535	4.236	1.177	0.664	0.693
4.824	0.845	1.873	2.844	0.576	0.54	4.822	1.011	0.669	0.83
4.661	0.818	1.619	2.759	0.581	0.549	5.239	0.879	0.667	1.826
4.419	0.779	1.438	2.593	0.588	0.645	5.549	0.774	0.664	2.256
4.053	0.796	1.335	2.427	0.586	1.489	5.713	0.691	0.659	2.266
3.569	0.808	1.238	2.319	0.583	2.148	5.769	0.647	0.659	2.307
3.074	0.808	1.091	2.268	0.579	1.963	5.881	0.645	0.664	2.371
2.712	1.035	0.92	2.19	0.581	1.88	5.959	0.627	0.669	2.441
2.385	1.375	0.806	1.997	0.583	1.87	5.903	0.591	0.664	2.498
2.112	1.714	0.75	1.726	0.586	2.19	5.583	0.569	0.659	2.554
1.936	1.882	0.706	1.416	0.586	2.573	5.078	0.549	0.659	2.603
1.797	1.968	0.691	1.113	0.586	2.869	4.49	0.532	0.662	2.632
1.636	2.046	0.659	0.913	0.676	2.998	3.938	0.52	0.662	2.637
1.487	2.151	0.632	0.789	0.686	3.115	3.369	0.515	0.671	2.646
1.36	2.278	0.62	0.713	1.582	3.115	2.744	0.51	0.667	2.646
1.221	2.344	0.618	0.649	2.561	3.015	2.185	0.508	0.659	2.644
1.116	2.393	0.61	0.623	3.025	2.888	1.829	0.505	0.659	2.612
1.028	2.493	0.598	0.591	3.325	2.7	1.421	0.562	0.652	2.517
0.925	2.534	0.591	0.576	3.479	2.351	1.155	0.693	0.657	2.419
0.801	2.556	0.588	0.566	3.591	1.975	0.999	0.876	0.662	2.185
0.706	2.561	0.591	0.557	3.728	1.704	0.894	0.923	0.652	1.938
0.657	2.554	0.593	0.552	3.801	1.487	0.803	0.942	0.649	1.738
0.657	2.556	0.588	0.549	3.872	1.252	0.737	0.95	0.649	1.587
0.635	2.561	0.632	0.544	3.943	1.165	0.676	0.996	0.652	1.433
0.61	2.563	0.92	0.549	3.982	1.101	0.623	1.113	0.671	1.257
0.591	2.561	1.453	0.552	3.879	1.04	0.579	1.267	0.723	1.138
0.627	2.576	1.685	0.549	3.64	0.974	0.547	1.475	0.898	1.069
0.698	2.576	1.746	0.562	3.303	0.935	0.532	1.663	1.289	1.064
0.764	2.539	1.816	0.649	2.976	0.828	0.52	1.841	2.034	1.089
0.923	2.429	1.899	0.886	2.622	0.723	0.505	1.98	2.515	1.106
1.121	2.271	1.948	1.218	2.241	0.659	0.498	2.07	2.825	1.123
1.274	2.144	2.014	1.377	1.924	0.618	0.581	2.151	2.998	1.16
1.567	2.004	2.061	1.458	1.741	0.598	0.937	2.18	3.115	1.208
1.809	1.934	2.109	1.511	1.567	0.591	1.46	2.17	3.188	1.252
1.951	1.919	2.126	1.533	1.372	0.581	1.721	2.144	3.257	1.306
2.065	1.885	2.136	1.555	1.243	0.591	1.846	2.1	3.303	1.36
2.187	1.829	2.146	1.655	1.118	0.583	1.921	2.068	3.337	1.414
2.288	1.729	2.119	1.78	1.008	0.574	1.98	2.051	3.296	1.387
2.346	1.604	1.997	1.87	0.925	0.564	2.019	1.997	3.198	1.323
2.383	1.472	1.885	1.934	0.859	0.549	2.107	1.875	2.935	1.282
2.424	1.357	1.794	1.982	0.808	0.542	2.178	1.777	2.546	1.248
2.463	1.184	1.707	2.017	0.779	0.54	2.209	1.609	2.175	1.208
2.498	1.064	1.631	2.039	0.715	0.544	2.253	1.418	1.934	1.172
2.529	0.981	1.55	2.053	0.657	0.544	2.278	1.172	1.748	1.104
2.549	0.984	1.47	2.078	0.63	0.554	2.297	1.089	1.609	1.177
2.571	1.248	1.406	2.092	0.603	0.596	2.31	1.04	1.487	1.313
2.571	2.158	1.34	2.095	0.583	0.786	2.334	1.074	1.399	1.423
2.573	2.866	1.296	2.104	0.562	0.977	2.302	1.089	1.338	1.506
2.581	3.213	1.321	2.097	0.549	1.123	2.151	1.067	1.299	1.555
2.581	3.396	1.35	2.009	0.549	1.13	2.002	1.021	1.27	1.643
2.568	3.503	1.338	1.914	0.544	1.123	1.851	0.94	1.243	1.814
2.527	3.552	1.309	1.809	0.583	1.128	1.731	0.874	1.206	1.941
2.441	3.611	1.289	1.729	0.774	1.147	1.636	0.911	1.177	2.031
2.31	3.789	1.277	1.677	1.055	1.191	1.555	2.153	1.123	2.063
2.129	4.019	1.282	1.643	1.24	1.23	1.482	3.086	1.091	2.146
1.873	4.141	1.284	1.589	1.389	1.245	1.433	3.372	1.06	2.224
1.675	4.197	1.26	1.506	1.482	1.265	1.348	3.32	0.981	2.209
1.599	4.177	1.208	1.509	1.565	1.294	1.257	3.228	0.859	2.166
1.531	4.207	1.128	1.45	1.602	1.304	1.14	3.159	0.798	2.18
1.455	4.29	1.052	1.436	1.611	1.313	1.038	3.071	0.774	2.214
1.221	4.316	0.942	1.387	1.606	1.338	1.021	3	0.845	2.258
1.011	4.324	0.908	1.326	1.606	1.343	1.055	2.944	0.984	2.285
0.891	4.314	0.94	1.277	1.602	1.348	1.028	2.869	1.206	2.278
0.833	4.292	0.967	1.27	1.611	1.331	1.03	2.81	1.404	2.234
0.791	4.231	1.199	1.213	1.602	1.321	1.025	2.764	1.523	2.183
0.759	4.15	1.533	1.277	1.589	1.321	1.016	2.729	1.584	2.141
0.764	4.082	1.711	1.433	1.582	1.321	0.969	2.69	1.67	2.114
0.769	4.033	1.807	1.531	1.548	1.309	0.906	2.654	1.738	2.075
0.737	3.958	1.931	1.562	1.509	1.289	0.845	2.632	1.843	1.917
0.815	3.838	2.063	1.628	1.487	1.238	0.774	2.6	1.895	1.704
1.172	3.577	2.17	1.711	1.453	1.169	0.696	2.576	1.912	1.484
1.494	3.301	2.241	1.826	1.426	1.062	0.698	2.568	1.926	1.284
1.731	3.018	2.292	1.917	1.411	0.996	0.732	2.566	1.909	1.121
1.877	2.822	2.336	2.061	1.394	1.03	1.079	2.563	1.907	0.994
1.956	2.625	2.329	2.234	1.379	1.106	1.711	2.563	1.897	0.891
2.017	2.471	2.288	2.415	1.377	1.191	2.043	2.502	1.882	0.825
2.085	2.332	2.256	2.539	1.382	1.16	2.195	2.327	1.87	0.781
2.241	2.153	2.222	2.615	1.377	1.152	2.275	2.019	1.873	0
2.439	1.963	2.19	2.607	1.377	1.145	2.312	1.755	1.865	0
2.617	1.821	2.163	2.588	1.375	1.121	2.432	1.55	1.86	0
2.778	1.716	2.139	2.585	1.377	1.084	2.642	1.353	1.853	0
2.866	1.643	2.129	2.549	1.37	1.013	2.742	1.187	1.843	0
2.971	1.565	2.112	2.5	1.362	0.935	2.876	1.038	1.853	0
3.074	1.448	2.097	2.468	1.355	0.864	3.062	0.92	1.868	0
3.118	1.287	2.078	2.444	1.384	0.776	3.328	0.823	1.868	0
3.105	0	2.063	2.444	1.44	0.723	3.56	0.732	1.873	0
3.115	0	2.026	2.439	1.533	0.659	3.65	0	1.846	0
3.115	0	1.948	2.441	1.792	0.618	3.657	0	1.843	0
3.105	0	1.821	2.427	2.441	0.588	3.606	0	1.848	0
3.088	0	1.663	2.415	2.939	0.571	3.577	0	1.863	0
3.062	0	1.536	2.397	2.964	0.576	3.572	0	1.868	0
3.01	0	1.411	2.363	2.766	0.608	3.584	0	1.875	0
2.812	0	1.267	2.212	2.583	0.852	3.604	0	1.902	0
2.412	0	1.123	1.917	2.444	1.382	3.606	0	2.065	0
2.068	0	1.018	1.692	2.329	1.687	3.611	0	3.025	0
1.755	0	0.916	1.519	2.332	1.831	3.621	0	4.009	0
1.521	0	0.828	1.396	2.4	1.926	3.621	0	4.209	0
1.292	0	0.771	1.299	2.454	2.173	3.616	0	4.282	0
1.045	0	0.74	1.167	2.498	2.52	3.562	0	4.275	0
0	0	0.723	1.042	2.546	2.737	3.374	0	4.202	0
0	0	0.723	0.967	2.561	2.903	3.096	0	4.121	0
0	0	0.71	0.889	2.554	2.981	2.698	0	3.992	0
0	0	0.696	0.791	2.551	3.003	2.302	0	3.901	0
0	0	0	0.732	2.549	3.042	2.017	0	3.838	0
0	0	0	0.693	2.551	3.103	1.76	0	3.823	0
0	0	0	0.654	2.527	3.105	1.509	0	3.86	0
0	0	0	0.623	2.51	3.054	1.304	0	3.923	0
0	0	0	0.596	2.488	3	1.118	0	3.979	0
0	0	0	0.583	2.458	2.979	0.969	0	4.019	0
0	0	0	0.576	2.415	2.979	0.837	0	4.045	0
0	0	0	0.569	2.388	2.954	0.742	0	4.07	0
0	0	0	0.559	2.349	2.898	0.674	0	4.106	0
0	0	0	0	2.268	2.739	0	0	4.136	0
0	0	0	0	2.156	2.556	0	0	4.158	0
0	0	0	0	2.009	2.305	0	0	4.175	0
0	0	0	0	1.885	2.068	0	0	4.163	0
0	0	0	0	1.78	1.87	0	0	4.116	0
0	0	0	0	1.704	1.689	0	0	4.075	0
0	0	0	0	1.565	1.541	0	0	4.033	0
0	0	0	0	1.409	1.399	0	0	3.909	0
0	0	0	0	1.294	1.226	0	0	3.608	0
0	0	0	0	1.155	1.077	0	0	3.164	0
0	0	0	0	0.955	0.937	0	0	2.712	0
0	0	0	0	0.801	0.825	0	0	2.258	0
0	0	0	0	0	0.74	0	0	1.929	0
0	0	0	0	0	0.684	0	0	1.658	0
0	0	0	0	0	0.654	0	0	1.443	0
0	0	0	0	0	0	0	0	1.289	0
0	0	0	0	0	0	0	0	1.135	0
