0.354	0.271	0.22	0.22	0.237	0.271	0.764	0.239	0.239	0.278
0.596	0.498	0.227	0.22	0.239	0.444	0.95	0.239	0.242	0.281
0.889	0.952	0.239	0.217	0.234	0.784	1.028	0.466	0.264	0.281
1.15	1.68	0.496	0.217	0.256	1.343	1.077	1.184	0.62	0.281
1.301	2.026	0.874	0.22	0.422	1.477	1.118	1.536	1.655	0.281
1.443	2.068	1.418	0.232	0.508	1.472	1.125	1.533	1.982	0.283
1.565	2.173	1.597	0.361	0.581	1.467	1.133	1.506	2.007	0.281
1.689	2.354	1.65	0.896	0.645	1.477	1.143	1.501	2.031	0.317
1.746	2.354	1.699	1.853	0.708	1.458	1.138	1.523	2.151	0.442
1.765	2.31	1.736	2.1	0.779	1.44	1.157	1.533	2.346	0.61
1.726	2.319	1.775	2.014	0.815	1.438	1.16	1.533	2.512	0.803
1.697	2.236	1.792	2.004	0.852	1.44	1.108	1.528	2.573	0.999
1.697	2.131	1.76	2.102	0.894	1.438	1.03	1.514	2.598	1.086
1.68	2.014	1.643	2.168	0.906	1.396	0.952	1.47	2.544	1.135
1.65	1.792	1.475	2.217	0.891	1.313	0.771	1.365	2.405	1.143
1.572	1.538	1.333	2.195	0.847	1.191	0.662	1.123	2.053	1.143
1.489	1.316	1.23	2.07	0.793	1.016	0.559	0.906	1.79	1.147
1.401	1.165	1.067	1.88	0.73	0.847	0.471	0.762	1.504	1.155
1.243	0.962	0.884	1.663	0.679	0.737	0.459	0.627	1.294	1.162
1.067	0.857	0.688	1.379	0.586	0.688	0.391	0.544	1.057	1.138
0.923	0.764	0.667	1.147	0.562	0.608	0.3	0.452	0.859	1.111
0.747	0.718	0.559	0.911	0.527	0.518	0.256	0.371	0.725	1.089
0.762	0.566	0.405	0.71	0.457	0.466	0.242	0.283	0.601	0.937
0.657	0.4	0.266	0.74	0.388	0.435	0.239	0.247	0.532	0.811
0.537	0.264	0.229	0.64	0.303	0.352	0.237	0.237	0.522	0.757
0.435	0.227	0.225	0.569	0.254	0.266	0.234	0.249	0.464	0.637
0.308	0.222	0.225	0.447	0.237	0.229	0.234	0.234	0.391	0.62
0.254	0.22	0.22	0.334	0.232	0.203	0.237	0.237	0.283	0.564
0.239	0.217	0.217	0.249	0.237	0.188	0.239	0.232	0.251	0.503
0.239	0.215	0.217	0.227	0.237	0.19	0.239	0.234	0.239	0.393
0.234	0.215	0.22	0.22	0.239	0.195	0.237	0.237	0.234	0.325
0.234	0.215	0.222	0.217	0.239	0.2	0.237	0.237	0.234	0.281
0.234	0.215	0.222	0.217	0.234	0.2	0.237	0.234	0.234	0.271
0.237	0.215	0.215	0.222	0.234	0.21	0.237	0.232	0.234	0.271
0.237	0.215	0.212	0.222	0.234	0.22	0.239	0.234	0.237	0.266
0.234	0.212	0.215	0.222	0.237	0.22	0.239	0.234	0.237	0.264
0.232	0.212	0.22	0.22	0.237	0.222	0.234	0.237	0.234	0.266
0.232	0.215	0.222	0.217	0.234	0.227	0.234	0.239	0.234	0.266
0.237	0.217	0.227	0.217	0.234	0.227	0.237	0.234	0.237	0.269
0.239	0.217	0.222	0.22	0.232	0.225	0.237	0.232	0.239	0.271
0.237	0.217	0.22	0.22	0.234	0.222	0.242	0.234	0.239	0.266
0.234	0.215	0.22	0.22	0.237	0.222	0.237	0.237	0.237	0.264
0.232	0.215	0.222	0.22	0.237	0.222	0.237	0.237	0.237	0.264
0.234	0.249	0.229	0.217	0.237	0.227	0.234	0.234	0.234	0.266
0.232	0.312	0.264	0.217	0.237	0.273	0.298	0.239	0.234	0.269
0.237	1.58	0.403	0.217	0.234	0.276	0.337	0.264	0.239	0.269
0.237	1.892	2.329	0.22	0.237	0.315	0.378	0.264	0.278	0.264
0.237	1.536	2.002	0.22	0.288	0.347	0.398	0.283	0.354	0.264
0.234	1.484	1.553	0.22	1.626	0.364	0.442	0.303	0.969	0.264
0.234	1.553	1.643	0.217	4.858	0.378	0.476	0.332	1.46	0.266
0.232	1.555	1.89	0.217	3.333	0.374	0.479	0.325	1.36	0.31
0.237	1.531	2.031	0.215	2.988	0.369	0.471	0.322	1.333	1.655
0.33	1.523	2.065	0.222	3.225	0.361	0.452	0.317	1.331	1.863
0.354	1.523	2.073	0.222	3.552	0.361	0.437	0.317	1.338	1.724
0.386	1.497	2.073	0.217	3.75	0.366	0.435	0.322	1.357	1.797
0.42	1.472	2.051	0.215	3.826	0.369	0.432	0.32	1.348	2.056
0.454	1.406	2.002	0.217	3.882	0.371	0.437	0.325	1.35	2.202
0.525	1.287	1.89	0.22	3.867	0.374	0.439	0.322	1.375	2.212
0.532	1.187	1.731	0.222	3.792	0.376	0.437	0.322	1.379	2.207
0.596	1.089	1.489	0.222	3.494	0.391	0.435	0.325	1.387	2.146
0.679	0.972	1.35	0.222	3.113	0.403	0.435	0.325	1.35	2.08
0.737	0.796	1.108	0.22	2.795	0.405	0.435	0.322	1.206	1.904
0.752	0.718	0.95	0.259	2.41	0.408	0.425	0.315	1.116	1.633
0.791	0.603	0.808	0.354	2.078	0.403	0.41	0.315	1.003	1.423
0.808	0.461	0.703	0.911	1.707	0.408	0.388	0.317	0.879	1.165
0.828	0.391	0.52	1.748	1.335	0.371	0.361	0.325	0.759	0.964
0.854	0.288	0.417	1.489	1.072	0.361	0.339	0.33	0.635	0.881
0.869	0.239	0.325	1.404	0.823	0.344	0.33	0.295	0.491	0.825
0.894	0.232	0.251	1.482	0.608	0.315	0.317	0.256	0.432	0.771
0.911	0.225	0.229	1.619	0.479	0.271	0.259	0.244	0.366	0.713
0.898	0.225	0.222	1.66	0.381	0.234	0.259	0.254	0.278	0.662
0.881	0.22	0.22	1.687	0.291	0.237	0.254	0.242	0.247	0.537
0.815	0.22	0.22	1.709	0.256	0.227	0.237	0.239	0.234	0.464
0.793	0.222	0.222	1.682	0.244	0.227	0.237	0.237	0.229	0.41
0.764	0.225	0.222	1.65	0.237	0.225	0.234	0.234	0.232	0.352
0.72	0.225	0.222	1.606	0.234	0.22	0.239	0.232	0.234	0.286
0.698	0.22	0.22	1.514	0.239	0.22	0.239	0.232	0.237	0.278
0.618	0.22	0.217	1.411	0.239	0.217	0.237	0.234	0.234	0.278
0.479	0.22	0.22	1.294	0.239	0.22	0.234	0.234	0.232	0.271
0.4	0.22	0.222	1.174	0.239	0.222	0.232	0.234	0.232	0.256
0.366	0.232	0.225	1.033	0.237	0.225	0.237	0.229	0.229	0.254
0.366	0.256	0.225	0.955	0.234	0.222	0.239	0.229	0.232	0.254
0.354	0.234	0.234	0.818	0.237	0.225	0.239	0.232	0.232	0.254
0.352	0.232	0.244	0.735	0.239	0.22	0.239	0.239	0.232	0.251
0.33	0.229	0.251	0.569	0.239	0.222	0.237	0.247	0.229	0.251
0.31	0.242	0.251	0.464	0.237	0.229	0.237	0.249	0.234	0.254
0.293	0.259	0.322	0.391	0.234	0.244	0.237	0.249	0.251	0.254
0.286	0.256	0.422	0.371	0.234	0.278	0.244	0.247	0.259	0.256
0.273	0.254	0.479	0.364	0.237	0.315	0.291	0.239	0.261	0.254
0.244	0.242	0.488	0.344	0.239	0.325	0.334	0.247	0.261	0.266
0.234	0.234	0.503	0.305	0.239	0.33	0.364	0.249	0.254	0.308
0.232	0.227	0.527	0.259	0.249	0.349	0.354	0.251	0.271	0.352
0.234	0.227	0.522	0.261	0.291	0.366	0.334	0.254	0.276	0.371
0.237	0.227	0.508	0.264	0.286	0.371	0.325	0.259	0.271	0.376
0.239	0.222	0.442	0.234	0.312	0.376	0.315	0.256	0.261	0.354
0.237	0.22	0.391	0.225	0.315	0.374	0.312	0.251	0.254	0.352
0.234	0.22	0.33	0.22	0.322	0.378	0.305	0.242	0.251	0.347
0.234	0.222	0.31	0.215	0.337	0.374	0.308	0.237	0.249	0.347
0.237	0.225	0.283	0.215	0.31	0.369	0.312	0.234	0.239	0.352
0.239	0.225	0.254	0.217	0.383	0.33	0.315	0.232	0.239	0.349
0.239	0.22	0.227	0.22	0.408	0.295	0.322	0.234	0.239	0.32
0.237	0.217	0.225	0.22	0.425	0.249	0.312	0.237	0.242	0.303
0.234	0.217	0.222	0.217	0.427	0.232	0.286	0.234	0.237	0.295
0.234	0.217	0.225	0.215	0.42	0.229	0.273	0.234	0.234	0.298
0.237	0.222	0.222	0.217	0.41	0.229	0.266	0.232	0.234	0.295
0.247	0.222	0.222	0.217	0.361	0.227	0.249	0.229	0.232	0.303
0.295	0.22	0.22	0.217	0.312	0.225	0.242	0.232	0.234	0.317
0.315	0.217	0.22	0.22	0.317	0.225	0.239	0.234	0.234	0.291
0.312	0.212	0.22	0.217	0.288	0.225	0.237	0.239	0.232	0.283
0.315	0.217	0.222	0.215	0.251	0.225	0.234	0.239	0.229	0.281
0.305	0.217	0.225	0.217	0.239	0.227	0.237	0.234	0.232	0.276
0.31	0.22	0.222	0.217	0.237	0.225	0.239	0.234	0.232	0.261
0.308	0.217	0.22	0.222	0.234	0.222	0.242	0.234	0.237	0.254
0.3	0.215	0.222	0.261	0.237	0.222	0.239	0.237	0.232	0.249
0.295	0.215	0.22	0.408	0.237	0.225	0.237	0.237	0.232	0.249
0.288	0.215	0.225	0.461	0.234	0.225	0.234	0.234	0.232	0.251
0.286	0.217	0.225	0.449	0.234	0.227	0.234	0.234	0.232	0.256
0.293	0.22	0.222	0.442	0.234	0.227	0.237	0.232	0.234	0.254
0.31	0.217	0.22	0.437	0.234	0.225	0.242	0.232	0.237	0.254
0.312	0.217	0.22	0.439	0.237	0.222	0.237	0.234	0.237	0.251
0.303	0.215	0.222	0.449	0.237	0.225	0.234	0.237	0.232	0.249
0.264	0.217	0.225	0.457	0.234	0.225	0.234	0.234	0.229	0.254
0.254	0.22	0.225	0.461	0.232	0.225	0.234	0.232	0.234	0.256
0.244	0.22	0.225	0.466	0.232	0.225	0.239	0.232	0.234	0.256
0.242	0.22	0.22	0.476	0.234	0.222	0.239	0.234	0.237	0.251
0.239	0.217	0.22	0.479	0.237	0.222	0.237	0.237	0.237	0.251
0.234	0.215	0.222	0.471	0.237	0.222	0.234	0.239	0.232	0.254
0.237	0.215	0.225	0.43	0.234	0.225	0.234	0.242	0.232	0.256
0.239	0.22	0.225	0.364	0.232	0.225	0.234	0.232	0.232	0.256
0.244	0.22	0.222	0.271	0.234	0.227	0.239	0.232	0.234	0.256
0.244	0.217	0.22	0.232	0.234	0.22	0.237	0.237	0.234	0.251
0.242	0.215	0.22	0.222	0.237	0.22	0.239	0.237	0.234	0.249
0.239	0.217	0.222	0.22	0.237	0.22	0.234	0.239	0.232	0.251
0.237	0.22	0.225	0.215	0.234	0.225	0.234	0.237	0.229	0.251
0.242	0.22	0.222	0.215	0.234	0.222	0.234	0.249	0.232	0.251
0.244	0.217	0.222	0.215	0.234	0.222	0.237	0.264	0.234	0.254
0.244	0.215	0.222	0.217	0.234	0.22	0.239	0.356	0.234	0.249
0.242	0.212	0.222	0.217	0.237	0.22	0.237	0.557	0.234	0.249
0.237	0.212	0.222	0.217	0.237	0.225	0.234	0.808	0.227	0.251
0.237	0.217	0.225	0.215	0.234	0.225	0.234	0.977	0.229	0.254
0.239	0.22	0.225	0.212	0.232	0.225	0.237	1.033	0.232	0.256
0.244	0.22	0.222	0.217	0.232	0.225	0.239	1.067	0.234	0.256
0.239	0.217	0.22	0.22	0.232	0.222	0.239	1.194	0.234	0.254
0.237	0.217	0.217	0.22	0.234	0.225	0.242	1.418	0.237	0.251
0.234	0.215	0.225	0.217	0.237	0.225	0.237	1.616	0.232	0.251
0.237	0.217	0.225	0.217	0.232	0.222	0.234	1.765	0.229	0.259
0.237	0.217	0.225	0.217	0.229	0.225	0.237	1.858	0.232	0.256
0.239	0.217	0.225	0.22	0.229	0.225	0.237	1.863	0.234	0.256
0.244	0.215	0.22	0.222	0.232	0.222	0.242	1.875	0.237	0.254
0.242	0.215	0.222	0.217	0.234	0.22	0.237	1.858	0.237	0.251
0.239	0.215	0.225	0.215	0.234	0.222	0.234	1.841	0.232	0.251
0.239	0.215	0.227	0.212	0.232	0.227	0.234	1.819	0.232	0.254
0.244	0.215	0.227	0.215	0.229	0.227	0.234	1.787	0.234	0.256
0.244	0.217	0.225	0.217	0.232	0.222	0.239	1.694	0.234	0.256
0.244	0.215	0.22	0.217	0.232	0.217	0.242	1.558	0.237	0.254
0.242	0.212	0.222	0.217	0.234	0.215	0.242	1.384	0.237	0.254
0.239	0.21	0.225	0.217	0.234	0.215	0.237	1.108	0.261	0.254
0.239	0.217	0.227	0.215	0.232	0.22	0.234	0.85	0.457	0.254
0.242	0.217	0.227	0.215	0.232	0.222	0.237	0.652	2.007	0.256
0.244	0.217	0.225	0.215	0.229	0.22	0.239	0.466	2.478	0.261
0.244	0.215	0.222	0.217	0.232	0.217	0.237	0.303	2.156	0.479
0.242	0.212	0.222	0.217	0.232	0.217	0.239	0.256	2.244	4.907
0.239	0.212	0.225	0.217	0.234	0.22	0.234	0.244	2.664	4.016
0.239	0.215	0.225	0.215	0.234	0.222	0.237	0.239	2.969	2.678
0.239	0.215	0.225	0.215	0.229	0.225	0.237	0.237	3.135	2.793
0.244	0.217	0.22	0.22	0.232	0.22	0.237	0.234	3.289	3.359
0.244	0.215	0.22	0.22	0.232	0.217	0.239	0.237	3.34	3.638
0.244	0.212	0.22	0.222	0.234	0.215	0.237	0.239	3.357	3.735
0.239	0.234	0.225	0.22	0.234	0.22	0.237	0.239	3.242	3.801
0.237	0.503	0.227	0.217	0.239	0.227	0.234	0.237	2.883	3.799
0.242	2.151	0.225	0.22	0.334	0.229	0.237	0.237	2.5	3.708
0.244	2.039	0.222	0.22	1.479	0.232	0.239	0.232	2.073	3.313
0.244	1.602	0.222	0.22	2.905	0.227	0.374	0.237	1.76	2.725
0.239	1.665	0.22	0.222	2.214	0.217	1.284	0.237	1.345	2.173
0.239	2.039	0.222	0.22	1.958	0.22	2.029	0.239	0.979	1.736
0.237	2.266	0.225	0.217	2.261	0.222	1.584	0.237	0.745	1.401
0.242	2.361	0.225	0.217	2.683	0.222	1.284	0.234	0.652	1.067
0.244	2.385	0.22	0.22	2.986	0.222	1.262	0.234	0.459	0.776
0.242	2.371	0.217	0.222	3.159	0.22	1.316	0.237	0.293	0.598
0.242	2.283	0.22	0.22	3.254	0.217	1.357	0.239	0.251	0.483
0.239	2.051	0.22	0.22	3.267	0.217	1.362	0.239	0.237	0.378
0.239	1.677	0.225	0.217	3.242	0.222	1.353	0.237	0.234	0.288
0.242	1.333	0.225	0.217	3.24	0.222	1.321	0.234	0.234	0.266
0.242	1.064	0.222	0.22	3.027	0.22	1.252	0.234	0.234	0.261
0.242	0.82	0.259	0.222	2.6	0.217	1.096	0.234	0.237	0.256
0.239	0.588	1.321	0.222	2.065	0.217	0.857	0.237	0.237	0.251
0.239	0.488	3.267	0.22	1.482	0.22	0.718	0.239	0.234	0.254
0.237	0.408	2.927	0.217	1.221	0.222	0.688	0.237	0.234	0.254
0.239	0.281	2.507	0.22	0.942	0.225	0.62	0.234	0.234	0.256
0.242	0.232	2.456	0.22	0.662	0.22	0.42	0.232	0.237	0.256
0.242	0.22	2.563	0.222	0.493	0.217	0.288	0.234	0.237	0.254
0.239	0.215	2.627	0.222	0.352	0.22	0.249	0.237	0.234	0.254
0.237	0.215	2.654	0.22	0.261	0.22	0.237	0.234	0.234	0.254
0.237	0.215	2.664	0.217	0.242	0.222	0.244	0.237	0.232	0.256
0.239	0.217	2.627	0.217	0.234	0.225	0.239	0.234	0.234	0.259
0.244	0.217	2.59	0.22	0.232	0.222	0.237	0.234	0.234	0.261
0.244	0.217	2.507	0.222	0.232	0.22	0.239	0.234	0.239	0.256
0.239	0.215	2.246	0.22	0.234	0.22	0.237	0.237	0.234	0.254
0.237	0.217	1.868	0.22	0.234	0.308	0.237	0.239	0.234	0.254
0.237	0.22	1.472	0.217	0.234	1.794	0.232	0.239	0.232	0.256
0.237	0.222	1.25	0.217	0.229	3.054	0.234	0.234	0.232	0.259
0.237	0.22	1.05	0.217	0.227	2.314	0.237	0.234	0.234	0.259
0.237	0.22	0.732	0.222	0.232	1.995	0.239	0.234	0.239	0.256
0.237	0.217	0.603	0.22	0.234	1.997	0.237	0.239	0.234	0.251
0.232	0.217	0.439	0.217	0.234	2.075	0.237	0.242	0.234	0.254
0.237	0.22	0.278	0.215	0.234	2.129	0.234	0.242	0.232	0.256
0.283	0.225	0.239	0.217	0.232	2.183	0.237	0.234	0.232	0.256
0.513	0.222	0.232	0.22	0.229	2.18	0.239	0.234	0.234	0.256
1.206	0.22	0.225	0.222	0.232	2.158	0.239	0.237	0.237	0.256
1.289	0.215	0.222	0.222	0.234	2.09	0.239	0.239	0.237	0.254
1.138	0.215	0.225	0.22	0.234	1.865	0.237	0.239	0.234	0.254
1.082	0.217	0.225	0.22	0.234	1.475	0.234	0.237	0.234	0.256
1.077	0.22	0.225	0.22	0.232	1.223	0.234	0.234	0.234	0.259
1.084	0.22	0.222	0.222	0.232	0.999	0.237	0.234	0.237	0.261
1.094	0.217	0.222	0.222	0.234	0.706	0.239	0.234	0.239	0.259
1.091	0.215	0.22	0.222	0.237	0.547	0.234	0.239	0.237	0.254
1.104	0.217	0.22	0.22	0.237	0.413	0.234	0.237	0.232	0.256
1.108	0.217	0.225	0.217	0.234	0.273	0.237	0.234	0.232	0.259
1.116	0.22	0.225	0.217	0.232	0.237	0.234	0.234	0.234	0.261
1.069	0.22	0.222	0.22	0.232	0.227	0.237	0.234	0.237	0.259
0.935	0.215	0.22	0.222	0.232	0.225	0.237	0.234	0.237	0.259
0.808	0.215	0.22	0.222	0.237	0.217	0.234	0.239	0.237	0.256
0.625	0.212	0.222	0.22	0.237	0.22	0.232	0.239	0.234	0.256
0.493	0.215	0.222	0.215	0.234	0.222	0.232	0.237	0.234	0.259
0.378	0.217	0.22	0.217	0.232	0.222	0.234	0.232	0.234	0.261
0.317	0.215	0.22	0.22	0.232	0.22	0.237	0.237	0.237	0.261
0.264	0.215	0.22	0.222	0.232	0.22	0.237	0.237	0.237	0.259
0.247	0.215	0.22	0.222	0.234	0.217	0.239	0.237	0.237	0.256
0.239	0.215	0.22	0.217	0.237	0.222	0.234	0.234	0.234	0.256
0.234	0.215	0.222	0.215	0.234	0.222	0.232	0.237	0.234	0.259
0.239	0.217	0.222	0.215	0.232	0.225	0.234	0.234	0.232	0.259
0.251	0.22	0.22	0.217	0.232	0.222	0.237	0.234	0.234	0.259
0.239	0.217	0.217	0.217	0.234	0.22	0.237	0.237	0.237	0.256
0.234	0.217	0.22	0.22	0.237	0.217	0.234	0.237	0.237	0.254
0.232	0.217	0.22	0.217	0.237	0.22	0.232	0.239	0.234	0.254
0.234	0.217	0.222	0.215	0.234	0.22	0.234	0.237	0.232	0.256
0.234	0.22	0.222	0.215	0.232	0.225	0.234	0.237	0.232	0.259
0.237	0.22	0.22	0.22	0.232	0.22	0.237	0.251	0.234	0.259
0.237	0.215	0.22	0.225	0.234	0.217	0.237	0.261	0.237	0.259
0.234	0.215	0.22	0.22	0.237	0.217	0.237	0.264	0.239	0.259
0.234	0.215	0.22	0.232	0.237	0.222	0.234	0.264	0.234	0.259
0.234	0.217	0.222	0.5	0.234	0.222	0.232	0.247	0.232	0.261
0.234	0.215	0.222	3.376	0.232	0.225	0.234	0.237	0.234	0.261
0.237	0.217	0.22	3.723	0.232	0.222	0.239	0.234	0.237	0.264
0.237	0.215	0.22	2.913	0.232	0.222	0.237	0.237	0.234	0.259
0.232	0.215	0.217	2.778	0.237	0.222	0.237	0.239	0.237	0.259
0.229	0.212	0.222	2.917	0.237	0.22	0.234	0.242	0.234	0.259
0.229	0.215	0.222	3.049	0.234	0.222	0.232	0.237	0.229	0.261
0.234	0.217	0.222	3.12	0.232	0.222	0.234	0.232	0.234	0.264
0.237	0.215	0.22	3.157	0.234	0.222	0.237	0.234	0.237	0.31
0.234	0.215	0.217	3.167	0.234	0.22	0.237	0.234	0.237	0.894
0.232	0.212	0.22	3.142	0.237	0.22	0.237	0.237	0.237	2.117
0.229	0.212	0.222	3.008	0.234	0.22	0.234	0.237	0.234	2.256
0.229	0.217	0.225	2.664	0.234	0.222	0.234	0.237	0.244	2.234
0.229	0.215	0.222	2.141	0.232	0.222	0.237	0.234	0.728	2.273
0.234	0.217	0.22	1.755	0.229	0.222	0.239	0.234	2.507	2.283
0.234	0.215	0.217	1.479	0.234	0.22	0.239	0.234	1.895	2.283
0.229	0.212	0.22	1.235	0.234	0.22	0.237	0.237	1.624	2.278
0.229	0.215	0.222	1.057	0.237	0.222	0.237	0.239	1.729	2.283
0.232	0.215	0.222	0.701	0.234	0.222	0.237	0.237	1.968	2.271
0.234	0.227	0.222	0.5	0.232	0.22	0.237	0.237	2.107	2.195
0.234	0.225	0.222	0.398	0.232	0.222	0.237	0.234	2.156	1.98
0.234	0.222	0.22	0.271	0.234	0.217	0.239	0.237	2.185	1.599
0.232	0.225	0.22	0.234	0.237	0.215	0.237	0.239	2.214	1.121
0.229	0.247	0.222	0.225	0.237	0.222	0.237	0.242	2.114	0.784
0.229	0.256	0.222	0.222	0.237	0.222	0.234	0.237	1.855	0.647
0.232	0.295	0.225	0.22	0.232	0.22	0.237	0.234	1.558	0.571
0.234	0.435	0.232	0.22	0.232	0.222	0.239	0.234	1.211	0.491
0.232	1.292	0.242	0.225	0.234	0.22	0.239	0.237	0.876	0.386
0.229	1.711	0.227	0.222	0.234	0.22	0.239	0.237	0.75	0.305
0.227	1.682	0.222	0.22	0.234	0.22	0.237	0.239	0.649	0.278
0.225	1.689	0.225	0.22	0.234	0.222	0.237	0.239	0.571	0.276
0.227	1.682	0.222	0.22	0.232	0.225	0.237	0.237	0.503	0.273
0.229	1.67	0.222	0.222	0.232	0.22	0.239	0.237	0.354	0.271
0.227	1.663	0.22	0.225	0.234	0.215	0.242	0.239	0.278	0.269
0.225	1.65	0.22	0.225	0.237	0.217	0.239	0.242	0.247	0.266
0.222	1.592	0.222	0.222	0.303	0.217	0.234	0.242	0.237	0.266
0.222	1.494	0.225	0.22	0.413	0.22	0.234	0.239	0.234	0.271
0.227	1.235	0.225	0.22	2.312	0.22	0.237	0.237	0.232	0.271
0.229	0.925	0.222	0.222	2.593	0.217	0.239	0.237	0.237	0.269
0.229	0.688	0.222	0.225	1.702	0.215	0.242	0.237	0.239	0.266
0.225	0.598	0.225	0.222	1.519	0.215	0.239	0.239	0.234	0.264
0.225	0.598	0.225	0.222	1.538	0.22	0.234	0.242	0.232	0.261
0.227	0.518	0.227	0.22	1.672	0.222	0.237	0.239	0.229	0.264
0.229	0.479	0.227	0.22	1.75	0.222	0.237	0.237	0.232	0.266
0.232	0.334	0.225	0.222	1.821	0.22	0.237	0.234	0.234	0.264
0.229	0.264	0.222	0.225	1.86	0.22	0.239	0.237	0.237	0.261
0.229	0.247	0.222	0.222	1.792	0.22	0.237	0.242	0.237	0.259
0.227	0.227	0.222	0.22	1.567	0.222	0.234	0.239	0.232	0.259
0.229	0.222	0.225	0.217	1.414	0.227	0.234	0.256	0.229	0.264
0.232	0.222	0.227	0.217	1.301	0.229	0.237	0.374	0.229	0.266
0.234	0.222	0.222	0.22	1.152	0.227	0.249	2.227	0.234	0.264
0.232	0.22	0.222	0.222	1.018	0.225	0.305	3.154	0.234	0.261
0.229	0.215	0.222	0.222	0.825	0.225	0.627	1.987	0.234	0.259
0.229	0.217	0.225	0.22	0.664	0.227	1.179	1.753	0.232	0.259
0.229	0.217	0.227	0.22	0.581	0.227	1.25	1.797	0.229	0.259
0.234	0.22	0.227	0.222	0.474	0.227	1.018	1.814	0.232	0.264
0.234	0.222	0.225	0.222	0.361	0.227	0.952	1.841	0.234	0.261
0.232	0.22	0.222	0.225	0.271	0.225	0.942	1.838	0.237	0.259
0.229	0.217	0.222	0.222	0.249	0.222	0.967	1.826	0.232	0.256
0.232	0.22	0.305	0.222	0.242	0.225	0.962	1.816	0.232	0.261
0.234	0.222	0.676	0.217	0.237	0.269	0.964	1.746	0.232	0.261
0.229	0.222	1.736	0.22	0.237	0.42	0.95	1.472	0.232	0.264
0.232	0.222	1.655	0.222	0.234	2.158	0.911	1.152	0.234	0.261
0.234	0.22	1.436	0.225	0.237	2.61	0.728	0.994	0.234	0.259
0.232	0.215	1.396	0.222	0.239	1.863	0.684	0.813	0.232	0.259
0.251	0.215	1.392	0.22	0.239	1.648	0.591	0.671	0.232	0.259
0.293	0.217	1.392	0.217	0.237	1.682	0.537	0.579	0.232	0.261
0.317	0.22	1.399	0.217	0.237	1.707	0.508	0.554	0.232	0.264
0.32	0.22	1.409	0.22	0.234	1.711	0.374	0.43	0.234	0.264
0.315	0.217	1.396	0.222	0.237	1.724	0.283	0.317	0.237	0.259
0.295	0.217	1.355	0.222	0.239	1.719	0.249	0.261	0.237	0.259
0.298	0.22	1.204	0.22	0.239	1.702	0.239	0.249	0.234	0.259
0.405	0.22	1.006	0.217	0.237	1.55	0.237	0.242	0.232	0.264
1.433	0.222	0.786	0.22	0.234	1.235	0.239	0.237	0.229	0.264
1.836	0.222	0.706	0.22	0.234	0.984	0.239	0.237	0.237	0.261
1.46	0.222	0.632	0.225	0.237	0.823	0.239	0.239	0.237	0.259
1.421	0.22	0.542	0.225	0.239	0.706	0.237	0.239	0.237	0.259
1.44	0.217	0.535	0.22	0.237	0.593	0.234	0.242	0.234	0.259
1.448	0.22	0.393	0.215	0.237	0.54	0.234	0.237	0.232	0.261
1.47	0.222	0.305	0.212	0.234	0.454	0.237	0.237	0.234	0.261
1.475	0.225	0.261	0.22	0.237	0.347	0.239	0.237	0.237	0.261
1.428	0.242	0.242	0.22	0.237	0.256	0.242	0.239	0.237	0.261
1.272	0.259	0.229	0.22	0.239	0.232	0.237	0.242	0.237	0.259
0.952	0.269	0.232	0.217	0.239	0.227	0.237	0.242	0.234	0.259
0.74	0.273	0.232	0.215	0.237	0.227	0.234	0.239	0.234	0.264
0.618	0.273	0.232	0.212	0.237	0.225	0.237	0.237	0.232	0.264
0.566	0.271	0.227	0.217	0.242	0.225	0.237	0.237	0.234	0.261
0.569	0.269	0.227	0.22	0.244	0.225	0.239	0.239	0.237	0.259
0.479	0.271	0.227	0.22	0.251	0.222	0.237	0.242	0.234	0.256
0.305	0.271	0.229	0.217	0.254	0.225	0.234	0.242	0.232	0.256
0.251	0.271	0.232	0.217	0.254	0.227	0.234	0.254	0.232	0.261
0.239	0.273	0.232	0.215	0.251	0.225	0.237	0.264	0.232	0.264
0.237	0.269	0.229	0.217	0.251	0.225	0.239	0.269	0.234	0.261
0.237	0.266	0.227	0.217	0.254	0.222	0.239	0.273	0.239	0.261
0.234	0.266	0.227	0.217	0.259	0.222	0.237	0.278	0.234	0.261
0.232	0.269	0.229	0.217	0.259	0.225	0.234	0.281	0.234	0.295
0.232	0.273	0.232	0.215	0.259	0.227	0.234	0.278	0.229	0.435
0.237	0.273	0.229	0.215	0.256	0.227	0.237	0.273	0.234	1.069
0.237	0.271	0.227	0.217	0.259	0.222	0.239	0.273	0.237	1.702
0.237	0.271	0.227	0.22	0.261	0.225	0.239	0.276	0.237	1.316
0.234	0.269	0.227	0.222	0.264	0.225	0.237	0.264	0.234	1.267
0.234	0.271	0.229	0.217	0.264	0.225	0.234	0.249	0.232	1.389
0.234	0.266	0.232	0.217	0.264	0.227	0.234	0.244	0.229	1.409
0.237	0.271	0.229	0.217	0.259	0.227	0.239	0.239	0.232	1.411
0.237	0.271	0.229	0.283	0.259	0.227	0.242	0.237	0.234	1.355
0.234	0.271	0.227	0.33	0.259	0.222	0.242	0.239	0.234	1.172
0.234	0.269	0.229	0.525	0.261	0.222	0.237	0.242	0.234	1.025
0.232	0.269	0.229	1.05	0.261	0.225	0.234	0.239	0.278	0.808
0.237	0.269	0.232	1.008	0.259	0.227	0.234	0.242	0.349	0.562
0.239	0.269	0.229	0.884	0.259	0.227	0.237	0.237	0.559	0.427
0.239	0.271	0.229	0.874	0.247	0.225	0.239	0.237	1.331	0.386
0.237	0.266	0.227	0.889	0.244	0.222	0.239	0.239	1.365	0.342
0.237	0.266	0.227	0.898	0.239	0.225	0.237	0.242	1.165	0.278
0.234	0.269	0.229	0.879	0.239	0.227	0.234	0.242	1.194	0.261
0.234	0.271	0.232	0.842	0.237	0.229	0.234	0.242	1.296	0.264
0.239	0.271	0.232	0.784	0.234	0.229	0.237	0.239	1.36	0.264
0.239	0.271	0.227	0.747	0.234	0.227	0.239	0.237	1.333	0.264
0.239	0.269	0.227	0.657	0.237	0.225	0.239	0.239	1.274	0.259
0.237	0.266	0.229	0.566	0.239	0.225	0.239	0.242	1.187	0.256
0.234	0.266	0.229	0.518	0.239	0.225	0.237	0.242	1.079	0.256
0.234	0.271	0.232	0.513	0.237	0.227	0.234	0.239	0.974	0.259
0.237	0.271	0.232	0.415	0.234	0.227	0.237	0.237	0.701	0.264
0.239	0.271	0.229	0.293	0.234	0.225	0.239	0.234	0.63	0.264
0.234	0.269	0.227	0.244	0.237	0.222	0.242	0.239	0.476	0.261
0.234	0.266	0.227	0.22	0.239	0.222	0.239	0.242	0.327	0.259
0.232	0.266	0.232	0.21	0.239	0.225	0.234	0.242	0.261	0.261
0.234	0.269	0.232	0.205	0.237	0.227	0.234	0.237	0.239	0.261
0.234	0.271	0.232	0.208	0.234	0.227	0.237	0.237	0.244	0.264
0.237	0.269	0.229	0.215	0.234	0.225	0.242	0.237	0.239	0.259
0.237	0.266	0.229	0.217	0.239	0.222	0.239	0.239	0.237	0.259
0.234	0.264	0.229	0.217	0.256	0.225	0.239	0.239	0.232	0.259
0.232	0.266	0.232	0.217	0.354	0.229	0.237	0.239	0.229	0.259
0.232	0.269	0.232	0.212	0.859	0.232	0.237	0.239	0.229	0.261
0.234	0.271	0.232	0.212	1.843	0.227	0.237	0.237	0.232	0.261
0.237	0.269	0.229	0.215	1.99	0.229	0.239	0.237	0.232	0.261
0.234	0.269	0.227	0.217	1.96	0.225	0.239	0.237	0.239	0.259
0.234	0.269	0.227	0.215	1.975	0.225	0.237	0.234	0.234	0.256
0.232	0.266	0.229	0.212	1.97	0.227	0.234	0.239	0.229	0.256
0.234	0.271	0.229	0.21	1.941	0.229	0.234	0.237	0.229	0.259
0.237	0.271	0.229	0.212	1.926	0.232	0.237	0.234	0.234	0.261
0.237	0.273	0.229	0.215	1.88	0.229	0.239	0.237	0.232	0.261
0.234	0.269	0.227	0.217	1.824	0.225	0.242	0.247	0.237	0.259
0.232	0.266	0.225	0.215	1.572	0.225	0.239	0.337	0.234	0.256
0.229	0.266	0.229	0.215	1.099	0.227	0.234	0.657	0.232	0.261
0.232	0.269	0.232	0.212	0.884	0.229	0.234	1.172	0.229	0.261
0.234	0.271	0.229	0.215	0.603	0.229	0.237	1.304	0.232	0.266
0.234	0.273	0.227	0.217	0.361	0.227	0.239	1.311	0.234	0.264
0.229	0.269	0.227	0.22	0.288	0.225	0.239	1.301	0.237	0.264
0.232	0.266	0.229	0.217	0.249	0.225	0.239	1.309	0.234	0.31
0.232	0.266	0.229	0.215	0.237	0.227	0.237	1.326	0.229	1.096
0.232	0.271	0.232	0.212	0.232	0.229	0.234	1.321	0.229	2.532
0.234	0.273	0.229	0.215	0.229	0.229	0.237	1.284	0.232	2.891
0.237	0.271	0.227	0.215	0.229	0.227	0.239	1.089	0.232	3.044
0.234	0.269	0.227	0.22	0.229	0.225	0.239	0.879	0.234	3.108
0.234	0.269	0.227	0.217	0.232	0.227	0.239	0.623	0.232	3.145
0.234	0.286	0.229	0.217	0.232	0.229	0.237	0.454	0.229	3.154
0.234	0.513	0.229	0.215	0.232	0.229	0.234	0.376	0.229	3.145
0.237	1.165	0.339	0.215	0.227	0.232	0.237	0.31	0.229	3.018
0.237	1.653	0.5	0.217	0.227	0.227	0.239	0.259	0.232	2.563
0.254	1.582	1.079	0.22	0.229	0.227	0.242	0.239	0.234	1.973
0.259	1.506	2.122	0.22	0.234	0.225	0.239	0.237	0.232	1.323
0.549	1.501	1.958	0.215	0.232	0.227	0.234	0.239	0.229	0.791
2.107	1.494	1.953	0.215	0.229	0.229	0.234	0.234	0.229	0.593
2.534	1.501	2.034	0.212	0.227	0.234	0.239	0.229	0.229	0.439
2.461	1.514	2.026	0.217	0.229	0.3	0.239	0.232	0.234	0.327
2.532	1.501	2.034	0.217	0.229	0.608	0.242	0.234	0.247	0.278
2.61	1.343	2.021	0.217	0.234	1.716	0.237	0.237	0.3	0.266
2.646	1.145	2.021	0.215	0.232	2.085	0.234	0.239	1.646	0.269
2.661	0.925	2.019	0.215	0.229	2.151	0.337	0.237	2.727	0.264
2.62	0.732	1.829	0.212	0.227	2.192	0.483	0.232	2.705	0.264
2.419	0.544	1.536	0.215	0.227	2.241	0.837	0.227	2.688	0.264
1.97	0.427	1.228	0.217	0.232	2.263	1.711	0.232	2.678	0.264
1.616	0.339	0.972	0.217	0.232	2.212	1.567	0.237	2.664	0.261
1.221	0.303	0.823	0.215	0.232	2.17	1.453	0.237	2.62	0.261
0.781	0.276	0.688	0.215	0.229	2.161	1.658	0.234	2.612	0.266
0.576	0.271	0.454	0.217	0.227	2.141	1.741	0.232	2.593	0.266
0.396	0.286	0.322	0.22	0.227	2.087	1.755	0.232	2.341	0.266
0.317	0.271	0.266	0.222	0.229	1.929	1.772	0.234	1.743	0.261
0.261	0.266	0.232	0.22	0.232	1.621	1.782	0.234	1.165	0.259
0.242	0.266	0.229	0.217	0.232	1.189	1.729	0.237	0.667	0.259
0.227	0.269	0.229	0.215	0.229	0.798	1.423	0.234	0.605	0.264
0.225	0.271	0.22	0.212	0.227	0.581	1.143	0.234	0.527	0.266
0.229	0.271	0.217	0.217	0.229	0.479	0.994	0.234	0.5	0.266
0.227	0.269	0.217	0.22	0.229	0.33	0.85	0.237	0.383	0.264
0.225	0.264	0.217	0.22	0.232	0.259	0.715	0.239	0.278	0.261
0.222	0.269	0.222	0.215	0.247	0.239	0.654	0.239	0.281	0.264
0.222	0.269	0.22	0.215	0.286	0.227	0.569	0.237	0.256	0.264
0.225	0.273	0.215	0.217	1.426	0.225	0.476	0.234	0.239	0.269
0.227	0.273	0.212	0.217	3.323	0.227	0.425	0.237	0.239	0.266
0.227	0.269	0.212	0.22	3.699	0.222	0.364	0.239	0.237	0.264
0.222	0.266	0.21	0.22	3.818	0.225	0.364	0.239	0.234	0.264
0.222	0.269	0.215	0.217	3.838	0.229	0.281	0.247	0.232	0.266
0.222	0.269	0.217	0.215	3.813	0.229	0.242	0.256	0.232	0.266
0.222	0.271	0.215	0.215	3.767	0.229	0.234	0.339	0.234	0.266
0.227	0.269	0.215	0.217	3.726	0.229	0.234	1.636	0.234	0.266
0.225	0.269	0.212	0.217	3.625	0.227	0.234	2.307	0.234	0.264
0.222	0.264	0.212	0.212	3.328	0.227	0.229	2.449	0.234	0.264
0.22	0.266	0.215	0.21	2.571	0.229	0.227	2.515	0.232	0.261
0.22	0.269	0.217	0.208	1.646	0.229	0.227	2.568	0.229	0.266
0.225	0.271	0.217	0.217	0.854	0.232	0.229	2.6	0.232	0.269
0.227	0.269	0.215	0.22	0.972	0.229	0.234	2.595	0.234	0
0.227	0.266	0.215	0.217	0.889	0.227	0.229	2.581	0.237	0
0.225	0.269	0.215	0.225	0.757	0.229	0.232	2.498	0.234	0
0.222	0.269	0.217	0.222	0.53	0.232	0.229	2.131	0.229	0
0.225	0.271	0.222	0.22	0.366	0.234	0.229	1.584	0.229	0
0.225	0.273	0.222	0.222	0.427	0.234	0.234	0.913	0.232	0
0.227	0.273	0.22	0.227	0.33	0.232	0.237	0.591	0	0
0.227	0.271	0.217	0.227	0.259	0.222	0.237	0.474	0	0
0.225	0.269	0.215	0.225	0.247	0.21	0.234	0.347	0	0
0.225	0.269	0.217	0.222	0.242	0.208	0.232	0.276	0	0
0.234	0.273	0.217	0.22	0.234	0.217	0.232	0.247	0	0
0.564	0.273	0.217	0.222	0.234	0.22	0.234	0.237	0	0
2.764	0.271	0.215	0.225	0.232	0.217	0.237	0.234	0	0
3.411	0.269	0.215	0.225	0.234	0.215	0.237	0.237	0	0
3.486	0.269	0.215	0.227	0.237	0.217	0.237	0.239	0	0
3.55	0.266	0.217	0.222	0.237	0.22	0.232	0.239	0	0
3.562	0.269	0.22	0.22	0.234	0.22	0.232	0.237	0	0
3.569	0.269	0.22	0.222	0.232	0.22	0.234	0.234	0	0
3.486	0.269	0.215	0.225	0.234	0.212	0.237	0.234	0	0
3.118	0.264	0.232	0.222	0.237	0.205	0.237	0.234	0	0
2.661	0.264	0.261	0.217	0.237	0.203	0.232	0.237	0	0
2.212	0.264	0.422	0.212	0.237	0.205	0.232	0.237	0	0
1.692	0.266	1.24	0.212	0.234	0.21	0.232	0.234	0	0
1.079	0.266	1.782	0.215	0.232	0.249	0.234	0.234	0	0
0.635	0.266	1.943	0.215	0.229	0.347	0.237	0.234	0	0
0.471	0.266	2.004	0.222	0.234	0.642	0.239	0.237	0	0
0.369	0.264	2.012	0.222	0.237	1.248	0.234	0.237	0	0
0.31	0.264	1.997	0.22	0.234	1.35	0.234	0.237	0	0
0.259	0.266	1.997	0.352	0.232	1.365	0.237	0.234	0	0
0.256	0.266	1.921	0.791	0.232	1.394	0.286	0.232	0	0
0.244	0.264	1.724	2.424	0.232	1.411	0.891	0.234	0	0
0.247	0.261	1.311	2.166	0.234	1.418	1.934	0.234	0	0
0.234	0.261	0.818	1.887	0.237	1.416	2.129	0.239	0	0
0.227	0.261	0.566	1.968	0.237	1.389	2.173	0.239	0	0
0.227	0.261	0.542	2.1	0.234	1.321	2.185	0.237	0	0
0.229	0.266	0.51	2.151	0.232	1.052	2.156	0.234	0	0
0.229	0.264	0.408	2.161	0.232	0.686	2.146	0.237	0	0
0.227	0.261	0.291	2.187	0.234	0.908	2.09	0	0	0
0.227	0.261	0.271	2.173	0.237	0.803	1.716	0	0	0
0.225	0.264	0.259	2.004	0.237	0.674	1.313	0	0	0
0.229	0.278	0.227	1.663	0.234	0.403	0.789	0	0	0
0.232	0.317	0.22	1.169	0.232	0.273	0.745	0	0	0
0.232	1.128	0.217	0.857	0.232	0.251	0.742	0	0	0
0.232	1.848	0.217	0.706	0.234	0.237	0.647	0	0	0
0.227	1.248	0.22	0.408	0.237	0.237	0.525	0	0	0
0.229	1.155	0.22	0.312	0.237	0.237	0.391	0	0	0
0.232	1.218	0.22	0.247	0.315	0.237	0.33	0	0	0
0.234	1.299	0.22	0.237	0	0.237	0.349	0	0	0
0.234	1.357	0.217	0.242	0	0.234	0.291	0	0	0
0.232	1.414	0.217	0.22	0	0.232	0.251	0	0	0
0.232	1.394	0.222	0.212	0	0.234	0.242	0	0	0
0.232	1.226	0.225	0.21	0	0.234	0.237	0	0	0
0.232	0.994	0.225	0.208	0	0.237	0.234	0	0	0
0.234	0.84	0.227	0.208	0	0.239	0.237	0	0	0
0.237	0.657	0.222	0.208	0	0.234	0.239	0	0	0
0	0.581	0.22	0.212	0	0.234	0.239	0	0	0
0	0.442	0.222	0.212	0	0.234	0.237	0	0	0
0	0.369	0.222	0.21	0	0.237	0.234	0	0	0
0	0.322	0.222	0.208	0	0.237	0.234	0	0	0
0	0.251	0.225	0.21	0	0.237	0.237	0	0	0
0	0.227	0.22	0.212	0	0.237	0.239	0	0	0
0	0.225	0.22	0.215	0	0.232	0.239	0	0	0
0	0.239	0.22	0.212	0	0.234	0.237	0	0	0
0	0.225	0.225	0.21	0	0.234	0.237	0	0	0
0	0.222	0.225	0.212	0	0.237	0.239	0	0	0
0	0.225	0.225	0.212	0	0.239	0.239	0	0	0
0	0.222	0.22	0.212	0	0.234	0.239	0	0	0
0	0.22	0.22	0.215	0	0.234	0.242	0	0	0
0	0.22	0.222	0.215	0	0.234	0.239	0	0	0
0	0.222	0.222	0.212	0	0.237	0.237	0	0	0
0	0.225	0.225	0.212	0	0.237	0	0	0	0
0	0.225	0.222	0.212	0	0.237	0	0	0	0
0	0.225	0.22	0.215	0	0.234	0	0	0	0
0	0.225	0.22	0.215	0	0.232	0	0	0	0
0	0.22	0.22	0.215	0	0.234	0	0	0	0
0	0.22	0	0.212	0	0.237	0	0	0	0
0	0.225	0	0.21	0	0.239	0	0	0	0
0	0.225	0	0.21	0	0.237	0	0	0	0
0	0.225	0	0.212	0	0.234	0	0	0	0
0	0.222	0	0.22	0	0.232	0	0	0	0
0	0.22	0	0.212	0	0.234	0	0	0	0
0	0.22	0	0.205	0	0.234	0	0	0	0
0	0.222	0	0.2	0	0.237	0	0	0	0
0	0.225	0	0.203	0	0	0	0	0	0
0	0.225	0	0.217	0	0	0	0	0	0
0	0.222	0	0.276	0	0	0	0	0	0
0	0.22	0	1.726	0	0	0	0	0	0
0	0.225	0	2.944	0	0	0	0	0	0
0	0.222	0	3.196	0	0	0	0	0	0
0	0.225	0	3.218	0	0	0	0	0	0
0	0.225	0	3.259	0	0	0	0	0	0
0	0.222	0	3.291	0	0	0	0	0	0
0	0.22	0	3.264	0	0	0	0	0	0
0	0.222	0	3.069	0	0	0	0	0	0
0	0.225	0	2.634	0	0	0	0	0	0
0	0.227	0	2.097	0	0	0	0	0	0
0	0.225	0	1.624	0	0	0	0	0	0
0	0.222	0	1.062	0	0	0	0	0	0
0	0.22	0	0.657	0	0	0	0	0	0
0	0.222	0	0.476	0	0	0	0	0	0
0	0.222	0	0.408	0	0	0	0	0	0
0	0.225	0	0.298	0	0	0	0	0	0
0	0.225	0	0.244	0	0	0	0	0	0
0	0.22	0	0.244	0	0	0	0	0	0
0	0.22	0	0.237	0	0	0	0	0	0
0	0.22	0	0.22	0	0	0	0	0	0
0	0.222	0	0.215	0	0	0	0	0	0
0	0.222	0	0.227	0	0	0	0	0	0
0	0.22	0	0.22	0	0	0	0	0	0
0	0.22	0	0.217	0	0	0	0	0	0
0	0.217	0	0.215	0	0	0	0	0	0
0	0.22	0	0.212	0	0	0	0	0	0
0	0.222	0	0.212	0	0	0	0	0	0
0	0.225	0	0.212	0	0	0	0	0	0
0	0.222	0	0.215	0	0	0	0	0	0
0	0.369	0	0.217	0	0	0	0	0	0
0	0	0	0.217	0	0	0	0	0	0
0	0	0	0.215	0	0	0	0	0	0
0	0	0	0.215	0	0	0	0	0	0
0	0	0	0.215	0	0	0	0	0	0
0	0	0	0.215	0	0	0	0	0	0
0	0	0	0.217	0	0	0	0	0	0
0	0	0	0.215	0	0	0	0	0	0
0	0	0	0.215	0	0	0	0	0	0
0	0	0	0.212	0	0	0	0	0	0
0	0	0	0.212	0	0	0	0	0	0
0	0	0	0.215	0	0	0	0	0	0
0	0	0	0.22	0	0	0	0	0	0
0	0	0	0.217	0	0	0	0	0	0
0	0	0	0.212	0	0	0	0	0	0
0	0	0	0.21	0	0	0	0	0	0
0	0	0	0.212	0	0	0	0	0	0
0	0	0	0.212	0	0	0	0	0	0
0	0	0	0.215	0	0	0	0	0	0
