0.508	0.774	0.693	0.459	0.437	0.435	0.449	0.439	0.447	0.442
0.71	0.779	0.742	0.457	0.442	0.437	0.452	0.439	0.439	0.452
0.842	0.784	0.967	0.476	0.442	0.439	0.449	0.439	0.439	0.608
0.864	0.728	1.116	0.496	0.444	0.549	0.447	0.439	0.439	0.764
0.874	0.715	1.138	0.681	0.444	0.867	0.488	0.435	0.53	0.894
0.94	0.72	1.208	0.786	0.447	0.974	0.576	0.586	0.762	0.796
1.096	0.725	1.082	0.735	0.447	0.803	0.576	0.676	0.754	0.771
1.23	0.728	0.916	0.698	0.581	0.818	0.535	0.693	0.588	0.798
1.284	0.737	0.894	0.701	0.686	0.945	0.527	0.693	0.566	0.83
1.282	0.754	0.901	0.752	0.767	0.957	0.522	0.715	0.601	0.823
1.313	0.771	0.945	0.884	0.784	0.916	0.532	0.823	0.632	0.781
1.26	0.786	0.95	0.837	0.789	0.906	0.632	1.003	0.635	0.82
1.27	0.779	0.962	0.801	0.879	0.937	0.681	1.008	0.63	0.928
1.252	0.774	0.945	0.776	1.003	0.991	0.667	0.991	0.647	0.964
1.204	0.764	0.925	0.786	1.028	1.038	0.691	0.962	0.645	0.994
1.155	0.745	0.933	0.74	0.957	1.074	0.73	0.969	0.649	1.025
1.016	0.747	0.947	0.72	0.869	1.072	0.759	0.862	0.667	1.016
0.972	0.745	0.952	0.823	0.764	1.074	0.762	0.796	0.659	1.018
0.984	0.74	0.942	0.886	0.715	1.094	0.786	0.825	0.664	1.001
0.986	0.745	0.94	0.964	0.708	1.101	0.801	0.842	0.635	0.986
0.996	0.73	0.95	0.991	0.718	1.106	0.806	0.884	0.623	0.964
0.986	0.676	0.952	1.008	0.703	1.086	0.813	0.891	0.623	0.955
0.952	0.593	0.942	1.018	0.691	1.055	0.781	0.886	0.627	0.957
0.901	0.549	0.92	1.021	0.674	1.028	0.752	0.879	0.63	0.911
0.85	0.493	0.872	1.04	0.674	1.001	0.754	0.879	0.637	0.872
0.82	0.513	0.808	1.05	0.679	0.986	0.762	0.825	0.63	0.854
0.781	0.53	0.747	1.052	0.671	0.981	0.759	0.767	0.63	0.854
0.742	0.505	0.762	1.062	0.674	0.972	0.745	0.759	0.632	0.83
0.659	0.5	0.793	1.055	0.679	0.95	0.732	0.759	0.635	0.801
0.676	0.498	0.793	1.021	0.671	0.896	0.728	0.747	0.635	0.779
0.735	0.5	0.657	1.006	0.669	0.869	0.723	0.735	0.605	0.767
0.684	0.498	0.637	1.001	0.669	0.85	0.757	0.718	0.581	0.764
0.664	0.469	0.654	0.999	0.664	0.837	0.764	0.698	0.586	0.752
0.615	0.439	0.618	0.986	0.681	0.818	0.75	0.681	0.586	0.684
0.54	0.435	0.581	0.984	0.693	0.798	0.74	0.649	0.588	0.649
0.496	0.432	0.564	0.991	0.684	0.759	0.725	0.618	0.608	0.642
0.491	0.437	0.598	0.986	0.674	0.706	0.659	0.559	0.598	0.591
0.503	0.437	0.601	0.984	0.662	0.696	0.601	0.581	0.598	0.571
0.498	0.435	0.576	0.974	0.642	0.72	0.547	0.696	0.596	0.579
0.479	0.435	0.535	0.977	0.667	0.693	0.505	0.698	0.596	0.586
0.459	0.435	0.496	0.945	0.664	0.703	0.518	0.615	0.562	0.586
0.442	0.432	0.466	0.864	0.745	0.718	0.52	0.593	0.557	0.581
0.439	0.435	0.452	0.808	0.71	0.61	0.532	0.554	0.53	0.579
0.435	0.437	0.447	0.798	0.635	0.605	0.527	0.552	0.476	0.603
0.439	0.435	0.452	0.71	0.615	0.625	0.522	0.576	0.452	0.583
0.439	0.432	0.452	0.659	0.603	0.618	0.483	0.542	0.449	0.549
0.439	0.43	0.449	0.542	0.627	0.571	0.474	0.493	0.449	0.513
0.439	0.435	0.449	0.596	0.669	0.544	0.461	0.457	0.452	0.464
0.437	0.437	0.447	0.549	0.664	0.549	0.469	0.444	0.454	0.449
0.435	0.437	0.449	0.547	0.569	0.566	0.474	0.444	0.447	0.444
0.442	0.435	0.452	0.525	0.532	0.564	0.469	0.437	0.447	0.447
0.442	0.43	0.452	0.515	0.51	0.527	0.466	0.439	0.449	0.447
0.439	0.432	0.452	0.474	0.483	0.513	0.457	0.437	0.449	0.447
0.442	0.435	0.449	0.422	0.464	0.483	0.447	0.437	0.452	0.444
0.437	0.437	0.449	0.403	0.457	0.474	0.447	0.439	0.442	0.442
0.437	0.435	0.449	0.391	0.518	0.466	0.447	0.442	0.444	0.442
0.437	0.432	0.454	0.391	0.525	0.447	0.444	0.439	0.447	0.447
0.439	0.43	0.457	0.391	0.518	0.442	0.442	0.435	0.447	0.449
0.437	0.427	0.454	0.396	0.518	0.437	0.439	0.435	0.452	0.447
0.435	0.43	0.452	0.396	0.486	0.435	0.444	0.432	0.454	0.442
0.435	0.437	0.449	0.413	0.488	0.439	0.449	0.435	0.452	0.442
0.435	0.435	0.452	0.437	0.483	0.439	0.452	0.437	0.447	0.437
0.439	0.43	0.454	0.444	0.476	0.442	0.449	0.439	0.447	0.444
0.442	0.425	0.457	0.449	0.493	0.442	0.444	0.435	0.449	0.444
0.439	0.425	0.454	0.447	0.498	0.437	0.444	0.435	0.452	0.439
0.439	0.43	0.449	0.444	0.469	0.435	0.444	0.435	0.454	0.439
0.439	0.432	0.449	0.444	0.461	0.435	0.449	0.435	0.452	0.439
0.437	0.432	0.457	0.449	0.474	0.439	0.452	0.439	0.452	0.439
0.442	0.425	0.457	0.447	0.469	0.442	0.447	0.439	0.447	0.442
0.444	0.425	0.452	0.449	0.474	0.442	0.442	0.439	0.447	0.444
0.442	0.425	0.449	0.452	0.457	0.439	0.442	0.437	0.449	0.444
0.437	0.427	0.452	0.452	0.435	0.439	0.442	0.437	0.452	0.444
0.437	0.432	0.452	0.449	0.43	0.435	0.447	0.439	0.454	0.444
0.437	0.435	0.454	0.449	0.43	0.439	0.449	0.442	0.449	0.442
0.439	0.432	0.457	0.452	0.432	0.442	0.447	0.439	0.447	0.447
0.444	0.43	0.459	0.459	0.435	0.442	0.444	0.437	0.452	0.449
0.447	0.43	0.457	0.459	0.427	0.437	0.442	0.437	0.449	0.449
0.442	0.43	0.454	0.457	0.43	0.437	0.447	0.432	0.449	0.444
0.442	0.435	0.452	0.452	0.427	0.437	0.449	0.439	0.454	0.442
0.442	0.435	0.452	0.454	0.432	0.439	0.452	0.442	0.452	0.444
0.447	0.432	0.457	0.454	0.432	0.442	0.447	0.439	0.449	0.447
0.447	0.437	0.457	0.454	0.435	0.442	0.447	0.439	0.449	0.447
0.447	0.532	0.457	0.454	0.452	0.435	0.447	0.437	0.454	0.444
0.442	0.491	0.452	0.452	0.449	0.437	0.444	0.437	0.457	0.442
0.461	0.464	0.449	0.449	0.439	0.437	0.452	0.437	0.454	0.442
0.459	0.454	0.454	0.449	0.432	0.437	0.452	0.439	0.452	0.439
0.54	0.452	0.454	0.452	0.435	0.439	0.449	0.439	0.449	0.447
0.588	0.459	0.454	0.454	0.437	0.439	0.449	0.439	0.447	0.449
0.593	0.471	0.449	0.454	0.437	0.435	0.447	0.439	0.452	0.447
0.586	0.476	0.449	0.452	0.432	0.435	0.444	0.439	0.454	0.444
0.579	0.481	0.449	0.449	0.43	0.437	0.452	0.439	0.454	0.442
0.566	0.496	0.449	0.449	0.437	0.439	0.452	0.442	0.452	0.444
0.564	0.493	0.452	0.449	0.454	0.439	0.452	0.442	0.449	0.457
0.544	0.5	0.452	0.452	0.452	0.442	0.449	0.442	0.452	0.454
0.549	0.5	0.452	0.454	0.398	0.439	0.447	0.439	0.452	0.449
0.552	0.498	0.447	0.449	0.42	0.435	0.447	0.439	0.483	0.444
0.547	0.498	0.447	0.447	0.449	0.437	0.452	0.442	0.542	0.457
0.542	0.493	0.454	0.449	0.466	0.439	0.452	0.449	0.608	0.464
0.547	0.483	0.452	0.449	0.496	0.442	0.449	0.447	0.649	0.488
0.549	0.483	0.454	0.454	0.535	0.437	0.444	0.461	0.62	0.498
0.552	0.483	0.454	0.457	0.54	0.435	0.447	0.469	0.627	0.508
0.549	0.486	0.447	0.452	0.535	0.432	0.447	0.469	0.657	0.515
0.552	0.491	0.447	0.449	0.537	0.435	0.449	0.471	0.681	0.574
0.549	0.486	0.449	0.449	0.537	0.437	0.452	0.508	0.713	0.64
0.554	0.479	0.452	0.447	0.54	0.439	0.452	0.537	0.793	0.649
0.557	0.479	0.452	0.454	0.54	0.439	0.447	0.54	0.837	0.645
0.554	0.452	0.454	0.452	0.54	0.437	0.447	0.532	0.85	0.642
0.552	0.447	0.449	0.457	0.537	0.435	0.452	0.525	0.837	0.635
0.552	0.454	0.447	0.452	0.535	0.435	0.454	0.552	0.833	0.635
0.552	0.464	0.449	0.449	0.532	0.437	0.474	0.581	0.84	0.64
0.554	0.464	0.452	0.452	0.535	0.439	0.488	0.63	0.854	0.642
0.557	0.461	0.454	0.454	0.532	0.442	0.491	0.654	0.881	0.64
0.562	0.459	0.452	0.454	0.505	0.469	0.474	0.657	0.867	0.64
0.559	0.447	0.449	0.454	0.471	0.483	0.469	0.669	0.862	0.623
0.552	0.439	0.449	0.449	0.471	0.5	0.454	0.676	0.869	0.615
0.547	0.442	0.452	0.452	0.493	0.51	0.461	0.684	0.845	0.61
0.535	0.437	0.483	0.457	0.505	0.52	0.479	0.688	0.818	0.608
0.527	0.427	0.535	0.459	0.503	0.53	0.491	0.686	0.815	0.608
0.54	0.427	0.544	0.483	0.525	0.579	0.483	0.659	0.808	0.605
0.532	0.427	0.549	0.513	0.535	0.601	0.471	0.632	0.793	0.598
0.498	0.427	0.53	0.498	0.544	0.625	0.457	0.63	0.784	0.593
0.459	0.425	0.535	0.51	0.542	0.645	0.449	0.63	0.764	0.591
0.449	0.43	0.557	0.518	0.486	0.662	0.449	0.627	0.747	0.576
0.442	0.422	0.605	0.522	0.476	0.688	0.449	0.62	0.747	0.544
0.439	0.425	0.645	0.52	0.474	0.693	0.452	0.581	0.732	0.52
0.435	0.437	0.654	0.54	0.469	0.688	0.459	0.532	0.684	0.52
0.435	0.447	0.684	0.571	0.469	0.684	0.461	0.522	0.647	0.513
0.437	0.449	0.718	0.576	0.483	0.674	0.461	0.522	0.637	0.508
0.439	0.447	0.747	0.581	0.479	0.664	0.461	0.532	0.64	0.486
0.439	0.442	0.769	0.552	0.459	0.657	0.459	0.544	0.598	0.461
0.442	0.437	0.784	0.544	0.442	0.645	0.461	0.547	0.559	0.452
0.435	0.442	0.781	0.542	0.435	0.64	0.466	0.53	0.566	0.464
0.437	0.444	0.779	0.532	0.435	0.635	0.471	0.525	0.566	0.486
0.435	0.444	0.781	0.486	0.427	0.642	0.474	0.508	0.559	0.481
0.437	0.447	0.784	0.483	0.432	0.642	0.469	0.474	0.552	0.466
0.437	0.449	0.786	0.488	0.432	0.627	0.469	0.447	0.544	0.466
0.435	0.449	0.789	0.486	0.432	0.601	0.469	0.442	0.515	0.457
0.43	0.452	0.776	0.486	0.432	0.583	0.474	0.442	0.474	0.461
0.427	0.454	0.769	0.483	0.43	0.579	0.474	0.444	0.474	0.452
0.432	0.457	0.767	0.481	0.435	0.557	0.474	0.449	0.459	0.449
0.435	0.449	0.764	0.481	0.432	0.542	0.476	0.452	0.452	0.454
0.439	0.447	0.752	0.479	0.435	0.549	0.469	0.447	0.449	0.488
0.439	0.447	0.737	0.476	0.439	0.554	0.476	0.442	0.452	0.464
0.435	0.449	0.708	0.469	0.439	0.547	0.471	0.444	0.454	0.452
0.435	0.454	0.684	0.476	0.435	0.508	0.459	0.439	0.449	0.449
0.432	0.459	0.659	0.479	0.435	0.493	0.447	0.442	0.452	0.449
0.437	0.457	0.63	0.479	0.439	0.461	0.447	0.442	0.449	0.452
0.442	0.452	0.618	0.474	0.442	0.447	0.452	0.437	0.449	0.454
0.442	0.452	0.596	0.474	0.442	0.447	0.464	0.435	0.452	0.452
0.437	0.452	0.586	0.461	0.439	0.442	0.474	0.435	0.454	0.449
0.437	0.457	0.542	0.447	0.435	0.442	0.452	0.437	0.454	0.447
0.435	0.454	0.483	0.439	0.437	0.457	0.454	0.442	0.452	0.452
0.437	0.452	0.469	0.442	0.437	0.457	0.469	0.442	0.449	0.447
0.437	0.449	0.464	0.449	0.439	0.444	0.464	0.439	0.449	0.447
0.435	0.449	0.476	0.449	0.437	0.437	0.449	0.437	0.452	0.444
0.435	0.449	0.474	0.449	0.437	0.437	0.444	0.437	0.452	0.442
0.432	0.452	0.457	0.447	0.432	0.437	0.449	0.439	0.457	0.439
0.435	0.454	0.452	0.444	0.432	0.439	0.447	0.442	0.449	0.439
0.437	0.452	0.454	0.452	0.437	0.442	0.474	0.442	0.447	0.442
0.442	0.447	0.454	0.454	0.439	0.442	0.447	0.439	0.449	0.444
0.444	0.447	0.457	0.444	0.439	0.437	0.442	0.437	0.449	0.447
0.439	0.452	0.452	0.471	0.437	0.435	0.442	0.437	0.454	0.442
0.439	0.452	0.449	0.474	0.432	0.437	0.447	0.439	0.454	0.439
0.439	0.449	0.452	0.457	0.432	0.439	0.447	0.442	0.452	0.442
0.442	0.447	0.454	0.466	0.435	0.442	0.442	0.439	0.449	0.444
0.444	0.449	0.457	0.469	0.435	0.442	0.439	0.437	0.452	0.447
0.447	0.452	0.457	0.457	0.435	0.439	0.439	0.435	0.454	0.444
0.444	0.452	0.452	0.457	0.432	0.435	0.442	0.435	0.457	0.442
0.444	0.449	0.449	0.449	0.43	0.439	0.444	0.435	0.449	0.439
0.444	0.452	0.449	0.444	0.432	0.439	0.447	0.432	0.449	0.439
0.444	0.447	0.454	0.442	0.432	0.442	0.444	0.435	0.449	0.442
0.449	0.447	0.457	0.447	0.432	0.444	0.442	0.43	0.452	0.442
0.447	0.449	0.457	0.447	0.432	0.439	0.439	0.427	0.454	0.442
0.444	0.452	0.454	0.452	0.427	0.437	0.444	0.435	0.454	0.439
0.442	0.457	0.452	0.447	0.43	0.439	0.447	0.435	0.449	0.437
0.444	0.454	0.454	0.449	0.432	0.439	0.444	0.439	0.449	0.437
0.447	0.452	0.457	0.447	0.437	0.442	0.442	0.439	0.449	0.442
0.449	0.449	0.457	0.452	0.439	0.447	0.437	0.435	0.447	0.442
0.459	0.447	0.457	0.454	0.439	0.439	0.437	0.432	0.449	0.437
0.5	0.447	0.454	0.452	0.439	0.435	0.442	0.432	0.452	0.435
0.85	0.471	0.452	0.449	0.437	0.439	0.444	0.437	0.452	0.435
0.657	0.479	0.452	0.447	0.437	0.442	0.444	0.444	0.449	0.435
0.576	0.518	0.457	0.449	0.439	0.444	0.442	0.53	0.447	0.439
0.566	0.52	0.457	0.452	0.444	0.444	0.439	0.667	0.444	0.442
0.603	0.508	0.457	0.452	0.442	0.439	0.437	0.684	0.449	0.447
0.623	0.515	0.454	0.452	0.437	0.437	0.439	0.674	0.452	0.444
0.637	0.518	0.452	0.447	0.435	0.439	0.442	0.691	0.452	0.444
0.662	0.544	0.449	0.447	0.435	0.442	0.444	0.669	0.454	0.444
0.679	0.557	0.454	0.447	0.437	0.442	0.437	0.601	0.469	0.449
0.686	0.542	0.454	0.447	0.437	0.442	0.439	0.557	0.496	0.488
0.679	0.542	0.457	0.449	0.439	0.439	0.435	0.557	0.505	0.552
0.671	0.591	0.449	0.447	0.437	0.437	0.439	0.591	0.513	0.581
0.654	0.598	0.454	0.447	0.432	0.437	0.442	0.613	0.527	0.591
0.659	0.613	0.447	0.444	0.437	0.442	0.442	0.627	0.544	0.64
0.669	0.618	0.452	0.444	0.437	0.444	0.442	0.649	0.625	0.574
0.674	0.623	0.452	0.447	0.439	0.444	0.437	0.657	0.686	0.566
0.681	0.649	0.452	0.447	0.437	0.439	0.437	0.647	0.691	0.579
0.684	0.679	0.447	0.449	0.432	0.437	0.437	0.642	0.681	0.586
0.667	0.693	0.444	0.447	0.432	0.437	0.442	0.635	0.625	0.605
0.652	0.696	0.447	0.444	0.432	0.449	0.444	0.63	0.564	0.667
0.615	0.703	0.498	0.447	0.435	0.481	0.442	0.63	0.542	0.73
0.596	0.706	0.735	0.449	0.439	0.496	0.439	0.635	0.554	0.806
0.576	0.715	0.664	0.452	0.439	0.483	0.437	0.627	0.547	0.837
0.583	0.732	0.603	0.449	0.435	0.496	0.444	0.618	0.547	0.85
0.579	0.745	0.598	0.447	0.435	0.51	0.457	0.62	0.537	0.857
0.576	0.74	0.598	0.444	0.437	0.513	0.469	0.627	0.532	0.852
0.569	0.732	0.618	0.447	0.479	0.532	0.454	0.63	0.537	0.852
0.557	0.728	0.625	0.452	0.469	0.535	0.447	0.61	0.53	0.833
0.54	0.703	0.62	0.454	0.491	0.52	0.444	0.603	0.532	0.82
0.525	0.696	0.603	0.459	0.483	0.518	0.464	0.593	0.53	0.815
0.52	0.715	0.601	0.449	0.469	0.522	0.488	0.593	0.53	0.806
0.513	0.72	0.61	0.447	0.486	0.532	0.535	0.596	0.53	0.806
0.513	0.723	0.627	0.449	0.498	0.566	0.525	0.591	0.527	0.803
0.479	0.725	0.642	0.454	0.559	0.618	0.525	0.586	0.53	0.808
0.464	0.701	0.642	0.457	0.591	0.654	0.525	0.586	0.532	0.806
0.454	0.662	0.642	0.454	0.61	0.693	0.527	0.552	0.532	0.791
0.452	0.605	0.64	0.452	0.637	0.728	0.53	0.525	0.53	0.769
0.457	0.576	0.637	0.452	0.64	0.754	0.525	0.5	0.53	0.75
0.459	0.503	0.642	0.449	0.669	0.767	0.527	0.493	0.53	0.73
0.452	0.479	0.637	0.452	0.698	0.764	0.525	0.486	0.532	0.667
0.449	0.491	0.627	0.518	0.713	0.754	0.522	0.479	0.508	0.632
0.444	0.525	0.649	0.593	0.72	0.759	0.527	0.471	0.498	0.608
0.442	0.52	0.657	0.605	0.693	0.764	0.53	0.471	0.496	0.613
0.439	0.479	0.64	0.61	0.696	0.779	0.53	0.454	0.491	0.618
0.447	0.444	0.647	0.623	0.725	0.781	0.53	0.447	0.466	0.613
0.449	0.43	0.625	0.632	0.747	0.779	0.525	0.452	0.461	0.605
0.449	0.42	0.583	0.603	0.754	0.781	0.52	0.457	0.464	0.586
0.447	0.422	0.586	0.588	0.767	0.764	0.52	0.444	0.471	0.542
0.444	0.425	0.593	0.601	0.781	0.781	0.532	0.439	0.466	0.52
0.442	0.43	0.596	0.635	0.793	0.759	0.535	0.439	0.464	0.491
0.444	0.427	0.61	0.679	0.803	0.725	0.532	0.442	0.449	0.51
0.449	0.425	0.618	0.671	0.801	0.708	0.522	0.439	0.459	0.51
0.449	0.427	0.588	0.686	0.796	0.691	0.515	0.437	0.486	0.51
0.449	0.422	0.53	0.732	0.745	0.635	0.52	0.432	0.459	0.505
0.444	0.425	0.51	0.737	0.693	0.586	0.525	0.437	0.457	0.464
0.444	0.42	0.491	0.735	0.615	0.576	0.525	0.439	0.454	0.454
0.447	0.42	0.483	0.713	0.576	0.581	0.518	0.442	0.449	0.454
0.449	0.42	0.481	0.676	0.54	0.586	0.496	0.437	0.447	0.454
0.449	0.42	0.471	0.667	0.53	0.583	0.486	0.435	0.449	0.449
0.444	0.42	0.461	0.657	0.54	0.576	0.479	0.435	0.454	0.449
0.444	0.425	0.457	0.63	0.554	0.569	0.481	0.435	0.454	0.449
0.444	0.427	0.457	0.61	0.552	0.554	0.479	0.437	0.452	0.447
0.447	0.435	0.459	0.581	0.552	0.544	0.474	0.435	0.452	0.452
0.449	0.427	0.461	0.581	0.54	0.535	0.466	0.432	0.449	0.452
0.447	0.425	0.461	0.547	0.518	0.5	0.449	0.432	0.452	0.449
0.447	0.427	0.459	0.547	0.498	0.471	0.444	0.43	0.457	0.449
0.444	0.43	0.457	0.564	0.483	0.466	0.447	0.437	0.454	0.447
0.444	0.43	0.454	0.569	0.452	0.454	0.444	0.439	0.449	0.447
0.447	0.43	0.459	0.571	0.442	0.447	0.437	0.439	0.447	0.449
0.449	0.425	0.459	0.576	0.442	0.437	0.439	0.435	0.447	0.449
0.447	0.43	0.459	0.579	0.452	0.435	0.442	0.435	0.452	0.449
0.442	0.43	0.459	0.593	0.459	0.435	0.442	0.435	0.454	0.444
0.442	0.435	0.454	0.574	0.442	0.432	0.444	0.437	0.454	0.442
0.442	0.437	0.454	0.566	0.435	0.437	0.449	0.439	0.454	0.442
0.447	0.432	0.457	0.557	0.432	0.439	0.444	0.437	0.449	0.447
0.447	0.432	0.457	0.552	0.437	0.437	0.444	0.437	0.449	0.449
0.447	0.43	0.457	0.549	0.435	0.435	0.442	0.432	0.452	0.449
0.442	0.432	0.454	0.53	0.435	0.432	0.444	0.435	0.454	0.442
0.439	0.437	0.452	0.503	0.43	0.435	0.447	0.435	0.452	0.442
0.442	0.437	0.449	0.479	0.43	0.437	0.449	0.437	0.452	0.442
0.447	0.437	0.454	0.464	0.435	0.439	0.449	0.439	0.449	0.444
0.481	0.435	0.457	0.459	0.437	0.442	0.444	0.437	0.444	0.447
0.488	0.432	0.457	0.454	0.439	0.435	0.442	0.432	0.452	0.444
0.491	0.435	0.454	0.452	0.437	0.435	0.447	0.435	0.454	0.442
0.491	0.437	0.447	0.449	0.435	0.437	0.449	0.435	0.454	0.439
0.505	0.437	0.447	0.447	0.43	0.437	0.449	0.437	0.449	0.439
0.5	0.437	0.449	0.449	0.435	0.444	0.444	0.439	0.447	0.444
0.476	0.432	0.452	0.452	0.435	0.447	0.444	0.449	0.447	0.444
0.457	0.432	0.447	0.452	0.435	0.442	0.444	0.479	0.452	0.444
0.449	0.432	0.447	0.447	0.435	0.437	0.444	0.479	0.454	0.442
0.447	0.437	0.444	0.449	0.43	0.439	0.447	0.481	0.457	0.439
0.449	0.437	0.444	0.447	0.43	0.439	0.449	0.454	0.449	0.442
0.459	0.435	0.447	0.447	0.432	0.442	0.447	0.442	0.449	0.444
0.525	0.43	0.449	0.449	0.437	0.439	0.442	0.437	0.449	0.447
0.581	0.43	0.449	0.454	0.439	0.437	0.439	0.435	0.452	0.447
0.586	0.432	0.449	0.449	0.439	0.432	0.444	0.461	0.454	0.444
0.586	0.435	0.447	0.449	0.432	0.43	0.444	0.552	0.454	0.439
0.591	0.437	0.449	0.447	0.435	0.437	0.447	0.635	0.452	0.442
0.623	0.435	0.449	0.449	0.435	0.439	0.444	0.676	0.449	0.444
0.779	0.43	0.452	0.449	0.435	0.442	0.442	0.688	0.449	0.447
0.889	0.427	0.452	0.452	0.437	0.435	0.439	0.681	0.452	0.447
0.928	0.427	0.447	0.452	0.432	0.437	0.442	0.691	0.454	0.444
0.952	0.432	0.444	0.449	0.432	0.439	0.444	0.774	0.452	0.447
0.986	0.432	0.442	0.447	0.435	0.442	0.449	0.886	0.449	0.449
1.045	0.425	0.447	0.447	0.437	0.444	0.452	0.925	0.452	0.454
1.138	0.425	0.449	0.452	0.439	0.442	0.444	0.959	0.461	0.454
1.196	0.42	0.449	0.452	0.439	0.442	0.442	0.986	0.466	0.457
1.184	0.42	0.449	0.452	0.435	0.466	0.442	1.025	0.471	0.447
1.16	0.42	0.447	0.449	0.435	0.474	0.447	1.05	0.471	0.442
1.152	0.42	0.447	0.447	0.435	0.481	0.444	1.086	0.483	0.442
1.165	0.422	0.449	0.447	0.439	0.461	0.442	1.113	0.476	0.454
1.169	0.417	0.452	0.454	0.439	0.452	0.437	1.169	0.469	0.469
1.182	0.417	0.449	0.457	0.439	0.454	0.437	1.221	0.618	0.474
1.172	0.422	0.444	0.452	0.437	0.449	0.439	1.26	0.745	0.471
1.167	0.422	0.444	0.452	0.435	0.449	0.442	1.287	0.806	0.466
1.145	0.425	0.447	0.449	0.435	0.454	0.442	1.345	0.847	0.464
1.152	0.422	0.449	0.452	0.437	0.459	0.442	1.423	0.857	0.61
1.138	0.422	0.449	0.454	0.439	0.457	0.439	1.484	0.901	0.723
1.13	0.42	0.452	0.457	0.437	0.452	0.464	1.499	0.964	0.803
1.111	0.422	0.447	0.454	0.439	0.444	0.447	1.558	0.969	0.83
1.108	0.425	0.447	0.452	0.437	0.525	0.444	1.672	0.959	0.815
1.106	0.427	0.449	0.449	0.435	0.613	0.447	1.775	0.964	0.85
1.113	0.43	0.449	0.452	0.439	0.654	0.444	1.943	1.001	0.92
1.125	0.422	0.452	0.454	0.442	0.681	0.444	2.056	1.057	1.013
1.121	0.422	0.454	0.454	0.439	0.681	0.51	2.07	1.094	1.074
1.104	0.425	0.449	0.454	0.437	0.696	0.662	2.087	1.104	1.106
1.082	0.427	0.447	0.449	0.435	0.715	0.82	2.102	1.099	1.143
1.064	0.427	0.444	0.452	0.432	0.781	0.898	2.107	1.13	1.196
1.062	0.432	0.449	0.452	0.437	0.854	0.898	2.095	1.152	1.24
1.069	0.439	0.454	0.459	0.439	0.989	0.898	2.065	1.174	1.279
1.06	0.432	0.454	0.459	0.442	1.072	0.955	2.034	1.184	1.296
1.052	0.447	0.449	0.459	0.452	1.101	1.028	2.002	1.206	1.292
1.016	0.442	0.447	0.459	0.452	1.099	1.055	1.982	1.252	1.287
0.977	0.574	0.449	0.459	0.452	1.072	1.06	1.912	1.27	1.294
0.923	0.625	0.449	0.459	0.454	1.06	1.084	1.848	1.27	1.323
0.916	0.635	0.452	0.459	0.454	1.05	1.094	1.802	1.294	1.338
0.913	0.62	0.452	0.457	0.447	1.035	1.086	1.711	1.316	1.355
0.891	0.605	0.449	0.454	0.449	1.028	1.096	1.541	1.306	1.355
0.864	0.603	0.447	0.452	0.452	1.008	1.133	1.387	1.318	1.343
0.798	0.654	0.449	0.449	0.461	1.008	1.165	1.282	1.365	1.333
0.752	0.715	0.449	0.452	0.732	1.003	1.23	1.218	1.365	1.313
0.679	0.754	0.452	0.454	0.925	1.008	1.282	1.086	1.37	1.311
0.562	0.779	0.452	0.457	0.942	1.016	1.257	0.984	1.372	1.306
0.486	0.801	0.449	0.464	0.942	1.025	1.26	0.911	1.353	1.309
0.447	0.828	0.447	0.498	0.94	1.033	1.265	0.818	1.279	1.311
0.442	0.85	0.449	0.598	0.989	1.057	1.265	0.723	1.189	1.316
0.439	0.854	0.452	0.627	1.074	1.086	1.287	0.571	1.14	1.316
0.442	0.874	0.454	0.62	1.128	1.104	1.328	0.471	1.086	1.296
0.439	0.894	0.454	0.62	1.182	1.104	1.394	0.447	1.021	1.282
0.435	0.916	0.449	0.625	1.218	1.104	1.482	0.444	0.928	1.277
0.43	0.925	0.447	0.632	1.272	1.101	1.609	0.461	0.83	1.27
0.432	0.945	0.444	0.74	1.299	1.086	1.726	0.444	0.728	1.223
0.435	0.937	0.449	0.911	1.345	1.067	1.816	0.439	0.737	1.167
0.435	0.962	0.452	1.013	1.36	1.042	1.86	0.437	0.693	1.111
0.435	0.979	0.454	1.135	1.35	1.035	1.938	0.435	0.625	1.055
0.432	0.981	0.449	1.199	1.406	1.038	1.951	0.435	0.544	0.952
0.427	0.999	0.447	1.267	1.431	1.038	1.938	0.437	0.505	0.854
0.432	0.986	0.447	1.357	1.455	1.018	1.921	0.439	0.481	0.762
0.432	0.984	0.452	1.399	1.467	0.984	1.904	0.437	0.496	0.691
0.435	0.964	0.457	1.477	1.482	0.93	1.89	0.437	0.503	0.647
0.435	0.952	0.457	1.587	1.511	0.913	1.841	0.435	0.476	0.549
0.435	0.945	0.452	1.653	1.548	0.845	1.709	0.435	0.461	0.491
0.43	0.93	0.449	1.653	1.562	0.789	1.521	0.437	0.459	0.476
0.427	0.92	0.449	1.65	1.594	0.708	1.379	0.442	0.457	0.476
0.43	0.896	0.452	1.626	1.606	0.571	1.184	0.439	0.454	0.476
0.432	0.872	0.454	1.621	1.609	0.488	1.042	0.439	0.457	0.459
0.437	0.874	0.454	1.619	1.602	0.461	0.994	0.437	0.457	0.461
0.435	0.837	0.449	1.616	1.597	0.457	0.967	0.432	0.457	0.447
0.43	0.762	0.447	1.66	1.582	0.459	0.889	0.437	0.459	0.444
0.427	0.676	0.447	1.685	1.538	0.461	0.769	0.442	0.457	0.444
0.43	0.625	0.452	1.682	1.475	0.447	0.669	0.439	0.452	0.447
0.432	0.559	0.457	1.697	1.409	0.442	0.649	0.437	0.454	0.449
0.435	0.579	0.459	1.677	1.331	0.442	0.603	0.435	0.454	0.449
0.432	0.579	0.459	1.636	1.282	0.437	0.51	0.435	0.459	0.447
0.43	0.505	0.457	1.616	1.199	0.437	0.481	0.435	0.459	0.444
0.43	0.457	0.459	1.553	1.113	0.439	0.476	0.439	0.454	0.444
0.43	0.435	0.461	1.443	1.084	0.442	0.479	0.439	0.452	0.449
0.437	0.449	0.466	1.328	1.047	0.439	0.469	0.437	0.452	0.449
0.437	0.454	0.466	1.162	0.964	0.439	0.469	0.435	0.454	0.449
0.435	0.435	0.459	1.04	0.835	0.435	0.464	0.435	0.457	0.444
0.432	0.432	0.459	0.942	0.762	0.437	0.452	0.437	0.457	0.444
0.432	0.432	0.461	0.884	0.664	0.439	0.452	0.439	0.454	0.444
0.435	0.43	0.608	0.801	0.659	0.442	0.447	0.437	0.452	0.447
0.437	0.427	0.72	0.747	0.64	0.442	0.444	0.435	0.452	0.449
0.437	0.425	0.762	0.72	0.54	0.439	0.442	0.435	0.457	0.449
0.435	0.425	0.759	0.676	0.488	0.439	0.447	0.435	0.459	0.444
0.432	0.432	0.764	0.544	0.469	0.437	0.444	0.437	0.459	0.444
0.432	0.432	0.774	0.474	0.466	0.439	0.444	0.439	0.454	0.439
0.43	0.432	0.886	0.459	0.466	0.442	0.442	0.437	0.452	0.444
0.432	0.425	0.979	0.454	0.461	0.439	0.439	0.437	0.454	0.447
0.43	0.425	1.013	0.483	0.447	0.439	0.439	0.435	0.454	0.447
0.43	0.427	1.018	0.493	0.439	0.437	0.439	0.442	0.459	0.444
0.427	0.43	1.06	0.474	0.437	0.437	0.442	0.435	0.459	0.442
0.427	0.432	1.086	0.454	0.437	0.439	0.442	0.439	0.454	0.442
0.427	0.43	1.184	0.442	0.439	0.442	0.439	0.442	0.454	0.447
0.435	0.425	1.208	0.442	0.439	0.439	0.435	0.479	0.454	0.449
0.437	0.425	1.204	0.444	0.444	0.439	0.437	0.547	0.457	0.449
0.435	0.427	1.196	0.444	0.439	0.439	0.439	0.598	0.457	0.447
0.432	0.43	1.208	0.439	0.437	0.435	0.442	0.61	0.454	0.442
0.432	0.43	1.243	0.437	0.437	0.439	0.444	0.598	0.452	0.444
0.432	0.43	1.282	0.437	0.442	0.442	0.442	0.583	0.452	0.447
0.432	0.427	1.326	0.442	0.444	0.442	0.437	0.603	0.449	0.449
0.427	0.425	1.357	0.444	0.444	0.439	0.435	0.657	0.452	0.449
0.427	0.425	1.387	0.442	0.439	0.437	0.439	0.75	0.457	0.444
0.43	0.43	1.399	0.437	0.437	0.439	0.442	0.808	0.457	0.444
0.43	0.43	1.406	0.437	0.437	0.439	0.444	0.884	0.454	0.449
0.432	0.43	1.423	0.439	0.437	0.442	0.442	0.952	0.452	0.447
0.435	0.425	1.438	0.442	0.442	0.444	0.439	0.952	0.449	0.449
0.437	0.425	1.438	0.444	0.442	0.439	0.439	0.935	0.454	0.447
0.435	0.425	1.453	0.442	0.442	0.439	0.442	0.925	0.459	0.444
0.43	0.43	1.448	0.437	0.437	0.442	0.444	0.935	0.466	0.444
0.427	0.43	1.445	0.437	0.437	0.437	0.444	0.942	0.522	0.442
0.432	0.427	1.458	0.437	0.439	0.442	0.447	0.947	0.532	0.452
0.435	0.425	1.47	0.439	0.442	0.442	0.442	0.964	0.51	0.452
0.435	0.425	1.47	0.442	0.442	0.442	0.439	0.972	0.527	0.452
0.432	0.425	1.467	0.442	0.444	0.437	0.439	0.977	0.535	0.444
0.43	0.432	1.462	0.439	0.437	0.437	0.444	0.981	0.542	0.439
0.427	0.432	1.462	0.439	0.437	0.439	0.444	0.977	0.54	0.442
0.432	0.43	1.453	0.439	0.439	0.442	0.442	0.974	0.544	0.449
0.432	0.425	1.455	0.437	0.442	0.444	0.437	0.981	0.549	0.449
0.432	0.422	1.362	0.442	0.437	0.439	0.437	0.981	0.571	0.444
0.432	0.425	1.257	0.444	0.439	0.437	0.437	0.981	0.586	0.447
0.43	0.427	1.155	0.439	0.437	0.439	0.442	0.989	0.593	0.444
0.43	0.43	1.038	0.437	0.435	0.439	0.444	0.994	0.608	0.447
0.432	0.427	0.933	0.444	0.437	0.444	0.439	0.994	0.625	0.449
0.435	0.425	0.903	0.442	0.437	0.491	0.437	0.986	0.627	0.452
0.435	0.42	0.894	0.444	0.439	0.542	0.435	0.981	0.627	0.452
0.43	0.425	0.815	0.442	0.439	0.532	0.437	0.969	0.627	0.449
0.43	0.43	0.732	0.437	0.435	0.571	0.442	0.969	0.632	0.447
0.43	0.493	0.667	0.435	0.435	0.596	0.444	0.969	0.632	0.447
0.432	0.522	0.552	0.437	0.439	0.603	0.442	0.881	0.635	0.449
0.435	0.522	0.488	0.439	0.442	0.605	0.437	0.842	0.63	0.449
0.432	0.527	0.469	0.442	0.442	0.596	0.435	0.771	0.63	0.449
0.427	0.535	0.459	0.439	0.437	0.596	0.437	0.645	0.635	0.444
0.427	0.542	0.471	0.437	0.435	0.625	0.437	0.615	0.635	0.444
0.427	0.591	0.461	0.437	0.435	0.642	0.439	0.547	0.632	0.444
0.43	0.61	0.461	0.439	0.439	0.649	0.437	0.522	0.632	0.447
0.432	0.613	0.464	0.442	0.444	0.657	0.435	0.532	0.649	0.452
0.43	0.623	0.464	0.454	0.444	0.652	0.435	0.53	0.659	0.452
0.43	0.627	0.461	0.479	0.442	0.649	0.437	0.515	0.669	0.454
0.43	0.627	0.459	0.503	0.437	0.649	0.439	0.496	0.662	0.486
0.427	0.632	0.457	0.525	0.435	0.647	0.442	0.496	0.664	0.535
0.43	0.627	0.461	0.549	0.442	0.645	0.442	0.483	0.671	0.549
0.432	0.615	0.466	0.603	0.439	0.637	0.439	0.449	0.676	0.547
0.432	0.623	0.464	0.581	0.442	0.627	0.452	0.439	0.679	0.554
0.43	0.659	0.461	0.588	0.435	0.62	0.459	0.435	0.684	0.554
0.427	0.691	0.461	0.598	0.435	0.62	0.457	0.437	0.686	0.562
0.427	0.703	0.461	0.581	0.432	0.623	0.457	0.442	0.684	0.605
0.427	0.706	0.466	0.569	0.437	0.635	0.459	0.439	0.676	0.686
0.43	0.698	0.466	0.581	0.442	0.625	0.457	0.437	0.681	0.745
0.43	0.693	0.471	0.586	0.442	0.618	0.535	0.435	0.679	0.789
0.43	0.715	0.469	0.588	0.442	0.608	0.537	0.432	0.664	0.803
0.425	0.74	0.464	0.591	0.437	0.598	0.505	0.435	0.642	0.806
0.425	0.747	0.464	0.601	0.435	0.593	0.535	0.437	0.591	0.813
0.43	0.759	0.469	0.608	0.437	0.593	0.566	0.439	0.564	0.815
0.432	0.759	0.469	0.608	0.439	0.601	0.645	0.439	0.535	0.83
0.444	0.752	0.469	0.608	0.444	0.598	0.696	0.435	0.522	0.833
0.43	0.754	0.466	0.605	0.449	0.593	0.745	0.435	0.522	0.835
0.427	0.759	0.464	0.598	0.51	0.588	0.769	0.435	0.522	0.842
0.425	0.784	0.466	0.603	0.515	0.586	0.774	0.439	0.52	0.842
0.474	0.779	0.469	0.603	0.527	0.581	0.789	0.439	0.505	0.842
0.498	0.781	0.471	0.603	0.54	0.579	0.789	0.437	0.491	0.845
0.547	0.781	0.471	0.605	0.542	0.535	0.789	0.435	0.459	0.845
0.559	0.781	0.471	0.608	0.54	0.513	0.793	0.435	0.454	0.845
0.566	0.776	0.466	0.605	0.559	0.542	0.798	0.435	0.452	0.837
0.618	0.781	0.466	0.605	0.547	0.527	0.803	0.439	0.449	0.833
0.623	0.781	0.464	0.605	0.544	0.525	0.803	0.439	0.447	0.837
0.598	0.771	0.469	0.608	0.581	0.488	0.798	0.437	0.449	0.835
0.637	0.757	0.466	0.605	0.583	0.452	0.801	0.435	0.449	0.828
0.703	0.728	0.464	0.61	0.605	0.442	0.808	0.435	0.452	0.813
0.73	0.703	0.464	0.61	0.625	0.442	0.806	0.437	0.452	0.803
0.754	0.603	0.466	0.605	0.632	0.442	0.808	0.439	0.447	0.803
0.771	0.535	0.471	0.601	0.635	0.444	0.806	0.439	0.447	0.796
0.774	0.479	0.469	0.598	0.632	0.442	0.793	0.437	0.447	0.771
0.771	0.479	0.469	0.601	0.627	0.442	0.781	0.435	0.449	0.745
0.776	0.503	0.466	0.596	0.618	0.439	0.784	0.435	0.452	0.706
0.779	0.515	0.464	0.593	0.61	0.439	0.781	0.437	0.449	0.623
0.779	0.51	0.464	0.574	0.613	0.442	0.786	0.437	0.447	0.552
0.779	0.469	0.466	0.547	0.625	0.444	0.781	0.439	0.444	0.53
0.771	0.435	0.471	0.5	0.627	0.447	0.754	0.435	0.444	0.527
0.769	0.427	0.471	0.479	0.627	0.442	0.715	0.435	0.447	0.542
0.759	0.427	0.466	0.498	0.623	0.439	0.647	0.432	0.449	0.535
0.73	0.43	0.461	0.527	0.62	0.439	0.544	0.435	0.449	0.508
0.686	0.43	0.461	0.52	0.625	0.442	0.51	0.437	0.449	0.486
0.635	0.43	0.464	0.513	0.632	0.444	0.503	0.439	0.447	0.486
0.583	0.427	0.469	0.503	0.63	0.442	0.515	0.437	0.444	0.481
0.552	0.425	0.469	0.454	0.618	0.439	0.5	0.432	0.447	0.452
0.496	0.425	0.466	0.444	0.618	0.437	0.491	0.432	0.447	0.442
0.479	0.43	0.464	0.435	0.608	0.439	0.498	0.435	0.449	0.437
0.479	0.432	0.466	0.432	0.601	0.439	0.503	0.437	0.444	0.437
0.503	0.432	0.466	0.435	0.615	0.444	0.459	0.439	0.442	0.439
0.522	0.427	0.469	0.437	0.64	0.444	0.444	0.435	0.442	0.442
0.503	0.425	0.474	0.439	0.64	0.442	0.439	0.435	0.444	0.442
0.503	0.43	0.466	0.439	0.625	0.439	0.442	0.435	0.447	0.439
0.508	0.43	0.464	0.437	0.618	0.439	0.444	0.437	0.449	0.435
0.513	0.432	0.464	0.435	0.583	0.442	0.444	0.439	0.444	0.437
0.5	0.43	0.466	0.437	0.576	0.442	0.442	0.439	0.442	0.442
0.498	0.427	0.469	0.439	0.583	0.444	0.442	0.437	0.442	0.447
0.449	0.427	0.474	0.444	0.549	0.442	0.439	0.435	0.444	0.444
0.432	0.43	0.466	0.444	0.508	0.439	0.439	0.435	0.447	0.442
0.427	0.43	0.461	0.439	0.488	0.439	0.444	0.432	0.444	0.442
0.427	0.432	0.461	0.437	0.52	0.442	0.444	0.437	0.447	0.439
0.427	0.432	0.464	0.437	0.53	0.442	0.444	0.437	0.442	0.442
0.427	0.427	0.466	0.439	0.525	0.444	0.442	0.437	0.444	0.444
0.437	0.425	0.469	0.444	0.508	0.442	0.439	0.435	0.444	0.444
0.435	0.427	0.464	0.442	0.488	0.439	0.439	0.435	0.447	0.447
0.427	0.432	0.464	0.442	0.479	0.437	0.444	0.435	0.447	0.444
0.427	0.432	0.466	0.435	0.447	0.442	0.447	0.439	0.449	0.444
0.427	0.43	0.466	0.435	0.432	0.444	0.444	0.435	0.444	0.449
0.43	0.427	0.471	0.439	0.435	0.444	0.442	0.437	0.444	0.452
0.43	0.422	0.466	0.442	0.435	0.442	0.439	0.432	0.447	0.444
0.427	0.425	0.471	0.435	0.432	0.439	0.442	0.43	0.449	0.439
0.425	0.427	0.464	0.435	0.43	0.439	0.444	0.435	0.449	0.439
0.425	0.43	0.464	0.435	0.43	0.442	0.447	0.437	0.444	0.442
0.427	0.427	0.466	0.437	0.43	0.444	0.444	0.435	0.442	0.444
0.43	0.425	0.469	0.439	0.435	0.444	0.442	0.437	0.442	0.444
0.432	0.422	0.469	0.442	0.432	0.442	0.442	0.435	0.447	0.442
0.427	0.425	0.469	0.442	0.432	0.439	0.444	0.444	0.447	0.437
0.422	0.427	0.464	0.437	0.427	0.439	0.447	0.457	0.449	0.435
0.42	0.43	0.461	0.437	0.427	0.447	0.447	0.479	0.444	0.437
0.425	0.43	0.466	0.435	0.427	0.444	0.447	0.483	0.444	0.439
0.427	0.427	0.466	0.442	0.432	0.442	0.442	0.486	0.439	0.444
0.427	0.425	0.469	0.442	0.432	0.439	0.439	0.562	0.444	0.439
0.425	0.425	0.466	0.439	0.435	0.439	0.442	0.781	0.447	0.439
0.422	0.425	0.461	0.437	0.432	0.437	0.447	0.84	0.447	0.435
0.425	0.427	0.459	0.437	0.432	0.442	0.449	0.901	0.444	0.437
0.42	0.425	0.459	0.437	0.435	0.444	0.444	0.95	0.442	0.437
0.427	0.422	0.464	0.439	0.435	0.447	0.442	1.013	0.442	0.439
0.43	0.422	0.461	0.442	0.437	0.442	0.442	1.025	0.444	0.442
0.432	0.425	0.461	0.439	0.437	0.439	0.444	1.057	0.447	0.439
0.427	0.427	0.459	0.437	0.43	0.437	0.444	1.128	0.452	0.442
0.43	0.427	0.459	0.437	0.43	0.442	0.447	1.167	0.461	0.444
0.427	0.425	0.461	0.435	0.432	0.444	0.444	1.196	0.476	0.444
0.432	0.422	0.464	0.439	0.435	0.442	0.442	1.226	0.51	0.449
0.432	0.42	0.469	0.442	0.437	0.442	0.439	1.235	0.547	0.444
0.43	0.422	0.464	0.442	0.432	0.437	0.442	1.211	0.564	0.444
0.425	0.425	0.461	0.439	0.432	0.442	0.444	1.243	0.571	0.444
0.425	0.427	0.464	0.437	0.432	0.439	0.447	1.26	0.581	0.439
0.427	0.425	0.466	0.435	0.435	0.442	0.442	1.262	0.745	0.447
0.432	0.425	0.466	0.439	0.437	0.444	0.442	1.252	0.928	0.449
0.432	0.422	0.469	0.442	0.435	0.442	0.439	1.252	1.028	0.447
0.432	0.42	0.464	0.439	0.435	0.437	0.444	1.262	1.104	0.447
0.427	0.427	0.461	0.437	0.43	0.439	0.444	1.274	1.228	0.444
0.43	0.43	0.459	0.435	0.43	0.442	0.447	1.274	1.353	0.444
0.43	0.43	0.464	0.437	0.43	0.444	0.447	1.279	1.501	0.449
0.432	0.427	0.466	0.442	0.435	0.442	0.442	1.265	1.599	0.449
0.432	0.425	0.464	0.439	0.435	0.439	0.439	1.267	1.594	0.449
0.43	0.422	0.459	0.442	0.432	0.439	0.442	1.25	1.562	0.447
0.425	0.427	0.464	0.437	0.427	0.442	0.444	1.191	1.565	0.444
0.427	0.432	0.464	0.432	0.427	0.442	0.444	1.116	1.565	0.508
0.427	0.432	0.464	0.437	0.43	0.444	0.442	1.077	1.541	0.505
0.427	0.427	0.466	0.437	0.432	0.459	0.439	1.038	1.575	0.566
0.43	0.425	0.466	0.439	0.432	0.464	0.439	0.959	1.587	0.632
0.427	0.425	0.461	0.439	0.43	0.447	0.439	0.874	1.594	0.632
0.422	0.43	0.459	0.437	0.43	0.447	0.444	0.723	1.602	0.664
0.425	0.432	0.457	0.439	0.427	0.452	0.444	0.586	1.604	0.703
0.425	0.432	0.459	0.493	0.43	0.466	0.444	0.518	1.609	0.703
0.427	0.427	0.461	0.491	0.435	0.469	0.444	0.491	1.587	0.579
0.427	0.425	0.464	0.544	0.435	0.479	0.439	0.471	1.587	0.544
0.427	0.422	0.461	0.637	0.435	0.505	0.437	0.457	1.57	0.613
0.422	0.427	0.459	0.664	0.43	0.51	0.444	0.444	1.533	0.635
0.422	0.43	0.457	0.691	0.43	0.522	0.447	0.442	1.511	0.708
0.425	0.43	0.461	0.698	0.43	0.503	0.447	0.447	1.494	0.813
0.427	0.427	0.466	0.745	0.432	0.547	0.444	0.442	1.443	0.916
0.43	0.427	0.483	0.771	0.437	0.627	0.439	0.439	1.384	0.979
0.425	0.43	0.508	0.786	0.437	0.669	0.442	0.437	1.299	1.018
0.425	0.432	0.522	0.815	0.432	0.696	0.442	0.439	1.194	1.042
0.422	0.435	0.544	0.889	0.435	0.752	0.447	0.444	1.091	1.108
0.425	0.435	0.562	0.974	0.435	0.771	0.447	0.447	0.955	1.165
0.427	0.43	0.566	1.028	0.437	0.781	0.439	0.447	0.83	1.221
0.432	0.435	0.635	1.089	0.432	0.793	0.466	0.442	0.664	1.25
0.425	0.439	0.735	1.13	0.432	0.801	0.476	0.442	0.569	1.262
0.422	0.444	0.852	1.16	0.427	0.793	0.52	0.442	0.535	1.274
0.425	0.444	1.011	1.162	0.427	0.784	0.508	0.444	0.486	1.282
0.427	0.444	1.204	1.174	0.43	0.791	0.5	0.444	0.469	1.279
0.427	0.454	1.24	1.172	0.432	0.801	0.508	0.447	0.466	1.296
0.432	0.481	1.25	1.182	0.435	0.803	0.513	0.439	0.454	1.318
0.427	0.818	1.245	1.174	0.43	0.801	0.603	0.437	0.449	1.299
0.427	1.013	1.23	1.16	0.427	0.803	0.803	0.439	0.439	1.284
0.427	1.038	1.23	1.145	0.427	0.815	0.859	0.444	0.435	1.284
0.43	1.05	1.216	1.147	0.425	0.818	0.916	0.444	0.432	1.274
0.432	1.091	1.211	1.143	0.432	0.813	0.959	0.439	0.43	1.262
0.466	1.167	1.221	1.133	0.432	0.813	1.021	0.437	0.432	1.243
0.459	1.277	1.218	1.121	0.43	0.808	1.079	0.437	0.439	1.218
0.542	1.416	1.216	1.094	0.427	0.811	1.104	0.439	0.437	1.169
0.549	1.514	1.204	1.064	0.425	0.815	1.121	0.444	0.435	1.094
0.659	1.545	1.199	1.052	0.43	0.815	1.172	0.444	0.432	1.003
0.581	1.57	1.182	1.033	0.432	0.793	1.169	0.442	0.43	0.955
0.566	1.589	1.172	1.011	0.432	0.74	1.165	0.439	0.432	0.874
0.737	1.589	1.157	0.984	0.43	0.667	1.165	0.439	0.435	0.754
0.767	1.592	1.138	0.967	0.427	0.581	1.177	0.442	0.439	0.625
0.784	1.599	1.121	0.928	0.43	0.527	1.187	0.444	0.435	0.544
0.862	1.582	1.086	0.886	0.43	0.518	1.201	0.444	0.432	0.513
0.935	1.577	1.052	0.811	0.435	0.488	1.196	0.447	0.432	0.479
1.018	1.584	1.025	0.781	0.435	0.471	1.201	0.439	0.432	0.457
1.033	1.597	0.964	0.698	0.435	0.444	1.201	0.437	0.437	0.449
1.05	1.604	0.933	0.647	0.432	0.439	1.206	0.439	0.437	0.442
1.064	1.609	0.879	0.566	0.437	0.442	1.213	0.442	0.435	0.442
1.052	1.606	0.791	0.493	0.444	0.444	1.206	0.442	0.435	0.444
1.042	1.602	0.75	0.515	0.469	0.444	1.201	0.442	0.432	0.447
1.042	1.592	0.732	0.515	0.454	0.439	1.191	0.439	0.437	0.444
1.035	1.533	0.71	0.493	0.471	0.435	1.191	0.437	0.437	0.442
1.008	1.479	0.684	0.469	0.532	0.437	1.184	0.442	0.439	0.435
1.011	1.431	0.61	0.442	0.784	0.437	1.133	0.442	0.437	0.437
1.003	1.365	0.564	0.43	0.894	0.439	1.086	0.444	0.432	0.444
0.996	1.311	0.586	0.43	0.911	0.439	1.03	0.444	0.432	0.444
0.996	1.191	0.593	0.432	0.947	0.439	0.947	0.442	0.432	0.437
0.991	1.099	0.579	0.432	0.972	0.437	0.774	0.442	0.432	0.435
0.974	1.021	0.527	0.43	0.984	0.43	0.613	0.442	0.435	0.439
0.962	0.876	0.51	0.425	1.021	0.437	0.557	0.442	0.437	0.437
0.947	0.747	0.461	0.417	1.062	0.439	0.508	0.447	0.432	0.442
0.933	0.645	0.452	0.422	1.094	0.439	0.471	0.442	0.427	0.447
0.92	0.559	0.449	0.432	1.138	0.439	0.449	0.442	0.435	0.444
0.908	0.52	0.447	0.427	1.182	0.437	0.442	0.439	0.435	0.439
0.903	0.461	0.447	0.427	1.196	0.435	0.439	0.442	0.435	0.437
0.793	0.432	0.452	0.425	1.204	0.439	0.439	0.444	0.435	0.439
0.698	0.425	0.447	0.43	1.218	0.442	0.439	0.447	0.432	0.439
0.605	0.417	0.447	0.432	1.206	0.439	0.437	0.447	0.432	0.444
0.583	0.413	0.452	0.435	1.184	0.442	0.435	0.444	0.432	0.444
0.571	0.413	0.449	0.435	1.174	0.439	0.435	0.442	0.435	0.444
0.549	0.413	0.444	0.43	1.165	0.439	0.442	0.444	0.435	0.437
0.527	0.417	0.444	0.427	1.169	0.444	0.442	0.447	0.435	0.432
0.505	0.417	0.447	0.422	1.169	0.447	0.442	0.447	0.432	0.437
0.503	0.413	0.452	0.427	1.177	0.449	0.437	0.444	0.43	0.439
0.476	0.413	0.449	0.43	1.191	0.444	0.437	0.447	0.43	0.439
0.469	0.417	0.454	0.435	1.208	0.442	0.439	0.442	0.432	0.432
0.466	0.422	0.444	0.43	1.218	0.442	0.442	0.491	0.432	0.432
0.449	0.422	0.447	0.425	1.216	0.444	0.442	0.867	0.43	0.432
0.422	0.422	0.447	0.427	1.213	0.449	0.439	0.63	0.432	0.439
0.442	0.42	0.452	0.427	1.223	0.449	0.437	0.579	0.452	0.439
0.449	0.42	0.452	0.432	1.218	0.447	0.435	0.789	0.503	0.439
0.43	0.422	0.449	0.432	1.206	0.442	0.437	0.859	0.537	0.439
0.422	0.425	0.447	0.43	1.182	0.444	0.442	0.884	0.518	0.437
0.42	0.43	0.447	0.43	1.162	0.444	0.442	0.933	0.542	0.432
0.422	0.43	0.449	0.432	1.094	0.447	0.437	0.996	0.71	0.435
0.425	0.427	0.449	0.437	1.06	0.447	0.432	1.021	0.789	0.439
0.425	0.425	0.454	0.439	0.974	0.444	0.43	1.021	0.933	0.442
0.425	0.422	0.449	0.439	0.903	0.444	0.432	1.067	1.16	0.437
0.422	0.427	0.449	0.439	0.784	0.444	0.432	1.111	1.321	0.437
0.42	0.427	0.447	0.437	0.571	0.442	0.435	1.155	1.506	0.439
0.42	0.427	0.449	0.435	0.513	0.449	0.439	1.201	1.646	0.439
0.425	0.425	0.452	0.439	0.481	0.449	0.435	1.218	1.76	0.442
0.425	0.42	0.454	0.442	0.469	0.444	0.435	1.228	1.819	0.444
0.425	0.42	0.452	0.439	0.447	0.442	0.437	1.223	1.797	0.437
0.42	0.422	0.447	0.437	0.432	0.442	0.439	1.245	1.804	0.435
0.417	0.427	0.447	0.435	0.43	0.442	0.442	1.252	1.829	0.437
0.422	0.427	0.449	0.435	0.427	0.444	0.439	1.25	1.841	0.437
0.425	0.422	0.452	0.437	0.43	0.447	0.437	1.245	1.838	0.442
0.425	0.422	0.452	0.439	0.43	0.444	0.435	1.235	1.855	0.442
0.42	0.422	0.452	0.442	0.43	0.439	0.437	1.226	1.851	0.483
0.42	0.425	0.449	0.439	0.427	0.439	0.442	1.221	1.838	0.544
0.42	0.425	0.444	0.435	0.425	0.442	0.442	1.199	1.812	0.532
0.422	0.425	0.447	0.435	0.43	0.444	0.442	1.169	1.785	0.549
0.425	0.422	0.449	0.437	0.435	0.447	0.439	1.101	1.748	0.581
0.425	0.422	0.452	0.442	0.435	0.442	0.437	1.047	1.704	0.593
0.422	0.425	0.444	0.479	0.432	0.439	0.439	0.999	1.626	0.62
0.42	0.427	0.447	0.503	0.427	0.439	0.444	0.947	1.523	0.674
0.42	0.43	0.444	0.508	0.427	0.439	0.442	0.908	1.414	0.74
0.42	0.427	0.447	0.513	0.43	0.442	0.439	0.847	1.272	0.833
0.425	0.43	0.452	0.518	0.432	0.444	0.439	0.774	1.121	0.889
0.425	0.427	0.454	0.649	0.432	0.444	0.437	0.762	1.016	0.959
0.427	0.43	0.447	0.74	0.432	0.439	0.437	0.75	0.991	0.981
0.422	0.432	0.449	0.854	0.43	0.439	0.442	0.75	1.001	0.991
0.422	0.432	0.447	0.955	0.425	0.444	0.442	0.701	0.908	0.996
0.422	0.439	0.447	1.028	0.43	0.444	0.442	0.635	0.82	1.001
0.425	0.439	0.452	1.082	0.43	0.444	0.437	0.586	0.686	1.018
0.427	0.427	0.452	1.111	0.43	0.444	0.435	0.564	0.581	1.047
0.427	0.447	0.452	1.14	0.435	0.439	0.435	0.547	0.554	1.069
0.425	0.471	0.449	1.14	0.435	0.442	0.439	0.542	0.549	1.057
0.422	0.486	0.449	1.128	0.435	0.447	0.442	0.552	0.54	1.062
0.425	0.496	0.452	1.121	0.439	0.447	0.442	0.518	0.532	1.077
0.425	0.498	0.452	1.111	0.439	0.449	0.439	0.483	0.527	1.091
0.427	0.505	0.457	1.108	0.439	0.447	0.435	0.471	0.52	1.104
0.425	0.498	0.452	1.101	0.439	0.442	0.437	0.466	0.479	1.113
0.42	0.608	0.449	1.091	0.437	0.442	0.442	0.459	0.469	1.116
0.42	0.657	0.447	1.079	0.437	0.444	0.442	0.483	0.444	1.108
0.42	0.671	0.449	1.074	0.442	0.447	0.439	0.505	0.442	1.096
0.422	0.674	0.452	1.074	0.444	0.449	0.437	0.476	0.457	1.069
0.422	0.718	0.452	1.069	0.442	0.444	0.437	0.452	0.471	1.025
0.427	0.859	0.452	1.072	0.444	0.442	0.439	0.444	0.466	0.981
0.42	0.942	0.449	1.077	0.439	0.442	0.439	0.444	0.439	0.923
0.42	0.974	0.447	1.062	0.437	0.442	0.442	0.447	0.432	0.862
0.422	0.994	0.449	1.055	0.435	0.447	0.439	0.449	0.43	0.806
0.427	1.123	0.449	1.069	0.439	0.449	0.437	0.447	0.43	0.684
0.425	1.255	0.452	1.069	0.442	0.444	0.447	0.444	0.43	0.635
0.425	1.377	0.452	1.057	0.442	0.444	0.476	0.444	0.435	0.649
0.422	1.414	0.449	1.011	0.439	0.444	0.486	0.447	0.435	0.649
0.42	1.475	0.449	0.923	0.437	0.444	0.493	0.447	0.432	0.627
0.422	1.541	0.449	0.862	0.439	0.447	0.491	0.449	0.43	0.593
0.425	1.567	0.454	0.742	0.439	0.447	0.522	0.447	0.427	0.559
0.427	1.572	0.454	0.571	0.442	0.447	0.598	0.444	0.43	0.513
0.425	1.584	0.457	0.496	0.437	0.444	0.645	0.444	0.432	0.493
0.425	1.589	0.452	0.476	0.435	0.442	0.681	0.444	0.435	0.493
0.42	1.567	0.449	0.461	0.437	0.447	0.752	0.447	0.435	0.488
0.42	1.575	0.452	0.452	0.435	0.449	0.82	0.449	0.427	0.464
0.422	1.558	0.493	0.488	0.439	0.449	0.869	0.447	0.427	0.442
0.425	1.55	0.493	0.459	0.439	0.479	0.906	0.442	0.427	0.435
0.422	1.514	0.483	0.437	0.437	0.493	0.962	0.439	0.432	0.435
0.42	1.44	0.483	0.432	0.435	0.515	1.023	0.442	0.435	0.43
0.42	1.384	0.486	0.43	0.435	0.527	1.052	0.444	0.43	0.43
0.422	1.243	0.508	0.43	0.437	0.54	1.062	0.444	0.432	0.435
0.422	1.055	0.535	0.435	0.439	0.596	1.064	0.447	0.427	0.442
0.425	0.833	0.559	0.437	0.439	0.615	1.062	0.439	0.427	0.442
0.427	0.635	0.586	0.439	0.437	0.73	1.069	0.439	0.432	0.439
0.422	0.522	0.549	0.437	0.432	0.776	1.055	0.439	0.435	0.439
0.417	0.5	0.532	0.435	0.432	0.781	1.064	0.442	0.437	0.439
0.417	0.481	0.532	0.437	0.435	0.786	1.069	0.444	0.435	0.442
0.42	0.459	0.579	0.437	0.437	0.791	1.067	0.447	0.432	0.444
0.422	0.449	0.652	0.442	0.437	0.837	1.042	0.439	0.435	0.442
0.42	0.425	0.676	0.444	0.437	0.85	1.04	0.437	0.439	0.442
0.417	0.4	0.654	0.437	0.435	0.881	1.023	0.437	0.442	0.439
0.427	0.386	0.635	0.435	0.432	0.903	1.008	0.439	0.439	0.439
0.452	0.378	0.637	0.432	0.437	0.916	1.016	0.442	0.437	0.444
0.439	0.376	0.688	0.435	0.439	0.906	0.947	0.439	0.437	0.444
0.444	0.371	0.742	0.442	0.442	0.913	0.825	0.439	0.435	0.444
0.505	0.405	0.759	0.442	0.439	0.908	0.745	0.439	0.439	0.442
0.503	0.413	0.771	0.437	0.435	0.913	0.706	0.447	0.437	0.439
0.54	0.42	0.793	0.432	0.432	0.916	0.581	0.447	0.439	0.439
0.793	0.422	0.818	0.432	0.435	0.923	0.53	0	0.435	0.444
1.147	0.42	0.837	0.437	0.435	0.92	0.515	0	0.435	0.444
1.58	0.417	0.847	0.437	0.437	0.918	0.513	0	0.432	0.444
1.978	0.42	0.859	0.439	0.439	0.906	0.505	0	0.435	0.442
2.126	0.422	0.859	0.435	0.432	0.898	0.491	0	0.43	0.439
2.185	0.427	0.896	0.435	0.432	0.906	0.483	0	0.461	0.439
2.187	0.425	0.913	0.435	0.432	0.92	0.457	0	0	0.444
2.197	0.427	0.918	0.435	0.437	0.923	0.435	0	0	0.444
2.214	0.422	0.959	0.437	0.444	0.837	0.43	0	0	0.444
2.239	0.425	0.979	0.437	0.442	0.759	0.43	0	0	0.439
2.28	0.425	0.984	0.435	0.437	0.62	0.454	0	0	0.439
2.322	0.43	0.986	0.43	0.435	0.579	0.466	0	0	0.439
2.407	0.432	0.994	0.43	0.437	0.547	0.466	0	0	0.442
2.502	0.427	0.999	0.435	0.442	0.532	0.447	0	0	0.444
2.478	0.425	0.999	0.437	0.444	0.527	0.437	0	0	0
2.449	0.425	0.996	0.439	0.437	0.52	0.437	0	0	0
2.285	0.43	0.994	0.437	0.437	0.51	0.442	0	0	0
2.163	0.43	0.964	0.432	0.435	0.486	0.442	0	0	0
2.2	0.432	0.908	0.427	0.437	0.457	0.442	0	0	0
2.151	0.427	0.784	0.43	0.442	0.439	0.439	0	0	0
2.061	0.427	0.608	0.437	0.442	0.439	0.437	0	0	0
1.941	0.425	0.537	0.439	0.439	0.437	0.437	0	0	0
1.785	0.427	0.5	0.439	0.437	0.437	0.442	0	0	0
1.67	0.427	0.476	0.437	0.437	0.442	0.444	0	0	0
1.594	0.43	0.459	0.432	0.439	0.442	0.442	0	0	0
1.47	0.425	0.449	0.437	0.442	0.447	0.442	0	0	0
1.389	0.422	0.442	0.439	0.466	0.439	0.439	0	0	0
1.196	0.422	0.439	0.442	0.493	0.437	0.439	0	0	0
1.113	0.42	0.437	0.439	0.5	0.437	0.444	0	0	0
0.95	0.427	0.437	0.437	0.508	0.439	0.444	0	0	0
0.737	0.427	0.437	0.437	0.515	0.442	0.444	0	0	0
0.601	0.425	0.442	0.437	0.566	0.447	0.439	0	0	0
0.522	0.422	0.444	0.439	0.579	0.442	0.437	0	0	0
0.491	0.422	0.442	0.439	0.581	0.439	0.435	0	0	0
0.457	0.427	0.439	0.439	0.569	0.439	0.439	0	0	0
0.449	0.427	0.437	0.435	0.593	0.442	0.442	0	0	0
0.405	0.427	0.437	0.437	0.667	0.444	0.442	0	0	0
0.4	0.425	0.442	0.439	0.715	0.442	0.439	0	0	0
0.403	0.422	0.442	0.439	0.74	0.439	0.437	0	0	0
0.405	0.427	0.442	0.439	0.754	0.437	0.437	0	0	0
0.403	0.425	0.439	0.439	0.754	0.435	0.442	0	0	0
0.386	0.427	0.437	0.459	0.754	0.439	0.442	0	0	0
0.41	0.427	0.439	0.449	0.762	0.442	0.439	0	0	0
0.41	0.427	0.444	0	0.789	0.442	0.439	0	0	0
0.415	0.422	0.447	0	0.82	0.454	0.435	0	0	0
0.417	0.425	0.442	0	0.84	0	0.437	0	0	0
0.41	0.427	0.439	0	0.84	0	0.439	0	0	0
0.405	0.43	0.437	0	0.845	0	0.439	0	0	0
0.41	0.417	0.439	0	0.854	0	0.437	0	0	0
0.413	0.408	0.442	0	0.85	0	0.437	0	0	0
0.415	0.408	0.442	0	0.852	0	0.437	0	0	0
0.41	0.405	0.439	0	0.85	0	0.437	0	0	0
0.41	0.408	0.439	0	0.84	0	0.437	0	0	0
0.413	0.41	0.439	0	0.842	0	0.439	0	0	0
0.41	0	0.439	0	0.83	0	0.439	0	0	0
0.417	0	0.444	0	0.825	0	0.437	0	0	0
0.42	0	0.444	0	0.798	0	0.435	0	0	0
0.42	0	0.442	0	0.745	0	0.432	0	0	0
0.42	0	0.439	0	0.64	0	0.437	0	0	0
0.417	0	0.439	0	0.549	0	0.437	0	0	0
0.417	0	0.437	0	0.537	0	0.439	0	0	0
0.437	0	0.442	0	0.532	0	0.435	0	0	0
0	0	0.444	0	0.527	0	0.435	0	0	0
0	0	0.444	0	0.525	0	0.437	0	0	0
0	0	0.442	0	0.51	0	0.437	0	0	0
0	0	0.439	0	0.5	0	0.439	0	0	0
0	0	0.439	0	0.486	0	0.435	0	0	0
0	0	0.442	0	0.457	0	0.435	0	0	0
0	0	0.442	0	0.444	0	0.435	0	0	0
0	0	0.442	0	0.437	0	0.481	0	0	0
0	0	0.437	0	0.432	0	0.466	0	0	0
0	0	0.437	0	0.432	0	0.464	0	0	0
0	0	0.439	0	0.435	0	0.544	0	0	0
0	0	0.444	0	0.435	0	0.645	0	0	0
0	0	0.466	0	0.439	0	0.686	0	0	0
0	0	0.698	0	0.432	0	0.74	0	0	0
0	0	0.842	0	0.435	0	0.806	0	0	0
0	0	0.667	0	0.439	0	0.901	0	0	0
0	0	0.657	0	0.442	0	1.006	0	0	0
0	0	0.801	0	0.444	0	1.03	0	0	0
0	0	0.911	0	0.442	0	1.05	0	0	0
0	0	1.04	0	0.437	0	0	0	0	0
0	0	1.177	0	0.437	0	0	0	0	0
0	0	1.196	0	0.437	0	0	0	0	0
0	0	1.226	0	0.437	0	0	0	0	0
0	0	1.252	0	0.437	0	0	0	0	0
0	0	1.265	0	0.442	0	0	0	0	0
0	0	1.272	0	0.437	0	0	0	0	0
0	0	1.294	0	0.435	0	0	0	0	0
0	0	1.321	0	0.435	0	0	0	0	0
0	0	1.313	0	0.435	0	0	0	0	0
0	0	1.326	0	0.442	0	0	0	0	0
0	0	1.34	0	0.442	0	0	0	0	0
0	0	1.35	0	0.437	0	0	0	0	0
0	0	1.353	0	0.439	0	0	0	0	0
0	0	1.345	0	0.437	0	0	0	0	0
0	0	1.333	0	0.439	0	0	0	0	0
0	0	1.333	0	0	0	0	0	0	0
0	0	1.331	0	0	0	0	0	0	0
0	0	1.318	0	0	0	0	0	0	0
0	0	1.296	0	0	0	0	0	0	0
0	0	1.277	0	0	0	0	0	0	0
0	0	1.274	0	0	0	0	0	0	0
0	0	1.257	0	0	0	0	0	0	0
0	0	1.255	0	0	0	0	0	0	0
0	0	1.238	0	0	0	0	0	0	0
0	0	1.201	0	0	0	0	0	0	0
0	0	1.082	0	0	0	0	0	0	0
0	0	0.984	0	0	0	0	0	0	0
0	0	0.889	0	0	0	0	0	0	0
0	0	0.823	0	0	0	0	0	0	0
0	0	0.73	0	0	0	0	0	0	0
0	0	0.61	0	0	0	0	0	0	0
0	0	0.571	0	0	0	0	0	0	0
0	0	0.554	0	0	0	0	0	0	0
0	0	0.544	0	0	0	0	0	0	0
0	0	0.532	0	0	0	0	0	0	0
0	0	0.525	0	0	0	0	0	0	0
0	0	0.513	0	0	0	0	0	0	0
0	0	0.471	0	0	0	0	0	0	0
0	0	0.447	0	0	0	0	0	0	0
0	0	0.447	0	0	0	0	0	0	0
0	0	0.457	0	0	0	0	0	0	0
0	0	0.464	0	0	0	0	0	0	0
0	0	0.447	0	0	0	0	0	0	0
0	0	0.442	0	0	0	0	0	0	0
0	0	0.442	0	0	0	0	0	0	0
0	0	0.444	0	0	0	0	0	0	0
0	0	0.444	0	0	0	0	0	0	0
0	0	0.442	0	0	0	0	0	0	0
0	0	0.439	0	0	0	0	0	0	0
0	0	0.437	0	0	0	0	0	0	0
0	0	0.439	0	0	0	0	0	0	0
0	0	0.442	0	0	0	0	0	0	0
0	0	0.444	0	0	0	0	0	0	0
0	0	0.439	0	0	0	0	0	0	0
0	0	0.439	0	0	0	0	0	0	0
0	0	0.439	0	0	0	0	0	0	0
0	0	0.439	0	0	0	0	0	0	0
0	0	0.442	0	0	0	0	0	0	0
0	0	0.444	0	0	0	0	0	0	0
0	0	0.439	0	0	0	0	0	0	0
0	0	0.437	0	0	0	0	0	0	0
0	0	0.437	0	0	0	0	0	0	0
0	0	0.442	0	0	0	0	0	0	0
0	0	0.544	0	0	0	0	0	0	0
