0.664	0.662	2.136	0.593	0.554	0.591	0.559	0.459	0.422	1.65
0.664	0.759	2.205	0.593	0.549	0.588	0.554	0.461	0.417	1.675
0.679	0.92	2.195	0.608	0.549	0.588	0.586	0.461	0.422	1.729
0.781	1.711	2.229	1.13	0.562	0.591	0.767	0.461	0.464	1.895
1.504	2.339	2.239	2.771	0.586	0.593	2.422	0.461	0.942	2.183
2.52	2.4	2.249	2.4	0.955	0.596	3.018	0.515	1.765	2.488
2.634	2.439	2.234	1.978	1.816	0.593	2.39	0.986	1.799	2.644
2.607	2.432	2.19	1.987	2.119	0.647	2.195	1.975	1.643	2.656
2.603	2.454	1.982	2.458	2.036	2.258	2.266	2.078	1.619	2.615
2.715	2.534	1.697	2.781	2.024	3.281	2.49	1.904	1.792	2.52
2.893	2.676	1.416	2.908	2.275	2.3	2.683	1.846	2.004	2.402
3.005	2.81	1.248	2.922	2.51	1.921	2.922	1.868	2.073	2.336
3.164	2.849	1.008	2.856	2.71	1.897	3.071	1.919	2.07	2.319
3.269	2.834	0.811	2.815	2.8	1.975	3.14	2.012	2.063	2.3
3.24	2.832	0.686	2.834	2.805	2.061	3.193	2.073	2.073	2.288
3.21	2.881	0.671	2.908	2.734	2.185	3.201	2.087	2.08	2.2
3.191	2.91	0.654	3	2.668	2.275	3.162	2.078	2.1	1.919
3.132	2.842	0.64	2.881	2.612	2.31	3.03	2.075	2.109	1.46
2.969	2.498	0.623	2.493	2.424	2.295	2.766	2.07	2.021	1.111
2.507	2.068	0.608	2.075	2.131	2.266	2.31	2.036	1.807	0.92
2.063	1.733	0.605	1.621	1.816	2.246	1.914	1.882	1.633	0.754
1.636	1.453	0.608	1.387	1.433	2.205	1.562	1.65	1.416	0.662
1.301	1.213	0.605	1.218	1.252	2.124	1.289	1.443	1.279	0.525
1.021	0.991	0.608	0.986	0.981	1.899	1.04	1.321	1.123	0.444
0.874	0.84	0.613	0.908	0.864	1.621	0.898	0.999	0.886	0.442
0.723	0.703	0.615	0.764	0.728	1.299	0.725	0.789	0.752	0.447
0.657	0.645	0.618	0.669	0.654	1.084	0.601	0.667	0.623	0.42
0.632	0.632	0.615	0.623	0.613	0.945	0.566	0.564	0.513	0.41
0.627	0.637	0.608	0.627	0.605	0.811	0.564	0.479	0.474	0.403
0.63	0.623	0.608	0.613	0.596	0.718	0.554	0.449	0.488	0.4
0.632	0.613	0.608	0.603	0.588	0.615	0.53	0.444	0.496	0.4
0.632	0.608	0.61	0.598	0.564	0.586	0.527	0.454	0.498	0.4
0.637	0.605	0.61	0.603	0.557	0.608	0.535	0.447	0.461	0.405
0.63	0.608	0.61	0.603	0.547	0.605	0.53	0.459	0.427	0.405
0.632	0.605	0.608	0.603	0.552	0.586	0.525	0.444	0.42	0.4
0.645	0.615	0.605	0.601	0.557	0.583	0.525	0.43	0.42	0.396
0.647	0.62	0.61	0.598	0.559	0.579	0.527	0.43	0.415	0.396
0.649	0.62	0.618	0.596	0.554	0.579	0.53	0.43	0.413	0.398
0.642	0.613	0.62	0.598	0.552	0.576	0.527	0.43	0.413	0.403
0.64	0.608	0.635	0.601	0.549	0.579	0.525	0.432	0.413	0.398
0.645	0.605	0.796	0.601	0.554	0.581	0.525	0.425	0.415	0.396
0.649	0.61	2.439	0.596	0.559	0.583	0.532	0.425	0.415	0.393
0.652	0.613	3.76	0.596	0.559	0.583	0.535	0.427	0.415	0.417
0.652	0.613	3.596	0.596	0.557	0.583	0.54	0.435	0.41	0.715
0.652	0.608	3.376	0.598	0.557	0.579	0.54	0.437	0.405	3.218
0.645	0.608	3.276	0.601	0.557	0.583	0.54	0.435	0.413	3.591
0.642	0.608	3.21	0.601	0.559	0.583	0.535	0.43	0.415	2.683
0.647	0.615	3.206	0.598	0.562	0.581	0.537	0.515	0.417	2.429
0.754	0.613	3.23	0.598	0.564	0.581	0.664	2.422	0.417	2.468
1.46	0.605	3.22	0.598	0.559	0.674	3.672	5.178	0.413	2.539
2.61	0.608	3.203	0.601	0.559	0.906	5.022	4.373	0.41	2.61
2.61	0.605	3.184	0.608	0.557	1.472	3.474	3.804	0.413	2.7
2.317	0.603	3.157	0.725	0.559	1.995	3.096	3.745	0.566	2.766
2.268	0.603	2.991	2.009	0.562	2.078	3.232	3.672	0.876	2.791
2.271	0.605	2.673	3.574	0.562	2.104	3.425	3.652	2.083	2.786
2.283	0.608	2.261	3.289	0.562	2.107	3.521	3.657	2.532	2.688
2.29	0.605	1.973	2.91	0.562	2.161	3.589	3.645	2.502	2.507
2.29	0.603	1.685	2.898	0.562	2.183	3.601	3.577	2.498	2.168
2.283	0.603	1.316	3.083	0.559	2.163	3.569	3.503	2.515	1.887
2.271	0.608	1.096	3.179	0.664	2.153	3.472	3.462	2.51	1.792
2.217	0.608	0.964	3.254	1.226	2.18	3.088	3.188	2.5	1.658
2.102	0.605	0.811	3.284	3.254	2.175	2.737	2.759	2.512	1.428
1.96	0.601	0.667	3.279	3.01	2.148	2.346	2.422	2.515	1.13
1.846	0.598	0.645	3.235	2.693	2.104	1.99	1.97	2.52	0.94
1.648	0.605	0.645	3.027	2.686	1.997	1.86	1.733	2.52	0.789
1.494	0.776	0.608	2.715	2.776	1.809	1.462	1.536	2.52	0.659
1.201	2.593	0.605	2.412	2.842	1.506	1.157	1.321	2.512	0.54
1.06	3.689	0.61	2.217	2.886	1.25	0.935	1.045	2.476	0.435
0.981	3.171	0.613	1.99	2.9	1.091	0.825	0.869	2.31	0.425
0.867	2.881	0.613	1.704	2.888	1.006	0.627	0.708	2.114	0.444
0.732	2.886	0.61	1.37	2.869	0.935	0.547	0.566	1.975	0.403
0.64	2.976	0.608	1.143	2.749	0.754	0.53	0.471	1.86	0.391
0.642	3.062	0.608	1.013	2.549	0.625	0.52	0.452	1.67	0.386
0.632	3.191	0.613	0.901	2.319	0.627	0.52	0.447	1.416	0.388
0.623	3.242	0.613	0.696	2.065	0.601	0.515	0.439	1.15	0.391
0.625	3.186	0.615	0.623	1.96	0.586	0.51	0.427	0.935	0.386
0.62	2.915	0.61	0.642	1.697	0.586	0.513	0.422	0.781	0.388
0.623	2.61	0.61	0.618	1.477	0.588	0.518	0.42	0.613	0.393
0.62	2.271	0.61	0.596	1.152	0.583	0.52	0.417	0.476	0.396
0.627	2.034	0.613	0.596	0.901	0.581	0.52	0.422	0.481	0.4
0.627	1.99	0.615	0.596	0.757	0.581	0.52	0.422	0.437	0.4
0.623	1.624	0.618	0.593	0.615	0.581	0.518	0.42	0.42	0.403
0.625	1.265	0.61	0.593	0.579	0.586	0.513	0.415	0.42	0.4
0.625	1.089	0.613	0.593	0.581	0.586	0.515	0.42	0.415	0.396
0.627	0.986	0.613	0.591	0.566	0.581	0.513	0.432	0.413	0.4
0.625	0.811	0.618	0.591	0.557	0.579	0.515	0.435	0.41	0.403
0.62	0.676	0.618	0.591	0.554	0.576	0.515	0.439	0.413	0.403
0.627	0.635	0.615	0.598	0.554	0.574	0.513	0.437	0.415	0.403
0.625	0.632	0.615	0.596	0.562	0.579	0.513	0.432	0.413	0.396
0.625	0.61	0.681	0.598	0.562	0.579	0.513	0.432	0.413	0.393
0.627	0.605	2.637	0.593	0.566	0.576	0.515	0.425	0.413	0.422
0.62	0.605	3.579	0.591	0.562	0.579	0.515	0.435	0.41	0.747
0.627	0.603	2.451	0.593	0.562	0.576	0.515	0.437	0.41	2.905
0.811	0.598	2.178	0.598	0.562	0.579	0.515	0.437	0.408	2.563
2.59	0.605	2.505	0.598	0.564	0.581	1.611	0.435	0.413	1.987
3.237	0.608	2.935	0.596	0.562	0.583	3.22	0.432	0.415	2.163
2.661	0.608	3.157	0.596	0.559	0.581	2.551	0.435	0.413	2.534
2.656	0.603	3.296	0.596	0.559	0.603	2.412	0.662	0.41	2.698
2.903	0.601	3.347	0.82	0.554	1.277	2.778	1.409	0.413	2.788
3.14	0.601	3.323	3.357	0.557	2.578	3	1.838	0.41	2.93
3.347	0.601	3.291	3.599	0.559	2.485	3.169	1.846	0.415	3.018
3.584	0.603	3.118	3.254	0.559	2.324	3.401	1.853	0.415	3.125
3.699	0.603	2.852	3.237	0.583	2.317	3.586	1.863	0.41	3.174
3.73	0.598	2.498	3.257	0.771	2.38	3.584	1.902	0.476	3.118
3.708	0.596	2.129	3.276	1.836	2.437	3.574	1.917	1.67	2.93
3.65	0.598	1.863	3.298	2.522	2.473	3.516	1.943	2.915	2.642
3.557	0.603	1.533	3.364	2.664	2.488	3.364	1.97	2.454	2.19
3.228	0.603	1.306	3.411	2.71	2.478	3.147	1.99	2.207	1.79
2.822	0.605	1.055	3.459	2.832	2.48	2.854	1.992	2.346	1.484
2.261	0.608	0.845	3.464	2.935	2.463	2.434	1.982	2.605	1.204
1.702	0.608	0.701	3.435	2.969	2.4	1.992	1.936	2.81	1.055
1.306	0.906	0.632	3.33	2.993	2.31	1.56	1.567	3.088	0.869
1.069	3.203	0.654	3.193	3.054	2.163	1.204	1.311	3.328	0.674
0.923	3.364	0.649	2.854	3.103	1.729	0.984	1.187	3.477	0.525
0.791	3.135	0.637	2.339	3.105	1.609	0.82	0.964	3.503	0.42
0.667	3.308	0.61	1.812	2.854	1.306	0.632	0.686	3.489	0.408
0.615	3.594	0.605	1.497	2.314	0.969	0.525	0.569	3.394	0.4
0.591	3.816	0.605	1.243	1.753	0.779	0.496	0.476	3.171	0.393
0.613	4.053	0.601	0.945	1.519	0.647	0.479	0.444	2.808	0.374
0.62	4.25	0.603	0.742	1.309	0.603	0.466	0.439	2.322	0.364
0.627	4.363	0.605	0.647	0.95	0.605	0.464	0.437	1.836	0.361
0.627	4.387	0.608	0.62	0.684	0.601	0.464	0.439	1.587	0.364
0.627	4.355	0.608	0.623	0.571	0.586	0.461	0.437	1.321	0.366
0.632	4.165	0.605	0.613	0.54	0.586	0.461	0.437	1.138	0.366
0.642	3.752	0.605	0.61	0.53	0.586	0.461	0.435	0.898	0.361
0.64	3.206	0.605	0.605	0.53	0.588	0.461	0.432	0.684	0.359
0.637	2.598	0.608	0.601	0.532	0.583	0.461	0.437	0.525	0.361
0.635	1.88	0.608	0.603	0.53	0.583	0.464	0.437	0.459	0.364
0.637	1.526	0.61	0.608	0.525	0.583	0.474	0.437	0.444	0.366
0.632	1.235	0.608	0.61	0.53	0.583	0.474	0.437	0.425	0.366
0.635	0.898	0.603	0.608	0.527	0.586	0.474	0.435	0.422	0.359
0.635	0.693	0.601	0.61	0.53	0.583	0.471	0.435	0.415	0.361
0.635	0.623	0.603	0.601	0.527	0.581	0.471	0.435	0.405	0.361
0.637	0.659	0.605	0.601	0.527	0.579	0.474	0.437	0.403	0.361
0.635	0.642	0.605	0.598	0.525	0.579	0.454	0.437	0.403	0.361
0.632	0.635	0.601	0.596	0.525	0.583	0.447	0.437	0.405	0.359
0.635	0.635	0.596	0.598	0.53	0.586	0.442	0.432	0.408	0.356
0.632	0.64	0.596	0.598	0.53	0.586	0.442	0.432	0.405	0.356
0.632	0.637	0.601	0.596	0.532	0.583	0.444	0.435	0.403	0.359
0.635	0.627	0.605	0.593	0.53	0.583	0.452	0.435	0.4	0.359
0.649	0.623	0.603	0.596	0.527	0.581	0.454	0.435	0.4	0.359
0.745	0.625	0.605	0.593	0.527	0.583	0.452	0.435	0.408	0.356
2.83	0.627	0.61	0.591	0.53	0.586	0.449	0.432	0.408	0.352
4.077	0.627	0.84	0.588	0.532	0.586	0.449	0.432	0.405	0.352
3.713	0.63	3.975	0.588	0.53	0.583	0.449	0.435	0.405	0.354
3.579	0.632	4.199	0.591	0.525	0.581	0.452	0.437	0.403	0.356
3.506	0.632	3.105	0.596	0.522	0.583	0.449	0.437	0.405	0.361
3.491	0.63	2.969	0.601	0.525	0.583	0.447	0.432	0.408	0.361
3.455	0.632	3.035	0.603	0.527	0.583	0.444	0.432	0.41	0.354
3.442	0.632	3.108	0.601	0.53	0.588	0.444	0.432	0.41	0.352
3.435	0.632	3.159	0.598	0.53	0.581	0.449	0.579	0.408	0.352
3.433	0.63	3.171	0.596	0.53	0.576	0.449	3.362	0.408	0.356
3.386	0.627	3.167	0.598	0.53	0.574	0.449	3.762	0.408	0.356
3.274	0.623	3.159	0.601	0.53	0.576	0.444	2.444	0.408	0.356
3.018	0.62	3.142	0.601	0.532	0.576	0.442	2.112	0.41	0.354
2.542	0.623	3.115	0.601	0.623	0.576	0.442	2.119	0.408	0.352
2.095	0.623	2.876	0.598	2.856	0.579	0.444	2.253	0.405	0.354
1.753	0.63	2.324	0.596	4.067	0.581	0.452	2.349	0.403	0.356
1.438	0.63	1.848	0.593	3.22	0.579	0.459	2.361	0.403	0.359
1.138	0.625	1.555	0.593	2.971	0.569	0.75	2.354	0.405	0.359
1.033	0.623	1.284	0.596	2.971	0.576	4.468	2.361	0.405	0.356
0.833	0.625	1.118	0.593	2.937	0.579	3.94	2.351	0.405	0.356
0.718	0.627	0.911	0.588	2.935	0.576	2.581	2.302	0.405	0.359
0.688	0.625	0.723	0.588	2.915	0.576	2.339	2.092	0.403	0.359
0.652	0.623	0.667	0.591	2.903	0.579	2.349	1.772	0.403	0.361
0.642	0.618	0.64	0.613	2.859	0.581	2.339	1.541	0.405	0.361
0.649	0.62	0.63	1.289	2.827	0.583	2.31	1.365	0.405	0.356
0.652	0.625	0.613	4.363	2.495	0.583	2.317	1.206	0.405	0.354
0.649	0.63	0.608	3.433	2.014	0.581	2.332	1.123	0.405	0.354
0.654	0.63	0.61	2.764	1.702	0.576	2.344	0.872	0.403	0.354
0.654	0.625	0.61	2.7	1.445	0.571	2.341	0.698	0.405	0.359
0.645	0.623	0.608	3	1.272	0.571	2.102	0.532	0.405	0.359
0.645	0.627	0.608	3.171	1.135	0.576	1.709	0.469	0.405	0.356
0.645	0.627	0.605	3.298	0.889	0.579	1.448	0.452	0.408	0.356
0.645	0.63	0.61	3.374	0.657	0.769	1.201	0.435	0.403	0.393
0.647	0.632	0.613	3.43	0.596	3.506	0.947	0.435	0.403	2.153
0.645	0.63	0.615	3.442	0.562	3.577	0.786	0.43	0.4	3.911
0.64	0.627	0.61	3.315	0.54	2.639	0.645	0.432	0.405	3.433
0.642	0.627	0.61	2.781	0.537	2.449	0.559	0.427	0.41	3.02
0.645	0.63	0.613	2.148	0.535	2.463	0.549	0.425	0.408	2.988
0.647	0.632	0.608	1.755	0.532	2.495	0.518	0.43	0.405	2.988
0.645	0.635	0.61	1.494	0.53	2.502	0.498	0.43	0.403	2.947
0.645	0.625	0.61	1.284	0.527	2.5	0.488	0.432	0.403	2.976
0.642	0.623	0.61	1.147	0.527	2.495	0.486	0.43	0.408	2.964
0.642	0.623	0.61	0.933	0.532	2.507	0.483	0.425	0.41	2.947
0.64	0.625	0.61	0.752	0.535	2.388	0.483	0.422	0.41	2.913
0.64	0.627	0.61	0.662	0.532	2.012	0.486	0.422	0.408	2.856
0.645	0.625	0.615	0.637	0.532	1.67	0.488	0.427	0.408	2.507
0.635	0.627	0.618	0.627	0.527	1.426	0.491	0.427	0.408	1.995
0.635	0.625	0.618	0.615	0.535	1.316	0.488	0.425	0.408	1.545
0.632	0.71	0.61	0.613	0.535	1.138	0.491	0.422	0.413	1.365
0.637	2.593	0.61	0.61	0.537	0.842	0.491	0.42	0.415	1.145
0.642	3.936	0.61	0.605	0.535	0.652	0.496	0.417	0.413	0.918
0.637	3.274	0.615	0.605	0.532	0.618	0.5	0.427	0.41	0.725
0.63	2.822	0.62	0.605	0.53	0.601	0.498	0.427	0.408	0.593
0.63	2.749	0.618	0.608	0.53	0.583	0.493	0.427	0.413	0.457
0.63	2.756	0.613	0.605	0.535	0.583	0.493	0.425	0.415	0.408
0.637	2.773	0.61	0.605	0.537	0.581	0.493	0.42	0.415	0.381
0.645	2.773	0.615	0.605	0.537	0.579	0.498	0.415	0.408	0.374
0.652	2.72	0.615	0.598	0.532	0.574	0.498	0.422	0.405	0.369
0.64	2.7	0.618	0.61	0.53	0.574	0.496	0.425	0.403	0.364
0.635	2.62	0.649	0.618	0.53	0.574	0.498	0.422	0.408	0.361
0.632	2.261	0.774	0.623	0.532	0.579	0.491	0.42	0.41	0.359
0.637	1.953	1.855	0.615	0.532	0.579	0.491	0.42	0.41	0.359
0.637	1.719	2.185	0.615	0.532	0.579	0.496	0.422	0.408	0.359
0.635	1.523	1.929	0.615	0.532	0.576	0.498	0.425	0.405	0.359
0.635	1.372	1.853	0.618	0.53	0.576	0.491	0.43	0.405	0.359
0.63	1.221	1.877	0.618	0.53	0.576	0.493	0.43	0.41	0.356
0.632	0.996	1.99	0.62	0.537	0.581	0.491	0.425	0.413	0.354
0.635	0.85	2.117	0.618	0.537	0.579	0.491	0.422	0.413	0.352
0.64	0.732	2.168	0.615	0.54	0.581	0.491	0.425	0.408	0.354
0.635	0.696	2.187	0.62	0.535	0.579	0.496	0.427	0.405	0.356
0.627	0.671	2.185	0.618	0.527	0.579	0.493	0.427	0.405	0.359
0.62	0.645	2.173	0.62	0.53	0.581	0.491	0.425	0.413	0.359
0.62	0.635	2.09	0.623	0.535	0.583	0.491	0.422	0.413	0.354
0.625	0.635	1.855	0.62	0.535	0.579	0.486	0.422	0.413	0.354
0.623	0.637	1.628	0.615	0.535	0.576	0.493	0.425	0.41	0.354
0.625	0.635	1.46	0.615	0.532	0.571	0.498	0.427	0.408	0.356
0.627	0.63	1.25	0.615	0.53	0.569	0.498	0.43	0.408	0.359
0.627	0.63	1.089	0.615	0.53	0.571	0.496	0.425	0.41	0.359
0.623	0.632	0.986	0.615	0.535	0.579	0.493	0.425	0.413	0.359
0.632	0.635	0.901	0.615	0.535	0.581	0.491	0.422	0.413	0.356
0.637	0.635	0.828	0.61	0.535	0.576	0.491	0.422	0.413	0.359
0.64	0.632	0.786	0.61	0.53	0.574	0.498	0.425	0.408	0.361
0.635	0.63	0.752	0.61	0.527	0.574	0.498	0.427	0.41	0.364
0.635	0.627	0.742	0.61	0.527	0.576	0.5	0.425	0.41	0.361
0.632	0.63	0.737	0.61	0.53	0.581	0.498	0.425	0.413	0.356
0.627	0.632	0.735	0.61	0.532	0.581	0.5	0.425	0.413	0.356
0.632	0.632	0.737	0.61	0.532	0.579	0.503	0.417	0.408	0.359
0.635	0.632	0.742	0.61	0.53	0.579	0.505	0.425	0.408	0.356
0.632	0.632	0.737	0.61	0.527	0.586	0.505	0.427	0.408	0.361
0.627	0.63	0.742	0.613	0.525	0.583	0.503	0.427	0.41	0.359
0.625	0.627	0.742	0.613	0.532	0.583	0.5	0.422	0.413	0.359
0.63	0.63	0.74	0.61	0.535	0.583	0.5	0.422	0.413	0.354
0.63	0.632	0.742	0.605	0.54	0.583	0.5	0.422	0.41	0.356
0.627	0.632	0.747	0.605	0.53	0.576	0.503	0.427	0.41	0.361
0.627	0.63	0.747	0.608	0.527	0.579	0.503	0.43	0.41	0.361
0.623	0.627	0.737	0.608	0.527	0.583	0.5	0.425	0.413	0.361
0.627	0.627	0.737	0.61	0.525	0.583	0.498	0.425	0.413	0.356
0.63	0.63	0.737	0.605	0.515	0.583	0.498	0.425	0.413	0.356
0.63	0.632	0.74	0.605	0.51	0.583	0.498	0.425	0.41	0.359
0.667	0.63	0.742	0.601	0.508	0.581	0.5	0.427	0.408	0.364
0.898	0.623	0.74	0.608	0.505	0.581	0.5	0.43	0.41	0.366
1.953	0.623	0.737	0.61	0.505	0.586	0.496	0.43	0.41	0.359
2.363	0.625	0.737	0.61	0.508	0.588	0.496	0.427	0.41	0.356
2.397	0.625	0.735	0.605	0.513	0.586	0.496	0.427	0.41	0.356
2.417	0.63	0.742	0.605	0.515	0.581	0.5	0.427	0.41	0.356
2.451	0.632	0.745	0.603	0.508	0.579	0.5	0.43	0.408	0.359
2.488	0.627	0.75	0.605	0.505	0.579	0.503	0.43	0.408	0.359
2.524	0.627	0.75	0.61	0.508	0.583	0.498	0.43	0.41	0.359
2.581	0.63	0.75	0.615	0.51	0.583	0.496	0.425	0.413	0.408
2.686	0.632	0.747	0.61	0.513	0.586	0.493	0.425	0.415	0.728
2.756	0.632	0.75	0.605	0.51	0.583	0.496	0.425	0.413	1.616
2.788	0.635	0.752	0.605	0.51	0.579	0.498	0.427	0.413	1.548
2.773	0.63	0.752	0.605	0.508	0.574	0.537	0.43	0.413	1.296
2.739	0.627	0.75	0.61	0.513	0.579	0.647	0.425	0.415	1.25
2.703	0.63	0.75	0.61	0.513	0.583	1.787	0.425	0.42	1.357
2.595	0.632	0.75	0.61	0.513	0.583	1.904	0.427	0.417	1.472
2.197	0.63	0.747	0.608	0.513	0.581	1.37	0.422	0.415	1.584
1.719	0.63	0.752	0.608	0.51	0.581	1.338	0.427	0.413	1.733
1.353	0.627	0.75	0.608	0.508	0.591	1.45	0.43	0.413	1.841
1.074	0.625	0.75	0.61	0.508	0.593	1.602	0.432	0.415	1.887
0.945	0.627	0.745	0.613	0.51	0.596	1.731	0.427	0.417	1.865
0.886	0.63	0.745	0.608	0.51	0.596	1.868	0.427	0.415	1.855
0.779	0.627	0.75	0.605	0.51	0.63	1.919	0.43	0.415	1.733
0.703	0.63	0.754	0.605	0.508	1.328	1.956	0.432	0.413	1.509
0.674	0.625	0.757	0.61	0.505	2.681	1.968	0.432	0.415	1.287
0.664	0.623	0.752	0.61	0.505	2.146	1.797	0.435	0.415	1.116
0.674	0.62	0.75	0.61	0.508	1.929	1.604	0.43	0.417	0.847
0.681	0.625	0.747	0.605	0.51	1.946	1.448	0.43	0.417	0.813
0.684	0.627	0.747	0.603	0.51	2.019	1.343	0.43	0.413	0.784
0.681	0.627	0.752	0.603	0.508	2.07	1.123	0.437	0.41	0.737
0.676	0.625	0.757	0.61	0.505	2.134	0.881	0.439	0.41	0.632
0.674	0.623	0.754	0.613	0.508	2.19	0.796	0.437	0.41	0.549
0.667	0.625	0.752	0.61	0.513	2.222	0.75	0.435	0.415	0.498
0.664	0.627	0.75	0.605	0.549	2.219	0.679	0.435	0.415	0.503
0.664	0.627	0.75	0.605	0.649	2.212	0.586	0.437	0.41	0.493
0.667	0.627	0.754	0.605	1.516	2.124	0.51	0.439	0.41	0.486
0.667	0.627	0.754	0.61	2.334	1.914	0.518	0.432	0.41	0.486
0.662	0.623	0.757	0.618	2.158	1.582	0.513	0.435	0.415	0.486
0.659	0.623	0.752	0.618	2.092	1.323	0.476	0.432	0.413	0.481
0.657	0.625	0.752	0.615	2.261	1.104	0.464	0.43	0.415	0.481
0.662	0.627	0.754	0.61	2.507	0.913	0.464	0.43	0.413	0.486
0.667	0.625	0.757	0.61	2.625	0.806	0.466	0.435	0.41	0.493
0.659	0.623	0.752	0.615	2.708	0.745	0.464	0.435	0.413	0.493
0.657	0.623	0.762	0.618	2.795	0.723	0.466	0.432	0.413	0.488
0.654	0.623	0.752	0.618	2.839	0.649	0.464	0.427	0.417	0.486
0.652	0.625	0.752	0.618	2.834	0.598	0.466	0.43	0.417	0.483
0.657	0.63	0.759	0.613	2.791	0.583	0.466	0.43	0.413	0.491
0.662	0.627	0.759	0.613	2.644	0.581	0.466	0.435	0.413	0.496
0.652	0.625	0.762	0.618	2.236	0.576	0.466	0.435	0.415	0.496
0.647	0.623	0.757	0.618	1.824	0.579	0.461	0.435	0.415	0.5
0.64	0.623	0.754	0.615	1.545	0.581	0.461	0.432	0.415	0.496
0.64	0.627	0.752	0.615	1.228	0.579	0.459	0.432	0.415	0.493
0.645	0.625	0.752	0.615	0.898	0.576	0.464	0.432	0.413	0.498
0.647	0.618	0.762	0.723	0.764	0.571	0.469	0.435	0.408	0.498
0.645	0.625	0.759	1.35	0.649	0.566	0.466	0.437	0.408	0.493
0.645	0.625	0.757	2.292	0.601	0.569	0.466	0.432	0.413	0.493
0.652	0.627	0.754	2.207	0.54	0.576	0.464	0.43	0.42	0.493
0.649	0.63	0.754	2.153	0.5	0.576	0.466	0.432	0.417	0.488
0.649	0.63	0.754	2.141	0.503	0.574	0.466	0.432	0.415	0.493
0.647	0.627	0.757	2.214	0.476	0.566	0.466	0.437	0.415	0.496
0.654	0.625	0.757	2.312	0.469	0.569	0.464	0.437	0.42	0.498
0.652	0.623	0.754	2.449	0.474	0.571	0.461	0.435	0.417	0.493
0.642	0.706	0.752	2.593	0.471	0.569	0.459	0.432	0.413	0.483
0.64	0.823	0.752	2.654	0.471	0.566	0.461	0.43	0.415	0.481
0.645	1.807	0.752	2.681	0.471	0.566	0.464	0.432	0.408	0.483
0.647	2.229	0.754	2.686	0.471	0.566	0.466	0.437	0.408	0.488
0.647	2.2	0.757	2.71	0.471	0.559	0.469	0.437	0.425	0.498
0.642	2.234	0.75	2.688	0.471	0.559	0.461	0.471	0.569	0.498
0.642	2.322	0.75	2.563	0.474	0.571	0.461	0.645	1.965	0.493
0.645	2.524	0.747	2.285	0.474	0.576	0.466	1.501	2.861	0.486
0.645	2.666	0.747	1.829	0.474	0.571	0.469	1.482	2.859	0.483
0.645	2.786	0.742	1.443	0.471	0.569	0.466	1.375	2.844	0.486
0.647	2.876	0.742	1.174	0.474	0.571	0.464	1.362	2.837	0.491
0.64	2.937	0.735	0.937	0.471	0.574	0.461	1.433	2.834	0.481
0.64	2.969	0.737	0.837	0.474	0.571	0.459	1.499	2.852	0.479
0.635	2.964	0.732	0.764	0.474	0.571	0.459	1.545	2.913	0.481
0.637	2.905	0.732	0.732	0.476	0.574	0.459	1.665	2.93	0.481
0.635	2.646	0.732	0.654	0.474	0.564	0.459	1.79	2.896	0.479
0.632	2.256	0.735	0.642	0.469	0.569	0.461	1.848	2.871	0.479
0.63	1.826	0.732	0.647	0.471	0.569	0.459	1.877	2.849	0.481
0.627	1.465	0.73	0.608	0.474	0.569	0.459	1.765	2.744	0.476
0.63	1.274	0.73	0.593	0.476	0.571	0.459	1.584	2.449	0.476
0.63	1.069	0.73	0.588	0.476	0.571	0.461	1.465	2.034	0.479
0.632	0.945	0.737	0.586	0.471	0.569	0.464	1.357	1.797	0.483
0.625	0.845	0.74	0.591	0.469	0.571	0.464	1.133	1.531	0.483
0.623	0.791	0.737	0.588	0.469	0.576	0.464	0.969	1.162	0.479
0.625	0.781	0.735	0.581	0.469	0.579	0.461	0.879	0.972	0.476
0.625	0.796	0.735	0.576	0.471	0.576	0.461	0.762	0.75	0.474
0.63	0.781	0.732	0.569	0.479	0.571	0.464	0.686	0.596	0.466
0.632	0.771	0.737	0.569	0.471	0.566	0.461	0.581	0.469	0.471
0.632	0.767	0.737	0.571	0.471	0.566	0.459	0.471	0.439	0.466
0.63	0.767	0.732	0.571	0.469	0.569	0.457	0.469	0.452	0.469
0.63	0.774	0.735	0.574	0.471	0.574	0.454	0.444	0.425	0.464
0.627	0.781	0.732	0.574	0.471	0.574	0.459	0.425	0.415	0.461
0.627	0.781	0.735	0.571	0.471	0.574	0.459	0.422	0.41	0.464
0.627	0.781	0.742	0.571	0.471	0.571	0.461	0.425	0.41	0.466
0.62	0.776	0.742	0.576	0.469	0.569	0.457	0.43	0.415	0.464
0.618	0.774	0.74	0.581	0.464	0.576	0.457	0.427	0.417	0.464
0.618	0.776	0.737	0.581	0.471	0.579	0.454	0.425	0.42	0.464
0.627	0.779	0.735	0.576	0.476	0.581	0.459	0.43	0.413	0.464
0.63	0.781	0.737	0.576	0.471	0.581	0.459	0.43	0.415	0.469
0.632	0.776	0.742	0.571	0.466	0.581	0.461	0.432	0.41	0.471
0.63	0.779	0.74	0.576	0.464	0.576	0.461	0.432	0.413	0.474
0.63	0.779	0.737	0.579	0.469	0.579	0.459	0.432	0.417	0.471
0.635	0.776	0.737	0.576	0.469	0.579	0.459	0.427	0.422	0.471
0.637	0.779	0.735	0.574	0.471	0.579	0.461	0.425	0.425	0.471
0.637	0.781	0.735	0.574	0.466	0.576	0.461	0.425	0.415	0.471
0.637	0.779	0.74	0.574	0.466	0.596	0.464	0.432	0.413	0.476
0.627	0.776	0.737	0.579	0.464	0.574	0.476	0.435	0.415	0.476
0.627	0.771	0.737	0.583	0.466	0.576	0.522	0.43	0.42	0.474
0.627	0.776	0.732	0.581	0.474	0.576	1.421	0.43	0.42	0.474
0.63	0.776	0.732	0.579	0.474	0.574	2.844	0.43	0.42	0.474
0.63	0.776	0.735	0.576	0.469	0.557	2.51	0.432	0.417	0.476
0.627	0.779	0.737	0.579	0.469	0.549	2.458	0.435	0.417	0.476
0.627	0.774	0.74	0.581	0.469	0.547	2.539	0.432	0.417	0.476
0.625	0.774	0.737	0.588	0.469	0.547	2.759	0.432	0.422	0.474
0.63	0.774	0.735	0.583	0.471	0.547	2.927	0.425	0.422	0.471
0.63	0.776	0.735	0.581	0.471	0.549	3.113	0.422	0.422	0.474
0.637	0.774	0.737	0.581	0.469	0.544	3.193	0.422	0.42	0.474
0.635	0.769	0.74	0.583	0.469	0.54	3.286	0.427	0.417	0.474
0.632	0.769	0.742	0.583	0.469	0.542	3.301	0.425	0.42	0.474
0.63	0.769	0.74	0.586	0.469	0.547	3.289	0.425	0.42	0.476
0.627	0.774	0.735	0.583	0.471	0.544	3.179	0.422	0.422	0.474
0.632	0.776	0.735	0.579	0.469	0.549	3.035	0.422	0.422	0.474
0.635	0.779	0.737	0.581	0.471	0.547	2.754	0.422	0.42	0.476
0.635	0.774	0.74	0.583	0.464	0.544	2.427	0.425	0.417	0.479
0.63	0.769	0.737	0.591	0.469	0.549	2.014	0.422	0.415	0.479
0.632	0.769	0.737	0.593	0.471	0.549	1.541	0.417	0.42	0.474
0.635	0.771	0.732	0.591	0.474	0.591	1.228	0.413	0.42	0.471
0.632	0.776	0.735	0.583	0.476	0.701	1.021	0.415	0.417	0.471
0.63	0.774	0.74	0.579	0.476	2.603	0.872	0.422	0.408	0.474
0.63	0.771	0.742	0.581	0.471	2.59	0.728	0.422	0.413	0.479
0.632	0.769	0.742	0.586	0.474	2.178	0.62	0.422	0.41	0.479
0.635	0.767	0.742	0.588	0.474	2.18	0.603	0.417	0.41	0.479
0.635	0.754	0.735	0.586	0.474	2.329	0.605	0.413	0.413	0.479
0.632	0.781	0.732	0.579	0.476	2.446	0.598	0.413	0.41	0.479
0.627	0.786	0.74	0.574	0.474	2.478	0.588	0.417	0.408	0.481
0.625	0.786	0.737	0.576	0.474	2.546	0.591	0.422	0.403	0.481
0.623	0.779	0.74	0.579	0.476	2.578	0.591	0.422	0.408	0.481
0.62	0.776	0.735	0.581	0.474	2.583	0.583	0.422	0.415	0.476
0.62	0.776	0.732	0.576	0.476	2.595	0.564	0.417	0.413	0.476
0.618	0.781	0.732	0.579	0.479	2.532	0.564	0.417	0.415	0.481
0.62	0.784	0.735	0.576	0.476	2.422	0.566	0.417	0.413	0.481
0.623	0.784	0.737	0.576	0.471	2.17	0.564	0.425	0.41	0.479
0.623	0.779	0.737	0.579	0.466	1.904	0.564	0.425	0.413	0.479
0.623	0.776	0.735	0.581	0.466	1.638	0.562	0.427	0.415	0.476
0.62	0.779	0.732	0.576	0.471	1.384	0.552	0.42	0.417	0.537
0.62	0.779	0.73	0.576	0.474	1.189	0.549	0.417	0.417	0.635
0.623	0.779	0.732	0.615	0.471	0.991	0.552	0.42	0.413	0.657
0.625	0.776	0.735	0.703	0.469	0.786	0.554	0.422	0.41	0.669
0.623	0.774	0.735	0.874	0.469	0.698	0.557	0.425	0.408	0.911
0.62	0.776	0.732	1.157	0.471	0.642	0.552	0.422	0.452	1.904
0.625	0.776	0.732	1.465	0.474	0.625	0.54	0.422	0.549	2.38
0.623	0.786	0.732	1.499	0.476	0.63	0.542	0.42	1.145	2.346
0.627	0.786	0.735	1.587	0.476	0.603	0.544	0.422	1.504	2.38
0.632	0.781	0.737	1.831	0.474	0.596	0.542	0.425	1.531	2.563
0.625	0.779	0.737	2.004	0.471	0.579	0.54	0.425	1.531	2.832
0.62	0.774	0.735	2.349	0.471	0.559	0.537	0.42	1.543	3.04
0.618	0.774	0.73	2.478	0.476	0.559	0.54	0.42	1.545	3.254
0.625	0.774	0.73	2.622	0.479	0.557	0.537	0.417	1.541	3.398
0.627	0.776	0.732	2.732	0.476	0.557	0.54	0.422	1.533	3.418
0.627	0.776	0.735	2.778	0.476	0.559	0.542	0.422	1.521	3.352
0.625	0.771	0.737	2.788	0.474	0.559	0.547	0.417	1.533	3.303
0.62	0.769	0.735	2.791	0.471	0.562	0.537	0.42	1.562	3.137
0.625	0.774	0.732	2.771	0.476	0.569	0.535	0.417	1.58	2.805
0.623	0.774	0.732	2.717	0.476	0.571	0.535	0.415	1.57	2.446
0.627	0.776	0.735	2.576	0.474	0.569	0.537	0.417	1.558	2.083
0.627	0.774	0.735	2.197	0.469	0.564	0.542	0.42	1.545	1.682
0.62	0.769	0.732	1.833	0.469	0.564	0.54	0.42	1.521	1.377
0.615	0.769	0.735	1.494	0.471	0.562	0.535	0.417	1.367	1.245
0.615	0.791	0.73	1.316	0.476	0.562	0.527	0.415	0.981	1.05
0.618	0.911	0.73	1.23	0.474	0.552	0.532	0.43	0.813	0.854
0.62	1.968	0.73	1.038	0.471	0.549	0.537	0.527	0.713	0.742
0.62	2.722	0.732	0.852	0.469	0.549	0.537	1.697	0.642	0.698
0.62	2.71	0.735	0.725	0.464	0.557	0.535	2.588	0.522	0.664
0.62	2.725	0.732	0.701	0.461	0.557	0.53	2.449	0.447	0.676
0.615	2.878	0.732	0.583	0.464	0.557	0.527	2.432	0.408	0.649
0.618	3.167	0.728	0.54	0.464	0.552	0.527	2.446	0.422	0.657
0.62	3.325	0.735	0.527	0.469	0.549	0.527	2.49	0.405	0.664
0.623	3.533	0.735	0.53	0.491	0.549	0.527	2.551	0.396	0.686
0.62	3.613	0.732	0.53	0.498	0.552	0.532	2.751	0.398	0.662
0.623	3.682	0.73	0.537	0.505	0.554	0.53	2.844	0.4	0.62
0.62	3.701	0.728	0.532	0.53	0.559	0.53	2.9	0.4	0.613
0.623	3.696	0.728	0.53	0.571	0.564	0.532	2.925	0.391	0.618
0.625	3.64	0.73	0.527	0.63	0.566	0.532	2.915	0.391	0.623
0.623	3.528	0.735	0.53	0.61	0.562	0.53	2.859	0.396	0.623
0.62	3.218	0.735	0.537	0.767	0.559	0.527	2.683	0.403	0.623
0.618	2.695	0.73	0.537	1.785	0.562	0.525	2.449	0.4	0.625
0.623	2.207	0.73	0.537	2.717	0.562	0.52	2.126	0.403	0.618
0.62	1.775	0.73	0.54	2.583	0.557	0.522	1.646	0.403	0.618
0.623	1.331	0.732	0.537	2.725	0.554	0.525	1.406	0.403	0.62
0.62	1.086	0.735	0.53	2.888	0.549	0.522	1.252	0.4	0.625
0.618	0.85	0.73	0.54	3.062	0.547	0.52	1.045	0.405	0.627
0.615	0.762	0.732	0.542	3.13	0.557	0.615	0.862	0.41	0.625
0.62	0.728	0.73	0.544	3.254	0.562	0.818	0.664	0.41	0.62
0.623	0.723	0.73	0.542	3.396	0.562	2.058	0.547	0.41	0.625
0.625	0.742	0.732	0.542	3.494	0.562	2.156	0.522	0.408	0.627
0.627	0.73	0.732	0.547	3.572	0.566	1.895	0.515	0.4	0.62
0.62	0.754	0.732	0.544	3.352	0.566	1.79	0.527	0.398	0.62
0.615	0.74	0.732	0.547	2.805	0.564	1.851	0.518	0.405	0.625
0.613	0.706	0.73	0.547	2.222	0.566	1.943	0.522	0.405	0.62
0.623	0.706	0.723	0.542	1.709	0.571	2.07	0.52	0.405	0.627
0.625	0.715	0.73	0.542	1.265	0.569	2.183	0.513	0.4	0.627
0.625	0.706	0.73	0.542	1.111	0.566	2.229	0.496	0.4	0.623
0.618	0.706	0.73	0.547	0.947	0.571	2.207	0.498	0.4	0.625
0.615	0.706	0.73	0.547	0.664	0.576	2.205	0.493	0.405	0.615
0.618	0.708	0.728	0.547	0.537	0.571	2.212	0.491	0.408	0.613
0.62	0.706	0.728	0.542	0.496	0.569	2.214	0.488	0.41	0.613
0.62	0.703	0.728	0.542	0.508	0.566	2.061	0.491	0.408	0.62
0.618	0.713	0.73	0.54	0.469	0.564	1.809	0.488	0.405	0.625
0.615	0.71	0.732	0.542	0.483	0.566	1.562	0.493	0.408	0.625
0.613	0.713	0.728	0.544	0.505	0.564	1.35	0.483	0.41	0.625
0.623	0.715	0.72	0.544	0.488	0.564	1.128	0.476	0.41	0.623
0.62	0.715	0.72	0.542	0.481	0.562	0.94	0.474	0.41	0.62
0.615	0.715	0.723	0.542	0.479	0.564	0.747	0.479	0.405	0.623
0.63	0.72	0.725	0.542	0.476	0.562	0.61	0.486	0.408	0.62
1.489	0.718	0.725	0.547	0.474	0.547	0.53	0.488	0.403	0.615
2.974	0.715	0.723	0.552	0.479	0.554	0.525	0.486	0.408	0.613
2.705	0.713	0.72	0.552	0.483	0.559	0.52	0.483	0.41	0.608
2.588	0.713	0.723	0.547	0.483	0.564	0.488	0.481	0.405	0.605
2.615	0.715	0.723	0.544	0.481	0.552	0.488	0.479	0.403	0.613
2.81	0.713	0.728	0.547	0.481	0.547	0.481	0.486	0.4	0.618
2.961	0.713	0.725	0.549	0.481	0.544	0.476	0.481	0.398	0.615
3.206	0.713	0.725	0.552	0.486	0.547	0.476	0.476	0.4	0.613
3.418	0.715	0.725	0.554	0.488	0.547	0.476	0.469	0.403	0.61
3.601	0.72	0.723	0.547	0.488	0.547	0.479	0.466	0.396	0.615
3.665	0.718	0.728	0.542	0.486	0.544	0.479	0.469	0.396	0.618
3.716	0.718	0.73	0.544	0.488	0.54	0.479	0.476	0.393	0.62
3.708	0.718	0.728	0.542	0.491	0.637	0.481	0.479	0.393	0.623
3.591	0.718	0.725	0.544	0.488	0.771	0.481	0.471	0.388	0.618
3.201	0.723	0.718	0.54	0.493	1.211	0.481	0.466	0.391	0.652
2.693	0.72	0.718	0.537	0.493	2.683	0.476	0.466	0.386	0.74
2.249	0.72	0.725	0.535	0.493	2.502	0.479	0.461	0.381	2.419
1.885	0.718	0.728	0.535	0.488	2.439	0.479	0.466	0.381	3.42
1.423	0.715	0.725	0.54	0.491	2.542	0	0.464	0.386	2.957
1.243	0.713	0.723	0.542	0.491	2.686	0	0.469	0.383	2.842
0.994	0.715	0.72	0.544	0.496	2.935	0	0.466	0.383	2.849
0.901	0.723	0.825	0.54	0.498	3.296	0	0.474	0.378	2.979
0.854	0.73	0.984	0.54	0.496	3.618	0	0.474	0.381	3.132
0.815	0.728	2.024	0.54	0.491	3.794	0	0.476	0.378	3.298
0.82	0.723	2.361	0.542	0.483	3.894	0	0.479	0.381	3.469
0.835	0.723	2.148	0.547	0.483	3.979	0	0.476	0.386	3.582
0.864	0.723	2.222	0.615	0.483	3.992	0	0.476	0.388	3.618
0.879	0.72	2.427	0.789	0.483	3.701	0	0.479	0.386	3.655
0.837	0.723	2.617	3.145	0.483	3.311	0	0.476	0.386	3.647
0.818	0.718	2.732	3.618	0.481	2.832	0	0.481	0.386	3.599
0.815	0.715	2.82	3.064	0.481	2.476	0	0.479	0.386	3.296
0.818	0.708	2.932	2.939	0.481	2.139	0	0.474	0.388	2.966
0.825	0.713	2.974	2.949	0.481	1.736	0	0.476	0.388	2.539
0.847	0.713	2.983	3.01	0.479	1.45	0	0.474	0.386	2.021
0.828	0.713	2.947	3.042	0.469	1.233	0	0.474	0.381	1.604
0.825	0.708	2.771	3.049	0.466	0.986	0	0.471	0.378	1.382
0.823	0.708	2.52	3.042	0.464	0.764	0	0.464	0.383	1.091
0.833	0.71	2.222	3.044	0.469	0.698	0	0.457	0.388	0.837
0.825	0.718	1.897	3.044	0.469	0.667	0	0.457	0.386	0.652
0.828	0.72	1.597	3.027	0.471	0.652	0	0.461	0.383	0.635
0.83	0.725	1.272	2.952	0.469	0.569	0	0.466	0.381	0.659
0.828	0.718	1.104	2.61	0.464	0.571	0	0.469	0.378	0.601
0.825	0.713	0.94	2.229	0.461	0.559	0	0.461	0.378	0.562
0.818	0.715	0.798	1.841	0.459	0.547	0	0.461	0.383	0.547
0.82	0.713	0.75	1.545	0.464	0.544	0	0.459	0.383	0.537
0.825	0.715	0.686	1.37	0.469	0.547	0	0.464	0.381	0.532
0.825	0.72	0.659	1.018	0.466	0.544	0	0.464	0.376	0.53
0.825	0.713	0.645	0.767	0.459	0.542	0	0.469	0.378	0.53
0.823	0.71	0.63	0.62	0.457	0.535	0	0.469	0.381	0.527
0.82	0.706	0.625	0.61	0.459	0.535	0	0.459	0.393	0.527
0.823	0.708	0.63	0.62	0.464	0.537	0	0.457	0.398	0.522
0.828	0.71	0.63	0.593	0.466	0	0	0.454	0.396	0.522
0.828	0.713	0.632	0.581	0.464	0	0	0.457	0.391	0.525
0.823	0.713	0.637	0.566	0.464	0	0	0.459	0.386	0
0.815	0.713	0.635	0.557	0.464	0	0	0.457	0.383	0
0.815	0.708	0.635	0.547	0.464	0	0	0.454	0.388	0
0.813	0.713	0.63	0.547	0.469	0	0	0.449	0.386	0
0.82	0.713	0.632	0.544	0.469	0	0	0.449	0.378	0
0.828	0.715	0.63	0.544	0.466	0	0	0.454	0.376	0
0.825	0.715	0.635	0.549	0.471	0	0	0.457	0.376	0
0.82	0.708	0.637	0.549	0.469	0	0	0.454	0.381	0
0.818	0.71	0.637	0.552	0.464	0	0	0.457	0.386	0
0.823	0.713	0.635	0.552	0.466	0	0	0.452	0.386	0
0.828	0.718	0.637	0.552	0.464	0	0	0.471	0.386	0
0.83	0.718	0.64	0.549	0.464	0	0	0.554	0.381	0
0.828	0.715	0.64	0	0.464	0	0	0.857	0.381	0
0.828	0.715	0.63	0	0.527	0	0	1.978	0.378	0
0.833	0.718	0.632	0	0.569	0	0	1.809	0.383	0
0.835	0.723	0.632	0	0.852	0	0	1.626	0.388	0
0.84	0.728	0.632	0	1.846	0	0	1.672	0.386	0
0.84	0.732	0.64	0	2.275	0	0	1.777	0.381	0
0.837	0.723	0.645	0	2.358	0	0	1.843	0.371	0
0.835	0.718	0.642	0	2.393	0	0	1.892	0.374	0
0.835	0.715	0.64	0	2.405	0	0	1.897	0.376	0
0.837	0.718	0.632	0	2.463	0	0	1.892	0.376	0
0.84	0.723	0.627	0	2.515	0	0	1.885	0.378	0
0.84	0.725	0.627	0	2.532	0	0	1.877	0.383	0
0.835	0.72	0.627	0	2.554	0	0	1.812	0.383	0
0.833	0.72	0.623	0	2.546	0	0	1.694	0.391	0
0.835	0.72	0.627	0	2.534	0	0	1.565	0.391	0
0.837	0.725	0.63	0	2.458	0	0	1.34	0.393	0
0.837	0.725	0.632	0	2.205	0	0	1.204	0.435	0
0.835	0.725	0.642	0	1.919	0	0	1.082	0.471	0
0.833	0.718	0.642	0	1.646	0	0	0.881	0.557	0
0.833	0.718	0.64	0	1.362	0	0	0.703	1.353	0
0.825	0.718	0.635	0	1.069	0	0	0.532	2.988	0
0.823	0.72	0.632	0	0.796	0	0	0.449	3.188	0
0.825	0.725	0.632	0	0.615	0	0	0.461	3.396	0
0.83	0.723	0.64	0	0.569	0	0	0.449	4.189	0
0.825	0.72	0.645	0	0.571	0	0	0.425	4.536	0
0.83	0.713	0.64	0	0.544	0	0	0.413	4.744	0
0.83	0.713	0.64	0	0.53	0	0	0.408	4.941	0
0.828	0.713	0.637	0	0.51	0	0	0.405	5.222	0
0.828	0.72	0.637	0	0.503	0	0	0	5.381	0
0.828	0.718	0.642	0	0.5	0	0	0	5.393	0
0.83	0.715	0.645	0	0.496	0	0	0	5.41	0
0.833	0.713	0.64	0	0.496	0	0	0	5.291	0
0.83	0.708	0.635	0	0.496	0	0	0	4.814	0
0.835	0.706	0.63	0	0.498	0	0	0	3.796	0
0.828	0.713	0.632	0	0.493	0	0	0	2.866	0
0.833	0.71	0.637	0	0.493	0	0	0	2.09	0
0.828	0.713	0.645	0	0.496	0	0	0	1.401	0
0.825	0.708	0.64	0	0.493	0	0	0	1.033	0
0.818	0.708	0.637	0	0.493	0	0	0	0.747	0
0.828	0.713	0.64	0	0.496	0	0	0	0.581	0
0.83	0.708	0.642	0	0	0	0	0	0.515	0
0.835	0.703	0.645	0	0	0	0	0	0.505	0
0.833	0.698	0.649	0	0	0	0	0	0.479	0
0.828	0.693	0.652	0	0	0	0	0	0.493	0
0.828	0.696	0.645	0	0	0	0	0	0.479	0
0.83	0.701	0.642	0	0	0	0	0	0.469	0
0.833	0.706	0.64	0	0	0	0	0	0.466	0
0.835	0.708	0.64	0	0	0	0	0	0.464	0
0.835	0.703	0.642	0	0	0	0	0	0.474	0
0.835	0.701	0.642	0	0	0	0	0	0.471	0
0.83	0.701	0.632	0	0	0	0	0	0.479	0
0.833	0.708	0.63	0	0	0	0	0	0.483	0
0.84	0.708	0.63	0	0	0	0	0	0.486	0
0.842	0.703	0.635	0	0	0	0	0	0.474	0
0.845	0.701	0.635	0	0	0	0	0	0.476	0
0.84	0.789	0.637	0	0	0	0	0	0.483	0
0.835	0.935	0.632	0	0	0	0	0	0.486	0
0.837	2.712	0.627	0	0	0	0	0	0.493	0
0.84	3.174	0.623	0	0	0	0	0	0.493	0
0.84	2.91	0.615	0	0	0	0	0	0.493	0
0.845	2.888	0.615	0	0	0	0	0	0.488	0
0.84	2.876	0.615	0	0	0	0	0	0.479	0
0.833	2.874	0.61	0	0	0	0	0	0.481	0
0.83	2.966	0.608	0	0	0	0	0	0.486	0
0.828	3.069	0.608	0	0	0	0	0	0.486	0
0.828	3.105	0.615	0	0	0	0	0	0.481	0
0.83	3.103	0.615	0	0	0	0	0	0.479	0
0.82	3.074	0.613	0	0	0	0	0	0.469	0
0.82	3.069	0.608	0	0	0	0	0	0.474	0
0.83	2.996	0.608	0	0	0	0	0	0.476	0
0.828	2.798	0.608	0	0	0	0	0	0.476	0
0.833	2.532	0.613	0	0	0	0	0	0.474	0
0.825	2.212	0.615	0	0	0	0	0	0.474	0
0.828	1.829	0.608	0	0	0	0	0	0.471	0
0.828	1.57	0.608	0	0	0	0	0	0.479	0
0.828	1.282	0.605	0	0	0	0	0	0.479	0
0.833	1.008	0.601	0	0	0	0	0	0.476	0
0.83	0.803	0.608	0	0	0	0	0	0.518	0
0.83	0.696	0.61	0	0	0	0	0	0.474	0
0.825	0.696	0.613	0	0	0	0	0	0.474	0
0.823	0.669	0.615	0	0	0	0	0	0.479	0
0.823	0.662	0.61	0	0	0	0	0	0.476	0
0.82	0.654	0.613	0	0	0	0	0	0.479	0
0.828	0.652	0.615	0	0	0	0	0	0.476	0
0.825	0.635	0.615	0	0	0	0	0	0.471	0
0.823	0.627	0.613	0	0	0	0	0	0.476	0
0.82	0.63	0.61	0	0	0	0	0	0.481	0
0.823	0.637	0.613	0	0	0	0	0	0.479	0
0.825	0.637	0.657	0	0	0	0	0	0.479	0
0.825	0.64	0.75	0	0	0	0	0	0.476	0
0.825	0.64	2.041	0	0	0	0	0	0.471	0
0.823	0.635	2.957	0	0	0	0	0	0.474	0
0.828	0.637	2.651	0	0	0	0	0	0.479	0
0.898	0.64	2.529	0	0	0	0	0	0.481	0
1.523	0.637	2.617	0	0	0	0	0	0.479	0
3.445	0	2.793	0	0	0	0	0	0.471	0
2.913	0	2.893	0	0	0	0	0	0.469	0
2.683	0	3.027	0	0	0	0	0	0.474	0
2.776	0	3.103	0	0	0	0	0	0.479	0
2.93	0	3.169	0	0	0	0	0	0.476	0
3.054	0	3.169	0	0	0	0	0	0.476	0
3.181	0	3.064	0	0	0	0	0	0.474	0
3.281	0	2.961	0	0	0	0	0	0.469	0
3.333	0	2.688	0	0	0	0	0	0.469	0
3.345	0	2.239	0	0	0	0	0	0.471	0
3.352	0	1.865	0	0	0	0	0	0.469	0
3.257	0	1.555	0	0	0	0	0	0.464	0
3.059	0	1.272	0	0	0	0	0	0.464	0
2.9	0	0.947	0	0	0	0	0	0.464	0
2.708	0	0.728	0	0	0	0	0	0.469	0
2.48	0	0.627	0	0	0	0	0	0.479	0
2.246	0	0.72	0	0	0	0	0	0.569	0
1.829	0	0.676	0	0	0	0	0	0.725	0
1.558	0	0.598	0	0	0	0	0	2.197	0
1.301	0	0.608	0	0	0	0	0	2.888	0
1.113	0	0.581	0	0	0	0	0	2.744	0
0.959	0	0.569	0	0	0	0	0	2.7	0
0.85	0	0.564	0	0	0	0	0	2.751	0
0.786	0	0.564	0	0	0	0	0	3.015	0
0.791	0	0.566	0	0	0	0	0	3.286	0
0.771	0	0.566	0	0	0	0	0	3.586	0
0.757	0	0.562	0	0	0	0	0	3.77	0
0.752	0	0.562	0	0	0	0	0	3.804	0
0.74	0	0.559	0	0	0	0	0	3.877	0
0.737	0	0.562	0	0	0	0	0	3.879	0
0.737	0	0.564	0	0	0	0	0	3.843	0
0.732	0	0.566	0	0	0	0	0	3.66	0
0.728	0	0.562	0	0	0	0	0	3.315	0
0.732	0	0.562	0	0	0	0	0	2.998	0
0.732	0	0.557	0	0	0	0	0	2.568	0
0.737	0	0.559	0	0	0	0	0	1.919	0
0.74	0	0.566	0	0	0	0	0	1.472	0
0.737	0	0.566	0	0	0	0	0	1.165	0
0.73	0	0.564	0	0	0	0	0	0.881	0
0.73	0	0	0	0	0	0	0	0.632	0
0.73	0	0	0	0	0	0	0	0.452	0
0.767	0	0	0	0	0	0	0	0.388	0
1.604	0	0	0	0	0	0	0	0.4	0
0	0	0	0	0	0	0	0	0.364	0
0	0	0	0	0	0	0	0	0.378	0
0	0	0	0	0	0	0	0	0.369	0
0	0	0	0	0	0	0	0	0.364	0
0	0	0	0	0	0	0	0	0.359	0
0	0	0	0	0	0	0	0	0.354	0
0	0	0	0	0	0	0	0	0.349	0
0	0	0	0	0	0	0	0	0.352	0
0	0	0	0	0	0	0	0	0.354	0
0	0	0	0	0	0	0	0	0.356	0
0	0	0	0	0	0	0	0	0.356	0
0	0	0	0	0	0	0	0	0.354	0
0	0	0	0	0	0	0	0	0.349	0
0	0	0	0	0	0	0	0	0.352	0
0	0	0	0	0	0	0	0	0.356	0
0	0	0	0	0	0	0	0	0.359	0
0	0	0	0	0	0	0	0	0.356	0
0	0	0	0	0	0	0	0	0.354	0
0	0	0	0	0	0	0	0	0.354	0
0	0	0	0	0	0	0	0	0.364	0
0	0	0	0	0	0	0	0	0.454	0
0	0	0	0	0	0	0	0	1.421	0
