0.708	0.393	0.144	0.466	0.156	0.381	0.125	0.11	0.083	0.203
0.715	0.454	0.146	0.498	0.151	0.461	0.125	0.198	0.09	0.205
0.713	0.491	0.193	0.51	0.203	0.515	0.134	0.366	0.095	0.205
0.688	0.537	0.32	0.515	0.334	0.527	0.168	0.518	0.093	0.222
0.627	0.571	0.422	0.52	0.493	0.54	0.286	0.596	0.151	0.371
0.542	0.603	0.535	0.591	0.544	0.542	0.413	0.52	0.244	0.571
0.469	0.654	0.576	0.698	0.544	0.571	0.449	0.493	0.264	0.752
0.415	0.708	0.618	0.747	0.542	0.591	0.54	0.508	0.273	0.813
0.371	0.725	0.669	0.811	0.544	0.605	0.547	0.547	0.278	0.859
0.349	0.737	0.706	0.911	0.579	0.623	0.569	0.591	0.281	0.928
0.256	0.74	0.754	0.93	0.671	0.635	0.547	0.591	0.276	1.025
0.195	0.742	0.774	0.911	0.718	0.647	0.522	0.586	0.273	1.067
0.171	0.774	0.801	0.886	0.798	0.654	0.562	0.598	0.281	1.052
0.171	0.774	0.806	0.862	0.837	0.649	0.63	0.593	0.354	1.057
0.168	0.776	0.818	0.845	0.837	0.662	0.659	0.569	0.479	1.028
0.164	0.784	0.825	0.83	0.833	0.662	0.681	0.552	0.571	1.047
0.161	0.776	0.828	0.82	0.803	0.667	0.679	0.53	0.662	1.077
0.159	0.774	0.833	0.798	0.776	0.669	0.698	0.522	0.735	1.118
0.159	0.791	0.84	0.776	0.737	0.657	0.691	0.527	0.769	1.157
0.164	0.798	0.828	0.75	0.715	0.645	0.667	0.532	0.803	1.208
0.166	0.789	0.808	0.669	0.725	0.642	0.662	0.547	0.784	1.208
0.166	0.762	0.786	0.652	0.745	0.64	0.647	0.547	0.774	1.172
0.164	0.72	0.759	0.64	0.732	0.566	0.645	0.54	0.762	1.104
0.161	0.693	0.715	0.652	0.688	0.505	0.635	0.503	0.767	1.04
0.161	0.657	0.688	0.566	0.632	0.43	0.547	0.393	0.769	0.999
0.164	0.63	0.632	0.547	0.591	0.349	0.479	0.327	0.754	0.928
0.164	0.557	0.535	0.508	0.54	0.261	0.361	0.281	0.718	0.835
0.164	0.479	0.452	0.459	0.469	0.269	0.283	0.239	0.662	0.742
0.161	0.444	0.398	0.381	0.356	0.205	0.33	0.203	0.581	0.684
0.159	0.4	0.396	0.273	0.327	0.139	0.269	0.183	0.491	0.571
0.161	0.322	0.361	0.181	0.31	0.125	0.251	0.134	0.425	0.498
0.164	0.327	0.293	0.156	0.317	0.122	0.166	0.115	0.352	0.459
0.164	0.347	0.212	0.149	0.295	0.125	0.134	0.11	0.283	0.396
0.164	0.298	0.164	0.149	0.198	0.125	0.129	0.115	0.212	0.308
0.161	0.261	0.149	0.149	0.166	0.122	0.132	0.115	0.183	0.21
0.161	0.215	0.144	0.149	0.161	0.12	0.129	0.117	0.132	0.173
0.161	0.186	0.146	0.146	0.159	0.122	0.125	0.115	0.12	0.154
0.164	0.171	0.146	0.146	0.156	0.122	0.125	0.117	0.117	0.156
0.166	0.166	0.149	0.151	0.154	0.125	0.122	0.117	0.115	0.149
0.164	0.164	0.151	0.151	0.151	0.125	0.125	0.115	0.115	0.146
0.161	0.164	0.149	0.149	0.156	0.122	0.127	0.117	0.117	0.139
0.161	0.166	0.149	0.146	0.156	0.122	0.127	0.117	0.112	0.144
0.161	0.166	0.144	0.146	0.156	0.12	0.125	0.117	0.107	0.144
0.161	0.166	0.146	0.146	0.154	0.125	0.125	0.117	0.107	0.144
0.166	0.166	0.146	0.149	0.151	0.125	0.122	0.115	0.11	0.144
0.164	0.164	0.144	0.151	0.151	0.125	0.125	0.112	0.112	0.142
0.161	0.164	0.139	0.151	0.156	0.125	0.127	0.112	0.115	0.137
0.161	0.168	0.137	0.146	0.159	0.12	0.127	0.115	0.115	0.137
0.161	0.171	0.144	0.146	0.156	0.12	0.127	0.115	0.112	0.139
0.166	0.168	0.144	0.146	0.154	0.122	0.122	0.11	0.112	0.139
0.168	0.166	0.149	0.149	0.154	0.125	0.122	0.107	0.112	0.142
0.171	0.164	0.149	0.149	0.151	0.125	0.125	0.11	0.115	0.137
0.171	0.164	0.146	0.149	0.154	0.112	0.127	0.112	0.112	0.134
0.176	0.166	0.144	0.146	0.156	0.117	0.129	0.115	0.11	0.146
0.181	0.168	0.144	0.144	0.156	0.117	0.127	0.107	0.107	0.156
0.183	0.168	0.146	0.146	0.154	0.12	0.122	0.105	0.107	0.161
0.2	0.166	0.149	0.149	0.154	0.122	0.125	0.103	0.112	0.159
0.2	0.164	0.151	0.151	0.154	0.12	0.127	0.105	0.112	0.154
0.195	0.166	0.149	0.149	0.159	0.117	0.129	0.105	0.11	0.139
0.195	0.166	0.146	0.146	0.159	0.117	0.129	0.11	0.11	0.137
0.2	0.171	0.146	0.146	0.159	0.12	0.129	0.105	0.107	0.139
0.203	0.168	0.146	0.146	0.156	0.117	0.127	0.093	0.11	0.144
0.205	0.166	0.149	0.149	0.154	0.12	0.129	0.095	0.11	0.142
0.195	0.164	0.149	0.149	0.154	0.12	0.129	0.095	0.112	0.139
0.249	0.164	0.146	0.149	0.156	0.139	0.132	0.095	0.112	0.139
0.251	0.166	0.146	0.146	0.159	0.159	0.132	0.098	0.11	0.142
0.259	0.168	0.146	0.146	0.159	0.164	0.129	0.1	0.105	0.142
0.283	0.166	0.149	0.144	0.156	0.164	0.129	0.095	0.105	0.139
0.276	0.166	0.149	0.149	0.154	0.171	0.129	0.095	0.11	0.139
0.288	0.164	0.151	0.149	0.156	0.168	0.132	0.095	0.117	0.139
0.312	0.166	0.149	0.146	0.156	0.156	0.134	0.107	0.115	0.137
0.334	0.168	0.146	0.146	0.159	0.173	0.156	0.149	0.115	0.137
0.33	0.168	0.149	0.146	0.159	0.164	0.178	0.154	0.112	0.137
0.322	0.166	0.149	0.146	0.156	0.181	0.19	0.139	0.115	0.142
0.332	0.164	0.151	0.151	0.154	0.181	0.2	0.142	0.115	0.144
0.342	0.161	0.151	0.149	0.156	0.171	0.208	0.132	0.117	0.142
0.349	0.164	0.151	0.154	0.156	0.144	0.22	0.134	0.115	0.146
0.359	0.164	0.151	0.164	0.161	0.139	0.227	0.129	0.112	0.142
0.369	0.164	0.154	0.166	0.159	0.161	0.225	0.151	0.134	0.144
0.376	0.168	0.154	0.171	0.159	0.198	0.225	0.198	0.156	0.144
0.374	0.164	0.159	0.173	0.156	0.244	0.232	0.21	0.171	0.149
0.371	0.161	0.156	0.173	0.156	0.264	0.232	0.215	0.173	0.173
0.381	0.161	0.156	0.176	0.159	0.273	0.232	0.208	0.176	0.183
0.381	0.164	0.161	0.212	0.164	0.283	0.232	0.212	0.173	0.186
0.376	0.166	0.208	0.198	0.166	0.283	0.227	0.215	0.171	0.188
0.352	0.166	0.205	0.181	0.166	0.293	0.22	0.22	0.181	0.176
0.334	0.164	0.222	0.186	0.166	0.295	0.212	0.222	0.173	0.193
0.332	0.161	0.227	0.227	0.166	0.298	0.227	0.225	0.186	0.2
0.317	0.159	0.222	0.239	0.168	0.295	0.242	0.225	0.205	0.234
0.305	0.164	0.22	0.22	0.166	0.291	0.256	0.232	0.212	0.271
0.3	0.164	0.215	0.217	0.183	0.283	0.269	0.249	0.234	0.251
0.291	0.164	0.234	0.215	0.212	0.276	0.276	0.269	0.261	0.249
0.293	0.161	0.234	0.215	0.217	0.276	0.281	0.264	0.295	0.259
0.288	0.161	0.222	0.212	0.229	0.261	0.286	0.276	0.347	0.256
0.249	0.161	0.215	0.217	0.242	0.242	0.291	0.266	0.403	0.266
0.215	0.164	0.215	0.217	0.244	0.234	0.291	0.254	0.425	0.283
0.2	0.166	0.22	0.217	0.244	0.244	0.288	0.261	0.449	0.33
0.183	0.168	0.237	0.222	0.239	0.251	0.288	0.264	0.457	0.354
0.193	0.164	0.247	0.222	0.234	0.259	0.286	0.261	0.459	0.364
0.188	0.164	0.254	0.217	0.229	0.239	0.278	0.266	0.459	0.371
0.173	0.164	0.259	0.22	0.229	0.227	0.276	0.273	0.469	0.374
0.164	0.164	0.256	0.215	0.232	0.222	0.271	0.276	0.474	0.376
0.164	0.19	0.249	0.212	0.232	0.237	0.259	0.273	0.466	0.378
0.164	0.234	0.251	0.215	0.227	0.203	0.249	0.269	0.457	0.376
0.164	0.254	0.251	0.22	0.222	0.198	0.242	0.256	0.439	0.378
0.164	0.259	0.254	0.215	0.208	0.188	0.229	0.242	0.425	0.361
0.161	0.283	0.251	0.166	0.203	0.166	0.225	0.22	0.408	0.349
0.164	0.303	0.247	0.151	0.2	0.166	0.193	0.19	0.349	0.325
0.164	0.298	0.244	0.146	0.203	0.181	0.173	0.186	0.286	0.305
0.164	0.293	0.237	0.146	0.195	0.178	0.146	0.181	0.239	0.293
0.168	0.293	0.234	0.149	0.19	0.176	0.132	0.161	0.217	0.283
0.164	0.31	0.229	0.149	0.181	0.168	0.129	0.151	0.222	0.266
0.164	0.325	0.254	0.146	0.173	0.166	0.129	0.137	0.232	0.244
0.164	0.33	0.249	0.146	0.173	0.171	0.127	0.144	0.242	0.247
0.164	0.334	0.237	0.146	0.171	0.176	0.125	0.156	0.183	0.254
0.168	0.332	0.215	0.149	0.164	0.171	0.125	0.125	0.149	0.271
0.166	0.327	0.208	0.151	0.156	0.151	0.127	0.112	0.151	0.239
0.166	0.327	0.193	0.151	0.154	0.149	0.127	0.107	0.159	0.208
0.164	0.325	0.164	0.149	0.156	0.146	0.129	0.107	0.149	0.168
0.164	0.327	0.154	0.146	0.159	0.154	0.129	0.117	0.125	0.159
0.166	0.327	0.154	0.154	0.164	0.164	0.127	0.127	0.122	0.164
0.168	0.322	0.156	0.183	0.159	0.168	0.125	0.112	0.122	0.149
0.168	0.312	0.159	0.217	0.156	0.168	0.127	0.11	0.125	0.142
0.166	0.312	0.159	0.205	0.159	0.173	0.129	0.115	0.129	0.146
0.164	0.312	0.156	0.203	0.159	0.166	0.132	0.115	0.137	0.156
0.164	0.31	0.156	0.2	0.168	0.146	0.127	0.115	0.144	0.159
0.164	0.305	0.156	0.2	0.193	0.142	0.127	0.112	0.149	0.154
0.166	0.3	0.159	0.2	0.208	0.144	0.127	0.112	0.151	0.149
0.168	0.291	0.161	0.208	0.222	0.142	0.127	0.117	0.159	0.146
0.164	0.281	0.159	0.188	0.208	0.142	0.132	0.122	0.166	0.146
0.164	0.286	0.156	0.164	0.183	0.139	0.134	0.127	0.176	0.149
0.178	0.266	0.156	0.149	0.168	0.146	0.134	0.132	0.188	0.154
0.21	0.273	0.154	0.142	0.178	0.146	0.129	0.137	0.176	0.154
0.225	0.298	0.156	0.146	0.181	0.132	0.129	0.137	0.178	0.151
0.232	0.264	0.159	0.149	0.188	0.132	0.132	0.134	0.188	0.161
0.22	0.229	0.156	0.156	0.217	0.129	0.132	0.149	0.195	0.164
0.232	0.21	0.154	0.164	0.244	0.125	0.137	0.159	0.183	0.166
0.293	0.19	0.154	0.164	0.249	0.122	0.137	0.151	0.161	0.154
0.33	0.195	0.156	0.161	0.256	0.125	0.132	0.137	0.146	0.154
0.32	0.198	0.156	0.164	0.281	0.129	0.129	0.144	0.134	0.146
0.305	0.193	0.159	0.171	0.286	0.132	0.127	0.144	0.137	0.151
0.278	0.176	0.159	0.171	0.276	0.132	0.129	0.146	0.137	0.205
0.251	0.178	0.154	0.225	0.288	0.129	0.134	0.146	0.132	0.244
0.227	0.171	0.151	0.249	0.303	0.125	0.132	0.146	0.132	0.264
0.227	0.173	0.159	0.244	0.298	0.125	0.132	0.139	0.129	0.271
0.232	0.166	0.161	0.227	0.286	0.129	0.129	0.12	0.129	0.271
0.229	0.164	0.186	0.232	0.271	0.132	0.137	0.122	0.134	0.266
0.227	0.161	0.19	0.22	0.261	0.132	0.139	0.115	0.139	0.266
0.225	0.161	0.181	0.188	0.256	0.127	0.137	0.103	0.137	0.266
0.229	0.164	0.161	0.176	0.227	0.129	0.137	0.1	0.137	0.305
0.229	0.166	0.154	0.159	0.215	0.129	0.139	0.103	0.134	0.356
0.232	0.168	0.156	0.149	0.193	0.132	0.154	0.1	0.134	0.383
0.239	0.164	0.156	0.151	0.19	0.129	0.161	0.105	0.137	0.386
0.227	0.164	0.156	0.151	0.198	0.129	0.156	0.103	0.139	0.354
0.22	0.164	0.154	0.161	0.188	0.127	0.151	0.107	0.139	0.281
0.208	0.166	0.151	0.151	0.203	0.127	0.166	0.122	0.137	0.203
0.19	0.166	0.151	0.149	0.205	0.129	0.203	0.122	0.134	0.19
0.181	0.166	0.154	0.168	0.203	0.129	0.193	0.127	0.134	0.176
0.171	0.164	0.154	0.178	0.171	0.127	0.2	0.132	0.137	0.166
0.166	0.164	0.154	0.183	0.161	0.125	0.205	0.127	0.142	0.151
0.164	0.164	0.151	0.193	0.159	0.125	0.21	0.142	0.151	0.151
0.164	0.171	0.151	0.198	0.161	0.125	0.247	0.178	0.142	0.166
0.166	0.166	0.151	0.2	0.161	0.125	0.278	0.286	0.132	0.161
0.166	0.166	0.154	0.195	0.156	0.127	0.322	0.291	0.144	0.149
0.166	0.166	0.154	0.186	0.156	0.129	0.361	0.298	0.198	0.139
0.161	0.166	0.154	0.186	0.176	0.129	0.352	0.273	0.2	0.139
0.161	0.19	0.151	0.181	0.168	0.12	0.361	0.303	0.217	0.144
0.161	0.217	0.151	0.181	0.166	0.12	0.327	0.312	0.222	0.142
0.164	0.22	0.151	0.173	0.161	0.137	0.334	0.3	0.217	0.144
0.166	0.208	0.154	0.164	0.198	0.146	0.315	0.3	0.256	0.151
0.166	0.183	0.156	0.161	0.229	0.137	0.327	0.312	0.293	0.156
0.164	0.166	0.156	0.208	0.264	0.129	0.339	0.32	0.298	0.154
0.159	0.164	0.154	0.256	0.271	0.188	0.347	0.332	0.381	0.156
0.161	0.166	0.151	0.249	0.322	0.305	0.364	0.334	0.42	0.173
0.161	0.168	0.154	0.234	0.352	0.342	0.386	0.349	0.466	0.183
0.164	0.168	0.171	0.247	0.349	0.366	0.393	0.354	0.503	0.181
0.166	0.166	0.164	0.276	0.339	0.359	0.403	0.364	0.527	0.193
0.164	0.164	0.181	0.283	0.339	0.361	0.408	0.369	0.542	0.264
0.161	0.166	0.227	0.286	0.332	0.374	0.415	0.378	0.559	0.337
0.161	0.166	0.247	0.291	0.347	0.359	0.422	0.378	0.569	0.349
0.164	0.168	0.242	0.278	0.349	0.383	0.439	0.381	0.574	0.332
0.164	0.166	0.242	0.312	0.354	0.432	0.442	0.378	0.566	0.332
0.176	0.166	0.251	0.383	0.361	0.461	0.442	0.383	0.569	0.317
0.186	0.183	0.247	0.403	0.374	0.474	0.449	0.388	0.579	0.308
0.181	0.186	0.249	0.405	0.388	0.488	0.459	0.388	0.576	0.283
0.171	0.188	0.271	0.415	0.391	0.505	0.459	0.393	0.574	0.283
0.166	0.183	0.281	0.422	0.4	0.513	0.454	0.393	0.576	0.254
0.166	0.183	0.288	0.422	0.4	0.522	0.444	0.386	0.579	0.244
0.181	0.173	0.271	0.425	0.408	0.525	0.444	0.388	0.574	0.264
0.256	0.168	0.327	0.427	0.405	0.532	0.442	0.388	0.571	0.276
0.3	0.168	0.356	0.432	0.41	0.532	0.454	0.4	0.564	0.283
0.332	0.173	0.386	0.432	0.413	0.527	0.444	0.405	0.564	0.293
0.339	0.176	0.439	0.43	0.42	0.559	0.42	0.408	0.557	0.305
0.354	0.173	0.471	0.444	0.43	0.593	0.398	0.403	0.547	0.305
0.381	0.166	0.496	0.442	0.449	0.605	0.359	0.391	0.532	0.315
0.388	0.225	0.51	0.442	0.461	0.598	0.342	0.376	0.483	0.33
0.378	0.256	0.52	0.442	0.459	0.579	0.278	0.383	0.427	0.334
0.393	0.315	0.527	0.444	0.459	0.571	0.193	0.361	0.322	0.349
0.42	0.366	0.547	0.454	0.457	0.569	0.164	0.352	0.249	0.354
0.425	0.366	0.547	0.459	0.449	0.569	0.129	0.247	0.242	0.359
0.43	0.342	0.559	0.474	0.447	0.569	0.122	0.156	0.195	0.366
0.43	0.332	0.557	0.474	0.442	0.576	0.125	0.129	0.139	0.364
0.427	0.366	0.557	0.471	0.444	0.564	0.125	0.115	0.122	0.359
0.43	0.449	0.562	0.459	0.43	0.549	0.12	0.11	0.112	0.356
0.452	0.483	0.564	0.454	0.376	0.54	0.12	0.107	0.11	0.361
0.461	0.503	0.571	0.452	0.286	0.508	0.117	0.103	0.112	0.378
0.461	0.532	0.574	0.447	0.269	0.476	0.12	0.103	0.142	0.383
0.454	0.554	0.566	0.339	0.222	0.454	0.12	0.103	0.146	0.366
0.454	0.588	0.564	0.244	0.186	0.42	0.122	0.107	0.146	0.33
0.452	0.608	0.554	0.178	0.178	0.366	0.122	0.107	0.149	0.308
0.459	0.613	0.552	0.159	0.171	0.283	0.117	0.105	0.151	0.293
0.464	0.62	0.547	0.151	0.168	0.203	0.115	0.098	0.149	0.283
0.464	0.62	0.54	0.149	0.166	0.156	0.117	0.095	0.149	0.215
0.461	0.632	0.532	0.151	0.156	0.134	0.12	0.1	0.151	0.168
0.457	0.627	0.532	0.149	0.154	0.129	0.122	0.105	0.151	0.144
0.459	0.627	0.518	0.146	0.156	0.127	0.12	0.107	0.151	0.115
0.454	0.632	0.508	0.144	0.154	0.122	0.115	0.103	0.154	0.105
0.452	0.635	0.469	0.146	0.151	0.125	0.115	0.1	0.156	0.098
0.427	0.635	0.42	0.149	0.151	0.129	0.115	0.093	0.156	0.095
0.408	0.627	0.347	0.149	0.151	0.127	0.115	0.098	0.149	0.093
0.405	0.618	0.271	0.146	0.154	0.125	0.117	0.103	0.149	0.088
0.398	0.608	0.293	0.144	0.154	0.122	0.12	0.103	0.146	0.09
0.322	0.603	0.244	0.144	0.154	0.127	0.112	0.103	0.142	0.095
0.239	0.591	0.195	0.146	0.154	0.127	0.115	0.098	0.149	0.1
0.215	0.576	0.171	0.149	0.151	0.129	0.107	0.095	0.159	0.098
0.176	0.557	0.161	0.149	0.154	0.127	0.107	0.1	0.166	0.095
0.166	0.518	0.151	0.149	0.154	0.125	0.117	0.103	0.168	0.093
0.161	0.457	0.151	0.146	0.156	0.122	0.12	0.105	0.168	0.095
0.164	0.342	0.149	0.146	0.164	0.125	0.117	0.098	0.164	0.098
0.166	0.3	0.151	0.149	0.168	0.125	0.115	0.1	0.166	0.1
0.164	0.264	0.154	0.149	0.276	0.127	0.115	0.103	0.168	0.1
0.164	0.205	0.151	0.149	0.579	0.125	0.117	0.105	0.166	0.095
0.161	0.178	0.149	0.146	0.664	0.122	0.12	0.107	0.156	0.095
0.164	0.171	0.144	0.144	0.51	0.122	0.12	0.107	0.154	0.093
0.164	0.171	0.146	0.144	0.425	0.125	0.115	0.105	0.154	0.098
0.164	0.168	0.149	0.146	0.42	0.125	0.117	0.105	0.151	0.1
0.164	0.166	0.151	0.149	0.425	0.127	0.115	0.103	0.154	0.098
0.161	0.166	0.151	0.146	0.432	0.127	0.122	0.105	0.154	0.095
0.159	0.164	0.146	0.146	0.439	0.125	0.125	0.105	0.151	0.093
0.161	0.166	0.146	0.144	0.447	0.127	0.122	0.107	0.144	0.095
0.164	0.166	0.149	0.146	0.449	0.127	0.12	0.105	0.146	0.098
0.166	0.166	0.151	0.149	0.447	0.129	0.12	0.103	0.149	0.1
0.166	0.164	0.154	0.151	0.449	0.127	0.12	0.103	0.149	0.098
0.161	0.164	0.149	0.151	0.454	0.122	0.122	0.103	0.151	0.095
0.161	0.164	0.146	0.149	0.454	0.12	0.122	0.107	0.151	0.098
0.161	0.166	0.144	0.149	0.461	0.122	0.12	0.107	0.151	0.1
0.161	0.166	0.146	0.149	0.461	0.125	0.117	0.107	0.151	0.1
0.166	0.166	0.149	0.149	0.464	0.125	0.117	0.107	0.151	0.1
0.164	0.164	0.151	0.151	0.469	0.127	0.12	0.105	0.156	0.1
0.161	0.164	0.146	0.151	0.471	0.125	0.122	0.107	0.156	0.098
0.161	0.164	0.146	0.149	0.476	0.122	0.122	0.107	0.159	0.095
0.161	0.166	0.142	0.146	0.479	0.122	0.125	0.107	0.159	0.095
0.164	0.166	0.144	0.146	0.469	0.125	0.122	0.103	0.156	0.098
0.164	0.166	0.149	0.149	0.459	0.127	0.122	0.095	0.164	0.1
0.164	0.164	0.151	0.151	0.432	0.129	0.125	0.093	0.161	0.095
0.161	0.161	0.146	0.195	0.391	0.125	0.127	0.098	0.178	0.095
0.159	0.164	0.144	0.308	0.354	0.122	0.127	0.098	0.229	0.095
0.161	0.166	0.144	0.693	0.359	0.122	0.125	0.1	0.271	0.095
0.164	0.166	0.146	0.898	0.334	0.127	0.117	0.095	0.283	0.095
0.166	0.166	0.146	0.884	0.259	0.129	0.12	0.093	0.288	0.095
0.164	0.164	0.149	0.786	0.215	0.127	0.12	0.093	0.295	0.095
0.161	0.164	0.146	0.74	0.205	0.127	0.12	0.093	0.305	0.09
0.161	0.164	0.144	0.798	0.173	0.122	0.122	0.103	0.31	0.085
0.161	0.166	0.146	0.857	0.164	0.125	0.122	0.12	0.334	0.088
0.161	0.168	0.149	0.864	0.159	0.127	0.117	0.205	0.388	0.093
0.164	0.166	0.151	0.879	0.154	0.132	0.117	0.291	0.449	0.093
0.166	0.164	0.151	0.889	0.154	0.137	0.12	0.334	0.476	0.093
0.161	0.164	0.151	0.881	0.156	0.132	0.12	0.354	0.498	0.088
0.161	0.164	0.149	0.864	0.156	0.129	0.107	0.369	0.518	0.088
0.159	0.166	0.151	0.857	0.159	0.134	0.139	0.381	0.513	0.09
0.161	0.166	0.151	0.825	0.159	0.134	0.188	0.393	0.513	0.095
0.164	0.164	0.149	0.74	0.154	0.134	0.2	0.403	0.51	0.085
0.164	0.164	0.156	0.679	0.151	0.137	0.251	0.408	0.503	0.083
0.161	0.164	0.149	0.632	0.154	0.129	0.254	0.425	0.505	0.078
0.161	0.164	0.149	0.588	0.156	0.127	0.254	0.442	0.503	0.078
0.159	0.166	0.146	0.54	0.156	0.12	0.247	0.447	0.503	0.083
0.164	0.166	0.149	0.566	0.159	0.115	0.278	0.447	0.5	0.09
0.164	0.164	0.149	0.532	0.154	0.12	0.298	0.442	0.493	0.105
0.164	0.164	0.149	0.454	0.154	0.125	0.312	0.444	0.496	0.105
0.161	0.164	0.149	0.342	0.154	0.122	0.327	0.447	0.505	0.137
0.159	0.166	0.146	0.298	0.156	0.125	0.339	0.454	0.508	0.105
0.159	0.166	0.151	0.234	0.156	0.122	0.352	0.43	0.486	0.093
0.161	0.166	0.146	0.188	0.154	0.125	0.361	0.457	0.461	0.083
0.173	0.164	0.151	0.178	0.154	0.125	0.366	0.449	0.405	0.085
0.183	0.164	0.151	0.164	0.154	0.127	0.386	0.452	0.354	0.093
0.166	0.159	0.151	0.156	0.159	0.125	0.403	0.437	0.322	0.093
0.161	0.166	0.149	0.151	0.159	0.122	0.403	0.41	0.352	0.088
0.159	0.166	0.144	0.149	0.156	0.122	0.393	0.327	0.312	0.09
0.161	0.166	0.151	0.149	0.154	0.129	0.398	0.203	0.239	0.095
0.164	0.166	0.151	0.151	0.151	0.134	0.396	0.161	0.217	0.098
0.166	0.164	0.154	0.154	0.151	0.129	0.403	0.142	0.208	0.098
0.164	0.161	0.156	0.154	0.151	0.132	0.408	0.117	0.203	0.098
0.161	0.164	0.154	0.151	0.154	0.129	0.396	0.112	0.195	0.1
0.164	0.166	0.156	0.151	0.156	0.127	0.408	0.11	0.19	0.098
0.164	0.166	0.164	0.151	0.154	0.125	0.391	0.11	0.188	0.098
0.166	0.166	0.21	0.154	0.151	0.117	0.371	0.107	0.193	0.098
0.164	0.166	0.291	0.154	0.154	0.129	0.369	0.107	0.19	0.098
0.161	0.181	0.361	0.156	0.276	0.127	0.359	0.107	0.195	0.095
0.161	0.183	0.41	0.154	0.371	0.125	0.315	0.11	0.193	0.098
0.161	0.173	0.427	0.151	0.381	0.127	0.239	0.107	0.19	0.1
0.164	0.168	0.41	0.176	0.339	0.132	0.178	0.107	0.193	0.105
0.164	0.215	0.396	0.225	0.237	0.134	0.144	0.103	0.195	0.103
0.164	0.276	0.386	0.195	0.168	0.132	0.142	0.095	0.195	0.1
0.161	0.325	0.396	0.166	0.156	0.132	0.142	0.095	0.198	0.098
0.164	0.415	0.415	0.156	0.154	0.129	0.127	0.095	0.198	0.098
0.164	0.417	0.444	0.151	0.154	0.125	0.122	0.1	0.203	0.1
0.168	0.391	0.459	0.151	0.151	0.127	0.117	0.095	0.2	0.1
0.171	0.388	0.454	0.156	0.151	0.129	0.115	0.09	0.198	0.103
0.193	0.391	0.474	0.156	0.149	0.127	0.11	0.093	0.203	0.1
0.266	0.417	0.486	0.156	0.151	0.125	0.115	0.095	0.205	0.098
0.337	0.42	0.488	0.156	0.154	0.122	0.112	0.1	0.203	0.095
0.4	0.413	0.479	0.151	0.156	0.125	0.112	0.1	0.2	0.098
0.454	0.427	0.481	0.151	0.154	0.127	0.107	0.098	0.198	0.1
0.476	0.427	0.476	0.154	0.151	0.125	0.11	0.095	0.198	0.1
0.476	0.432	0.464	0.154	0.149	0.125	0.11	0.095	0.203	0.095
0.471	0.425	0.452	0.154	0.154	0.125	0.12	0.095	0.2	0.095
0.469	0.432	0.408	0.151	0.154	0.12	0.117	0.103	0.2	0.095
0.469	0.442	0.376	0.151	0.154	0.12	0.115	0.103	0.198	0.095
0.474	0.447	0.322	0.151	0.154	0.122	0.11	0.1	0.198	0.098
0.479	0.444	0.315	0.154	0.151	0.122	0.11	0.098	0.2	0.1
0.476	0.435	0.225	0.156	0.149	0.125	0.11	0.098	0.203	0.1
0.479	0.427	0.181	0.154	0.151	0.122	0.117	0.1	0.203	0.095
0.481	0.4	0.171	0.154	0.154	0.12	0.115	0.103	0.203	0.093
0.481	0.366	0.154	0.149	0.156	0.12	0.115	0.103	0.198	0.095
0.479	0.317	0.151	0.151	0.154	0.12	0.11	0.1	0.195	0.098
0.479	0.31	0.151	0.151	0.151	0.125	0.11	0.1	0.198	0.098
0.476	0.222	0.149	0.156	0.151	0.127	0.112	0.098	0.198	0.098
0.479	0.195	0.151	0.154	0.149	0.127	0.112	0.103	0.198	0.098
0.479	0.195	0.146	0.151	0.154	0.127	0.117	0.151	0.2	0.098
0.479	0.176	0.146	0.149	0.156	0.125	0.117	0.142	0.198	0.1
0.479	0.168	0.146	0.151	0.156	0.127	0.115	0.132	0.195	0.105
0.483	0.166	0.151	0.154	0.151	0.129	0.115	0.117	0.195	0.105
0.483	0.166	0.151	0.154	0.151	0.129	0.115	0.112	0.198	0.107
0.481	0.164	0.149	0.154	0.188	0.129	0.117	0.112	0.198	0.107
0.479	0.164	0.149	0.151	0.217	0.127	0.117	0.115	0.198	0.107
0.442	0.166	0.146	0.149	0.22	0.127	0.115	0.112	0.195	0.168
0.374	0.166	0.149	0.151	0.208	0.127	0.112	0.112	0.2	0.261
0.317	0.166	0.151	0.186	0.188	0.132	0.11	0.11	0.2	0.376
0.254	0.161	0.154	0.19	0.178	0.127	0.112	0.112	0.2	0.469
0.217	0.164	0.151	0.198	0.178	0.127	0.115	0.117	0.205	0.518
0.188	0.164	0.146	0.208	0.183	0.125	0.115	0.117	0.203	0.488
0.168	0.166	0.146	0.208	0.186	0.125	0.117	0.105	0.2	0.488
0.164	0.168	0.146	0.208	0.186	0.125	0.112	0.1	0.2	0.493
0.164	0.166	0.149	0.227	0.19	0.125	0.11	0.1	0.203	0.493
0.159	0.164	0.151	0.244	0.232	0.127	0.112	0.1	0.208	0.5
0.159	0.164	0.149	0.247	0.32	0.107	0.117	0.103	0.205	0.5
0.159	0.164	0.146	0.232	0.413	0.115	0.117	0.105	0.205	0.491
0.161	0.164	0.146	0.247	0.535	0.115	0.115	0.1	0.203	0.488
0.164	0.166	0.149	0.33	0.786	0.117	0.112	0.1	0.205	0.447
0.164	0.166	0.151	0.439	0.859	0.122	0.115	0.098	0.203	0.378
0.164	0.164	0.149	0.669	0.879	0.125	0.115	0.1	0.208	0.337
0.164	0.164	0.149	0.935	0.854	0.125	0.117	0.1	0.208	0.303
0.164	0.164	0.146	1.025	0.845	0.122	0.12	0.1	0.205	0.303
0.161	0.166	0.144	1.062	0.896	0.122	0.125	0.103	0.205	0.339
0.164	0.166	0.146	1.072	0.852	0.125	0.127	0.1	0.205	0.327
0.166	0.164	0.149	1.025	0.894	0.127	0.127	0.098	0.215	0.239
0.166	0.164	0.149	0.92	0.879	0.125	0.129	0.1	0.222	0.205
0.161	0.161	0.151	0.857	0.869	0.127	0.129	0.103	0.225	0.188
0.161	0.164	0.149	0.908	0.908	0.12	0.132	0.105	0.225	0.149
0.161	0.166	0.149	0.967	0.92	0.117	0.129	0.105	0.222	0.117
0.164	0.166	0.154	0.979	0.908	0.122	0.127	0.103	0.212	0.122
0.166	0.166	0.154	0.981	0.898	0.125	0.125	0.1	0.264	0.112
0.164	0.164	0.154	0.999	0.896	0.137	0.127	0.1	0.295	0.105
0.164	0.164	0.154	1.011	0.879	0.249	0.129	0.103	0.437	0.105
0.161	0.166	0.151	1.001	0.874	0.398	0.129	0.105	0.698	0.105
0.164	0.166	0.151	0.969	0.842	0.706	0.129	0.105	0.83	0.105
0.166	0.166	0.151	0.918	0.82	0.825	0.127	0.103	0.759	0.105
0.166	0.166	0.154	0.803	0.801	0.869	0.127	0.1	0.725	0.107
0.164	0.164	0.156	0.75	0.781	0.911	0.129	0.1	0.73	0.103
0.164	0.164	0.154	0.676	0.779	1.055	0.134	0.1	0.789	0.103
0.161	0.164	0.154	0.576	0.75	1.199	0.132	0.103	0.93	0.098
0.164	0.166	0.154	0.576	0.718	1.265	0.129	0.1	1.033	0.1
0.166	0.166	0.151	0.583	0.691	1.304	0.127	0.1	1.096	0.098
0.166	0.166	0.154	0.586	0.691	1.333	0.127	0.1	1.125	0.1
0.164	0.164	0.159	0.576	0.588	1.333	0.125	0.098	1.116	0.103
0.164	0.161	0.156	0.552	0.615	1.306	0.129	0.1	1.099	0.1
0.161	0.164	0.154	0.442	0.583	1.174	0.132	0.103	1.084	0.098
0.164	0.166	0.154	0.374	0.486	1.047	0.132	0.1	1.055	0.103
0.164	0.166	0.154	0.308	0.391	1.006	0.129	0.098	0.942	0.107
0.164	0.166	0.156	0.266	0.33	0.957	0.127	0.098	0.808	0.105
0.166	0.164	0.168	0.261	0.278	0.876	0.132	0.098	0.715	0.103
0.164	0.164	0.181	0.217	0.244	0.735	0.144	0.1	0.63	0.1
0.161	0.166	0.168	0.183	0.239	0.596	0.154	0.103	0.566	0.1
0.164	0.166	0.156	0.161	0.288	0.547	0.146	0.103	0.474	0.103
0.166	0.166	0.156	0.159	0.239	0.52	0.134	0.103	0.381	0.103
0.166	0.164	0.156	0.164	0.19	0.417	0.129	0.1	0.298	0.105
0.166	0.178	0.156	0.161	0.168	0.305	0.127	0.103	0.256	0.1
0.164	0.178	0.154	0.161	0.171	0.249	0.149	0.103	0.232	0.098
0.161	0.178	0.151	0.159	0.171	0.193	0.234	0.103	0.229	0.095
0.161	0.171	0.151	0.168	0.168	0.154	0.303	0.103	0.22	0.095
0.164	0.168	0.154	0.173	0.166	0.151	0.498	0.1	0.21	0.098
0.166	0.166	0.164	0.166	0.164	0.134	0.576	0.11	0.198	0.103
0.166	0.171	0.171	0.171	0.164	0.132	0.562	0.115	0.2	0.1
0.164	0.173	0.173	0.176	0.164	0.127	0.581	0.117	0.2	0.098
0.161	0.176	0.171	0.183	0.166	0.122	0.63	0.107	0.2	0.1
0.164	0.178	0.176	0.188	0.168	0.12	0.728	0.12	0.195	0.1
0.164	0.183	0.188	0.178	0.168	0.125	0.942	0.178	0.19	0.103
0.164	0.193	0.203	0.168	0.166	0.127	1.06	0.269	0.195	0.103
0.164	0.2	0.21	0.164	0.166	0.127	1.15	0.408	0.198	0.103
0.164	0.212	0.212	0.166	0.168	0.125	1.267	0.84	0.2	0.098
0.161	0.22	0.266	0.166	0.171	0.125	1.299	1.143	0.2	0.098
0.164	0.217	0.396	0.161	0.173	0.125	1.245	1.169	0.198	0.1
0.166	0.215	0.588	0.161	0.171	0.125	1.282	1.179	0.198	0.1
0.166	0.237	0.837	0.166	0.166	0.127	1.345	1.252	0.198	0.1
0.164	0.31	0.937	0.168	0.164	0.127	1.367	1.406	0.198	0.1
0.161	0.378	0.996	0.176	0.171	0.125	1.394	1.523	0.203	0.098
0.161	0.583	1.047	0.251	0.171	0.122	1.382	1.611	0.2	0.098
0.164	0.85	1.023	0.74	0.171	0.12	1.323	1.646	0.2	0.1
0.164	0.862	0.972	0.554	0.718	0.122	1.235	1.655	0.198	0.103
0.166	0.835	0.942	0.366	1.252	0.122	1.172	1.663	0.2	0.105
0.164	0.825	0.945	0.339	1.113	0.125	1.143	1.66	0.2	0.1
0.164	0.889	0.962	0.444	1.011	0.122	1.091	1.65	0.203	0.098
0.161	0.874	0.984	0.608	1.113	0.12	1.035	1.643	0.203	0.098
0.161	0.933	0.974	0.676	1.516	0.12	1.021	1.616	0.203	0.1
0.164	1.067	0.95	0.789	1.819	0.125	0.894	1.592	0.2	0.103
0.166	1.177	0.935	0.942	1.963	0.129	0.774	1.582	0.203	0.103
0.168	1.24	0.959	0.964	2.019	0.125	0.662	1.631	0.203	0.105
0.161	1.294	0.955	1.018	2.036	0.125	0.476	1.624	0.208	0.1
0.161	1.35	0.945	1.289	1.973	0.122	0.359	1.609	0.41	0.1
0.166	1.375	0.933	1.438	1.902	0.125	0.31	1.587	0.85	0.103
0.234	1.377	0.93	1.484	1.755	0.127	0.266	1.572	0.635	0.1
0.298	1.328	0.92	1.353	1.514	0.129	0.188	1.555	0.476	0.1
0.347	1.292	0.898	1.233	1.372	0.132	0.146	1.475	0.498	0.103
0.479	1.267	0.894	0.928	1.172	0.132	0.125	1.326	0.63	0.103
0.635	1.265	0.872	0.649	0.796	0.127	0.117	1.23	0.796	0.103
0.796	1.27	0.837	0.493	0.596	0.129	0.112	1.123	0.896	0.107
0.852	1.252	0.84	0.381	0.403	0.129	0.107	1.003	1.001	0.105
0.857	1.216	0.84	0.339	0.352	0.132	0.107	0.879	1.191	0.105
0.862	1.172	0.813	0.33	0.334	0.129	0.112	0.776	1.309	0.105
0.857	1.082	0.793	0.325	0.33	0.129	0.115	0.75	1.372	0.103
0.864	0.942	0.789	0.317	0.312	0.127	0.117	0.703	1.343	0.1
0.959	0.806	0.759	0.293	0.261	0.127	0.112	0.632	1.262	0.103
1.118	0.676	0.664	0.2	0.208	0.129	0.11	0.522	1.03	0.105
1.243	0.62	0.662	0.166	0.166	0.129	0.107	0.476	0.835	0.105
1.267	0.608	0.676	0.161	0.154	0.129	0.112	0.464	0.635	0.103
1.255	0.52	0.671	0.156	0.154	0.127	0.132	0.417	0.488	0.103
1.243	0.508	0.64	0.154	0.156	0.125	0.442	0.303	0.403	0.1
1.243	0.542	0.564	0.151	0.154	0.125	0.801	0.178	0.356	0.12
1.221	0.601	0.54	0.154	0.151	0.127	0.764	0.132	0.342	0.154
1.179	0.571	0.386	0.164	0.149	0.129	0.605	0.11	0.33	0.198
1.135	0.535	0.308	0.159	0.146	0.129	0.569	0.105	0.308	0.442
1.064	0.461	0.254	0.156	0.159	0.129	0.605	0.12	0.239	0.647
0.898	0.396	0.208	0.154	0.151	0.127	0.662	0.115	0.212	0.742
0.789	0.366	0.181	0.159	0.146	0.125	0.703	0.105	0.205	0.769
0.686	0.327	0.161	0.178	0.142	0.127	0.737	0.1	0.205	0.776
0.723	0.291	0.156	0.183	0.139	0.132	0.764	0.098	0.205	0.854
0.735	0.229	0.156	0.181	0.115	0.132	0.842	0.098	0.208	0.981
0.64	0.205	0.154	0.193	0.156	0.129	1.03	0.098	0.208	1.101
0.601	0.215	0.151	0.222	0.156	0.127	1.208	0.095	0.205	1.145
0.579	0.21	0.159	0.251	0	0.129	1.389	0.093	0.212	1.14
0.527	0.212	0.154	0.247	0	0.129	1.453	0.088	0.22	1.145
0.437	0.198	0.156	0.237	0	0.132	1.501	0.085	0.232	1.113
0.352	0.171	0.183	0.239	0	0.134	1.438	0.098	0.244	1.028
0.3	0.161	0.237	0.347	0	0.132	1.416	0.103	0.254	0.994
0.239	0.164	0.247	0.54	0	0.129	1.411	0.098	0.251	0.945
0.188	0.173	0.188	0	0	0.132	1.365	0.144	0.244	0.901
0.176	0.164	0.164	0	0	0.129	1.362	0.215	0.251	0.847
0.173	0.193	0.176	0	0	0.129	1.299	0.256	0.237	0.811
0.178	0.937	0.242	0	0	0.132	1.208	0.271	0.249	0.796
0.181	1.897	0.369	0	0	0.132	1.003	0.288	0.256	0.771
0.183	1.46	0.61	0	0	0.129	0.813	0.295	0	0.745
0.188	1.108	0.916	0	0	0.129	0.637	0.303	0	0.74
0.19	1.15	1.013	0	0	0.132	0.532	0.32	0	0.696
0.188	1.755	1.042	0	0	0.134	0.461	0.359	0	0.63
0.19	2.346	1.028	0	0	0.107	0.369	0.405	0	0.562
0.176	2.59	1.003	0	0	0.171	0.347	0.391	0	0.476
0.176	2.686	0.962	0	0	0.215	0.342	0.396	0	0.432
0.168	2.703	0.879	0	0	0.317	0.291	0.42	0	0.356
0.166	2.725	0.798	0	0	0.671	0.166	0.486	0	0.334
0.171	2.751	0.818	0	0	0.725	0.112	0.554	0	0.227
0.178	2.778	0.786	0	0	0.703	0.1	0.593	0	0.181
0.164	2.842	0.837	0	0	0.71	0.103	0.588	0	0.166
0.161	2.822	0.811	0	0	0.779	0.107	0.579	0	0.161
0.161	2.786	0.793	0	0	0.962	0.122	0.581	0	0.161
0.164	2.695	0.718	0	0	1.165	0.117	0.564	0	0.164
0.166	2.529	0.632	0	0	1.27	0.122	0.549	0	0.164
0.164	2.349	0.593	0	0	1.353	0.139	0.535	0	0.161
0.173	2.178	0.544	0	0	1.36	0	0.505	0	0.159
0.159	1.887	0.469	0	0	1.331	0	0.449	0	0.159
0.183	1.667	0.413	0	0	1.323	0	0.391	0	0.161
0.188	1.482	0.4	0	0	1.289	0	0.359	0	0.161
0.19	1.138	0.403	0	0	1.248	0	0.352	0	0.161
0.234	0.92	0.403	0	0	1.204	0	0.339	0	0.146
0.264	0.852	0.378	0	0	1.128	0	0.322	0	0.154
0.308	0.767	0.332	0	0	1.001	0	0.293	0	0.159
0.33	0.647	0.237	0	0	0.906	0	0.256	0	0.129
0.359	0.493	0.171	0	0	0.825	0	0.203	0	0.117
0.403	0.432	0.161	0	0	0.762	0	0.137	0	0.12
0.425	0.43	0.156	0	0	0.698	0	0.129	0	0.122
0.43	0.427	0.154	0	0	0.669	0	0.127	0	0.12
0.439	0.342	0.166	0	0	0.647	0	0.129	0	0.12
0.444	0.222	0.151	0	0	0.603	0	0.127	0	0.12
0.493	0.186	0.151	0	0	0.574	0	0.122	0	0.122
0.522	0.181	0.151	0	0	0.566	0	0.112	0	0.122
0.54	0.237	0.151	0	0	0.542	0	0.117	0	0.117
0.576	0.415	0.151	0	0	0.52	0	0.115	0	0.115
0.618	0.554	0.146	0	0	0.483	0	0.105	0	0.117
0.662	0	0.146	0	0	0.457	0	0.105	0	0.117
0.764	0	0.149	0	0	0.42	0	0.1	0	0.117
0.845	0	0.173	0	0	0.398	0	0.095	0	0.122
0.833	0	0.19	0	0	0.308	0	0	0	0.12
0.815	0	0.193	0	0	0.266	0	0	0	0.117
0.742	0	0.198	0	0	0.3	0	0	0	0.115
0.664	0	0.186	0	0	0.32	0	0	0	0.117
0.603	0	0.195	0	0	0.288	0	0	0	0.122
0.566	0	0	0	0	0.271	0	0	0	0.12
0.544	0	0	0	0	0.242	0	0	0	0.12
0.476	0	0	0	0	0.217	0	0	0	0.103
0.435	0	0	0	0	0.188	0	0	0	0.11
0.417	0	0	0	0	0.171	0	0	0	0.115
0.405	0	0	0	0	0.164	0	0	0	0.115
0.361	0	0	0	0	0.183	0	0	0	0.115
0.31	0	0	0	0	0.2	0	0	0	0.117
0.264	0	0	0	0	0.195	0	0	0	0.103
0.261	0	0	0	0	0.198	0	0	0	0.11
0.293	0	0	0	0	0.205	0	0	0	0.112
0.278	0	0	0	0	0.21	0	0	0	0.115
0.3	0	0	0	0	0.203	0	0	0	0.117
0.3	0	0	0	0	0.173	0	0	0	0.115
0.293	0	0	0	0	0.159	0	0	0	0.115
0.339	0	0	0	0	0.156	0	0	0	0.115
0	0	0	0	0	0.146	0	0	0	0.122
0	0	0	0	0	0.129	0	0	0	0.125
0	0	0	0	0	0.129	0	0	0	0.122
0	0	0	0	0	0.125	0	0	0	0.12
0	0	0	0	0	0.125	0	0	0	0.103
0	0	0	0	0	0.127	0	0	0	0.093
0	0	0	0	0	0.129	0	0	0	0.112
0	0	0	0	0	0.129	0	0	0	0.122
0	0	0	0	0	0.134	0	0	0	0.115
0	0	0	0	0	0.139	0	0	0	0.132
0	0	0	0	0	0.134	0	0	0	0.137
0	0	0	0	0	0.132	0	0	0	0.208
0	0	0	0	0	0.132	0	0	0	0.317
0	0	0	0	0	0.134	0	0	0	0.3
0	0	0	0	0	0.137	0	0	0	0.251
0	0	0	0	0	0.137	0	0	0	0.234
0	0	0	0	0	0.132	0	0	0	0.239
0	0	0	0	0	0.129	0	0	0	0.234
0	0	0	0	0	0.125	0	0	0	0.239
0	0	0	0	0	0.137	0	0	0	0.247
0	0	0	0	0	0.154	0	0	0	0.247
0	0	0	0	0	0.144	0	0	0	0.244
0	0	0	0	0	0.137	0	0	0	0.244
0	0	0	0	0	0.144	0	0	0	0.247
0	0	0	0	0	0.222	0	0	0	0.244
0	0	0	0	0	0.222	0	0	0	0.229
0	0	0	0	0	0.183	0	0	0	0.203
0	0	0	0	0	0.173	0	0	0	0.229
0	0	0	0	0	0.183	0	0	0	0.239
0	0	0	0	0	0.227	0	0	0	0.225
0	0	0	0	0	0.269	0	0	0	0.217
0	0	0	0	0	0.286	0	0	0	0.176
0	0	0	0	0	0.293	0	0	0	0.156
0	0	0	0	0	0.291	0	0	0	0.146
0	0	0	0	0	0.298	0	0	0	0.144
0	0	0	0	0	0.298	0	0	0	0.144
0	0	0	0	0	0.352	0	0	0	0.144
0	0	0	0	0	0.43	0	0	0	0.142
0	0	0	0	0	0.447	0	0	0	0.142
0	0	0	0	0	0.437	0	0	0	0.146
0	0	0	0	0	0.488	0	0	0	0.146
0	0	0	0	0	0.417	0	0	0	0.149
0	0	0	0	0	0.366	0	0	0	0.154
0	0	0	0	0	0.349	0	0	0	0.156
0	0	0	0	0	0.325	0	0	0	0.156
0	0	0	0	0	0.303	0	0	0	0.154
0	0	0	0	0	0.293	0	0	0	0.154
0	0	0	0	0	0.269	0	0	0	0.171
0	0	0	0	0	0.264	0	0	0	0.171
0	0	0	0	0	0.269	0	0	0	0.181
0	0	0	0	0	0.261	0	0	0	0.181
0	0	0	0	0	0.21	0	0	0	0.181
0	0	0	0	0	0.132	0	0	0	0.2
0	0	0	0	0	0.103	0	0	0	0.193
0	0	0	0	0	0.098	0	0	0	0
0	0	0	0	0	0.1	0	0	0	0
0	0	0	0	0	0.098	0	0	0	0
0	0	0	0	0	0.083	0	0	0	0
0	0	0	0	0	0.078	0	0	0	0
0	0	0	0	0	0.095	0	0	0	0
0	0	0	0	0	0.088	0	0	0	0
0	0	0	0	0	0.081	0	0	0	0
0	0	0	0	0	0.105	0	0	0	0
0	0	0	0	0	0.132	0	0	0	0
0	0	0	0	0	0.151	0	0	0	0
0	0	0	0	0	0.159	0	0	0	0
0	0	0	0	0	0.159	0	0	0	0
0	0	0	0	0	0.181	0	0	0	0
0	0	0	0	0	0.168	0	0	0	0
0	0	0	0	0	0.188	0	0	0	0
