0.178	0.203	0.208	0.193	0.203	0.129	0.159	0.161	0.164	1.697
0.19	0.203	0.205	0.193	0.22	0.132	0.161	0.161	0.195	1.636
0.508	0.205	0.398	0.21	0.239	0.132	0.159	0.161	0.43	1.633
1.65	0.208	1.06	0.352	0.388	0.129	0.256	0.159	1.099	1.643
1.489	0.217	1.189	0.586	0.62	0.127	0.937	0.161	1.304	1.694
1.362	0.349	0.823	0.718	0.842	0.166	1.587	0.166	1.24	1.68
1.885	0.618	0.786	0.72	0.923	0.308	1.335	0.237	1.133	1.655
2.114	0.806	1.199	0.72	0.93	0.505	1.021	0.361	1.069	1.599
2.08	0.862	1.248	0.945	0.911	0.608	0.989	0.43	1.042	1.455
1.956	0.933	1.138	1.189	0.908	0.579	1.052	0.381	0.994	1.138
1.794	1.05	1.077	1.279	0.911	0.579	1.177	0.459	0.942	0.896
1.543	1.028	0.981	1.321	0.918	0.62	1.228	0.581	0.906	0.688
1.345	1.011	0.769	1.382	0.911	0.662	1.235	0.647	0.872	0.5
1.028	1.001	0.598	1.235	0.894	0.667	1.199	0.667	0.847	0.356
0.828	0.979	0.54	0.981	0.884	0.669	1.135	0.669	0.823	0.347
0.708	0.916	0.562	0.796	0.83	0.642	1.042	0.667	0.774	0.315
0.591	0.803	0.544	0.679	0.74	0.588	0.925	0.664	0.688	0.21
0.515	0.728	0.527	0.5	0.591	0.498	0.789	0.662	0.618	0.178
0.491	0.696	0.496	0.388	0.439	0.386	0.657	0.674	0.493	0.186
0.344	0.557	0.4	0.356	0.342	0.347	0.54	0.679	0.378	0.188
0.261	0.442	0.334	0.322	0.286	0.361	0.417	0.676	0.325	0.171
0.198	0.405	0.237	0.229	0.225	0.293	0.374	0.652	0.305	0.168
0.183	0.366	0.21	0.2	0.205	0.271	0.315	0.618	0.227	0.168
0.186	0.337	0.205	0.208	0.2	0.237	0.217	0.571	0.178	0.166
0.173	0.247	0.215	0.217	0.198	0.186	0.173	0.483	0.176	0.164
0.171	0.21	0.21	0.217	0.2	0.166	0.168	0.383	0.178	0.164
0.173	0.203	0.205	0.193	0.2	0.166	0.178	0.315	0.171	0.166
0.171	0.217	0.2	0.186	0.2	0.166	0.178	0.256	0.166	0.166
0.168	0.217	0.2	0.188	0.198	0.176	0.166	0.19	0.164	0.168
0.164	0.208	0.203	0.195	0.193	0.164	0.161	0.166	0.166	0.164
0.168	0.203	0.208	0.198	0.193	0.161	0.159	0.164	0.161	0.164
0.171	0.203	0.205	0.193	0.195	0.159	0.159	0.164	0.161	0.161
0.173	0.203	0.205	0.19	0.198	0.156	0.156	0.159	0.161	0.164
0.173	0.203	0.203	0.19	0.195	0.156	0.154	0.159	0.164	0.166
0.171	0.205	0.203	0.19	0.193	0.156	0.154	0.156	0.164	0.168
0.171	0.203	0.205	0.195	0.193	0.156	0.156	0.159	0.164	0.166
0.173	0.203	0.205	0.195	0.195	0.161	0.156	0.161	0.161	0.164
0.178	0.203	0.205	0.193	0.198	0.159	0.159	0.161	0.161	0.164
0.176	0.205	0.205	0.19	0.198	0.159	0.156	0.161	0.164	0.166
0.176	0.208	0.203	0.19	0.198	0.156	0.154	0.159	0.166	0.168
0.173	0.205	0.203	0.19	0.195	0.156	0.154	0.159	0.164	0.166
0.176	0.205	0.205	0.193	0.193	0.159	0.156	0.159	0.166	0.166
0.176	0.2	0.208	0.193	0.195	0.159	0.159	0.161	0.161	0.164
0.176	0.2	0.208	0.19	0.195	0.159	0.159	0.164	0.159	0.164
0.176	0.203	0.205	0.188	0.198	0.156	0.156	0.161	0.161	0.166
0.173	0.205	0.203	0.19	0.198	0.154	0.154	0.159	0.166	0.166
0.173	0.205	0.203	0.193	0.232	0.154	0.154	0.159	0.166	0.168
0.173	0.203	0.203	0.195	0.242	0.156	0.205	0.159	0.193	0.186
0.176	0.2	0.205	0.198	0.234	0.159	0.261	0.164	0.254	0.217
0.181	0.2	0.205	0.193	0.259	0.156	0.264	0.164	0.251	0.244
0.176	0.203	0.203	0.188	0.332	0.156	0.271	0.161	0.288	0.317
0.173	0.205	0.203	0.186	0.557	0.156	0.337	0.156	0.364	0.396
0.171	0.203	0.232	0.193	0.623	0.154	0.439	0.156	0.542	0.479
0.171	0.217	0.249	0.195	0.618	0.156	0.505	0.159	0.952	0.505
0.171	0.251	0.31	0.198	0.613	0.161	0.471	0.161	1.045	0.505
0.173	0.283	0.425	0.225	0.603	0.173	0.447	0.164	1.047	0.52
0.173	1.013	0.952	0.305	0.598	0.239	0.435	0.161	1.06	0.518
0.173	2.856	1.003	0.447	0.593	0.31	0.403	0.159	1.062	0.51
0.222	3.223	0.957	0.527	0.608	0.403	0.378	0.159	1.067	0.491
0.437	2.92	0.881	0.515	0.603	0.513	0.361	0.159	1.04	0.427
1.748	2.466	0.781	0.469	0.608	0.537	0.356	0.161	1.018	0.356
2.046	2.324	0.676	0.469	0.593	0.554	0.349	0.164	0.962	0.339
1.636	2.251	0.603	0.464	0.586	0.549	0.339	0.195	0.835	0.349
1.04	2.148	0.53	0.461	0.574	0.518	0.327	0.195	0.676	0.396
0.671	2.004	0.471	0.447	0.547	0.432	0.31	0.215	0.508	0.374
0.569	1.765	0.464	0.403	0.518	0.378	0.295	0.247	0.493	0.366
0.535	1.565	0.464	0.405	0.525	0.349	0.298	0.276	0.464	0.334
0.508	1.318	0.464	0.41	0.442	0.359	0.286	0.51	0.403	0.269
0.486	1.165	0.425	0.361	0.388	0.33	0.276	0.579	0.408	0.227
0.469	0.911	0.403	0.4	0.349	0.33	0.271	0.603	0.347	0.183
0.386	0.681	0.356	0.427	0.327	0.356	0.256	0.605	0.288	0.173
0.359	0.54	0.344	0.413	0.286	0.371	0.222	0.598	0.229	0.166
0.386	0.427	0.349	0.43	0.229	0.349	0.178	0.574	0.195	0.164
0.374	0.403	0.31	0.403	0.225	0.33	0.176	0.527	0.193	0.161
0.376	0.391	0.269	0.342	0.237	0.291	0.188	0.498	0.186	0.164
0.354	0.361	0.234	0.293	0.22	0.232	0.168	0.464	0.171	0.166
0.293	0.271	0.234	0.239	0.193	0.176	0.159	0.439	0.166	0.166
0.244	0.244	0.234	0.225	0.188	0.168	0.156	0.43	0.166	0.164
0.193	0.256	0.237	0.222	0.188	0.166	0.159	0.422	0.164	0.164
0.212	0.237	0.212	0.21	0.19	0.178	0.156	0.417	0.161	0.164
0.22	0.215	0.205	0.195	0.19	0.161	0.156	0.391	0.164	0.164
0.2	0.21	0.198	0.193	0.188	0.156	0.154	0.388	0.164	0.166
0.178	0.208	0.203	0.193	0.186	0.156	0.156	0.378	0.164	0.168
0.173	0.203	0.205	0.195	0.188	0.156	0.159	0.327	0.164	0.164
0.176	0.203	0.205	0.198	0.188	0.159	0.161	0.276	0.161	0.164
0.178	0.205	0.205	0.195	0.188	0.161	0.161	0.261	0.161	0.164
0.176	0.208	0.203	0.195	0.19	0.156	0.159	0.22	0.164	0.164
0.176	0.208	0.2	0.195	0.188	0.154	0.156	0.178	0.164	0.166
0.176	0.205	0.2	0.198	0.188	0.154	0.159	0.164	0.164	0.166
0.173	0.205	0.203	0.2	0.188	0.156	0.159	0.171	0.159	0.164
0.173	0.205	0.205	0.198	0.19	0.159	0.159	0.176	0.159	0.164
0.178	0.205	0.203	0.195	0.193	0.156	0.159	0.166	0.156	0.164
0.178	0.208	0.2	0.193	0.193	0.156	0.156	0.161	0.159	0.164
0.171	0.205	0.2	0.19	0.188	0.151	0.156	0.161	0.161	0.166
0.168	0.208	0.2	0.19	0.183	0.154	0.156	0.161	0.161	0.166
0.171	0.2	0.205	0.195	0.186	0.156	0.159	0.161	0.161	0.164
0.173	0.198	0.205	0.195	0.186	0.154	0.161	0.164	0.159	0.161
0.176	0.2	0.205	0.195	0.188	0.151	0.159	0.161	0.159	0.164
0.176	0.203	0.203	0.195	0.19	0.146	0.159	0.161	0.161	0.164
0.173	0.203	0.2	0.198	0.19	0.142	0.154	0.159	0.164	0.166
0.173	0.2	0.2	0.195	0.19	0.142	0.156	0.159	0.164	0.166
0.173	0.198	0.205	0.195	0.188	0.144	0.159	0.161	0.164	0.164
0.173	0.198	0.205	0.198	0.19	0.146	0.161	0.161	0.161	0.164
0.178	0.2	0.203	0.198	0.193	0.146	0.161	0.161	0.161	0.164
0.176	0.203	0.2	0.195	0.195	0.144	0.156	0.161	0.161	0.164
0.173	0.205	0.2	0.193	0.19	0.142	0.156	0.159	0.164	0.166
0.173	0.203	0.2	0.198	0.193	0.142	0.156	0.159	0.166	0.164
0.173	0.2	0.203	0.2	0.203	0.144	0.168	0.161	0.164	0.164
0.176	0.2	0.205	0.203	0.242	0.151	0.176	0.161	0.159	0.161
0.176	0.2	0.205	0.2	0.342	0.156	0.181	0.164	0.159	0.161
0.176	0.205	0.212	0.198	0.347	0.154	0.186	0.159	0.159	0.164
0.171	0.2	0.242	0.195	0.33	0.154	0.186	0.159	0.164	0.166
0.166	0.203	0.417	0.198	0.332	0.154	0.193	0.159	0.166	0.166
0.166	0.2	0.454	0.198	0.359	0.156	0.195	0.161	0.488	0.164
0.166	0.2	0.452	0.2	0.374	0.159	0.203	0.164	0.833	0.212
0.171	0.198	0.459	0.198	0.374	0.156	0.205	0.164	0.92	0.298
0.171	0.2	0.464	0.203	0.369	0.156	0.2	0.164	0.92	0.317
0.171	0.203	0.422	0.21	0.354	0.154	0.195	0.159	0.977	0.32
0.171	0.2	0.398	0.208	0.347	0.156	0.195	0.161	1.011	0.325
0.171	0.198	0.386	0.217	0.334	0.159	0.193	0.164	1.018	0.317
0.171	0.198	0.386	0.22	0.291	0.161	0.186	0.164	1.011	0.308
0.176	0.2	0.396	0.232	0.288	0.159	0.168	0.164	0.991	0.298
0.178	0.203	0.398	0.305	0.276	0.156	0.164	0.161	0.977	0.281
0.176	0.203	0.374	0.337	0.251	0.164	0.161	0.161	0.798	0.264
0.188	0.203	0.354	0.342	0.208	0.171	0.19	0.159	0.586	0.242
0.251	0.2	0.327	0.295	0.198	0.188	0.173	0.161	0.4	0.195
0.32	0.203	0.291	0.269	0.215	0.19	0.164	0.164	0.305	0.178
0.32	0.203	0.271	0.254	0.2	0.188	0.159	0.164	0.249	0.195
0.305	0.205	0.247	0.232	0.195	0.186	0.156	0.161	0.22	0.173
0.281	0.205	0.234	0.229	0.19	0.183	0.156	0.21	0.178	0.168
0.276	0.205	0.237	0.229	0.186	0.181	0.154	0.251	0.19	0.188
0.256	0.2	0.22	0.229	0.188	0.176	0.156	0.364	0.188	0.198
0.234	0.203	0.21	0.212	0.193	0.164	0.159	0.396	0.166	0.171
0.22	0.21	0.205	0.229	0.195	0.159	0.159	0.393	0.161	0.166
0.222	0.239	0.2	0.215	0.193	0.166	0.159	0.383	0.161	0.166
0.205	0.322	0.198	0.198	0.193	0.173	0.156	0.364	0.164	0.166
0.188	0.317	0.2	0.198	0.19	0.181	0.156	0.322	0.164	0.166
0.178	0.312	0.203	0.2	0.19	0.164	0.156	0.266	0.161	0.164
0.19	0.3	0.205	0.2	0.193	0.159	0.159	0.22	0.161	0.164
0.2	0.283	0.205	0.195	0.195	0.159	0.159	0.193	0.159	0.161
0.215	0.271	0.2	0.19	0.195	0.154	0.156	0.2	0.161	0.166
0.19	0.264	0.198	0.193	0.193	0.154	0.154	0.2	0.161	0.166
0.178	0.254	0.198	0.193	0.188	0.151	0.154	0.2	0.164	0.166
0.178	0.237	0.203	0.195	0.193	0.156	0.156	0.205	0.161	0.164
0.178	0.234	0.205	0.195	0.195	0.159	0.159	0.198	0.159	0.161
0.178	0.232	0.203	0.193	0.198	0.156	0.156	0.232	0.159	0.164
0.178	0.222	0.2	0.19	0.198	0.156	0.154	0.22	0.161	0.164
0.176	0.21	0.2	0.19	0.195	0.154	0.154	0.183	0.164	0.166
0.176	0.212	0.198	0.193	0.195	0.156	0.154	0.164	0.164	0.166
0.176	0.237	0.2	0.198	0.2	0.156	0.156	0.161	0.161	0.166
0.178	0.217	0.203	0.195	0.195	0.159	0.156	0.164	0.159	0.164
0.181	0.208	0.2	0.193	0.198	0.159	0.156	0.161	0.161	0.164
0.178	0.208	0.198	0.188	0.198	0.154	0.154	0.159	0.161	0.166
0.178	0.208	0.195	0.19	0.198	0.154	0.151	0.159	0.164	0.166
0.173	0.205	0.198	0.193	0.195	0.154	0.154	0.159	0.164	0.166
0.173	0.203	0.203	0.193	0.195	0.159	0.156	0.161	0.161	0.164
0.176	0.203	0.205	0.195	0.198	0.161	0.159	0.161	0.159	0.164
0.178	0.203	0.203	0.19	0.198	0.159	0.159	0.164	0.159	0.161
0.176	0.205	0.2	0.19	0.2	0.156	0.154	0.161	0.161	0.166
0.176	0.208	0.2	0.193	0.198	0.154	0.154	0.159	0.164	0.168
0.173	0.205	0.2	0.195	0.198	0.156	0.151	0.159	0.164	0.166
0.173	0.2	0.2	0.198	0.198	0.159	0.154	0.161	0.161	0.164
0.178	0.2	0.203	0.198	0.198	0.159	0.156	0.164	0.159	0.164
0.181	0.203	0.203	0.195	0.2	0.161	0.159	0.161	0.159	0.164
0.178	0.205	0.198	0.193	0.2	0.156	0.156	0.161	0.161	0.164
0.176	0.205	0.2	0.195	0.198	0.154	0.151	0.159	0.164	0.166
0.176	0.205	0.2	0.198	0.195	0.156	0.154	0.159	0.156	0.166
0.173	0.2	0.2	0.2	0.195	0.159	0.156	0.164	0.161	0.164
0.176	0.203	0.2	0.203	0.198	0.161	0.156	0.164	0.159	0.164
0.176	0.2	0.198	0.2	0.2	0.161	0.156	0.164	0.159	0.161
0.178	0.203	0.195	0.198	0.2	0.156	0.154	0.161	0.159	0.164
0.173	0.205	0.198	0.195	0.198	0.156	0.154	0.159	0.161	0.166
0.171	0.205	0.195	0.195	0.198	0.156	0.151	0.156	0.164	0.166
0.171	0.198	0.2	0.198	0.195	0.156	0.156	0.159	0.161	0.164
0.176	0.2	0.2	0.195	0.198	0.161	0.156	0.164	0.159	0.164
0.178	0.2	0.2	0.198	0.2	0.156	0.156	0.164	0.156	0.164
0.178	0.203	0.2	0.198	0.198	0.154	0.154	0.161	0.161	0.164
0.173	0.205	0.2	0.198	0.198	0.154	0.151	0.159	0.161	0.166
0.173	0.203	0.2	0.198	0.195	0.156	0.154	0.159	0.164	0.164
0.176	0.198	0.203	0.198	0.195	0.156	0.156	0.161	0.161	0.164
0.178	0.198	0.205	0.198	0.198	0.159	0.159	0.164	0.156	0.164
0.178	0.198	0.203	0.195	0.2	0.156	0.156	0.161	0.159	0.164
0.176	0.203	0.2	0.193	0.203	0.154	0.156	0.159	0.161	0.166
0.171	0.205	0.2	0.195	0.198	0.156	0.154	0.156	0.164	0.166
0.173	0.203	0.2	0.198	0.195	0.154	0.151	0.159	0.161	0.166
0.171	0.2	0.203	0.2	0.198	0.156	0.156	0.161	0.161	0.164
0.176	0.2	0.205	0.2	0.198	0.159	0.159	0.164	0.159	0.164
0.178	0.203	0.205	0.198	0.2	0.159	0.159	0.164	0.161	0.164
0.178	0.205	0.203	0.195	0.198	0.156	0.154	0.159	0.161	0.166
0.176	0.205	0.2	0.195	0.198	0.154	0.151	0.159	0.164	0.166
0.176	0.203	0.203	0.198	0.195	0.156	0.154	0.161	0.164	0.166
0.176	0.2	0.203	0.2	0.195	0.156	0.156	0.161	0.161	0.164
0.178	0.203	0.205	0.2	0.2	0.161	0.156	0.164	0.159	0.159
0.176	0.2	0.208	0.195	0.2	0.156	0.159	0.161	0.161	0.161
0.176	0.205	0.203	0.195	0.2	0.156	0.156	0.161	0.161	0.164
0.173	0.203	0.2	0.195	0.198	0.154	0.154	0.159	0.164	0.166
0.173	0.203	0.2	0.198	0.195	0.154	0.154	0.161	0.164	0.164
0.173	0.198	0.205	0.2	0.195	0.159	0.156	0.161	0.176	0.164
0.176	0.2	0.203	0.2	0.198	0.159	0.156	0.164	0.159	0.161
0.178	0.2	0.203	0.195	0.2	0.156	0.156	0.164	0.159	0.164
0.178	0.203	0.2	0.193	0.198	0.154	0.156	0.159	0.161	0.164
0.176	0.203	0.2	0.19	0.198	0.154	0.151	0.159	0.164	0.168
0.176	0.203	0.203	0.193	0.198	0.156	0.154	0.159	0.164	0.166
0.176	0.2	0.203	0.195	0.195	0.159	0.156	0.161	0.161	0.164
0.176	0.2	0.205	0.19	0.198	0.159	0.156	0.164	0.159	0.164
0.178	0.2	0.203	0.19	0.2	0.159	0.156	0.161	0.159	0.164
0.178	0.203	0.203	0.188	0.2	0.156	0.154	0.159	0.161	0.166
0.176	0.205	0.2	0.188	0.198	0.154	0.154	0.156	0.164	0.166
0.176	0.203	0.203	0.19	0.195	0.156	0.154	0.159	0.164	0.166
0.176	0.2	0.205	0.193	0.195	0.156	0.156	0.161	0.161	0.164
0.178	0.203	0.205	0.19	0.198	0.159	0.156	0.164	0.159	0.164
0.178	0.203	0.208	0.19	0.2	0.159	0.156	0.164	0.161	0.164
0.178	0.205	0.203	0.188	0.2	0.154	0.156	0.159	0.161	0.166
0.173	0.205	0.2	0.193	0.198	0.156	0.154	0.159	0.164	0.166
0.171	0.205	0.203	0.195	0.195	0.156	0.154	0.159	0.164	0.166
0.173	0.2	0.205	0.193	0.195	0.159	0.156	0.161	0.161	0.164
0.176	0.203	0.205	0.19	0.2	0.161	0.159	0.161	0.159	0.161
0.176	0.203	0.203	0.188	0.2	0.159	0.156	0.164	0.161	0.161
0.176	0.208	0.2	0.186	0.2	0.156	0.154	0.161	0.161	0.166
0.173	0.205	0.2	0.188	0.195	0.156	0.154	0.159	0.164	0.166
0.173	0.203	0.203	0.186	0.193	0.156	0.156	0.159	0.161	0.166
0.173	0.2	0.205	0.188	0.195	0.161	0.156	0.159	0.161	0.159
0.176	0.2	0.205	0.188	0.195	0.159	0.159	0.161	0.159	0.164
0.178	0.2	0.203	0.188	0.2	0.159	0.156	0.161	0.161	0.161
0.178	0.203	0.198	0.19	0.2	0.156	0.154	0.159	0.161	0.164
0.173	0.203	0.198	0.188	0.198	0.156	0.154	0.159	0.164	0.164
0.176	0.2	0.2	0.19	0.195	0.156	0.154	0.159	0.166	0.164
0.176	0.2	0.205	0.19	0.195	0.159	0.156	0.161	0.161	0.164
0.178	0.2	0.205	0.19	0.195	0.161	0.159	0.164	0.159	0.164
0.181	0.203	0.205	0.188	0.195	0.159	0.156	0.161	0.159	0.161
0.176	0.203	0.203	0.183	0.195	0.156	0.154	0.161	0.161	0.164
0.173	0.203	0.203	0.188	0.193	0.156	0.154	0.159	0.164	0.166
0.176	0.203	0.203	0.193	0.188	0.156	0.154	0.159	0.164	0.164
0.173	0.198	0.205	0.195	0.19	0.159	0.159	0.161	0.161	0.161
0.176	0.2	0.205	0.193	0.19	0.164	0.156	0.164	0.159	0.159
0.178	0.2	0.205	0.193	0.193	0.159	0.156	0.161	0.159	0.164
0.178	0.2	0.2	0.188	0.193	0.156	0.154	0.161	0.164	0.164
0.176	0.203	0.2	0.186	0.193	0.156	0.173	0.159	0.164	0.164
0.171	0.2	0.203	0.19	0.188	0.156	0.164	0.159	0.166	0.164
0.173	0.198	0.205	0.193	0.188	0.159	0.166	0.161	0.161	0.164
0.176	0.2	0.205	0.19	0.19	0.161	0.161	0.164	0.159	0.161
0.178	0.198	0.203	0.188	0.195	0.159	0.161	0.161	0.161	0.164
0.178	0.203	0.2	0.188	0.195	0.154	0.154	0.159	0.161	0.164
0.173	0.205	0.2	0.188	0.193	0.154	0.156	0.159	0.164	0.166
0.171	0.203	0.203	0.19	0.193	0.156	0.156	0.156	0.161	0.166
0.173	0.2	0.205	0.19	0.195	0.159	0.156	0.161	0.161	0.161
0.173	0.198	0.208	0.193	0.198	0.161	0.159	0.164	0.159	0.161
0.176	0.2	0.205	0.188	0.198	0.154	0.156	0.164	0.159	0.164
0.176	0.203	0.2	0.186	0.198	0.154	0.154	0.161	0.161	0.181
0.171	0.203	0.2	0.188	0.195	0.156	0.154	0.159	0.164	0.166
0.171	0.2	0.203	0.19	0.188	0.156	0.151	0.159	0.164	0.164
0.173	0.198	0.203	0.193	0.186	0.159	0.156	0.161	0.161	0.164
0.176	0.198	0.208	0.193	0.188	0.159	0.159	0.161	0.159	0.161
0.178	0.2	0.203	0.19	0.19	0.156	0.154	0.164	0.161	0.161
0.181	0.203	0.2	0.188	0.19	0.154	0.154	0.161	0.161	0.164
0.176	0.203	0.2	0.19	0.19	0.154	0.154	0.159	0.164	0.166
0.178	0.2	0.203	0.19	0.188	0.156	0.154	0.161	0.164	0.164
0.176	0.198	0.203	0.195	0.188	0.159	0.156	0.164	0.161	0.164
0.181	0.198	0.203	0.198	0.19	0.159	0.159	0.166	0.159	0.161
0.181	0.2	0.2	0.198	0.193	0.156	0.156	0.164	0.159	0.161
0.178	0.2	0.198	0.195	0.193	0.154	0.154	0.161	0.161	0.166
0.176	0.205	0.198	0.195	0.188	0.154	0.156	0.161	0.164	0.166
0.176	0.203	0.198	0.2	0.188	0.156	0.154	0.159	0.164	0.166
0.178	0.2	0.203	0.2	0.188	0.159	0.156	0.161	0.161	0.161
0.181	0.2	0.203	0.2	0.19	0.159	0.156	0.164	0.159	0.161
0.181	0.203	0.203	0.198	0.193	0.156	0.156	0.164	0.159	0.164
0.181	0.205	0.2	0.198	0.193	0.154	0.154	0.159	0.159	0.164
0.178	0.203	0.198	0.198	0.19	0.154	0.154	0.159	0.161	0.166
0.176	0.203	0.203	0.2	0.188	0.156	0.154	0.161	0.164	0.166
0.178	0.2	0.205	0.2	0.19	0.161	0.156	0.164	0.159	0.164
0.181	0.2	0.205	0.198	0.19	0.159	0.154	0.164	0.159	0.159
0.181	0.2	0.205	0.195	0.193	0.156	0.156	0.164	0.156	0.164
0.178	0.205	0.2	0.195	0.193	0.154	0.166	0.161	0.161	0.164
0.173	0.205	0.2	0.193	0.188	0.154	0.203	0.159	0.164	0.164
0.173	0.203	0.203	0.195	0.188	0.156	0.586	0.161	0.161	0.164
0.176	0.2	0.205	0.193	0.19	0.176	1.465	0.164	0.161	0.161
0.181	0.2	0.205	0.193	0.19	0.244	1.499	0.164	0.161	0.161
0.181	0.203	0.205	0.193	0.195	1.409	1.172	0.164	0.159	0.164
0.178	0.205	0.2	0.193	0.193	2.837	1.079	0.159	0.161	0.164
0.176	0.205	0.198	0.195	0.193	2.354	1.062	0.156	0.166	0.166
0.176	0.2	0.2	0.195	0.19	2.305	1.062	0.159	0.166	0.164
0.176	0.2	0.203	0.195	0.188	2.878	1.082	0.161	0.161	0.164
0.178	0.2	0.203	0.195	0.188	3.079	1.106	0.164	0.159	0.159
0.178	0.203	0.2	0.195	0.188	3.049	1.106	0.161	0.159	0.161
0.178	0.205	0.198	0.193	0.186	3.042	1.079	0.159	0.164	0.166
0.178	0.205	0.2	0.188	0.183	3.01	1.055	0.159	0.164	0.168
0.178	0.203	0.2	0.19	0.181	2.913	1.025	0.159	0.164	0.164
0.178	0.2	0.203	0.195	0.183	2.788	0.964	0.161	0.161	0.161
0.181	0.2	0.205	0.195	0.186	2.561	0.884	0.164	0.161	0.161
0.178	0.198	0.203	0.195	0.188	2.217	0.723	0.159	0.161	0.161
0.178	0.198	0.198	0.19	0.186	1.731	0.515	0.159	0.164	0.166
0.176	0.195	0.2	0.19	0.183	1.187	0.349	0.156	0.164	0.164
0.173	0.19	0.203	0.193	0.181	1.055	0.225	0.156	0.164	0.164
0.176	0.193	0.203	0.195	0.181	0.793	0.183	0.161	0.161	0.161
0.178	0.193	0.205	0.195	0.178	0.498	0.166	0.164	0.161	0.161
0.178	0.195	0.203	0.193	0.181	0.339	0.159	0.161	0.161	0.161
0.176	0.195	0.203	0.19	0.181	0.208	0.156	0.159	0.164	0.166
0.173	0.195	0.198	0.193	0.176	0.168	0.156	0.156	0.166	0.166
0.171	0.193	0.198	0.195	0.176	0.159	0.156	0.159	0.164	0.166
0.173	0.195	0.2	0.198	0.176	0.161	0.159	0.164	0.161	0.164
0.176	0.195	0.2	0.195	0.178	0.159	0.159	0.164	0.161	0.164
0.173	0.198	0.2	0.195	0.178	0.159	0.159	0.161	0.161	0.164
0.173	0.2	0.198	0.193	0.19	0.156	0.156	0.159	0.164	0.166
0.171	0.2	0.198	0.193	0.193	0.154	0.154	0.159	0.164	0.168
0.171	0.198	0.208	0.193	0.193	0.156	0.156	0.159	0.164	0.164
0.176	0.195	0.242	0.195	0.195	0.159	0.159	0.164	0.161	0.164
0.181	0.193	0.325	0.195	0.198	0.161	0.161	0.164	0.159	0.164
0.178	0.195	0.562	0.193	0.195	0.159	0.156	0.161	0.159	0.164
0.176	0.198	0.967	0.193	0.195	0.154	0.154	0.159	0.161	0.164
0.173	0.198	1.099	0.186	0.193	0.154	0.154	0.159	0.164	0.166
0.173	0.193	1.125	0.188	0.19	0.156	0.154	0.159	0.164	0.164
0.176	0.193	1.177	0.19	0.19	0.159	0.156	0.161	0.161	0.164
0.173	0.193	1.206	0.188	0.195	0.159	0.159	0.164	0.161	0.164
0.181	0.195	1.213	0.186	0.198	0.156	0.156	0.161	0.161	0.164
0.178	0.195	1.206	0.186	0.195	0.156	0.154	0.159	0.161	0.166
0.176	0.195	1.184	0.183	0.193	0.156	0.151	0.159	0.164	0.166
0.173	0.195	1.147	0.186	0.19	0.159	0.154	0.161	0.164	0.164
0.178	0.193	1.118	0.188	0.19	0.159	0.156	0.164	0.164	0.164
0.181	0.193	1.084	0.186	0.193	0.159	0.159	0.164	0.159	0.164
0.183	0.195	1.011	0.181	0.2	0.159	0.156	0.164	0.161	0.164
0.181	0.198	0.986	0.186	0.198	0.156	0.154	0.159	0.164	0.183
0.181	0.198	0.83	0.19	0.195	0.156	0.151	0.161	0.166	0.205
0.178	0.208	0.632	0.195	0.195	0.159	0.156	0.159	0.164	0.466
0.178	0.437	0.496	0.208	0.195	0.161	0.156	0.164	0.161	1.282
0.178	1.763	0.33	0.286	0.2	0.161	0.156	0.164	0.159	1.626
0.183	1.584	0.232	0.94	0.2	0.159	0.154	0.161	0.159	1.731
0.178	1.184	0.205	1.206	0.203	0.156	0.154	0.159	0.161	1.733
0.176	1.14	0.203	0.95	0.198	0.156	0.154	0.161	0.164	1.68
0.176	1.353	0.203	0.986	0.195	0.161	0.154	0.161	0.164	1.646
0.178	1.479	0.205	1.14	0.198	0.161	0.159	0.164	0.161	1.633
0.178	1.567	0.203	1.174	0.203	0.161	0.159	0.164	0.159	1.641
0.181	1.555	0.2	1.16	0.203	0.159	0.156	0.161	0.161	1.628
0.181	1.411	0.198	1.15	0.203	0.156	0.154	0.159	0.164	1.558
0.176	1.282	0.198	1.133	0.198	0.156	0.154	0.159	0.164	1.375
0.176	1.172	0.2	1.084	0.234	0.159	0.154	0.159	0.164	1.157
0.178	1.128	0.2	1.028	0.261	0.159	0.156	0.164	0.161	0.991
0.178	1.011	0.203	0.945	0.454	0.159	0.159	0.164	0.159	0.842
0.178	0.796	0.2	0.903	0.886	0.159	0.156	0.161	0.161	0.688
0.176	0.632	0.2	0.842	1.072	0.156	0.156	0.161	0.161	0.483
0.173	0.491	0.198	0.725	1.125	0.156	0.151	0.161	0.164	0.354
0.173	0.383	0.2	0.564	1.155	0.159	0.156	0.161	0.164	0.22
0.173	0.249	0.2	0.391	1.179	0.161	0.159	0.164	0.161	0.178
0.176	0.212	0.203	0.342	1.177	0.161	0.156	0.164	0.161	0.166
0.176	0.205	0.2	0.271	1.162	0.159	0.159	0.164	0.159	0.164
0.176	0.205	0.2	0.205	1.145	0.159	0.19	0.159	0.161	0.166
0.176	0.203	0.2	0.188	1.125	0.154	0.198	0.159	0.164	0.166
0.173	0.2	0.205	0.186	1.116	0.159	0.317	0.161	0.164	0.166
0.176	0.198	0.205	0.183	1.069	0.161	0.527	0.164	0.161	0.164
0.352	0.195	0.205	0.186	1.006	0.161	0.591	0.164	0.159	0.161
1.008	0.195	0.203	0.183	0.964	0.159	0.608	0.161	0.161	0.164
1.541	0.2	0.203	0.183	0.811	0.154	0.623	0.159	0.164	0.166
1.646	0.2	0.203	0.183	0.608	0.154	0.662	0.156	0.166	0.166
1.626	0.195	0.205	0.186	0.442	0.156	0.754	0.159	0.164	0.166
1.57	0.19	0.205	0.186	0.293	0.161	0.803	0.161	0.161	0.164
1.506	0.193	0.203	0.183	0.227	0.161	0.808	0.161	0.161	0.161
1.45	0.195	0.2	0.181	0.212	0.159	0.806	0.161	0.161	0.166
1.382	0.198	0.193	0.178	0.203	0.156	0.837	0.159	0.164	0.164
1.304	0.195	0.188	0.181	0.195	0.156	0.845	0.159	0.164	0.166
1.145	0.195	0.193	0.186	0.195	0.159	0.845	0.159	0.164	0.166
1.025	0.19	0.193	0.186	0.195	0.161	0.847	0.164	0.161	0.161
0.835	0.193	0.195	0.186	0.2	0.161	0.828	0.164	0.159	0.161
0.745	0.193	0.193	0.183	0.2	0.159	0.813	0.159	0.161	0.164
0.623	0.195	0.193	0.181	0.2	0.156	0.813	0.159	0.161	0.166
0.564	0.195	0.203	0.183	0.198	0.156	0.811	0.159	0.166	0.166
0.43	0.195	0.225	0.186	0.195	0.159	0.74	0.161	0.164	0.164
0.266	0.195	0.378	0.186	0.198	0.173	0.652	0.164	0.161	0.161
0.205	0.195	0.75	0.186	0.2	0.217	0.569	0.164	0.161	0.161
0.186	0.195	0.833	0.181	0.2	0.371	0.442	0.159	0.161	0.164
0.178	0.198	0.784	0.183	0.198	0.706	0.347	0.159	0.164	0.164
0.173	0.193	0.784	0.188	0.195	0.847	0.271	0.159	0.164	0.164
0.171	0.188	0.847	0.188	0.195	0.896	0.249	0.161	0.164	0.164
0.176	0.188	0.911	0.188	0.195	0.898	0.22	0.164	0.159	0.161
0.176	0.19	0.933	0.188	0.198	0.903	0.176	0.164	0.159	0.161
0.178	0.193	0.969	0.186	0.2	0.918	0.161	0.161	0.161	0.166
0.173	0.195	1.003	0.183	0.2	0.925	0.154	0.159	0.164	0.168
0.173	0.195	1.011	0.181	0.195	0.937	0.154	0.159	0.164	0.168
0.171	0.193	1.033	0.186	0.193	0.95	0.154	0.159	0.164	0.173
0.171	0.193	1.035	0.188	0.195	0.933	0.156	0.161	0.403	0.208
0.173	0.19	1.023	0.186	0.2	0.933	0.156	0.164	2.256	0.273
0.176	0.19	0.955	0.176	0.203	0.928	0.156	0.159	2.979	0.366
0.176	0.193	0.872	0.186	0.2	0.928	0.154	0.156	3.12	0.447
0.171	0.193	0.74	0.186	0.198	0.928	0.154	0.159	3.113	0.498
0.173	0.19	0.684	0.186	0.195	0.928	0.156	0.183	2.922	0.498
0.176	0.186	0.691	0.186	0.198	0.911	0.159	0.251	2.729	0.508
0.178	0.188	0.657	0.183	0.2	0.833	0.159	0.886	2.654	0.549
0.176	0.188	0.532	0.181	0.203	0.72	0.156	1.777	2.6	0.664
0.176	0.193	0.42	0.176	0.2	0.591	0.154	1.475	2.461	0.72
0.173	0.19	0.33	0.181	0.2	0.496	0.154	1.333	2.275	0.742
0.173	0.188	0.312	0.183	0.2	0.422	0.156	1.536	2.119	0.762
0.178	0.186	0.242	0.186	0.203	0.339	0.156	1.604	1.733	0.769
0.178	0.186	0.21	0.181	0.205	0.244	0.156	1.604	1.279	0.767
0.178	0.188	0.195	0.176	0.208	0.225	0.156	1.619	1.104	0.771
0.176	0.19	0.19	0.176	0.205	0.21	0.154	1.616	1.04	0.781
0.173	0.19	0.188	0.176	0.203	0.178	0.151	1.587	0.864	0.779
0.171	0.188	0.193	0.181	0.2	0.164	0.154	1.455	0.627	0.769
0.178	0.19	0.195	0.183	0.2	0.164	0.156	1.289	0.51	0.754
0.178	0.19	0.195	0.181	0.203	0.161	0.156	1.13	0.393	0.708
0.181	0.195	0.19	0.178	0.205	0.159	0.154	1.003	0.251	0.686
0.178	0.195	0.19	0.173	0.203	0.156	0.151	0.859	0.188	0.596
0.173	0.193	0.19	0.176	0.2	0.159	0.154	0.701	0.168	0.457
0.176	0.193	0.195	0.173	0.2	0.159	0.154	0.498	0.161	0.369
0.193	0.19	0.195	0.161	0.203	0.159	0.159	0.364	0.161	0.347
0.244	0.193	0.195	0.151	0.203	0.161	0.159	0.234	0.159	0.327
0.559	0.198	0.19	0.151	0.205	0.159	0.156	0.19	0.161	0.259
0.842	0.2	0.19	0.146	0.203	0.156	0.151	0.166	0.164	0.229
0.862	0.208	0.193	0.154	0.2	0.156	0.154	0.161	0.164	0.215
0.828	0.208	0.198	0.166	0.2	0.161	0.156	0.161	0.164	0.203
0.83	0.308	0.198	0.168	0.2	0.161	0.159	0.164	0.161	0.181
0.85	0.547	0.195	0.168	0.203	0.161	0.159	0.164	0.159	0.166
0.867	0.833	0.193	0.164	0.203	0.159	0.159	0.161	0.161	0.164
0.859	0.813	0.19	0.166	0.2	0.156	0.154	0.159	0.164	0.168
0.857	0.803	0.193	0.161	0.198	0.159	0.154	0.159	0.164	0.168
0.876	0.82	0.195	0.164	0.198	0.159	0.156	0.161	0.164	0.166
0.889	0.847	0.198	0.164	0.198	0.161	0.156	0.164	0.161	0.164
0.894	0.896	0.198	0.161	0.203	0.161	0.156	0.164	0.159	0.164
0.896	0.969	0.195	0.159	0.203	0.159	0.156	0.161	0.161	0.166
0.881	1.023	0.193	0.159	0.205	0.156	0.154	0.159	0.164	0.168
0.83	1.042	0.195	0.159	0.205	0.156	0.154	0.159	0.168	0.168
0.688	1.055	0.198	0.161	0.242	0.159	0.156	0.161	0.164	0.166
0.645	1.05	0.2	0.164	0.325	0.161	0.159	0.164	0.161	0.164
0.676	1.05	0.2	0.164	0.483	0.161	0.159	0.164	0.159	0.164
0.684	1.035	0.195	0.161	0.647	0.159	0.156	0.161	0.164	0.166
0.645	0.967	0.195	0.161	0.688	0.156	0.154	0.159	0.164	0.168
0.552	0.845	0.198	0.166	0.703	0.156	0.151	0.159	0.166	0.166
0.471	0.75	0.198	0.166	0.715	0.159	0.154	0.161	0.164	0.166
0.364	0.688	0.198	0.166	0.781	0.161	0.159	0.161	0.161	0.164
0.293	0.625	0.198	0.164	0.894	0.161	0.159	0.164	0.159	0.164
0.286	0.542	0.195	0.164	0.935	0.159	0.156	0.161	0.161	0.164
0.22	0.498	0.195	0.164	0.918	0.156	0.154	0.159	0.164	0.166
0.188	0.383	0.195	0.166	0.925	0.156	0.154	0.159	0.166	0.164
0.178	0.332	0.198	0.166	0.928	0.159	0.166	0.161	0.164	0.164
0.178	0.271	0.2	0.164	0.93	0.161	0.222	0.164	0.161	0.161
0.178	0.217	0.198	0.166	0.911	0.161	0.317	0.164	0.159	0.161
0.178	0.205	0.198	0.164	0.837	0.159	0.413	0.161	0.161	0.164
0.178	0.203	0.198	0.164	0.767	0.156	0.676	0.159	0.164	0.166
0.173	0.2	0.198	0.164	0.645	0.156	0.857	0.159	0.161	0.166
0.173	0.195	0.203	0.166	0.579	0.159	0.92	0.159	0.164	0.166
0.176	0.19	0.2	0.166	0.452	0.161	0.984	0.164	0.159	0.164
0.178	0.193	0.198	0.161	0.415	0.159	1.006	0.164	0.159	0.161
0.181	0.195	0.193	0.164	0.356	0.156	1.001	0.164	0.178	0.164
0.178	0.198	0.19	0.161	0.315	0.156	0.986	0.159	0.276	0.166
0.176	0.195	0.19	0.161	0.266	0.159	0.989	0.159	0.4	0.168
0.173	0.193	0.193	0.164	0.273	0.159	0.977	0.161	0.54	0.164
0.176	0.19	0.203	0.161	0.232	0.161	0.969	0.164	0.647	0.164
0.178	0.19	0.198	0.159	0.215	0.156	0.962	0.164	0.664	0.164
0.178	0.193	0.271	0.164	0.203	0.156	0.957	0.159	0.676	0.164
0.178	0.193	0.422	0.171	0.2	0.156	0.947	0.156	0.676	0.166
0.176	0.195	0.703	0.168	0.195	0.156	0.903	0.159	0.723	0.166
0.176	0.193	0.825	0.239	0.195	0.159	0.811	0.161	0.784	0.166
0.178	0.193	0.85	0.383	0.198	0.161	0.72	0.161	0.898	0.164
0.181	0.195	0.889	0.515	0.2	0.159	0.662	0.164	0.957	0.154
0.181	0.195	0.957	0.537	0.203	0.159	0.615	0.161	1.006	0.166
0.173	0.195	1.025	0.576	0.198	0.156	0.513	0.159	1.062	0.166
0.173	0.195	1.021	0.613	0.195	0.156	0.383	0.159	1.082	0.166
0.171	0.195	1.018	0.635	0.195	0.161	0.317	0.161	1.062	0.173
0.173	0.193	1.016	0.72	0.198	0.159	0.32	0.164	1.04	0.166
0.176	0.195	1.013	0.779	0.2	0.159	0.295	0.164	0.964	0.164
0.181	0.193	1.006	0.801	0.2	0.156	0.247	0.161	0.857	0.173
0.183	0.195	0.996	0.828	0.198	0.151	0.249	0.161	0.713	0.2
0.195	0.195	0.984	0.859	0.195	0.149	0.259	0.161	0.615	0.303
0.203	0.195	0.962	0.874	0.193	0.151	0.251	0.161	0.547	0.466
0.205	0.193	0.859	0.876	0.198	0.151	0.212	0.166	0.515	0.593
0.208	0.193	0.715	0.894	0.198	0.156	0.168	0.164	0.488	0.618
0.208	0.198	0.581	0.889	0.203	0.151	0.159	0.161	0.391	0.781
0.205	0.203	0.491	0.864	0.2	0.149	0.154	0.166	0.303	0.918
0.205	0.195	0.439	0.801	0.198	0.151	0.154	0.188	0.247	1.008
0.208	0.193	0.32	0.708	0.195	0.154	0.156	0.249	0.234	1.077
0.208	0.19	0.237	0.62	0.2	0.171	0.156	0.537	0.208	1.089
0.21	0.195	0.21	0.542	0.2	0.198	0.159	0.732	0.173	1.111
0.21	0.198	0.198	0.518	0.203	0.193	0.156	0.789	0.164	1.118
0.208	0.198	0.193	0.493	0.2	0.203	0.154	0.815	0.164	1.155
0.205	0.195	0.193	0.422	0.198	0.31	0.154	0.837	0.164	1.204
0.205	0.195	0.195	0.32	0.198	0.53	0.154	0.854	0.161	1.243
0.208	0.193	0.195	0.269	0.198	0.789	0.156	0.874	0.159	1.272
0.208	0.193	0.198	0.251	0.2	0.82	0.159	0.876	0.156	1.279
0.208	0.195	0.193	0.19	0.2	0.823	0.156	0.874	0.161	1.301
0.205	0.198	0.193	0.176	0.2	0.818	0.154	0.876	0.164	1.292
0.327	0.195	0.193	0.161	0.198	0.803	0.151	0.876	0.164	1.289
0.354	0.193	0.195	0.159	0.195	0.779	0.156	0.876	0.161	1.211
0.432	0.193	0.193	0.156	0.198	0.75	0.159	0.884	0.159	1.104
0.503	0.193	0.195	0.156	0.2	0.74	0.159	0.867	0.159	0.991
0.601	0.193	0.19	0.154	0.2	0.737	0.154	0.857	0.164	0.92
0.71	0.195	0.188	0.156	0.198	0.737	0.154	0.857	0.164	0.811
0.754	0.193	0.188	0.159	0.198	0.732	0.154	0.833	0.164	0.686
0.879	0.19	0.193	0.161	0.198	0.73	0.156	0.742	0.164	0.591
0.913	0.193	0.193	0.164	0.198	0.728	0.159	0.613	0.159	0.471
0.903	0.193	0.19	0.161	0.2	0.706	0.159	0.549	0.159	0.366
0.962	0.195	0.188	0.156	0.2	0.605	0.156	0.513	0.161	0.254
1.013	0.198	0.186	0.154	0.2	0.525	0.154	0.442	0.164	0.2
1.06	0.195	0.19	0.154	0.198	0.474	0.156	0.413	0.164	0.193
1.079	0.193	0.19	0.161	0.198	0.403	0.156	0.305	0.161	0.171
1.094	0.193	0.195	0.161	0.198	0.286	0.161	0.234	0.159	0.164
1.096	0.193	0.193	0.156	0.203	0.212	0.159	0.259	0.159	0.164
1.099	0.195	0.19	0.154	0.2	0.181	0.156	0.203	0.159	0.166
1.089	0.198	0.186	0.151	0.198	0.164	0.161	0.166	0.164	0.168
1.035	0.198	0.186	0.154	0.195	0.159	0.168	0.164	0.164	0.166
0.92	0.195	0.188	0.156	0.195	0.159	0.161	0.188	0.161	0.166
0.801	0.195	0.19	0.149	0.2	0.159	0.151	0.168	0.159	0.164
0.583	0.195	0.186	0.168	0.203	0.159	0.276	0.164	0.161	0.164
0.515	0.198	0.188	0.176	0.203	0.156	0.237	0.161	0.161	0.166
0.476	0.2	0.183	0.186	0.2	0.154	0.203	0.159	0.164	0.166
0.437	0.195	0.186	0.195	0.198	0.156	0.212	0.159	0.164	0.166
0.359	0.195	0.19	0.198	0.198	0.156	0.217	0.159	0.161	0.161
0.256	0.195	0.19	0.195	0.2	0.159	0.261	0.161	0.159	0.161
0.222	0.198	0.19	0.198	0.203	0.156	0.293	0.161	0.159	0.161
0.212	0.198	0.186	0.195	0.2	0.156	0.295	0.159	0.161	0.164
0.212	0.195	0.186	0.195	0.2	0.151	0.288	0.159	0.164	0.166
0.217	0.195	0.19	0.2	0.195	0.154	0.254	0.159	0.164	0.166
0.208	0.193	0.193	0.2	0.198	0.156	0.251	0.161	0.161	0.166
0.208	0.19	0.195	0.203	0.2	0.159	0.354	0.161	0.164	0.164
0.208	0.195	0.193	0.2	0.203	0.159	0.398	0.164	0.161	0.164
0.22	0.198	0.193	0.198	0.203	0.154	0.41	0.159	0.173	0.166
0.222	0.2	0.19	0.2	0.203	0.154	0.393	0.156	0.205	0.166
0.21	0.2	0.22	0.2	0.203	0.154	0.339	0.159	0.315	0.164
0.205	0.198	0.288	0.2	0.208	0.156	0.288	0.159	0.464	0.164
0.205	0.188	0.344	0.205	0.225	0.159	0.247	0.164	0.618	0.164
0.21	0.19	0.383	0.2	0.215	0.156	0.188	0.161	0.645	0.164
0.208	0.195	0.391	0.198	0.293	0.154	0.183	0.159	0.657	0.164
0.205	0.2	0.391	0.2	1.038	0.151	0.164	0.159	0.737	0.166
0.203	0.2	0.403	0.2	1.301	0.151	0.166	0.159	0.745	0.166
0.205	0.198	0.405	0.203	1.101	0.156	0.166	0.161	0.723	0.164
0.205	0.195	0.413	0.2	1.194	0.156	0.164	0.164	0.774	0.164
0.208	0.195	0.413	0.2	1.304	0.156	0.164	0.161	0.845	0.161
0.208	0.193	0.408	0.198	1.348	0.154	0.161	0.161	0.916	0.164
0.208	0.198	0.408	0.2	1.497	0.151	0.159	0.156	0.937	0.164
0.205	0.195	0.408	0.2	1.604	0.154	0.159	0.159	0.937	0.166
0.205	0.193	0.408	0.203	1.631	0.156	0.161	0.161	0.962	0.168
0.208	0.188	0.405	0.203	1.665	0.156	0.164	0.161	0.977	0.193
0.21	0.193	0.403	0.2	1.697	0.156	0.164	0.164	0.989	0.366
0.208	0.193	0.398	0.198	1.675	0.154	0.161	0.159	0.984	0.974
0.208	0.195	0.381	0.2	1.638	0.151	0.161	0.156	0.984	1.072
0.205	0.195	0.361	0.2	1.562	0.154	0.161	0.159	0.981	1.082
0.205	0.19	0.349	0.203	1.431	0.156	0.164	0.159	0.977	1.111
0.208	0.19	0.334	0.2	1.309	0.156	0.166	0.159	0.972	1.125
0.208	0.19	0.293	0.2	1.199	0.154	0.164	0.161	0.92	1.128
0.208	0.19	0.237	0.198	1.035	0.154	0.161	0.161	0.818	1.14
0.205	0.193	0.21	0.198	0.916	0.154	0.159	0.159	0.74	1.152
0.203	0.2	0.2	0.2	0.793	0.156	0.164	0.161	0.64	1.167
0.203	0.21	0.2	0.2	0.591	0.156	0.164	0.161	0.544	1.155
0.208	0.198	0.198	0.203	0.415	0.193	0.164	0.166	0.452	1.15
0.208	0.283	0.195	0.2	0.347	0.305	0.164	0.166	0.376	1.118
0.208	0.625	0.193	0.195	0.337	0.564	0.161	0.161	0.33	1.003
0.205	0.937	0.193	0.198	0.31	0.459	0.161	0.159	0.254	0.793
0.205	1.011	0.195	0.2	0.303	0.403	0.161	0.161	0.193	0.476
0.205	1.064	0.198	0.2	0.271	0.4	0.164	0.164	0.166	0.347
0.208	1.257	0.195	0.2	0.244	0.403	0.164	0.166	0.159	0.334
0.21	1.411	0.193	0.198	0.227	0.408	0.166	0.164	0.159	0.334
0.261	1.416	0.193	0.195	0.217	0.405	0.161	0.161	0.166	0.308
0.352	1.411	0.19	0.198	0.21	0.403	0.164	0.159	0.164	0.278
0.342	1.416	0.193	0.2	0.21	0.408	0.159	0.161	0.164	0.208
0.417	1.409	0.195	0.2	0.212	0.417	0.164	0.161	0.159	0.171
0.5	1.431	0.195	0.2	0.215	0.42	0.164	0.171	0.159	0.164
0.615	1.443	0.193	0.2	0.217	0.41	0.164	0.208	0.156	0.173
0.664	1.428	0.19	0.198	0.215	0.425	0	0.198	0.159	0.186
0.684	1.404	0.19	0.198	0.215	0.481	0	0.173	0.164	0.171
0.696	1.345	0.19	0.198	0.212	0.522	0	0.198	0.164	0.166
0.693	1.194	0.193	0.2	0.212	0.525	0	0.286	0.161	0.164
0.693	1.008	0.195	0.2	0.212	0.476	0	0.425	0.159	0.159
0.693	0.823	0.195	0.195	0.212	0.425	0	0.762	0.159	0.161
0.693	0.608	0.19	0.195	0.212	0.334	0	0.867	0.161	0.164
0.693	0.471	0.19	0.195	0.21	0.203	0	0.952	0.164	0.164
0.688	0.393	0.193	0.195	0.21	0.166	0	1.155	0.164	0.164
0.693	0.273	0.195	0.198	0.21	0.156	0	1.245	0.161	0.161
0.693	0.217	0.195	0.198	0.21	0.154	0	1.292	0.159	0.161
0.715	0.2	0.195	0.195	0.212	0.151	0	1.326	0.161	0.161
0.601	0.193	0.193	0.193	0.215	0.146	0	1.321	0.161	0.164
0.515	0.195	0.193	0.195	0.215	0.146	0	1.333	0.164	0.166
0.474	0.193	0.195	0.193	0.212	0.142	0	1.321	0.164	0
0.422	0.193	0.198	0.195	0.212	0.139	0	1.248	0.161	0
0.4	0.19	0.195	0.198	0.217	0.129	0	1.16	0.159	0
0.396	0.19	0.195	0.195	0.217	0.12	0	1.023	0.159	0
0.378	0.193	0.195	0.193	0.217	0.115	0	0.945	0.161	0
0.31	0.193	0.198	0.195	0.215	0.115	0	0.813	0.161	0
0.247	0.19	0.198	0.198	0.212	0.117	0	0.72	0.161	0
0.215	0.19	0.2	0.234	0.212	0.117	0	0.627	0.161	0
0.212	0.19	0.203	0.308	0.215	0.12	0	0.532	0.156	0
0.212	0.193	0.22	0.415	0.215	0.122	0	0.486	0.159	0
0.217	0.198	0.239	0.518	0.212	0.12	0	0.427	0.161	0
0.208	0.2	0.51	0.752	0.215	0.117	0	0.322	0.164	0
0.208	0.198	0	0.867	0.21	0.117	0	0.212	0.164	0
0.208	0.198	0	0.847	0.215	0.12	0	0.173	0.164	0
0.208	0.195	0	0.847	0.217	0.122	0	0.164	0.168	0
0.21	0.198	0	0.93	0.225	0.12	0	0.159	0.381	0
0.21	0.2	0	1.079	0.244	0.115	0	0.156	0.681	0
0.208	0.198	0	1.15	0.256	0.112	0	0.156	0.63	0
0.205	0.193	0	1.167	0.435	0.112	0	0.156	0.583	0
0.205	0.188	0	1.157	0.43	0.115	0	0.159	0.574	0
0.208	0.19	0	1.125	0.388	0.117	0	0.161	0.571	0
0.21	0.193	0	1.104	0.383	0.117	0	0.161	0.579	0
0.21	0.195	0	1.086	0.391	0.115	0	0.159	0.579	0
0.205	0.198	0	1.06	0.393	0.117	0	0.159	0.566	0
0.203	0.193	0	0.994	0.4	0.117	0	0.161	0.552	0
0.205	0.193	0	0.869	0.398	0.117	0	0.164	0.547	0
0.21	0.193	0	0.789	0.408	0.12	0	0.164	0.554	0
0.21	0.193	0	0.588	0.391	0.107	0	0.161	0.576	0
0.21	0.195	0	0.491	0.393	0.103	0	0.161	0.488	0
0.208	0.198	0	0.425	0.378	0.11	0	0.159	0.388	0
0.205	0.198	0	0.327	0.356	0.112	0	0.159	0.312	0
0.205	0.195	0	0.237	0.312	0.112	0	0.161	0.273	0
0.21	0.195	0	0.208	0.276	0.105	0	0.164	0.254	0
0.21	0.195	0	0.2	0.266	0.098	0	0.161	0.234	0
0.21	0.2	0	0.195	0.261	0.1	0	0.159	0.222	0
0.208	0.203	0	0.195	0.249	0.103	0	0.156	0.22	0
0.205	0.2	0	0.198	0.247	0.127	0	0.161	0.212	0
0.208	0.2	0	0.198	0.222	0	0	0.161	0.171	0
0.234	0.208	0	0.198	0.205	0	0	0.161	0.161	0
0	0.215	0	0.195	0.203	0	0	0.161	0.156	0
0	0.244	0	0.193	0.2	0	0	0.159	0.161	0
0	0.249	0	0.193	0.195	0	0	0.156	0.164	0
0	0.225	0	0.195	0.198	0	0	0.159	0.164	0
0	0.217	0	0.198	0.195	0	0	0.161	0.159	0
0	0.212	0	0.198	0.198	0	0	0.161	0.159	0
0	0.208	0	0.195	0.205	0	0	0.161	0.159	0
0	0.205	0	0.193	0.203	0	0	0.161	0.161	0
0	0.203	0	0.193	0.2	0	0	0.159	0.164	0
0	0.203	0	0.195	0.229	0	0	0.161	0.164	0
0	0.2	0	0.198	0.198	0	0	0.164	0.164	0
0	0.225	0	0.195	0.198	0	0	0.164	0.159	0
0	0.227	0	0.195	0.2	0	0	0.164	0.159	0
0	0.249	0	0.195	0.2	0	0	0.159	0.161	0
0	0.254	0	0.195	0.198	0	0	0.164	0.164	0
0	0.225	0	0.195	0.198	0	0	0.181	0.164	0
0	0.217	0	0.198	0.2	0	0	0.205	0.161	0
0	0.21	0	0.195	0.198	0	0	0.215	0.159	0
0	0.203	0	0.193	0.2	0	0	0.293	0.161	0
0	0.2	0	0.195	0.198	0	0	0.293	0.164	0
0	0.198	0	0.193	0.195	0	0	0.283	0.164	0
0	0.198	0	0.198	0.193	0	0	0.283	0.166	0
0	0.193	0	0.198	0.195	0	0	0.293	0.161	0
0	0.195	0	0.198	0.195	0	0	0.315	0.159	0
0	0.195	0	0.193	0.195	0	0	0.317	0.161	0
0	0.195	0	0.195	0.198	0	0	0.315	0.164	0
0	0.198	0	0.195	0.193	0	0	0.317	0.164	0
0	0.198	0	0.198	0.19	0	0	0.315	0.166	0
0	0.195	0	0.198	0.19	0	0	0.298	0.161	0
0	0.195	0	0.198	0.195	0	0	0.295	0.186	0
0	0.195	0	0.195	0.195	0	0	0.273	0.205	0
0	0.2	0	0.195	0.193	0	0	0.286	0	0
0	0.198	0	0.195	0.19	0	0	0.334	0	0
0	0.195	0	0.198	0.19	0	0	0.344	0	0
0	0.193	0	0.2	0.193	0	0	0.334	0	0
0	0.195	0	0.2	0.198	0	0	0.3	0	0
0	0.198	0	0.195	0.198	0	0	0.259	0	0
0	0.203	0	0.195	0.198	0	0	0.183	0	0
0	0.205	0	0.21	0.198	0	0	0.164	0	0
0	0.203	0	0.227	0.193	0	0	0.161	0	0
0	0.195	0	0.239	0.19	0	0	0.164	0	0
0	0.195	0	0.481	0.19	0	0	0.164	0	0
0	0.195	0	0.452	0.198	0	0	0.164	0	0
0	0.195	0	0.386	0.2	0	0	0.159	0	0
0	0.198	0	0.364	0.198	0	0	0.159	0	0
0	0.2	0	0.359	0.198	0	0	0.159	0	0
0	0.198	0	0.356	0.203	0	0	0.164	0	0
0	0.195	0	0.354	0.203	0	0	0.164	0	0
0	0.2	0	0.349	0.203	0	0	0.159	0	0
0	0.2	0	0.32	0.203	0	0	0.156	0	0
0	0.2	0	0.322	0.2	0	0	0.156	0	0
0	0.198	0	0.32	0.195	0	0	0.159	0	0
0	0.193	0	0.315	0.195	0	0	0.164	0	0
0	0.193	0	0.342	0.2	0	0	0.164	0	0
0	0	0	0.374	0.203	0	0	0.161	0	0
0	0	0	0.334	0.203	0	0	0.159	0	0
0	0	0	0.312	0.198	0	0	0.156	0	0
0	0	0	0.308	0.193	0	0	0.159	0	0
0	0	0	0.283	0.198	0	0	0.164	0	0
0	0	0	0.273	0.2	0	0	0.161	0	0
0	0	0	0.249	0.2	0	0	0.159	0	0
0	0	0	0.208	0.2	0	0	0.159	0	0
0	0	0	0.198	0.2	0	0	0.156	0	0
0	0	0	0.198	0.195	0	0	0.159	0	0
0	0	0	0.2	0.198	0	0	0.161	0	0
0	0	0	0.195	0.2	0	0	0.161	0	0
0	0	0	0.195	0.2	0	0	0.161	0	0
0	0	0	0.19	0.2	0	0	0.159	0	0
0	0	0	0.195	0.2	0	0	0.156	0	0
0	0	0	0.198	0.198	0	0	0.159	0	0
0	0	0	0.198	0.198	0	0	0.161	0	0
0	0	0	0.195	0.198	0	0	0.161	0	0
0	0	0	0.193	0.2	0	0	0.161	0	0
0	0	0	0.19	0.2	0	0	0.159	0	0
0	0	0	0.193	0.198	0	0	0.156	0	0
0	0	0	0.195	0.212	0	0	0.161	0	0
0	0	0	0.198	0.295	0	0	0.161	0	0
0	0	0	0.195	0.698	0	0	0	0	0
0	0	0	0.193	0	0	0	0	0	0
0	0	0	0.193	0	0	0	0	0	0
0	0	0	0.195	0	0	0	0	0	0
0	0	0	0.195	0	0	0	0	0	0
0	0	0	0.195	0	0	0	0	0	0
0	0	0	0.193	0	0	0	0	0	0
0	0	0	0.19	0	0	0	0	0	0
0	0	0	0.232	0	0	0	0	0	0
0	0	0	0.259	0	0	0	0	0	0
