0.303	0.308	0.281	0.278	0.278	0.291	0.317	0.806	0.281	0.662
0.308	0.317	0.278	0.278	0.305	0.286	0.435	0.847	0.308	0.811
0.31	0.332	0.281	0.281	0.322	0.283	0.62	0.872	0.417	1.035
0.308	0.361	0.286	0.376	0.325	0.308	0.662	0.864	0.754	1.099
0.347	0.405	0.288	0.583	0.337	0.43	0.671	0.847	1.294	1.082
0.425	0.444	0.315	0.767	0.344	0.659	0.681	0.872	1.411	1.084
0.554	0.476	0.405	0.776	0.366	0.715	0.657	0.918	1.228	1.074
0.645	0.469	0.496	0.757	0.376	0.752	0.64	0.959	1.052	1.064
0.742	0.471	0.591	0.82	0.376	0.769	0.652	0.952	0.991	1.06
0.786	0.454	0.74	0.891	0.374	0.789	0.649	0.95	0.957	1.047
0.85	0.488	0.771	0.959	0.386	0.859	0.659	0.957	0.93	1.04
0.889	0.51	0.784	0.999	0.388	0.85	0.667	0.962	0.923	1.035
0.906	0.552	0.789	1.035	0.408	0.833	0.676	0.94	0.913	1.03
0.911	0.576	0.803	1.089	0.43	0.872	0.693	0.903	0.911	1.013
0.898	0.579	0.825	1.084	0.432	0.894	0.706	0.833	0.911	0.962
0.891	0.586	0.859	1.062	0.43	0.937	0.723	0.759	0.913	0.874
0.889	0.581	0.869	1.072	0.43	0.918	0.737	0.708	0.913	0.798
0.894	0.588	0.835	1.099	0.427	0.891	0.728	0.662	0.906	0.759
0.925	0.588	0.823	1.113	0.425	0.913	0.71	0.652	0.908	0.625
0.947	0.593	0.833	1.118	0.422	0.937	0.703	0.598	0.857	0.569
0.955	0.579	0.859	1.121	0.432	0.933	0.698	0.557	0.818	0.552
0.955	0.547	0.862	1.121	0.457	0.925	0.696	0.535	0.759	0.52
0.955	0.505	0.852	1.121	0.459	0.933	0.686	0.43	0.671	0.496
0.959	0.491	0.847	1.113	0.449	0.942	0.679	0.408	0.627	0.461
0.964	0.452	0.837	1.118	0.413	0.952	0.659	0.408	0.586	0.396
0.957	0.388	0.845	1.113	0.398	0.952	0.64	0.359	0.593	0.388
0.957	0.381	0.837	1.121	0.381	0.957	0.61	0.32	0.557	0.383
0.947	0.347	0.84	1.128	0.356	0.928	0.562	0.286	0.576	0.325
0.937	0.315	0.84	1.13	0.325	0.884	0.557	0.3	0.544	0.3
0.94	0.305	0.828	1.133	0.3	0.803	0.574	0.291	0.449	0.288
0.896	0.3	0.823	1.091	0.283	0.735	0.601	0.288	0.417	0.298
0.825	0.298	0.754	0.972	0.278	0.627	0.54	0.291	0.403	0.303
0.771	0.295	0.725	0.879	0.281	0.593	0.444	0.291	0.347	0.303
0.669	0.293	0.671	0.798	0.276	0.571	0.42	0.291	0.303	0.305
0.598	0.298	0.598	0.73	0.276	0.503	0.364	0.293	0.288	0.308
0.559	0.298	0.588	0.674	0.276	0.459	0.312	0.295	0.295	0.31
0.513	0.298	0.569	0.598	0.281	0.391	0.291	0.298	0.31	0.31
0.449	0.298	0.527	0.542	0.278	0.317	0.283	0.3	0.308	0.31
0.383	0.295	0.444	0.459	0.278	0.295	0.293	0.288	0.31	0.308
0.317	0.295	0.364	0.413	0.278	0.308	0.3	0.283	0.31	0.305
0.308	0.298	0.31	0.391	0.273	0.31	0.303	0.281	0.312	0.298
0.298	0.3	0.288	0.325	0.273	0.312	0.3	0.281	0.312	0.288
0.298	0.3	0.291	0.293	0.273	0.312	0.3	0.281	0.298	0.283
0.298	0.298	0.283	0.303	0.276	0.312	0.3	0.281	0.283	0.281
0.295	0.295	0.286	0.288	0.278	0.31	0.295	0.278	0.278	0.278
0.293	0.295	0.288	0.278	0.276	0.31	0.288	0.276	0.278	0.278
0.295	0.31	0.288	0.281	0.276	0.31	0.283	0.278	0.281	0.298
0.298	0.332	0.286	0.281	0.273	0.303	0.278	0.281	0.281	0.369
0.3	0.359	0.281	0.283	0.273	0.291	0.281	0.3	0.281	0.461
0.344	0.366	0.283	0.298	0.276	0.286	0.278	0.312	0.278	0.51
0.356	0.366	0.293	0.344	0.278	0.283	0.283	0.356	0.273	0.54
0.361	0.366	0.305	0.366	0.276	0.281	0.283	0.391	0.278	0.574
0.359	0.371	0.31	0.383	0.276	0.278	0.283	0.42	0.281	0.608
0.364	0.376	0.31	0.383	0.273	0.281	0.281	0.422	0.281	0.615
0.364	0.386	0.308	0.391	0.273	0.32	0.281	0.396	0.278	0.63
0.361	0.396	0.308	0.415	0.278	0.359	0.281	0.461	0.278	0.647
0.359	0.42	0.3	0.432	0.281	0.369	0.283	0.557	0.276	0.676
0.356	0.435	0.291	0.454	0.276	0.354	0.283	0.571	0.278	0.659
0.364	0.444	0.291	0.469	0.276	0.305	0.283	0.571	0.283	0.676
0.369	0.439	0.288	0.481	0.273	0.347	0.281	0.579	0.281	0.684
0.371	0.427	0.288	0.481	0.273	0.386	0.281	0.576	0.281	0.681
0.344	0.41	0.334	0.474	0.278	0.359	0.278	0.566	0.286	0.693
0.371	0.398	0.393	0.466	0.281	0.364	0.283	0.583	0.334	0.681
0.437	0.388	0.408	0.466	0.281	0.386	0.283	0.598	0.359	0.681
0.471	0.374	0.432	0.466	0.276	0.393	0.281	0.615	0.53	0.674
0.469	0.361	0.447	0.471	0.273	0.393	0.281	0.63	0.632	0.686
0.464	0.388	0.454	0.474	0.278	0.403	0.278	0.654	0.627	0.688
0.461	0.449	0.457	0.476	0.278	0.393	0.278	0.669	0.598	0.688
0.459	0.459	0.457	0.469	0.281	0.396	0.281	0.671	0.579	0.688
0.464	0.449	0.466	0.464	0.278	0.4	0.283	0.669	0.576	0.693
0.476	0.437	0.466	0.464	0.273	0.4	0.283	0.681	0.571	0.688
0.483	0.437	0.469	0.471	0.273	0.41	0.281	0.676	0.569	0.671
0.491	0.437	0.479	0.471	0.271	0.42	0.278	0.676	0.564	0.664
0.51	0.43	0.493	0.464	0.276	0.422	0.278	0.681	0.564	0.652
0.52	0.417	0.525	0.447	0.278	0.425	0.281	0.698	0.566	0.649
0.522	0.415	0.549	0.444	0.278	0.42	0.281	0.728	0.569	0.657
0.522	0.42	0.562	0.435	0.278	0.417	0.293	0.737	0.574	0.647
0.515	0.415	0.557	0.425	0.276	0.422	0.303	0.747	0.574	0.625
0.51	0.422	0.549	0.427	0.276	0.427	0.31	0.74	0.574	0.598
0.513	0.42	0.54	0.425	0.278	0.425	0.295	0.735	0.574	0.559
0.5	0.425	0.542	0.425	0.281	0.422	0.288	0.725	0.574	0.515
0.488	0.43	0.549	0.435	0.278	0.422	0.295	0.708	0.571	0.488
0.481	0.444	0.549	0.437	0.276	0.422	0.298	0.715	0.579	0.469
0.476	0.454	0.552	0.442	0.276	0.427	0.295	0.706	0.576	0.425
0.476	0.457	0.544	0.444	0.276	0.435	0.293	0.684	0.574	0.405
0.471	0.459	0.537	0.447	0.278	0.432	0.295	0.671	0.576	0.393
0.469	0.459	0.54	0.447	0.278	0.427	0.312	0.647	0.576	0.374
0.447	0.452	0.542	0.444	0.276	0.422	0.312	0.627	0.581	0.391
0.427	0.459	0.544	0.452	0.276	0.417	0.317	0.581	0.605	0.381
0.4	0.469	0.54	0.454	0.273	0.42	0.305	0.525	0.601	0.356
0.41	0.469	0.54	0.457	0.273	0.415	0.359	0.483	0.576	0.342
0.391	0.471	0.535	0.449	0.276	0.405	0.459	0.471	0.552	0.327
0.398	0.469	0.535	0.439	0.278	0.378	0.481	0.466	0.52	0.322
0.376	0.464	0.52	0.41	0.276	0.369	0.479	0.476	0.493	0.317
0.396	0.469	0.5	0.378	0.273	0.349	0.471	0.466	0.496	0.315
0.41	0.469	0.483	0.378	0.281	0.347	0.466	0.459	0.483	0.308
0.415	0.464	0.471	0.366	0.276	0.327	0.461	0.437	0.469	0.291
0.352	0.452	0.461	0.337	0.278	0.293	0.457	0.43	0.454	0.295
0.305	0.442	0.457	0.322	0.276	0.3	0.461	0.42	0.447	0.31
0.315	0.425	0.432	0.332	0.276	0.295	0.466	0.42	0.461	0.303
0.305	0.408	0.408	0.315	0.273	0.283	0.469	0.43	0.444	0.286
0.295	0.393	0.391	0.317	0.271	0.281	0.469	0.417	0.417	0.286
0.295	0.366	0.388	0.315	0.288	0.283	0.464	0.417	0.4	0.283
0.295	0.359	0.393	0.315	0.298	0.281	0.452	0.408	0.381	0.281
0.293	0.364	0.391	0.32	0.295	0.283	0.452	0.405	0.371	0.278
0.291	0.344	0.364	0.32	0.293	0.278	0.452	0.396	0.339	0.276
0.291	0.344	0.349	0.317	0.291	0.278	0.415	0.366	0.31	0.281
0.293	0.361	0.327	0.327	0.288	0.278	0.381	0.364	0.322	0.283
0.298	0.364	0.303	0.295	0.291	0.283	0.317	0.391	0.339	0.283
0.295	0.322	0.337	0.286	0.291	0.283	0.293	0.42	0.325	0.305
0.295	0.295	0.344	0.281	0.295	0.281	0.291	0.435	0.291	0.325
0.293	0.291	0.305	0.278	0.305	0.276	0.286	0.422	0.283	0.347
0.291	0.291	0.291	0.281	0.3	0.278	0.283	0.327	0.283	0.359
0.295	0.291	0.286	0.283	0.33	0.281	0.283	0.293	0.283	0.354
0.298	0.291	0.283	0.283	0.364	0.283	0.278	0.286	0.283	0.352
0.298	0.288	0.283	0.281	0.41	0.281	0.278	0.281	0.281	0.347
0.295	0.286	0.283	0.278	0.364	0.281	0.281	0.278	0.276	0.347
0.293	0.286	0.286	0.278	0.435	0.278	0.283	0.273	0.278	0.344
0.295	0.291	0.288	0.281	0.469	0.276	0.283	0.278	0.283	0.349
0.295	0.293	0.283	0.283	0.471	0.281	0.281	0.281	0.283	0.349
0.3	0.293	0.278	0.283	0.476	0.283	0.278	0.281	0.281	0.349
0.3	0.288	0.278	0.283	0.532	0.283	0.278	0.281	0.278	0.344
0.298	0.288	0.281	0.278	0.583	0.278	0.281	0.278	0.278	0.339
0.295	0.288	0.286	0.276	0.61	0.276	0.286	0.276	0.281	0.342
0.293	0.291	0.286	0.278	0.613	0.281	0.283	0.276	0.281	0.344
0.298	0.298	0.283	0.283	0.613	0.281	0.281	0.281	0.281	0.347
0.298	0.308	0.281	0.283	0.62	0.283	0.278	0.281	0.281	0.347
0.295	0.317	0.281	0.281	0.627	0.281	0.278	0.281	0.278	0.342
0.303	0.356	0.283	0.278	0.625	0.281	0.281	0.278	0.278	0.337
0.303	0.352	0.286	0.281	0.623	0.278	0.283	0.308	0.281	0.322
0.312	0.347	0.288	0.293	0.637	0.276	0.283	0.391	0.283	0.317
0.334	0.344	0.283	0.315	0.642	0.281	0.281	0.522	0.283	0.315
0.366	0.347	0.291	0.317	0.64	0.281	0.278	0.623	0.281	0.312
0.381	0.344	0.303	0.32	0.652	0.286	0.278	0.725	0.291	0.295
0.388	0.344	0.312	0.317	0.659	0.281	0.281	0.752	0.383	0.286
0.378	0.352	0.305	0.315	0.659	0.286	0.283	0.752	0.735	0.283
0.4	0.352	0.303	0.317	0.642	0.31	0.283	0.747	0.815	0.283
0.415	0.352	0.3	0.322	0.63	0.33	0.278	0.754	0.73	0.283
0.425	0.352	0.312	0.322	0.62	0.347	0.278	0.718	0.671	0.283
0.425	0.349	0.312	0.322	0.608	0.347	0.281	0.698	0.657	0.291
0.417	0.347	0.334	0.322	0.603	0.337	0.281	0.696	0.647	0.283
0.413	0.349	0.349	0.32	0.598	0.332	0.283	0.703	0.642	0.281
0.415	0.347	0.359	0.325	0.591	0.33	0.283	0.701	0.645	0.281
0.417	0.332	0.352	0.327	0.588	0.33	0.281	0.696	0.647	0.283
0.42	0.327	0.344	0.325	0.586	0.334	0.278	0.679	0.627	0.283
0.422	0.325	0.352	0.317	0.583	0.337	0.281	0.664	0.598	0.281
0.42	0.322	0.361	0.32	0.574	0.334	0.281	0.645	0.559	0.278
0.408	0.32	0.352	0.317	0.564	0.334	0.283	0.603	0.535	0.293
0.408	0.32	0.347	0.32	0.549	0.332	0.283	0.593	0.54	0.312
0.405	0.312	0.339	0.312	0.532	0.33	0.281	0.574	0.557	0.317
0.405	0.308	0.334	0.303	0.508	0.327	0.278	0.535	0.532	0.293
0.403	0.3	0.334	0.3	0.483	0.327	0.278	0.488	0.515	0.283
0.381	0.298	0.339	0.295	0.486	0.325	0.281	0.405	0.508	0.278
0.352	0.3	0.342	0.291	0.476	0.317	0.283	0.359	0.459	0.278
0.339	0.298	0.339	0.281	0.454	0.317	0.283	0.334	0.391	0.281
0.315	0.295	0.334	0.283	0.439	0.32	0.283	0.315	0.359	0.283
0.312	0.3	0.327	0.283	0.381	0.322	0.281	0.33	0.349	0.281
0.317	0.293	0.317	0.281	0.361	0.322	0.278	0.332	0.352	0.278
0.308	0.293	0.308	0.278	0.364	0.322	0.283	0.32	0.334	0.278
0.298	0.298	0.303	0.278	0.31	0.317	0.286	0.305	0.332	0.278
0.293	0.303	0.322	0.278	0.283	0.315	0.278	0.298	0.327	0.281
0.295	0.308	0.317	0.283	0.283	0.308	0.281	0.303	0.312	0.281
0.3	0.3	0.293	0.283	0.278	0.305	0.278	0.288	0.303	0.283
0.295	0.295	0.286	0.281	0.278	0.303	0.278	0.283	0.283	0.278
0.293	0.293	0.293	0.276	0.278	0.298	0.283	0.278	0.281	0.278
0.286	0.293	0.293	0.278	0.278	0.281	0.283	0.276	0.278	0.278
0.286	0.295	0.286	0.281	0.278	0.269	0.283	0.281	0.283	0.281
0.288	0.298	0.286	0.283	0.273	0.273	0.281	0.281	0.283	0.281
0.293	0.295	0.283	0.283	0.276	0.291	0.278	0.283	0.281	0.281
0.295	0.295	0.281	0.281	0.276	0.276	0.278	0.281	0.278	0.281
0.293	0.293	0.283	0.273	0.281	0.271	0.283	0.278	0.276	0.278
0.288	0.293	0.286	0.278	0.278	0.269	0.283	0.276	0.281	0.276
0.288	0.293	0.288	0.278	0.273	0.269	0.283	0.278	0.281	0.278
0.293	0.295	0.283	0.281	0.273	0.273	0.281	0.281	0.283	0.283
0.293	0.298	0.281	0.283	0.276	0.273	0.278	0.283	0.281	0.283
0.295	0.293	0.281	0.281	0.278	0.273	0.281	0.281	0.278	0.281
0.293	0.293	0.283	0.278	0.278	0.273	0.281	0.276	0.278	0.278
0.291	0.291	0.283	0.278	0.276	0.266	0.281	0.273	0.278	0.278
0.291	0.295	0.283	0.278	0.273	0.266	0.283	0.278	0.281	0.278
0.293	0.298	0.281	0.281	0.273	0.269	0.278	0.281	0.283	0.283
0.293	0.295	0.281	0.281	0.273	0.259	0.276	0.281	0.281	0.283
0.293	0.293	0.278	0.281	0.278	0.256	0.315	0.281	0.281	0.278
0.291	0.291	0.281	0.278	0.278	0.254	0.356	0.278	0.278	0.276
0.288	0.291	0.283	0.276	0.278	0.271	0.376	0.276	0.278	0.276
0.288	0.293	0.283	0.278	0.276	0.276	0.376	0.276	0.283	0.278
0.291	0.295	0.281	0.281	0.273	0.278	0.374	0.281	0.283	0.281
0.295	0.295	0.278	0.281	0.276	0.281	0.371	0.283	0.281	0.283
0.293	0.293	0.281	0.278	0.278	0.283	0.369	0.281	0.281	0.281
0.293	0.293	0.281	0.276	0.281	0.278	0.374	0.278	0.281	0.278
0.291	0.291	0.283	0.276	0.276	0.276	0.371	0.278	0.278	0.278
0.286	0.293	0.283	0.278	0.273	0.276	0.371	0.278	0.283	0.281
0.288	0.293	0.281	0.281	0.273	0.278	0.366	0.281	0.286	0.283
0.293	0.298	0.278	0.281	0.276	0.281	0.364	0.281	0.283	0.283
0.293	0.295	0.278	0.278	0.276	0.281	0.364	0.278	0.281	0.281
0.291	0.293	0.281	0.278	0.276	0.278	0.366	0.276	0.278	0.278
0.291	0.295	0.281	0.276	0.278	0.276	0.366	0.276	0.278	0.276
0.293	0.295	0.276	0.278	0.273	0.278	0.366	0.276	0.283	0.278
0.293	0.298	0.278	0.281	0.283	0.278	0.366	0.278	0.283	0.281
0.298	0.298	0.278	0.281	0.293	0.281	0.364	0.281	0.283	0.283
0.298	0.293	0.278	0.278	0.305	0.281	0.366	0.278	0.278	0.281
0.295	0.288	0.278	0.276	0.308	0.281	0.369	0.278	0.278	0.278
0.291	0.293	0.281	0.276	0.308	0.276	0.371	0.276	0.281	0.276
0.291	0.295	0.281	0.278	0.305	0.276	0.366	0.276	0.283	0.281
0.293	0.298	0.281	0.281	0.308	0.278	0.347	0.281	0.286	0.281
0.295	0.298	0.278	0.283	0.308	0.281	0.342	0.283	0.283	0.283
0.295	0.293	0.278	0.281	0.312	0.281	0.32	0.278	0.278	0.281
0.293	0.293	0.281	0.276	0.312	0.278	0.315	0.276	0.278	0.278
0.293	0.293	0.283	0.278	0.31	0.276	0.303	0.276	0.281	0.278
0.293	0.295	0.286	0.278	0.308	0.278	0.295	0.276	0.283	0.281
0.293	0.298	0.281	0.281	0.303	0.281	0.286	0.281	0.283	0.342
0.295	0.298	0.278	0.283	0.303	0.281	0.281	0.281	0.281	0.444
0.295	0.293	0.278	0.281	0.305	0.281	0.281	0.281	0.281	0.464
0.293	0.293	0.281	0.278	0.31	0.278	0.283	0.276	0.281	0.439
0.293	0.293	0.283	0.278	0.3	0.278	0.283	0.273	0.281	0.393
0.293	0.295	0.283	0.278	0.293	0.276	0.283	0.276	0.281	0.378
0.293	0.295	0.281	0.281	0.31	0.278	0.281	0.281	0.283	0.374
0.295	0.298	0.278	0.283	0.315	0.281	0.278	0.281	0.281	0.41
0.295	0.293	0.278	0.283	0.32	0.281	0.278	0.278	0.281	0.42
0.295	0.293	0.281	0.278	0.325	0.278	0.283	0.278	0.278	0.449
0.293	0.293	0.283	0.278	0.317	0.278	0.283	0.278	0.281	0.479
0.293	0.295	0.283	0.281	0.305	0.276	0.283	0.293	0.283	0.518
0.293	0.298	0.281	0.283	0.286	0.281	0.278	0.286	0.283	0.549
0.295	0.295	0.281	0.281	0.278	0.281	0.278	0.3	0.281	0.566
0.298	0.293	0.281	0.281	0.276	0.281	0.278	0.356	0.278	0.576
0.295	0.291	0.281	0.278	0.281	0.281	0.281	0.427	0.278	0.579
0.293	0.291	0.286	0.278	0.278	0.278	0.281	0.464	0.281	0.583
0.293	0.293	0.283	0.281	0.276	0.276	0.283	0.469	0.283	0.588
0.295	0.295	0.293	0.281	0.273	0.278	0.281	0.469	0.286	0.593
0.298	0.295	0.295	0.283	0.273	0.281	0.278	0.474	0.283	0.601
0.3	0.295	0.303	0.281	0.278	0.281	0.278	0.449	0.281	0.605
0.298	0.293	0.312	0.278	0.278	0.278	0.278	0.461	0.283	0.603
0.293	0.32	0.317	0.278	0.278	0.276	0.281	0.476	0.281	0.605
0.293	0.295	0.312	0.278	0.276	0.276	0.281	0.518	0.283	0.608
0.295	0.3	0.293	0.283	0.273	0.278	0.278	0.557	0.286	0.615
0.295	0.295	0.325	0.283	0.273	0.283	0.276	0.564	0.283	0.61
0.298	0.295	0.376	0.281	0.278	0.281	0.278	0.552	0.281	0.608
0.295	0.293	0.378	0.278	0.278	0.281	0.281	0.535	0.278	0.598
0.293	0.295	0.435	0.276	0.278	0.278	0.283	0.537	0.281	0.583
0.291	0.298	0.51	0.278	0.276	0.276	0.286	0.542	0.283	0.574
0.293	0.298	0.552	0.281	0.273	0.281	0.281	0.544	0.283	0.569
0.295	0.295	0.566	0.283	0.273	0.281	0.281	0.549	0.283	0.562
0.295	0.295	0.576	0.281	0.276	0.281	0.281	0.552	0.278	0.535
0.293	0.293	0.598	0.278	0.278	0.281	0.281	0.559	0.278	0.508
0.291	0.293	0.603	0.278	0.278	0.278	0.286	0.569	0.281	0.439
0.291	0.295	0.598	0.278	0.276	0.278	0.283	0.579	0.283	0.405
0.291	0.298	0.593	0.281	0.273	0.281	0.281	0.571	0.283	0.4
0.295	0.295	0.601	0.281	0.273	0.281	0.278	0.549	0.281	0.435
0.295	0.293	0.635	0.281	0.276	0.283	0.278	0.535	0.278	0.417
0.293	0.293	0.652	0.278	0.278	0.278	0.281	0.525	0.278	0.33
0.291	0.291	0.657	0.278	0.278	0.278	0.283	0.508	0.281	0.305
0.291	0.293	0.657	0.281	0.273	0.276	0.283	0.493	0.281	0.288
0.291	0.295	0.657	0.278	0.273	0.278	0.281	0.474	0.283	0.286
0.293	0.295	0.664	0.278	0.273	0.283	0.278	0.437	0.281	0.283
0.293	0.295	0.669	0.278	0.276	0.283	0.281	0.43	0.278	0.281
0.291	0.291	0.671	0.278	0.278	0.278	0.281	0.386	0.278	0.278
0.288	0.293	0.674	0.278	0.276	0.278	0.283	0.344	0.278	0.278
0.288	0.295	0.671	0.278	0.273	0.278	0.283	0.398	0.286	0.278
0.291	0.293	0.669	0.281	0.273	0.278	0.281	0.454	0.288	0.283
0.291	0.293	0.669	0.283	0.273	0.281	0.278	0.447	0.288	0.286
0.293	0.295	0.659	0.281	0.276	0.283	0.278	0.449	0.278	0.281
0.291	0.293	0.62	0.276	0.278	0.281	0.281	0.471	0.278	0.278
0.288	0.291	0.61	0.276	0.278	0.276	0.283	0.403	0.278	0.278
0.291	0.295	0.635	0.281	0.276	0.278	0.283	0.332	0.283	0.278
0.291	0.295	0.625	0.281	0.273	0.278	0.281	0.31	0.283	0.283
0.293	0.295	0.61	0.281	0.273	0.281	0.278	0.291	0.281	0.281
0.295	0.293	0.583	0.278	0.276	0.281	0.278	0.281	0.278	0.278
0.293	0.293	0.527	0.278	0.278	0.278	0.283	0.278	0.278	0.276
0.291	0.295	0.457	0.276	0.278	0.276	0.283	0.278	0.281	0.278
0.291	0.295	0.422	0.281	0.273	0.276	0.283	0.278	0.281	0.278
0.291	0.298	0.454	0.281	0.271	0.278	0.283	0.281	0.281	0.283
0.293	0.298	0.364	0.281	0.273	0.283	0.278	0.281	0.281	0.283
0.295	0.295	0.332	0.281	0.276	0.283	0.281	0.278	0.278	0.278
0.291	0.293	0.3	0.278	0.276	0.278	0.281	0.278	0.281	0.276
0.288	0.293	0.291	0.278	0.276	0.276	0.286	0.273	0.281	0.278
0.291	0.295	0.288	0.278	0.271	0.278	0.283	0.278	0.283	0.281
0.291	0.298	0.283	0.281	0.271	0.281	0.281	0.281	0.281	0.283
0.293	0.298	0.283	0.281	0.273	0.281	0.278	0.281	0.281	0.281
0.293	0.295	0.283	0.278	0.276	0.283	0.281	0.278	0.278	0.281
0.291	0.293	0.283	0.276	0.278	0.278	0.281	0.276	0.278	0.278
0.288	0.293	0.288	0.278	0.278	0.278	0.286	0.276	0.278	0.278
0.288	0.293	0.286	0.278	0.276	0.278	0.283	0.278	0.281	0.278
0.291	0.295	0.286	0.281	0.273	0.281	0.281	0.281	0.283	0.283
0.293	0.293	0.283	0.281	0.271	0.281	0.278	0.281	0.281	0.281
0.293	0.291	0.281	0.281	0.276	0.281	0.281	0.281	0.278	0.281
0.291	0.291	0.286	0.278	0.278	0.278	0.281	0.276	0.273	0.278
0.288	0.291	0.288	0.278	0.276	0.278	0.281	0.278	0.278	0.278
0.283	0.293	0.288	0.278	0.273	0.278	0.283	0.278	0.281	0.317
0.286	0.293	0.283	0.283	0.271	0.278	0.278	0.278	0.281	0.293
0.288	0.293	0.283	0.283	0.271	0.283	0.278	0.283	0.278	0.286
0.291	0.293	0.283	0.281	0.276	0.281	0.278	0.281	0.288	0.332
0.288	0.291	0.283	0.278	0.278	0.278	0.281	0.276	0.295	0.474
0.283	0.288	0.288	0.278	0.278	0.278	0.283	0.276	0.3	0.51
0.283	0.291	0.286	0.281	0.276	0.278	0.281	0.278	0.303	0.53
0.288	0.293	0.283	0.283	0.273	0.278	0.281	0.281	0.305	0.569
0.288	0.293	0.281	0.281	0.273	0.281	0.278	0.281	0.305	0.593
0.288	0.291	0.283	0.281	0.278	0.281	0.278	0.278	0.3	0.601
0.286	0.291	0.283	0.278	0.278	0.278	0.281	0.276	0.303	0.605
0.283	0.291	0.288	0.278	0.278	0.276	0.283	0.276	0.303	0.608
0.286	0.293	0.288	0.278	0.276	0.278	0.283	0.278	0.305	0.608
0.283	0.293	0.286	0.283	0.283	0.281	0.278	0.281	0.305	0.62
0.291	0.293	0.281	0.281	0.281	0.281	0.278	0.281	0.303	0.654
0.288	0.291	0.283	0.281	0.278	0.281	0.278	0.278	0.3	0.691
0.288	0.291	0.286	0.278	0.342	0.278	0.281	0.276	0.3	0.715
0.288	0.291	0.288	0.276	0.449	0.276	0.283	0.276	0.317	0.71
0.286	0.293	0.288	0.32	0.542	0.276	0.281	0.278	0.391	0.713
0.288	0.298	0.283	0.386	0.569	0.281	0.281	0.281	0.439	0.718
0.288	0.295	0.281	0.369	0.569	0.278	0.278	0.281	0.396	0.723
0.293	0.293	0.283	0.413	0.581	0.281	0.278	0.281	0.4	0.718
0.288	0.293	0.283	0.508	0.615	0.278	0.281	0.276	0.427	0.718
0.286	0.291	0.288	0.557	0.652	0.276	0.283	0.278	0.479	0.725
0.286	0.295	0.288	0.603	0.74	0.293	0.283	0.278	0.525	0.72
0.286	0.295	0.283	0.62	0.84	0.278	0.281	0.281	0.535	0.718
0.288	0.298	0.281	0.71	0.935	0.281	0.276	0.281	0.547	0.706
0.288	0.293	0.283	0.735	1.006	0.281	0.278	0.278	0.559	0.693
0.288	0.293	0.283	0.757	1.023	0.281	0.281	0.276	0.569	0.679
0.288	0.291	0.288	0.786	1.045	0.278	0.283	0.276	0.571	0.669
0.286	0.293	0.288	0.789	1.045	0.276	0.283	0.276	0.579	0.662
0.288	0.295	0.286	0.808	1.03	0.278	0.281	0.278	0.576	0.652
0.288	0.298	0.283	0.837	1.023	0.281	0.278	0.281	0.581	0.642
0.291	0.31	0.283	0.859	1.023	0.283	0.278	0.283	0.593	0.603
0.288	0.315	0.286	0.884	1.035	0.278	0.281	0.283	0.591	0.547
0.3	0.317	0.288	0.896	1.038	0.276	0.283	0.283	0.593	0.542
0.293	0.317	0.288	0.903	1.03	0.276	0.283	0.359	0.588	0.52
0.293	0.303	0.286	0.911	1.021	0.281	0.281	0.488	0.591	0.479
0.295	0.295	0.283	0.92	1.025	0.281	0.281	0.684	0.579	0.452
0.295	0.325	0.283	0.923	1.03	0.283	0.278	1.003	0.576	0.447
0.293	0.381	0.286	0.918	1.042	0.278	0.281	1.108	0.552	0.408
0.322	0.461	0.291	0.916	1.038	0.276	0.283	1.125	0.542	0.322
0.413	0.62	0.288	0.925	1.021	0.276	0.283	1.118	0.54	0.361
0.422	0.667	0.286	0.928	1.038	0.278	0.281	1.125	0.527	0.356
0.427	0.684	0.283	0.928	1.052	0.283	0.278	1.157	0.53	0.344
0.542	0.679	0.283	0.92	1.047	0.281	0.281	1.172	0.532	0.308
0.654	0.684	0.286	0.891	1.033	0.278	0.281	1.187	0.488	0.286
0.698	0.72	0.286	0.845	1.011	0.278	0.283	1.189	0.452	0.281
0.698	0.769	0.288	0.837	0.999	0.276	0.283	1.187	0.422	0.291
0.747	0.781	0.286	0.796	0.986	0.281	0.281	1.182	0.422	0.291
0.786	0.791	0.283	0.686	0.957	0.281	0.278	1.172	0.454	0.283
0.813	0.798	0.283	0.652	0.942	0.281	0.298	1.155	0.481	0.281
0.864	0.798	0.286	0.64	0.92	0.278	0.334	1.106	0.408	0.278
0.896	0.818	0.288	0.618	0.867	0.276	0.369	1.025	0.347	0.278
0.916	0.837	0.286	0.618	0.842	0.278	0.391	0.925	0.322	0.281
0.937	0.84	0.283	0.598	0.818	0.281	0.41	0.818	0.293	0.283
0.947	0.842	0.283	0.51	0.774	0.283	0.425	0.754	0.283	0.291
0.947	0.842	0.283	0.496	0.764	0.281	0.439	0.732	0.278	0.308
0.937	0.823	0.283	0.52	0.759	0.278	0.439	0.693	0.276	0.31
0.928	0.823	0.288	0.527	0.74	0.276	0.432	0.671	0.278	0.317
0.937	0.828	0.286	0.447	0.706	0.278	0.432	0.645	0.281	0.322
0.957	0.835	0.283	0.42	0.601	0.281	0.432	0.652	0.283	0.3
0.955	0.833	0.283	0.359	0.535	0.283	0.432	0.645	0.281	0.293
0.94	0.818	0.283	0.312	0.518	0.283	0.43	0.603	0.278	0.288
0.925	0.803	0.288	0.291	0.493	0.281	0.43	0.586	0.276	0.286
0.903	0.771	0.288	0.288	0.476	0.278	0.427	0.532	0.278	0.283
0.842	0.762	0.291	0.281	0.479	0.276	0.422	0.481	0.281	0.286
0.784	0.767	0.286	0.283	0.417	0.281	0.415	0.356	0.283	0.291
0.74	0.776	0.283	0.283	0.33	0.281	0.415	0.361	0.281	0.293
0.72	0.776	0.286	0.281	0.317	0.281	0.415	0.349	0.276	0.288
0.698	0.696	0.303	0.276	0.291	0.281	0.413	0.298	0.276	0.288
0.681	0.662	0.33	0.276	0.278	0.278	0.413	0.283	0.278	0.288
0.642	0.686	0.339	0.278	0.276	0.278	0.408	0.281	0.281	0.293
0.579	0.706	0.347	0.283	0.276	0.281	0.405	0.283	0.281	0.293
0.5	0.723	0.349	0.283	0.276	0.283	0.398	0.283	0.278	0.293
0.464	0.708	0.344	0.281	0.278	0.281	0.396	0.286	0.276	0.293
0.491	0.61	0.344	0.278	0.281	0.278	0.396	0.281	0.278	0.283
0.481	0.53	0.342	0.278	0.278	0.276	0.393	0.278	0.278	0.286
0.422	0.54	0.33	0.278	0.276	0.276	0.393	0.281	0.281	0.283
0.369	0.496	0.315	0.281	0.276	0.281	0.386	0.283	0.283	0.283
0.352	0.391	0.308	0.283	0.276	0.281	0.381	0.283	0.281	0.283
0.325	0.337	0.308	0.278	0.278	0.281	0.381	0.283	0.278	0.278
0.305	0.308	0.305	0.278	0.281	0.281	0.374	0.278	0.278	0.278
0.295	0.303	0.305	0.278	0.281	0.278	0.371	0.276	0.281	0.278
0.291	0.298	0.303	0.278	0.278	0.278	0.364	0.281	0.281	0.281
0.293	0.293	0.3	0.281	0.276	0.281	0.356	0.281	0.3	0.283
0.295	0.293	0.3	0.281	0.276	0.283	0.347	0.283	0.33	0.283
0.295	0.291	0.3	0.281	0.281	0.283	0.339	0.281	0.386	0.281
0.295	0.288	0.3	0.278	0.281	0.281	0.33	0.278	0.984	0.278
0.293	0.288	0.291	0.276	0.278	0.278	0.327	0.278	1.55	0.281
0.291	0.293	0.288	0.278	0.278	0.278	0.33	0.278	1.528	0.281
0.293	0.293	0.286	0.281	0.276	0.281	0.33	0.283	1.316	0.283
0.295	0.293	0.283	0.281	0.276	0.283	0.344	0.281	1.106	0.281
0.295	0.288	0.283	0.278	0.278	0.283	0.356	0.283	1.06	0.281
0.293	0.288	0.286	0.276	0.281	0.281	0.361	0.278	1.069	0.278
0.291	0.288	0.286	0.278	0.278	0.278	0.359	0.276	1.101	0.278
0.291	0.291	0.286	0.278	0.276	0.278	0.334	0.281	1.14	0.281
0.293	0.293	0.286	0.281	0.273	0.281	0.381	0.281	1.182	0.283
0.295	0.286	0.281	0.281	0.278	0.283	0.437	0.281	1.16	0.281
0.295	0.288	0.283	0.278	0.278	0.283	0.386	0.281	1.143	0.281
0.295	0.288	0.286	0.276	0.281	0.281	0.32	0.278	1.138	0.278
0.293	0.288	0.286	0.276	0.281	0.278	0.322	0.278	1.133	0.278
0.291	0.293	0.288	0.278	0.276	0.276	0.298	0.278	1.123	0.281
0.293	0.291	0.283	0.283	0.273	0.278	0.286	0.281	1.091	0.283
0.293	0.291	0.283	0.283	0.278	0.281	0.278	0.283	1.023	0.283
0.295	0.291	0.283	0.278	0.278	0.281	0.278	0.281	0.937	0.281
0.293	0.288	0.286	0.276	0.281	0.281	0.281	0.278	0.83	0.281
0.291	0.291	0.288	0.278	0.278	0.276	0.283	0.278	0.815	0.283
0.291	0.291	0.286	0.278	0.276	0.276	0.283	0.281	0.781	0.332
0.293	0.293	0.283	0.281	0.273	0.278	0.281	0.283	0.698	0.378
0.295	0.293	0.281	0.283	0.276	0.281	0.276	0.283	0.659	0.405
0.295	0.291	0.281	0.278	0.278	0.278	0.278	0.281	0.574	0.413
0.293	0.288	0.288	0.276	0.281	0.293	0.281	0.281	0.566	0.422
0.291	0.288	0.288	0.366	0.278	0.281	0.286	0.278	0.588	0.42
0.291	0.291	0.288	0.5	0.278	0.276	0.281	0.281	0.586	0.54
0.293	0.293	0.283	0.581	0.276	0.3	0.281	0.281	0.579	0.815
0.295	0.293	0.283	0.728	0.276	0.317	0.278	0.286	0.542	1.199
0.295	0.291	0.283	0.862	0.281	0.354	0.278	0.283	0.51	1.543
0.293	0.291	0.283	0.906	0.278	0.369	0.281	0.278	0.386	1.348
0.291	0.291	0.286	0.908	0.278	0.378	0.283	0.278	0.31	1.321
0.293	0.291	0.288	0.923	0.276	0.398	0.278	0.281	0.291	1.357
0.293	0.293	0.283	0.981	0.276	0.408	0.281	0.281	0.286	1.367
0.295	0.291	0.283	1.106	0.276	0.396	0.278	0.286	0.283	1.345
0.295	0.288	0.281	1.165	0.278	0.403	0.278	0.281	0.278	1.335
0.293	0.283	0.283	1.172	0.281	0.444	0.281	0.278	0.281	1.309
0.291	0.286	0.286	1.169	0.281	0.483	0.283	0.278	0.281	1.304
0.288	0.288	0.286	1.155	0.276	0.554	0.283	0.281	0.283	1.301
0.293	0.291	0.286	1.143	0.276	0.596	0.278	0.283	0.286	1.287
0.293	0.288	0.283	1.125	0.276	0.615	0.278	0.283	0.283	1.265
0.293	0.286	0.281	1.125	0.278	0.601	0.278	0.281	0.281	1.223
0.291	0.281	0.286	1.116	0.281	0.598	0.281	0.278	0.281	1.147
0.291	0.281	0.288	1.069	0.281	0.603	0.283	0.278	0.283	1.079
0.291	0.283	0.288	1.038	0.276	0.613	0.283	0.281	0.288	1.023
0.291	0.288	0.283	1.023	0.273	0.62	0.281	0.283	0.3	0.989
0.293	0.288	0.283	0.979	0.276	0.63	0.278	0.286	0.3	0.879
0.293	0.283	0.283	0.955	0.281	0.64	0.278	0.281	0.298	0.742
0.293	0.281	0.286	0.928	0.281	0.659	0.281	0.281	0.298	0.701
0.291	0.281	0.286	0.957	0.281	0.662	0.283	0.278	0.298	0.615
0.293	0.283	0.286	0.933	0.278	0.667	0.283	0.281	0.298	0.493
0.293	0.286	0.283	0.881	0.276	0.674	0.278	0.281	0.298	0.425
0.295	0.286	0.281	0.889	0.291	0.667	0.278	0.283	0.286	0.376
0.295	0.283	0.281	0.903	0.342	0.664	0.278	0.281	0.283	0.347
0.295	0.281	0.286	0.859	0.32	0.662	0.281	0.278	0.281	0.315
0.293	0.281	0.286	0.801	0.449	0.671	0.283	0.278	0.281	0.308
0.293	0.283	0.286	0.74	0.562	0.669	0.281	0.281	0.283	0.312
0.293	0.286	0.283	0.752	0.596	0.637	0.281	0.283	0.286	0.315
0.295	0.286	0.283	0.791	0.603	0.61	0.281	0.283	0.283	0.3
0.295	0.283	0.283	0.767	0.596	0.569	0.281	0.281	0.278	0.283
0.293	0.281	0.283	0.696	0.598	0.5	0.283	0.278	0.278	0.276
0.291	0.278	0.286	0.642	0.598	0.454	0.283	0.278	0.281	0.276
0.291	0.283	0.283	0.562	0.596	0.42	0.283	0.278	0.283	0.278
0.295	0.286	0.283	0.527	0.598	0.442	0.278	0.283	0.286	0.283
0.3	0.288	0.281	0.515	0.601	0.479	0.278	0.298	0.283	0.281
0.298	0.283	0.278	0.408	0.618	0.54	0.278	0.391	0.281	0.278
0.293	0.281	0.283	0.356	0.627	0.513	0.278	0.72	0.278	0.276
0.291	0.283	0.283	0.312	0.63	0.442	0.283	1.514	0.281	0.278
0.291	0.286	0.283	0.303	0.635	0.374	0.281	1.57	0.283	0.278
0.291	0.288	0.283	0.3	0.642	0.325	0.278	1.543	0.283	0.281
0.295	0.286	0.278	0.3	0.649	0.293	0.278	1.533	0.283	0.281
0.295	0.283	0.281	0.298	0.649	0.288	0.278	1.548	0.281	0.278
0.291	0.283	0.283	0.295	0.652	0.281	0.281	1.536	0.281	0.276
0.293	0.283	0.286	0.293	0.669	0.278	0.283	1.565	0.281	0.276
0.291	0.288	0.283	0.295	0.657	0.278	0.281	1.582	0.283	0.278
0.293	0.288	0.283	0.295	0.654	0.281	0.278	1.611	0.286	0.281
0.295	0.288	0.281	0.293	0.647	0.283	0.283	1.558	0.283	0.283
0.298	0.298	0.278	0.293	0.64	0.283	0.332	1.499	0.281	0.281
0.295	0.308	0.283	0.291	0.62	0.281	0.339	1.482	0.278	0.278
0.293	0.312	0.286	0.293	0.591	0.278	0.422	1.506	0.281	0.278
0.291	0.315	0.286	0.293	0.566	0.278	0.522	1.521	0.283	0.281
0.295	0.32	0.281	0.286	0.542	0.281	0.554	1.531	0.283	0.283
0.3	0.317	0.278	0.283	0.537	0.281	0.564	1.458	0.283	0.283
0.298	0.312	0.278	0.278	0.513	0.281	0.569	1.323	0.281	0.281
0.298	0.31	0.281	0.276	0.439	0.278	0.574	1.226	0.281	0.281
0.295	0.308	0.286	0.276	0.417	0.276	0.564	1.118	0.281	0.278
0.298	0.312	0.283	0.278	0.364	0.278	0.562	0.979	0.283	0.281
0.298	0.315	0.281	0.281	0.298	0.281	0.557	0.85	0.283	0.283
0.3	0.31	0.281	0.281	0.286	0.283	0.564	0.793	0.281	0.283
0.3	0.308	0.281	0.278	0.283	0.281	0.593	0.701	0.281	0.281
0.3	0.305	0.281	0.278	0.283	0.278	0.64	0.581	0.281	0.278
0.298	0.308	0.283	0.276	0.281	0.278	0.671	0.464	0.281	0.278
0.295	0.312	0.283	0.278	0.278	0.278	0.698	0.41	0.286	0.278
0.305	0.315	0.281	0.288	0.276	0.281	0.715	0.388	0.283	0.281
0.298	0.315	0.281	0.291	0.278	0.283	0.728	0.33	0.283	0.283
0.3	0.315	0.381	0.291	0.281	0.281	0.735	0.305	0.281	0.278
0.295	0.317	0.513	0.291	0.281	0.281	0.742	0.281	0.278	0.276
0.293	0.317	0.669	0.291	0.281	0.278	0.75	0.276	0.281	0.278
0.293	0.32	0.933	0.293	0.276	0.278	0.75	0.291	0.283	0.281
0.298	0.322	1.011	0.295	0.276	0.278	0.745	0.334	0.283	0.283
0.298	0.322	0.984	0.295	0.276	0.281	0.73	0.31	0.281	0.283
0.3	0.317	0.947	0.288	0.281	0.286	0.723	0.281	0.278	0.278
0.298	0.317	0.945	0.278	0.281	0.281	0.703	0.276	0.281	0.278
0.295	0.315	0.947	0.276	0.281	0.276	0.701	0.273	0.281	0.278
0.293	0.315	0.955	0.278	0.278	0.278	0.72	0.276	0.283	0.281
0.298	0.315	0.952	0.281	0.276	0.278	0.742	0.278	0.283	0.283
0.3	0.317	0.947	0.281	0.278	0.281	0.725	0.281	0.281	0.281
0.298	0.312	0.952	0.278	0.281	0.281	0.706	0.278	0.281	0.332
0.295	0.31	0.959	0.276	0.281	0.278	0.693	0.276	0.278	0.444
0.295	0.312	0.962	0.276	0.278	0.278	0.649	0.276	0.283	0.881
0.295	0.315	0.955	0.278	0.281	0.278	0.61	0.278	0.283	1.821
0.295	0.317	0.918	0.281	0.276	0.281	0.596	0.278	0.283	1.96
0.298	0.32	0.894	0.281	0.278	0.281	0.588	0.281	0.283	1.731
0.298	0.315	0.884	0.278	0.281	0.281	0.601	0.278	0.281	1.672
0.298	0.317	0.862	0.276	0.281	0.278	0.571	0.276	0.281	1.65
0.293	0.317	0.847	0.276	0.278	0.276	0.586	0.276	0.281	1.663
0.293	0.32	0.837	0.278	0.278	0.278	0.574	0.276	0.283	1.672
0.295	0.322	0.82	0.281	0.276	0.278	0.476	0.281	0.283	1.677
0.298	0.32	0.801	0.281	0.278	0.281	0.427	0.281	0.281	1.687
0.298	0.317	0.757	0.278	0.281	0.281	0.33	0.281	0.281	1.689
0.298	0.315	0.701	0.276	0.278	0.281	0.295	0.278	0.278	1.687
0.295	0.315	0.664	0.276	0.278	0.276	0.291	0.276	0.281	1.687
0.293	0.317	0.652	0.278	0.278	0.276	0.283	0.278	0.286	1.68
0.295	0.317	0.676	0.281	0.273	0.278	0.281	0.281	0.286	1.685
0.298	0.322	0.674	0.283	0.278	0.281	0.278	0.283	0.283	1.67
0.3	0.322	0.649	0.278	0.281	0.281	0.281	0.281	0.281	1.558
0.298	0.325	0.598	0.278	0.281	0.278	0.281	0.276	0.278	1.375
0.295	0.427	0.554	0.278	0.278	0.278	0.283	0.276	0.281	1.16
0.295	0.52	0.51	0.281	0.278	0.276	0.283	0.278	0.283	1.077
0.295	0.574	0.508	0.281	0.278	0.278	0.281	0.281	0.283	0.969
0.298	0.654	0.417	0.283	0.278	0.281	0.278	0.281	0.281	0.852
0.295	0.764	0.344	0.286	0.281	0.281	0.278	0.278	0.281	0.762
0.295	0.818	0.305	0.283	0.281	0.278	0.281	0.276	0.281	0.825
0.293	0.84	0.291	0.281	0.278	0.276	0.283	0.276	0.283	0.84
0.293	0.852	0.286	0.303	0.278	0.276	0.283	0.276	0.283	0.803
0.295	0.923	0.283	0.432	0.276	0.278	0.278	0.281	0.283	0.762
0.295	0.999	0.281	0.603	0.281	0.281	0.278	0.281	0.283	0.715
0.298	1.038	0.281	1.235	0.281	0.281	0.278	0.281	0.281	0.62
0.298	1.033	0.283	1.572	0.283	0.278	0.283	0.276	0.281	0.537
0.322	1.025	0.286	1.658	0.281	0.276	0.283	0.278	0.283	0.452
0.342	1.03	0.283	1.67	0.278	0.276	0.283	0.281	0.286	0.427
0.347	1.047	0.283	1.641	0.278	0.278	0.281	0.281	0.283	0.383
0.352	1.05	0.281	1.641	0.278	0.281	0.278	0.281	0.283	0.342
0.347	1.028	0.281	1.643	0.281	0.281	0.281	0.281	0.281	0.315
0.435	0.996	0.283	1.606	0.281	0.278	0.281	0.283	0.281	0.325
0.522	0.977	0.286	1.592	0.281	0.276	0.283	0.308	0.281	0.332
0.674	0.942	0.288	1.604	0.278	0.276	0.281	0.386	0.286	0.332
1.052	0.908	0.283	1.616	0.278	0.278	0.281	0.876	0.286	0.322
1.196	0.891	0.281	1.621	0.278	0.281	0.278	0.989	0.283	0.312
1.248	0.903	0.281	1.636	0.283	0.281	0.281	0.837	0.278	0
1.265	0.876	0.283	1.648	0.288	0.278	0.283	0.798	0.281	0
1.27	0.823	0.286	1.643	0.291	0.276	0.283	0.791	0.281	0
1.262	0.779	0.286	1.65	0.291	0.278	0.283	0.774	0.283	0
1.257	0.757	0.283	1.636	0.288	0.278	0.278	0.767	0.283	0
1.257	0.715	0.283	1.538	0.291	0.281	0.278	0.767	0.283	0
1.24	0.671	0.283	1.428	0.295	0.281	0.278	0.754	0.278	0
1.233	0.657	0.286	1.321	0.295	0.281	0.283	0.75	0.278	0
1.226	0.63	0.288	1.23	0.293	0.276	0.283	0.752	0.281	0
1.23	0.562	0.286	1.199	0.286	0.278	0.283	0.747	0.281	0
1.228	0.515	0.283	1.025	0.281	0.293	0.281	0.75	0.283	0
1.172	0.493	0.281	0.903	0.281	0.3	0.278	0.754	0.281	0
1.079	0.437	0.286	0.779	0.281	0.3	0.278	0.774	0.281	0
1.016	0.371	0.286	0.732	0.283	0.295	0.281	0.732	0.281	0
0.964	0.371	0.286	0.632	0.281	0.283	0.283	0.637	0.281	0
0.867	0.378	0.286	0.515	0.278	0.278	0.283	0.557	0.283	0
0.803	0.352	0.283	0.41	0.276	0.281	0.278	0.525	0.383	0
0.784	0.339	0.281	0.378	0.281	0.281	0.278	0.525	0.437	0
0.696	0.308	0.281	0.359	0.281	0.278	0.273	0.535	0.437	0
0.664	0.291	0.283	0.332	0.281	0.278	0.281	0.52	0.613	0
0.625	0.286	0.286	0.31	0.281	0.278	0.286	0.486	0.754	0
0.64	0.288	0.286	0.3	0.278	0.278	0.283	0.452	0.847	0
0.598	0.288	0.283	0.303	0.278	0.281	0.278	0.444	0.852	0
0.608	0.288	0.278	0.293	0.278	0.281	0.276	0.432	0.837	0
0.537	0.286	0.283	0.281	0.281	0.281	0.281	0.408	0.818	0
0.442	0.286	0.286	0.273	0.281	0.278	0.283	0.378	0.815	0
0.376	0.288	0.286	0.273	0.281	0.278	0.283	0.378	0.823	0
0.33	0.305	0.286	0.276	0.276	0.278	0.281	0.369	0.84	0
0.308	0.293	0.281	0.278	0.276	0.278	0.281	0.361	0.833	0
0.3	0.288	0.283	0.276	0.278	0.308	0.278	0.339	0.825	0
0.298	0.286	0.283	0.276	0.278	0.352	0.281	0.332	0.82	0
0.295	0.286	0.283	0.273	0.281	0.376	0.281	0.33	0.811	0
0.293	0.286	0.286	0.276	0.281	0.515	0.283	0.308	0.806	0
0.291	0.288	0.286	0.278	0.278	0.579	0.281	0.293	0.801	0
0.32	0.288	0.283	0.281	0.276	0.591	0.281	0.288	0.791	0
0.337	0.288	0.283	0.281	0.278	0.603	0.278	0.286	0.786	0
0.312	0.286	0.281	0.278	0.281	0.605	0.278	0.378	0.781	0
0.278	0.283	0.283	0.276	0.283	0.598	0.281	0.383	0.769	0
0.293	0.288	0.286	0.278	0.281	0.596	0.283	0	0.762	0
0.291	0.286	0.286	0.278	0.276	0.603	0.281	0	0.735	0
0.293	0.288	0.286	0.281	0.278	0.62	0.278	0	0.684	0
0.295	0.288	0.281	0.281	0.276	0.662	0.278	0	0.542	0
0.298	0.286	0.281	0.278	0.281	0.713	0.281	0	0.444	0
0.293	0.286	0.283	0.273	0.281	0.747	0.281	0	0.349	0
0.293	0.286	0.286	0.273	0.278	0.771	0.283	0	0.303	0
0.293	0.291	0.286	0.278	0.276	0.769	0.283	0	0.288	0
0.293	0.291	0.288	0.281	0.276	0.769	0.281	0	0.283	0
0.295	0.288	0.293	0.278	0.278	0.774	0.278	0	0.283	0
0.295	0.283	0.3	0.276	0.281	0.767	0.278	0	0.281	0
0.293	0.283	0.308	0.273	0.283	0.771	0.283	0	0.291	0
0.291	0.286	0.317	0.273	0.281	0.762	0.286	0	0.293	0
0.291	0.288	0.317	0.276	0.278	0.747	0.283	0	0.286	0
0.295	0.291	0.308	0.281	0.281	0.73	0.281	0	0.283	0
0.295	0.286	0.305	0.278	0.278	0.723	0.278	0	0.281	0
0.295	0.286	0.3	0.276	0.281	0.715	0.281	0	0.278	0
0.295	0.286	0.3	0.273	0.281	0.698	0.283	0	0.278	0
0.293	0.288	0.3	0.276	0.281	0.696	0.286	0	0.281	0
0.293	0.288	0.303	0.276	0.276	0.681	0.288	0	0.283	0
0.295	0.288	0.3	0.278	0.276	0.64	0.286	0	0.281	0
0.295	0.288	0.3	0.278	0.278	0.618	0.283	0	0.281	0
0.295	0.286	0.3	0.276	0.281	0.601	0.281	0	0.278	0
0.295	0.286	0.303	0.273	0.281	0.601	0.283	0	0.278	0
0.293	0.286	0.308	0.273	0.281	0.544	0.283	0	0.281	0
0.293	0.291	0.31	0.276	0.278	0.513	0.281	0	0.286	0
0.293	0.291	0.305	0.281	0.276	0.488	0.278	0	0.283	0
0.295	0.293	0.303	0.278	0.278	0.432	0.278	0	0.281	0
0.298	0.286	0.305	0.276	0.281	0.432	0.278	0	0.278	0
0.298	0.286	0.305	0.273	0.283	0.405	0.281	0	0.278	0
0.293	0.286	0.308	0.273	0.281	0.327	0.281	0	0.281	0
0.293	0.288	0.303	0.278	0.276	0.298	0.281	0	0.286	0
0.295	0.291	0.305	0.278	0.276	0.286	0.281	0	0.286	0
0.298	0.288	0.305	0.303	0.278	0.283	0.278	0	0.281	0
0.298	0.286	0.31	0.354	0.283	0.283	0.278	0	0.278	0
0.298	0.283	0.315	0.337	0.283	0.281	0.278	0	0.278	0
0.293	0.283	0.308	0.444	0.281	0.278	0.283	0	0.281	0
0.295	0.286	0.298	0.532	0.386	0.278	0.283	0	0.281	0
0.295	0.288	0.286	0.645	0.391	0.281	0.278	0	0.283	0
0.298	0.291	0.281	0.784	0.652	0.283	0.278	0	0.281	0
0.298	0.286	0.281	0.862	0.979	0.283	0.281	0	0.278	0
0.295	0.283	0.283	0.881	1.221	0.281	0.281	0	0.278	0
0.295	0.283	0.283	0.864	1.174	0.281	0.283	0	0.281	0
0.293	0.286	0.286	0.862	1.094	0.278	0.283	0	0.281	0
0.3	0.288	0.283	0.876	1.04	0.281	0.281	0	0.283	0
0.3	0.288	0.278	0.874	1.021	0.281	0.278	0	0.281	0
0.3	0.286	0.281	0.879	0.979	0.281	0.278	0	0.278	0
0.3	0.283	0.283	0.859	0.967	0.278	0.281	0	0.278	0
0.298	0.283	0.288	0.859	1.006	0.278	0.286	0	0.278	0
0.295	0.286	0.286	0.859	1.013	0.278	0.281	0	0.281	0
0.298	0.288	0.283	0.859	1.035	0.278	0.281	0	0.281	0
0.3	0.288	0.281	0.867	1.042	0.283	0.32	0	0.312	0
0.3	0.286	0.283	0.879	1.062	0.283	0.435	0	0.344	0
0.298	0.283	0.283	0.857	1.079	0.281	0.461	0	0.51	0
0.295	0.286	0.286	0.837	1.086	0.278	0.645	0	0.828	0
0.295	0.288	0.283	0.82	1.096	0.278	0.906	0	0.979	0
0.298	0.288	0.281	0.781	1.069	0.281	1.201	0	0.864	0
0.298	0.288	0.281	0.759	1.033	0.281	1.282	0	0.801	0
0.298	0.283	0.281	0.757	0.972	0.281	1.213	0	0.784	0
0.295	0.281	0.283	0.769	0.828	0.281	1.179	0	0.779	0
0.293	0.283	0.286	0.767	0.764	0.278	1.13	0	0.779	0
0.295	0.286	0.286	0.764	0.735	0.278	1.111	0	0.784	0
0.293	0.288	0.283	0.737	0.686	0.283	1.099	0	0.779	0
0.295	0.286	0.281	0.669	0.64	0.281	1.04	0	0.776	0
0.295	0.283	0.278	0.623	0.522	0.281	1.003	0	0.776	0
0.295	0.283	0.283	0.559	0.403	0.281	1.001	0	0.779	0
0.293	0.283	0.286	0.505	0.342	0.278	1.008	0	0.791	0
0.295	0.286	0.286	0.422	0.312	0.278	0.999	0	0.791	0
0.295	0.288	0.283	0.359	0.286	0.281	0.981	0	0.793	0
0.298	0.286	0.278	0.327	0.278	0.283	0.984	0	0.784	0
0.3	0.283	0.281	0.3	0.278	0.281	0.999	0	0.767	0
0.3	0.283	0.281	0.298	0.278	0.281	0.969	0	0.728	0
0.295	0.286	0.286	0.308	0.288	0.278	0.908	0	0.647	0
0.295	0.288	0.327	0.298	0.312	0.278	0.876	0	0.542	0
0.298	0.288	0.381	0.286	0.31	0.281	0.784	0	0.515	0
0.3	0.286	0.64	0.293	0.283	0.283	0.701	0	0.52	0
0.3	0.283	0.845	0.283	0.278	0.283	0.652	0	0.51	0
0.298	0.283	0.928	0.276	0.276	0.281	0.649	0	0.508	0
0.295	0.286	0.996	0.273	0.276	0.281	0.63	0	0.464	0
0.293	0.288	1.045	0.276	0.273	0.278	0.471	0	0.427	0
0.295	0.286	1.055	0.278	0.271	0.281	0.334	0	0.378	0
0.295	0.286	1.069	0.315	0.269	0.283	0.317	0	0.364	0
0.298	0.283	1.057	0.356	0.271	0.283	0.295	0	0.327	0
0.295	0.283	1.06	0.405	0.276	0.281	0.286	0	0.291	0
0.293	0.281	1.072	0.408	0.276	0.278	0.288	0	0.283	0
0.293	0.283	1.069	0.432	0.273	0.278	0.283	0	0.293	0
0.295	0.288	1.067	0.41	0.273	0.281	0.283	0	0.293	0
0.298	0.286	1.067	0	0.273	0.283	0.298	0	0.295	0
0.298	0.283	1.074	0	0.278	0.283	0.322	0	0.291	0
0.293	0.278	1.074	0	0.278	0.281	0.322	0	0.291	0
0.293	0.281	1.077	0	0.276	0.278	0.291	0	0.283	0
0.293	0.283	1.021	0	0.273	0.278	0.283	0	0.283	0
0.295	0.283	0.879	0	0.273	0.286	0.278	0	0.31	0
0.298	0.286	0.745	0	0.276	0.295	0.276	0	0.369	0
0.295	0.281	0.598	0	0.278	0.298	0.278	0	0.386	0
0.293	0.281	0.518	0	0.278	0.295	0.278	0	0.369	0
0.293	0.281	0.452	0	0.278	0.293	0.281	0	0.352	0
0.293	0.286	0.4	0	0.276	0.293	0.281	0	0.349	0
0.295	0.286	0.359	0	0.276	0.295	0.278	0	0.356	0
0.295	0.286	0.33	0	0.276	0.295	0.276	0	0.361	0
0.298	0.281	0.312	0	0.278	0.298	0.278	0	0.356	0
0.295	0.283	0.288	0	0.281	0.295	0.281	0	0.474	0
0.293	0.283	0.286	0	0.278	0.293	0.283	0	0.637	0
0.293	0.288	0.281	0	0.276	0.295	0.281	0	0.737	0
0.295	0.288	0.278	0	0.276	0.312	0.278	0	0.798	0
0.3	0.288	0.276	0	0.278	0.332	0.278	0	0.786	0
0.3	0.283	0.276	0	0.278	0.349	0.278	0	0.767	0
0.422	0.283	0.278	0	0.281	0.354	0.281	0	0.752	0
0.603	0.283	0.281	0	0.278	0.356	0.283	0	0.735	0
0.793	0.288	0.278	0	0.276	0.356	0.281	0	0	0
0.898	0.288	0.278	0	0.271	0.356	0.281	0	0	0
0.891	0.288	0.273	0	0.276	0.359	0.278	0	0	0
0.886	0.286	0.271	0	0.303	0.352	0.278	0	0	0
0.881	0.286	0.276	0	0.325	0.339	0.281	0	0	0
0.879	0.286	0.278	0	0.344	0.332	0.283	0	0	0
0.879	0.288	0.278	0	0.415	0.33	0.283	0	0	0
0.881	0.298	0.276	0	0.667	0.327	0.278	0	0	0
0.874	0.342	0.276	0	0.752	0.308	0.278	0	0	0
0.869	0.4	0.276	0	0.73	0.291	0.278	0	0	0
0.857	0.481	0.276	0	0.72	0.283	0.281	0	0	0
0.852	0.647	0.278	0	0.723	0.281	0.283	0	0	0
0.854	0.725	0.278	0	0.72	0.278	0.281	0	0	0
0.857	0.73	0.276	0	0.723	0.281	0.278	0	0	0
0.859	0.698	0.273	0	0.708	0.283	0.278	0	0	0
0.835	0.669	0.276	0	0.708	0.283	0.286	0	0	0
0.781	0.659	0.276	0	0.71	0.281	0.415	0	0	0
0.74	0.645	0.281	0	0.71	0.278	0.466	0	0	0
0.671	0.632	0.281	0	0.706	0.278	0.662	0	0	0
0.579	0.635	0.276	0	0.718	0.281	0.969	0	0	0
0.459	0.63	0.276	0	0.735	0.281	0.991	0	0	0
0.408	0.61	0.276	0	0.745	0.283	0.969	0	0	0
0.408	0.603	0.278	0	0.796	0.278	0.947	0	0	0
0.425	0.598	0.278	0	0.791	0.276	0.947	0	0	0
0.352	0.608	0.281	0	0.747	0.278	0.94	0	0	0
0.315	0.596	0.276	0	0.679	0.281	0.937	0	0	0
0.312	0.552	0.276	0	0.642	0.283	0.937	0	0	0
0.312	0.505	0.278	0	0.605	0.283	0.93	0	0	0
0.3	0.43	0.278	0	0.596	0.281	0.93	0	0	0
0.308	0.364	0.281	0	0.588	0.278	0.933	0	0	0
0.315	0.347	0.278	0	0.583	0.278	0.935	0	0	0
0.317	0.339	0.278	0	0.564	0.281	0.928	0	0	0
0.308	0.334	0.283	0	0.549	0.283	0.928	0	0	0
0.303	0.312	0.308	0	0.544	0.283	0.925	0	0	0
0.298	0.288	0.415	0	0.513	0.278	0.92	0	0	0
0.298	0.283	0.632	0	0.471	0.278	0.92	0	0	0
0.295	0.283	1.006	0	0.442	0.278	0.92	0	0	0
0.3	0.286	0.979	0	0.435	0.281	0.896	0	0	0
0.303	0.286	0.808	0	0.378	0.283	0.83	0	0	0
0.303	0.283	0.769	0	0.344	0.283	0.776	0	0	0
0.3	0.281	0.762	0	0.3	0.278	0.754	0	0	0
0.295	0.286	0.767	0	0.283	0.278	0.791	0	0	0
0.295	0.286	0.769	0	0.278	0.278	0.781	0	0	0
0.298	0.286	0.764	0	0.276	0.281	0.745	0	0	0
0.3	0.286	0.769	0	0.281	0.283	0.674	0	0	0
0.303	0.281	0.769	0	0.281	0.283	0.632	0	0	0
0.3	0.278	0.774	0	0.281	0.281	0.586	0	0	0
0.298	0.281	0.774	0	0.281	0.278	0.547	0	0	0
0.295	0.283	0.774	0	0.283	0.278	0.493	0	0	0
0.298	0.283	0.767	0	0.303	0.281	0.427	0	0	0
0.3	0.283	0.75	0	0.312	0.281	0.383	0	0	0
0.3	0.283	0.686	0	0.339	0.281	0.327	0	0	0
0.298	0.283	0.603	0	0.344	0.278	0.291	0	0	0
0.295	0.283	0.576	0	0.361	0.278	0.286	0	0	0
0.295	0.283	0.562	0	0.349	0.281	0.286	0	0	0
0.298	0.286	0.537	0	0.361	0.281	0.291	0	0	0
0.298	0.288	0.53	0	0	0.283	0.293	0	0	0
0.3	0.283	0.488	0	0	0.283	0.293	0	0	0
0.298	0.283	0.459	0	0	0.288	0.3	0	0	0
0.298	0.286	0.422	0	0	0.286	0.291	0	0	0
0.295	0.288	0.403	0	0	0.344	0.288	0	0	0
0.295	0.291	0.378	0	0	0.461	0.305	0	0	0
0.3	0.288	0.349	0	0	0.547	0.349	0	0	0
0.3	0.286	0.349	0	0	0.601	0.374	0	0	0
0.298	0.281	0.337	0	0	0.623	0.371	0	0	0
0.295	0.283	0.3	0	0	0.645	0.364	0	0	0
0.298	0.288	0.283	0	0	0.676	0.342	0	0	0
0.312	0.288	0.288	0	0	0.737	0.393	0	0	0
0.41	0.288	0.308	0	0	0.774	0.754	0	0	0
0.972	0.283	0.435	0	0	0.728	0	0	0	0
1.189	0.283	0.459	0	0	0.676	0	0	0	0
1.025	0.286	0.464	0	0	0.669	0	0	0	0
0.901	0.286	0.674	0	0	0.659	0	0	0	0
0.869	0.288	0.823	0	0	0.645	0	0	0	0
0.864	0.288	0.874	0	0	0.645	0	0	0	0
0.862	0.308	0	0	0	0.645	0	0	0	0
0.857	0.327	0	0	0	0.623	0	0	0	0
0.852	0.388	0	0	0	0.615	0	0	0	0
0.847	0.586	0	0	0	0.613	0	0	0	0
0.845	0.874	0	0	0	0.63	0	0	0	0
0.845	0.825	0	0	0	0.632	0	0	0	0
0.845	0.737	0	0	0	0.613	0	0	0	0
0.854	0.708	0	0	0	0.581	0	0	0	0
0.852	0.703	0	0	0	0.552	0	0	0	0
0.845	0.701	0	0	0	0.51	0	0	0	0
0.852	0.703	0	0	0	0.452	0	0	0	0
0.815	0.706	0	0	0	0.391	0	0	0	0
0.842	0.701	0	0	0	0.359	0	0	0	0
0.784	0.701	0	0	0	0.4	0	0	0	0
0.735	0.698	0	0	0	0.376	0	0	0	0
0.688	0.701	0	0	0	0.334	0	0	0	0
0.625	0.701	0	0	0	0.325	0	0	0	0
0.625	0.693	0	0	0	0.315	0	0	0	0
0.581	0.676	0	0	0	0.291	0	0	0	0
0.552	0.657	0	0	0	0.283	0	0	0	0
0.525	0.64	0	0	0	0.278	0	0	0	0
0.479	0.625	0	0	0	0.278	0	0	0	0
0.464	0.627	0	0	0	0.281	0	0	0	0
0.459	0.645	0	0	0	0.283	0	0	0	0
0.496	0.623	0	0	0	0.283	0	0	0	0
0.503	0.583	0	0	0	0.281	0	0	0	0
0.51	0.549	0	0	0	0.278	0	0	0	0
0.513	0.527	0	0	0	0.278	0	0	0	0
0	0.51	0	0	0	0.281	0	0	0	0
0	0.505	0	0	0	0.283	0	0	0	0
0	0.486	0	0	0	0.283	0	0	0	0
0	0.476	0	0	0	0.281	0	0	0	0
0	0.466	0	0	0	0.278	0	0	0	0
0	0.452	0	0	0	0.281	0	0	0	0
0	0.415	0	0	0	0.283	0	0	0	0
0	0.435	0	0	0	0.283	0	0	0	0
0	0.405	0	0	0	0.283	0	0	0	0
0	0.432	0	0	0	0.281	0	0	0	0
0	0.432	0	0	0	0.278	0	0	0	0
0	0.432	0	0	0	0.281	0	0	0	0
0	0.417	0	0	0	0.283	0	0	0	0
0	0.432	0	0	0	0.283	0	0	0	0
0	0.532	0	0	0	0.283	0	0	0	0
0	0.706	0	0	0	0.281	0	0	0	0
0	0.891	0	0	0	0.278	0	0	0	0
0	1.018	0	0	0	0.278	0	0	0	0
0	0	0	0	0	0.281	0	0	0	0
0	0	0	0	0	0.283	0	0	0	0
0	0	0	0	0	0.283	0	0	0	0
0	0	0	0	0	0.283	0	0	0	0
0	0	0	0	0	0.278	0	0	0	0
0	0	0	0	0	0.281	0	0	0	0
0	0	0	0	0	0.281	0	0	0	0
0	0	0	0	0	0.283	0	0	0	0
0	0	0	0	0	0.283	0	0	0	0
0	0	0	0	0	0.283	0	0	0	0
0	0	0	0	0	0.278	0	0	0	0
0	0	0	0	0	0.278	0	0	0	0
0	0	0	0	0	0.281	0	0	0	0
0	0	0	0	0	0.286	0	0	0	0
0	0	0	0	0	0.283	0	0	0	0
0	0	0	0	0	0.281	0	0	0	0
0	0	0	0	0	0.278	0	0	0	0
0	0	0	0	0	0.3	0	0	0	0
0	0	0	0	0	0.408	0	0	0	0
0	0	0	0	0	1.177	0	0	0	0
0	0	0	0	0	1.855	0	0	0	0
0	0	0	0	0	1.421	0	0	0	0
0	0	0	0	0	1.187	0	0	0	0
0	0	0	0	0	1.138	0	0	0	0
0	0	0	0	0	1.13	0	0	0	0
0	0	0	0	0	1.123	0	0	0	0
0	0	0	0	0	1.121	0	0	0	0
0	0	0	0	0	1.111	0	0	0	0
0	0	0	0	0	1.118	0	0	0	0
0	0	0	0	0	1.121	0	0	0	0
0	0	0	0	0	1.104	0	0	0	0
0	0	0	0	0	1.106	0	0	0	0
0	0	0	0	0	1.106	0	0	0	0
0	0	0	0	0	1.082	0	0	0	0
0	0	0	0	0	0.989	0	0	0	0
0	0	0	0	0	0.867	0	0	0	0
0	0	0	0	0	0.774	0	0	0	0
0	0	0	0	0	0.613	0	0	0	0
0	0	0	0	0	0.542	0	0	0	0
0	0	0	0	0	0.547	0	0	0	0
0	0	0	0	0	0.513	0	0	0	0
0	0	0	0	0	0.474	0	0	0	0
0	0	0	0	0	0.432	0	0	0	0
0	0	0	0	0	0.4	0	0	0	0
0	0	0	0	0	0.381	0	0	0	0
0	0	0	0	0	0.349	0	0	0	0
0	0	0	0	0	0.32	0	0	0	0
0	0	0	0	0	0.295	0	0	0	0
0	0	0	0	0	0.291	0	0	0	0
0	0	0	0	0	0.293	0	0	0	0
0	0	0	0	0	0.291	0	0	0	0
0	0	0	0	0	0.283	0	0	0	0
0	0	0	0	0	0.286	0	0	0	0
0	0	0	0	0	0.286	0	0	0	0
0	0	0	0	0	0.283	0	0	0	0
0	0	0	0	0	0.283	0	0	0	0
0	0	0	0	0	0.308	0	0	0	0
0	0	0	0	0	0.31	0	0	0	0
0	0	0	0	0	0.298	0	0	0	0
0	0	0	0	0	0.286	0	0	0	0
0	0	0	0	0	0.283	0	0	0	0
0	0	0	0	0	0.298	0	0	0	0
0	0	0	0	0	0.391	0	0	0	0
0	0	0	0	0	0.435	0	0	0	0
0	0	0	0	0	0.405	0	0	0	0
