0.298	0.659	0.237	2.852	0.247	0.251	0.247	3.75	0.234	2.686
0.576	3.02	0.237	3.503	0.273	0.344	0.271	3.311	0.232	2.581
1.558	4.231	0.234	3.091	0.427	0.708	0.52	2.771	0.234	2.126
2.439	3.657	0.239	2.783	0.974	2.09	2.427	2.61	0.237	1.992
2.6	2.866	0.264	2.69	2.214	2.744	4.248	2.595	0.239	1.978
2.549	2.625	0.366	2.664	2.632	2.72	3.831	2.573	0.249	1.968
2.458	2.561	1.223	2.605	2.588	2.554	2.864	2.49	0.378	1.941
2.402	2.551	3.098	2.568	2.449	2.517	2.527	2.417	1.333	1.899
2.302	2.512	3.545	2.498	2.383	2.522	2.471	2.31	2.937	1.814
2.212	2.48	2.903	2.395	2.349	2.556	2.441	2.104	3.142	1.702
2.144	2.463	2.275	2.302	2.297	2.593	2.49	1.836	2.542	1.531
2.046	2.31	2.092	2.18	2.283	2.488	2.507	1.626	2.283	1.24
1.873	1.943	2.041	1.992	2.263	2.234	2.578	1.414	2.207	0.974
1.631	1.604	2.024	1.787	2.19	1.941	2.354	1.221	2.148	0.801
1.338	1.343	2.026	1.582	2.014	1.667	1.98	0.989	2.058	0.728
1.001	1.086	1.953	1.208	1.809	1.409	1.738	0.786	2.017	0.635
0.776	0.891	1.775	0.886	1.616	1.028	1.567	0.642	1.895	0.54
0.706	0.73	1.431	0.676	1.35	0.82	1.37	0.508	1.797	0.396
0.583	0.586	1.174	0.63	1.013	0.686	1.14	0.369	1.624	0.327
0.415	0.498	1.001	0.532	0.854	0.591	1.06	0.271	1.331	0.3
0.317	0.369	0.791	0.369	0.688	0.427	0.896	0.264	1.035	0.286
0.278	0.281	0.679	0.291	0.566	0.31	0.686	0.269	0.796	0.288
0.264	0.256	0.632	0.291	0.469	0.271	0.554	0.249	0.728	0.271
0.254	0.261	0.493	0.283	0.347	0.276	0.391	0.237	0.591	0.256
0.239	0.254	0.347	0.269	0.283	0.261	0.308	0.22	0.437	0.256
0.234	0.237	0.31	0.256	0.278	0.249	0.259	0.249	0.332	0.259
0.232	0.237	0.308	0.249	0.293	0.239	0.256	0.264	0.234	0.259
0.229	0.237	0.293	0.247	0.259	0.237	0.264	0.264	0.195	0.254
0.229	0.237	0.276	0.247	0.247	0.237	0.251	0.264	0.186	0.256
0.229	0.232	0.254	0.249	0.244	0.242	0.247	0.261	0.195	0.256
0.229	0.232	0.242	0.249	0.247	0.244	0.244	0.259	0.168	0.259
0.232	0.229	0.237	0.249	0.244	0.242	0.242	0.259	0.156	0.256
0.232	0.232	0.239	0.244	0.244	0.239	0.239	0.261	0.161	0.259
0.227	0.234	0.239	0.239	0.239	0.234	0.242	0.261	0.19	0.254
0.225	0.232	0.244	0.247	0.242	0.237	0.244	0.266	0.198	0.254
0.229	0.227	0.242	0.249	0.244	0.239	0.244	0.264	0.193	0.256
0.232	0.227	0.239	0.249	0.247	0.242	0.217	0.259	0.193	0.256
0.229	0.225	0.239	0.249	0.247	0.244	0.239	0.259	0.193	0.261
0.227	0.229	0.239	0.249	0.242	0.239	0.242	0.256	0.19	0.264
0.229	0.239	0.244	0.244	0.242	0.239	0.244	0.256	0.193	0.259
0.227	0.242	0.242	0.244	0.303	0.237	0.247	0.259	0.193	0.251
0.234	0.239	0.244	0.249	0.498	0.242	0.247	0.256	0.193	0.251
0.232	0.234	0.239	0.249	0.85	0.244	0.244	0.251	0.186	0.256
0.232	0.229	0.237	0.247	1.223	0.242	0.244	0.222	0.19	0.317
0.229	0.247	0.239	0.244	1.128	0.239	0.242	0.212	0.19	0.549
0.229	0.247	0.242	0.242	1.113	0.234	0.249	0.22	0.19	0.923
0.229	0.244	0.244	0.242	1.191	0.237	0.325	0.222	0.222	1.477
0.232	0.242	0.242	0.244	1.248	0.242	0.562	0.298	0.273	1.609
0.232	0.239	0.239	0.247	1.279	0.244	0.906	0.469	0.593	1.575
0.232	0.244	0.239	0.247	1.304	0.242	1.072	0.898	0.969	1.589
0.229	0.247	0.242	0.244	1.34	0.237	1.16	1.36	1.235	1.589
0.227	0.249	0.244	0.293	1.357	0.234	1.187	1.326	1.274	1.65
0.229	0.247	0.244	0.481	1.367	0.237	1.201	1.279	1.267	1.692
0.232	0.242	0.293	1.311	1.34	0.286	1.211	1.289	1.296	1.711
0.232	0.242	0.344	1.899	1.279	0.378	1.223	1.311	1.331	1.707
0.232	0.244	0.657	1.655	1.152	0.715	1.265	1.348	1.35	1.689
0.232	0.244	0.996	1.501	1.06	1.416	1.299	1.406	1.362	1.589
0.315	0.247	1.289	1.531	1.003	1.616	1.313	1.45	1.362	1.475
0.547	0.247	1.338	1.602	0.889	1.528	1.301	1.477	1.365	1.235
1.084	0.239	1.367	1.724	0.786	1.526	1.301	1.506	1.357	1.084
1.66	0.242	1.389	1.848	0.735	1.587	1.24	1.506	1.355	0.994
1.646	0.242	1.396	1.909	0.676	1.614	1.147	1.519	1.338	0.859
1.594	0.247	1.406	1.931	0.581	1.624	1.101	1.509	1.282	0.769
1.602	0.249	1.414	1.938	0.483	1.624	1.038	1.47	1.189	0.657
1.633	0.247	1.411	1.929	0.4	1.633	0.955	1.401	1.086	0.522
1.65	0.244	1.404	1.78	0.298	1.631	0.842	1.304	0.906	0.388
1.677	0.239	1.409	1.597	0.259	1.606	0.71	1.201	0.693	0.352
1.682	0.244	1.377	1.421	0.256	1.458	0.625	1.057	0.593	0.31
1.682	0.247	1.287	1.321	0.247	1.277	0.557	0.886	0.532	0.273
1.682	0.247	1.155	1.23	0.244	1.052	0.532	0.72	0.442	0.259
1.646	0.247	1.082	1.138	0.242	0.859	0.444	0.63	0.359	0.251
1.567	0.247	0.955	0.947	0.244	0.774	0.354	0.603	0.244	0.251
1.443	0.244	0.808	0.789	0.247	0.723	0.342	0.53	0.247	0.256
1.304	0.244	0.732	0.654	0.249	0.647	0.374	0.466	0.229	0.256
1.174	0.247	0.671	0.598	0.242	0.525	0.283	0.347	0.183	0.249
1.047	0.298	0.571	0.51	0.242	0.361	0.251	0.315	0.178	0.244
0.955	0.371	0.439	0.454	0.244	0.269	0.247	0.308	0.178	0.242
0.835	0.662	0.305	0.381	0.247	0.259	0.244	0.283	0.176	0.247
0.745	0.989	0.269	0.298	0.247	0.254	0.239	0.273	0.173	0.251
0.62	1.152	0.273	0.271	0.249	0.247	0.242	0.269	0.173	0.254
0.54	1.174	0.249	0.271	0.242	0.242	0.239	0.269	0.171	0.254
0.396	1.199	0.244	0.251	0.242	0.237	0.239	0.271	0.168	0.254
0.325	1.201	0.244	0.244	0.242	0.237	0.239	0.273	0.168	0.251
0.332	1.201	0.244	0.244	0.244	0.239	0.239	0.271	0.166	0.251
0.286	1.216	0.239	0.244	0.247	0.239	0.239	0.271	0.164	0.254
0.251	1.226	0.239	0.247	0.244	0.242	0.234	0.271	0.164	0.254
0.234	1.25	0.239	0.242	0.244	0.239	0.237	0.273	0.166	0.254
0.229	1.27	0.244	0.242	0.242	0.239	0.244	0.276	0.171	0.254
0.227	1.279	0.244	0.244	0.242	0.237	0.247	0.278	0.171	0.251
0.227	1.287	0.242	0.247	0.244	0.242	0.244	0.276	0.168	0.251
0.229	1.279	0.239	0.249	0.247	0.242	0.244	0.273	0.166	0.254
0.232	1.284	0.237	0.247	0.247	0.242	0.239	0.271	0.164	0.254
0.227	1.292	0.237	0.244	0.242	0.239	0.242	0.269	0.166	0.251
0.225	1.289	0.242	0.239	0.239	0.237	0.244	0.271	0.168	0.247
0.227	1.191	0.244	0.239	0.242	0.237	0.247	0.273	0.171	0.469
0.229	1.018	0.244	0.244	0.244	0.242	0.247	0.273	0.171	3.23
0.234	0.764	0.237	0.247	0.247	0.244	0.244	0.269	0.168	3.105
0.232	0.659	0.237	0.244	0.244	0.242	0.242	0.269	0.166	2.415
0.232	0.525	0.237	0.244	0.242	0.239	0.244	0.269	0.168	2.219
0.227	0.464	0.239	0.244	0.244	0.237	0.247	0.271	0.166	2.2
0.227	0.378	0.244	0.247	0.288	0.237	0.247	0.273	0.195	1.973
0.232	0.366	0.239	0.315	1.575	0.242	0.247	0.276	1.606	1.689
0.234	0.286	0.237	2.417	2.151	0.244	0.247	0.271	2.1	1.445
0.234	0.256	0.237	3.496	1.919	0.242	0.574	0.273	1.792	1.108
0.227	0.251	0.247	2.952	1.587	0.239	2.808	0.273	1.355	0.95
0.229	0.249	0.391	2.703	1.477	0.237	3.013	0.276	1.191	0.691
0.227	0.244	3.923	2.666	1.399	0.239	2.334	0.347	1.147	0.503
0.232	0.244	4.07	2.654	1.194	0.239	2.102	2.324	1.125	0.479
0.232	0.239	3.062	2.625	1.084	0.244	2.046	2.883	1.099	0.466
0.234	0.244	2.734	2.593	0.952	0.242	2.048	2.112	1.108	0.364
0.41	0.247	2.725	2.39	0.725	0.239	2.029	1.853	1.067	0.281
2.451	0.247	2.72	1.987	0.552	0.237	2.024	1.758	0.928	0.237
2.766	0.244	2.632	1.582	0.496	0.237	1.926	1.692	0.725	0.222
2.288	0.242	2.561	1.13	0.4	0.242	1.653	1.682	0.571	0.227
2.065	0.239	2.476	0.835	0.344	0.244	1.294	1.667	0.469	0.264
2.043	0.242	2.095	0.696	0.315	0.244	0.894	1.663	0.354	0.271
2.017	0.244	1.506	0.613	0.278	0.239	0.679	1.565	0.332	0.273
1.931	0.247	1.069	0.54	0.259	0.237	0.542	1.277	0.322	0.269
1.721	0.244	0.691	0.43	0.247	0.237	0.479	1.021	0.266	0.264
1.462	0.244	0.464	0.315	0.247	0.239	0.437	0.703	0.237	0.264
1.162	0.242	0.439	0.271	0.247	0.242	0.369	0.583	0.212	0.266
0.833	0.244	0.452	0.254	0.244	0.239	0.298	0.474	0.208	0.269
0.605	0.247	0.405	0.247	0.242	0.237	0.266	0.449	0.208	0.266
0.515	0.247	0.354	0.244	0.239	0.237	0.256	0.437	0.212	0.264
0.432	0.247	0.334	0.244	0.244	0.237	0.254	0.388	0.21	0.264
0.332	0.242	0.312	0.247	0.247	0.239	0.251	0.366	0.208	0.269
0.286	0.249	0.291	0.249	0.247	0.242	0.247	0.342	0.21	0.271
0.259	0.356	0.266	0.247	0.244	0.242	0.247	0.31	0.212	0.269
0.222	1.992	0.259	0.244	0.242	0.237	0.247	0.278	0.212	0.269
0.203	2.495	0.256	0.242	0.239	0.239	0.249	0.271	0.212	0.261
0.203	2.339	0.259	0.244	0.242	0.237	0.251	0.271	0.212	0.237
0.205	2.178	0.249	0.247	0.244	0.239	0.249	0.266	0.21	0.234
0.203	2.146	0.242	0.249	0.247	0.244	0.247	0.264	0.203	0.239
0.203	2.104	0.237	0.247	0.249	0.242	0.247	0.261	0.2	0.244
0.203	2	0.244	0.244	0.244	0.239	0.247	0.261	0.208	0.232
0.2	1.855	0.247	0.242	0.244	0.237	0.249	0.264	0.215	0.229
0.203	1.648	0.244	0.244	0.244	0.239	0.251	0.266	0.212	0.225
0.205	1.387	0.242	0.249	0.247	0.242	0.249	0.264	0.212	0.225
0.205	1.104	0.237	0.251	0.249	0.242	0.249	0.259	0.21	0.227
0.22	0.869	0.237	0.249	0.244	0.244	0.247	0.261	0.212	0.229
0.222	0.671	0.239	0.247	0.242	0.239	0.247	0.261	0.212	0.229
0.225	0.522	0.239	0.244	0.239	0.239	0.249	0.264	0.217	0.225
0.227	0.417	0.237	0.244	0.242	0.239	0.249	0.269	0.22	0.227
0.229	0.361	0.239	0.249	0.244	0.244	0.249	0.264	0.22	0.229
0.232	0.327	0.237	0.247	0.244	0.244	0.249	0.259	0.217	0.225
0.232	0.286	0.237	0.247	0.242	0.244	0.244	0.259	0.217	0.225
0.229	0.261	0.234	0.242	0.239	0.239	0.247	0.259	0.212	0.22
0.229	0.249	0.242	0.244	0.239	0.239	0.247	0.264	0.212	0.21
0.227	0.244	0.244	0.244	0.239	0.239	0.249	0.266	0.212	0.2
0.232	0.244	0.239	0.247	0.244	0.242	0.251	0.266	0.208	0.203
0.234	0.244	0.239	0.251	0.247	0.244	0.247	0.264	0.208	0.205
0.234	0.244	0.237	0.247	0.242	0.242	0.244	0.261	0.212	0.208
0.232	0.247	0.239	0.244	0.239	0.237	0.247	0.261	0.222	0.21
0.229	0.251	0.239	0.242	0.239	0.234	0.249	0.264	0.225	0.261
0.229	0.249	0.242	0.244	0.242	0.237	0.251	0.269	0.256	0.283
0.229	0.247	0.239	0.247	0.247	0.242	0.249	0.269	0.3	0.505
0.232	0.244	0.239	0.247	0.247	0.244	0.247	0.266	0.537	0.649
0.234	0.242	0.237	0.247	0.247	0.242	0.244	0.264	0.632	0.688
0.227	0.247	0.239	0.244	0.244	0.239	0.244	0.286	0.811	0.698
0.227	0.249	0.244	0.242	0.244	0.237	0.247	0.371	0.872	0.708
0.229	0.247	0.293	0.244	0.244	0.242	0.251	0.564	0.896	0.742
0.229	0.244	0.364	0.244	0.247	0.239	0.249	0.82	0.913	0.776
0.232	0.244	0.662	0.249	0.249	0.242	0.247	0.876	0.928	0.808
0.229	0.244	1.213	0.247	0.247	0.239	0.247	0.903	0.969	0.83
0.229	0.247	1.082	0.242	0.244	0.237	0.247	1.011	0.981	0.823
0.229	0.247	1.033	0.259	0.242	0.271	0.247	1.016	1.023	0.813
0.227	0.247	1.108	0.303	0.244	1.76	0.249	1.001	1.038	0.808
0.229	0.242	1.152	0.525	0.244	3.608	0.249	0.999	1.038	0.774
0.232	0.242	1.204	0.845	0.247	3.621	0.244	1.021	1.035	0.706
0.229	0.244	1.243	0.808	0.247	3.093	0.242	1.028	0.933	0.615
0.229	0.247	1.25	0.801	0.242	2.925	0.244	1.016	0.801	0.559
0.227	0.234	1.243	0.813	0.239	2.881	0.247	0.994	0.625	0.557
0.227	0.239	1.152	0.828	0.242	2.844	0.251	0.967	0.508	0.525
0.234	0.239	0.962	0.857	0.244	2.81	0.249	0.952	0.422	0.435
0.237	0.237	0.83	0.889	0.247	2.712	0.254	0.854	0.408	0.361
0.227	0.239	0.75	0.894	0.247	2.495	0.256	0.706	0.381	0.254
0.222	0.239	0.645	0.911	0.242	2.139	0.5	0.613	0.283	0.234
0.225	0.244	0.547	0.913	0.239	1.931	0.911	0.571	0.244	0.222
0.227	0.242	0.491	0.898	0.242	1.555	1.14	0.498	0.229	0.222
0.232	0.239	0.447	0.886	0.244	1.184	1.028	0.461	0.229	0.227
0.234	0.237	0.317	0.859	0.249	0.82	1.077	0.33	0.217	0.212
0.229	0.239	0.286	0.754	0.247	0.564	1.096	0.303	0.217	0.205
0.273	0.278	0.286	0.671	0.242	0.5	1.199	0.303	0.22	0.203
0.332	0.374	0.303	0.571	0.239	0.447	1.379	0.293	0.222	0.198
0.566	0.579	0.283	0.488	0.242	0.378	1.523	0.286	0.225	0.19
0.833	0.762	0.254	0.425	0.244	0.352	1.624	0.278	0.225	0.195
0.916	0.784	0.244	0.42	0.242	0.327	1.692	0.278	0.22	0.195
0.923	0.803	0.239	0.33	0.244	0.283	1.704	0.278	0.222	0.193
0.923	0.823	0.242	0.291	0.259	0.256	1.682	0.278	0.222	0.208
0.923	0.847	0.244	0.3	0.249	0.251	1.494	0.281	0.225	0.229
0.92	0.857	0.244	0.305	0.474	0.247	1.238	0.278	0.227	0.242
0.942	0.854	0.242	0.281	0.737	0.251	1.072	0.276	0.217	0.208
0.94	0.852	0.239	0.259	0.876	0.247	0.806	0.273	0.208	0.205
0.947	0.852	0.237	0.251	0.791	0.249	0.723	0.273	0.208	0.2
0.942	0.862	0.239	0.247	0.796	0.239	0.625	0.271	0.21	0.188
0.945	0.864	0.242	0.244	0.854	0.237	0.525	0.273	0.212	0.183
0.955	0.862	0.244	0.244	0.92	0.237	0.486	0.273	0.21	0.178
0.955	0.852	0.242	0.247	0.964	0.239	0.444	0.273	0.208	0.203
0.959	0.818	0.239	0.249	0.996	0.239	0.317	0.273	0.203	0.239
0.925	0.793	0.237	0.249	1.033	0.239	0.293	0.271	0.203	0.251
0.833	0.71	0.239	0.244	1.047	0.237	0.288	0.271	0.203	0.249
0.693	0.654	0.244	0.242	1.045	0.234	0.278	0.273	0.208	0.249
0.527	0.491	0.247	0.244	0.959	0.234	0.291	0.276	0.212	0.249
0.435	0.393	0.244	0.249	0.854	0.237	0.264	0.273	0.205	0.249
0.415	0.361	0.242	0.247	0.73	0.239	0.251	0.273	0.203	0.251
0.312	0.273	0.239	0.247	0.63	0.239	0.247	0.269	0.205	0.254
0.266	0.283	0.242	0.244	0.552	0.237	0.247	0.269	0.208	0.251
0.276	0.276	0.244	0.242	0.488	0.234	0.247	0.273	0.21	0.249
0.266	0.259	0.244	0.242	0.479	0.239	0.249	0.276	0.212	0.249
0.242	0.249	0.244	0.247	0.33	0.242	0.249	0.273	0.21	0.249
0.232	0.244	0.242	0.249	0.295	0.244	0.247	0.271	0.208	0.254
0.232	0.242	0.237	0.247	0.305	0.244	0.244	0.271	0.203	0.254
0.227	0.247	0.239	0.244	0.281	0.239	0.244	0.271	0.208	0.254
0.227	0.244	0.244	0.247	0.256	0.237	0.247	0.273	0.212	0.249
0.229	0.244	0.244	0.244	0.249	0.239	0.251	0.276	0.217	0.247
0.232	0.239	0.244	0.249	0.247	0.244	0.249	0.276	0.215	0.251
0.232	0.237	0.239	0.249	0.244	0.244	0.247	0.273	0.205	0.251
0.229	0.242	0.239	0.244	0.242	0.244	0.244	0.273	0.208	0.254
0.227	0.244	0.242	0.242	0.239	0.242	0.244	0.273	0.21	0.256
0.225	0.244	0.244	0.239	0.239	0.239	0.249	0.273	0.21	0.254
0.239	0.244	0.244	0.244	0.239	0.242	0.249	0.273	0.212	0.256
0.247	0.239	0.239	0.244	0.244	0.244	0.249	0.271	0.21	0.256
0.249	0.239	0.239	0.247	0.247	0.247	0.247	0.269	0.21	0.259
0.247	0.237	0.237	0.244	0.247	0.247	0.244	0.266	0.21	0.259
0.247	0.244	0.239	0.239	0.244	0.244	0.244	0.266	0.212	0.259
0.247	0.242	0.244	0.239	0.242	0.237	0.247	0.269	0.212	0.256
0.244	0.239	0.244	0.242	0.244	0.244	0.249	0.273	0.21	0.254
0.237	0.237	0.244	0.244	0.247	0.244	0.249	0.276	0.21	0.256
0.239	0.237	0.239	0.247	0.247	0.244	0.247	0.271	0.208	0.259
0.249	0.242	0.237	0.244	0.247	0.244	0.244	0.271	0.208	0.261
0.249	0.244	0.242	0.242	0.244	0.242	0.244	0.271	0.208	0.261
0.247	0.244	0.244	0.239	0.244	0.242	0.247	0.271	0.208	0.256
0.249	0.244	0.247	0.242	0.244	0.239	0.249	0.271	0.21	0.256
0.251	0.242	0.242	0.244	0.249	0.244	0.249	0.273	0.21	0.254
0.251	0.242	0.237	0.247	0.249	0.247	0.244	0.271	0.203	0.256
0.254	0.244	0.237	0.244	0.247	0.239	0.244	0.269	0.205	0.259
0.254	0.247	0.239	0.239	0.242	0.242	0.244	0.266	0.21	0.251
0.251	0.247	0.244	0.239	0.244	0.239	0.249	0.269	0.217	0.247
0.254	0.244	0.242	0.239	0.244	0.242	0.249	0.273	0.215	0.247
0.256	0.242	0.242	0.244	0.247	0.244	0.249	0.273	0.212	0.247
0.259	0.239	0.239	0.244	0.249	0.244	0.247	0.269	0.208	0.254
0.256	0.242	0.237	0.239	0.244	0.244	0.244	0.269	0.21	0.256
0.254	0.247	0.239	0.242	0.242	0.239	0.244	0.266	0.215	0.256
0.251	0.247	0.244	0.239	0.244	0.239	0.249	0.269	0.212	0.254
0.254	0.247	0.244	0.244	0.242	0.273	0.249	0.273	0.3	0.254
0.256	0.244	0.242	0.244	0.244	0.496	0.249	0.273	0.488	0.254
0.259	0.237	0.237	0.247	0.244	0.864	0.247	0.271	2.158	0.256
0.256	0.247	0.237	0.244	0.247	1.24	0.244	0.273	3.601	0.259
0.254	0.249	0.237	0.242	0.242	1.233	0.244	0.334	3.386	0.259
0.251	0.247	0.239	0.239	0.244	1.177	0.249	0.61	3.098	0.256
0.251	0.247	0.244	0.239	0.242	1.184	0.249	2.058	2.993	0.256
0.254	0.244	0.247	0.247	0.247	1.204	0.249	2.666	2.971	0.254
0.256	0.242	0.315	0.247	0.247	1.177	0.247	2.456	2.878	0.256
0.254	0.244	0.637	0.244	0.242	1.128	0.247	2.158	2.688	0.259
0.251	0.247	2.524	0.239	0.242	1.108	0.244	2.092	2.393	0.256
0.249	0.249	3.503	0.239	0.244	1.086	0.249	2.053	1.917	0.251
0.249	0.247	3.462	0.244	0.244	1.079	0.249	2.021	1.494	0.251
0.251	0.244	3.293	0.247	0.247	1.018	0.247	1.887	1.25	0.254
0.254	0.244	3.154	0.244	0.247	0.85	0.247	1.677	0.93	0.254
0.254	0.244	3.042	0.244	0.247	0.691	0.244	1.47	0.776	0.256
0.251	0.247	2.966	0.242	0.244	0.544	0.244	1.199	0.632	0.251
0.249	0.249	2.871	0.239	0.242	0.432	0.249	0.962	0.625	0.249
0.251	0.247	2.512	0.242	0.244	0.422	0.247	0.801	0.667	0.249
0.251	0.244	2.031	0.244	0.247	0.337	0.249	0.632	0.632	0.249
0.251	0.244	1.511	0.247	0.247	0.286	0.247	0.593	0.425	0.251
0.254	0.244	1.055	0.244	0.244	0.273	0.247	0.659	0.273	0.364
0.247	0.247	0.874	0.242	0.244	0.264	0.244	0.649	0.229	0.715
0.249	0.249	0.774	0.237	0.242	0.251	0.249	0.518	0.22	2.93
0.251	0.247	0.608	0.239	0.244	0.251	0.251	0.359	0.227	3.804
0.254	0.244	0.571	0.244	0.247	0.249	0.249	0.273	0.217	3.267
0.254	0.239	0.593	0.247	0.249	0.247	0.244	0.251	0.212	2.998
0.254	0.244	0.457	0.244	0.247	0.247	0.244	0.251	0.212	2.886
0.251	0.244	0.305	0.239	0.244	0.242	0.247	0.254	0.212	2.766
0.251	0.254	0.261	0.239	0.242	0.239	0.249	0.251	0.215	2.549
0.254	0.247	0.256	0.244	0.244	0.242	0.249	0.249	0.217	2.351
0.254	0.244	0.247	0.322	0.247	0.244	0.249	0.247	0.212	2.126
0.256	0.239	0.239	0.376	0.249	0.247	0.247	0.244	0.212	1.736
0.256	0.244	0.239	0.703	0.247	0.244	0.244	0.239	0.21	1.426
0.251	0.247	0.244	1.631	0.244	0.239	0.244	0.237	0.212	1.199
0.251	0.249	0.244	1.975	0.242	0.239	0.249	0.239	0.215	0.896
0.251	0.242	0.244	2.039	0.244	0.239	0.251	0.244	0.217	0.769
0.254	0.239	0.242	2.078	0.244	0.244	0.247	0.244	0.215	0.701
0.254	0.242	0.237	2.104	0.249	0.247	0.247	0.242	0.215	0.691
0.254	0.244	0.237	2.112	0.244	0.247	0.244	0.239	0.212	0.718
0.251	0.247	0.242	2.104	0.244	0.239	0.244	0.239	0.215	0.535
0.251	0.247	0.244	2.075	0.244	0.239	0.247	0.242	0.22	0.359
0.254	0.242	0.247	2.043	0.244	0.244	0.251	0.242	0.22	0.281
0.256	0.286	0.242	2	0.247	0.242	0.251	0.244	0.217	0.271
0.256	0.359	0.239	1.907	0.249	0.247	0.244	0.239	0.215	0.271
0.254	0.935	0.239	1.682	0.247	0.244	0.244	0.237	0.215	0.259
0.251	2.004	0.242	1.414	0.244	0.244	0.244	0.237	0.212	0.254
0.251	2.292	0.244	1.069	0.244	0.239	0.249	0.239	0.217	0.247
0.251	2.036	0.244	0.872	0.244	0.242	0.251	0.247	0.217	0.249
0.254	1.746	0.242	0.713	0.247	0.244	0.249	0.244	0.215	0.249
0.254	1.682	0.239	0.671	0.339	0.249	0.247	0.239	0.21	0.254
0.254	1.667	0.242	0.688	0.625	0.244	0.242	0.234	0.21	0.256
0.249	1.648	0.242	0.554	1.951	0.239	0.247	0.237	0.212	0.251
0.249	1.631	0.242	0.369	3.035	0.239	0.247	0.239	0.215	0.251
0.251	1.519	0.244	0.273	3.013	0.242	0.249	0.239	0.217	0.254
0.254	1.279	0.242	0.266	2.764	0.247	0.249	0.239	0.215	0.249
0.254	1.096	0.237	0.264	2.7	0.247	0.244	0.237	0.21	0.249
0.254	0.869	0.237	0.249	2.644	0.244	0.244	0.232	0.21	0.249
0.251	0.735	0.242	0.244	2.439	0.242	0.244	0.234	0.215	0.244
0.249	0.603	0.244	0.242	2.229	0.242	0.247	0.234	0.217	0.244
0.251	0.493	0.247	0.242	2.078	0.242	0.249	0.234	0.22	0.247
0.254	0.53	0.242	0.247	1.904	0.247	0.247	0.232	0.215	0.244
0.254	0.537	0.237	0.249	1.616	0.247	0.247	0.234	0.212	0.249
0.251	0.435	0.239	0.247	1.406	0.244	0.244	0.232	0.212	0.249
0.249	0.303	0.242	0.242	1.221	0.242	0.244	0.229	0.215	0.249
0.251	0.261	0.244	0.242	0.979	0.239	0.247	0.232	0.217	0.247
0.254	0.249	0.244	0.244	0.791	0.242	0.251	0.232	0.217	0.244
0.256	0.242	0.242	0.247	0.659	0.244	0.249	0.229	0.215	0.254
0.254	0.242	0.239	0.249	0.576	0.247	0.32	0.227	0.21	0.254
0.254	0.244	0.237	0.244	0.61	0.247	0.43	0.227	0.21	0.254
0.251	0.249	0.239	0.242	0.627	0.242	0.991	0.229	0.21	0.251
0.251	0.247	0.239	0.242	0.474	0.239	2.031	0.229	0.215	0.249
0.251	0.244	0.242	0.244	0.315	0.239	2.312	0.229	0.215	0.249
0.256	0.242	0.239	0.247	0.271	0.244	2.234	0.232	0.215	0.249
0.259	0.244	0.237	0.247	0.266	0.247	2.209	0.229	0.208	0.251
0.254	0.244	0.239	0.244	0.264	0.247	2.251	0.229	0.208	0.254
0.251	0.247	0.242	0.242	0.249	0.239	2.275	0.225	0.212	0.251
0.251	0.247	0.244	0.244	0.244	0.239	2.292	0.225	0.217	0.249
0.251	0.244	0.244	0.242	0.247	0.242	2.234	0.227	0.215	0.249
0.254	0.242	0.244	0.244	0.249	0.244	2.07	0.227	0.21	0.251
0.256	0.244	0.239	0.247	0.249	0.249	1.785	0.225	0.21	0.251
0.254	0.244	0.239	0.244	0.247	0.244	1.472	0.222	0.21	0.254
0.251	0.247	0.239	0.242	0.244	0.242	1.228	0.217	0.215	0.251
0.249	0.247	0.244	0.239	0.242	0.327	1.033	0.227	0.215	0.249
0.249	0.244	0.244	0.242	0.244	0.476	0.825	0.232	0.212	0.249
0.251	0.244	0.242	0.247	0.247	1.919	0.642	0.237	0.208	0.249
0.256	0.242	0.239	0.247	0.249	3.235	0.618	0.234	0.208	0.251
0.251	0.244	0.239	0.244	0.247	3.057	0.652	0.232	0.208	0.251
0.247	0.247	0.242	0.242	0.244	2.407	0.62	0.229	0.21	0.249
0.247	0.247	0.247	0.242	0.242	2.197	0.447	0.232	0.21	0.249
0.251	0.244	0.244	0.244	0.244	2.144	0.3	0.237	0.21	0.247
0.254	0.239	0.242	0.244	0.249	2.136	0.266	0.237	0.205	0.249
0.251	0.239	0.242	0.247	0.249	2.148	0.259	0.234	0.203	0.251
0.251	0.242	0.239	0.244	0.249	2.134	0.251	0.234	0.203	0.251
0.249	0.247	0.242	0.242	0.247	2.129	0.249	0.234	0.205	0.251
0.249	0.247	0.244	0.239	0.244	2.095	0.249	0.237	0.21	0.251
0.249	0.244	0.247	0.242	0.247	1.946	0.251	0.239	0.212	0.249
0.251	0.239	0.242	0.247	0.249	1.602	0.251	0.239	0.205	0.254
0.254	0.239	0.239	0.249	0.251	1.367	0.247	0.352	0.203	0.254
0.249	0.242	0.239	0.244	0.247	1.218	0.247	0.623	0.322	0.256
0.249	0.247	0.239	0.239	0.247	1.021	0.244	2.405	0.518	0.254
0.247	0.247	0.242	0.239	0.244	0.808	0.247	4.077	2.148	0.251
0.249	0.244	0.308	0.244	0.244	0.652	0.249	4.026	3.77	0.251
0.254	0.239	0.435	0.244	0.249	0.564	0.247	3.594	3.691	0.251
0.303	0.239	1.975	0.247	0.249	0.625	0.247	3.354	3.25	0.254
0.391	0.244	3.489	0.244	0.247	0.63	0.247	3.135	3.105	0.254
1.042	0.244	3.433	0.239	0.244	0.464	0.239	2.883	2.854	0.251
2.256	0.247	3.215	0.242	0.244	0.303	0.249	2.72	2.476	0.249
2.49	0.244	3.145	0.242	0.247	0.281	0.249	2.485	2.285	0.249
2.234	0.239	3.057	0.247	0.247	0.293	0.249	2.166	1.946	0.251
2.024	0.242	2.683	0.247	0.249	0.283	0.247	1.843	1.619	0.254
1.88	0.244	2.358	0.244	0.247	0.266	0.244	1.472	1.35	0.256
1.677	0.247	2.129	0.242	0.244	0.259	0.247	0.991	1.155	0.254
1.516	0.247	1.86	0.244	0.244	0.244	0.249	0.691	1.042	0.303
1.392	0.244	1.575	0.242	0.244	0.244	0.251	0.535	0.967	0.381
1.287	0.242	1.284	0.247	0.249	0.244	0.249	0.469	0.862	1.997
1.111	0.242	1.042	0.247	0.247	0.247	0.247	0.457	0.652	3.845
0.916	0.244	0.872	0.242	0.247	0.244	0.244	0.342	0.515	3.437
0.708	0.247	0.811	0.242	0.244	0.239	0.244	0.281	0.432	2.891
0.601	0.247	0.642	0.239	0.244	0.239	0.249	0.266	0.378	2.449
0.513	0.244	0.491	0.244	0.247	0.242	0.247	0.276	0.303	2.256
0.508	0.242	0.396	0.247	0.247	0.244	0.249	0.271	0.286	1.96
0.503	0.239	0.342	0.247	0.249	0.249	0.244	0.266	0.266	1.68
0.374	0.244	0.3	0.244	0.247	0.247	0.242	0.251	0.261	1.418
0.254	0.244	0.303	0.239	0.244	0.239	0.244	0.249	0.264	1.096
0.244	0.244	0.305	0.239	0.242	0.237	0.249	0.249	0.266	0.955
0.232	0.244	0.293	0.242	0.244	0.239	0.249	0.244	0.266	0.72
0.232	0.242	0.293	0.247	0.247	0.244	0.249	0.247	0.249	0.574
0.225	0.239	0.288	0.247	0.249	0.244	0.247	0.247	0.254	0.537
0.217	0.242	0.283	0.244	0.247	0.242	0.244	0.234	0.261	0.454
0.22	0.247	0.288	0.266	0.242	0.239	0.244	0.237	0.261	0.391
0.222	0.247	0.288	0.322	0.244	0.237	0.244	0.247	0.266	0.369
0.225	0.242	0.288	0.688	0.244	0.239	0.247	0.244	0.271	0.361
0.229	0.239	0.288	2.793	0.249	0.242	0.247	0.249	0.269	0.361
0.229	0.239	0.288	3.472	0.249	0.242	0.244	0.249	0.269	0.334
0.229	0.244	0.286	3.213	0.247	0.239	0.242	0.251	0.269	0.303
0.225	0.244	0.286	2.937	0.244	0.237	0.244	0.249	0.271	0.3
0.222	0.244	0.291	2.747	0.317	0.237	0.247	0.249	0.273	0.3
0.225	0.244	0.291	2.607	0.366	0.237	0.251	0.251	0.271	0.298
0.227	0.239	0.286	2.466	0.659	0.239	0.247	0.249	0.264	0.298
0.229	0.239	0.281	2.085	3.291	0.242	0.247	0.247	0.259	0.305
0.225	0.242	0.281	1.833	3.765	0.242	0.244	0.247	0.261	0.303
0.225	0.244	0.281	1.577	3.364	0.242	0.244	0.251	0.266	0.298
0.225	0.247	0.286	1.353	3.245	0.239	0.249	0.256	0.251	0.293
0.225	0.244	0.286	1.025	3.22	0.244	0.249	0.256	0.247	0.291
0.225	0.242	0.283	0.779	3.171	0.244	0.247	0.256	0.244	0.293
0.225	0.239	0.281	0.688	3.132	0.247	0.244	0.239	0.242	0.295
0.225	0.244	0.281	0.581	3.008	0.244	0.244	0.215	0.242	0.298
0.222	0.244	0.281	0.474	2.71	0.242	0.244	0.193	0.239	0.295
0.225	0.247	0.286	0.42	2.305	0.242	0.249	0.186	0.247	0.295
0.225	0.242	0.283	0.339	1.926	0.242	0.249	0.186	0.244	0.293
0.229	0.239	0.286	0.3	1.411	0.244	0.249	0.183	0.239	0.291
0.222	0.239	0.283	0.291	1.052	0.247	0.244	0.173	0.237	0.293
0.22	0.244	0.286	0.3	0.884	0.244	0.244	0.171	0.237	0.298
0.217	0.244	0.288	0.283	0.767	0.239	0.244	0.168	0.237	0.298
0.215	0.247	0.288	0.278	0.637	0.237	0.249	0.168	0.239	0.293
0.227	0.244	0.291	0.281	0.583	0.242	0.249	0.232	0.234	0.295
0.225	0.242	0.288	0.283	0.449	0.244	0.249	0.247	0.234	0.295
0.22	0.276	0.283	0.286	0.366	0.244	0.244	0.249	0.232	0.298
0.22	0.417	0.281	0.283	0.33	0.244	0.247	0.247	0.232	0.3
0.22	0.74	0.286	0.281	0.317	0.239	0.244	0.256	0.234	0.3
0.222	1.865	0.286	0.281	0.31	0.239	0.249	0.256	0.239	0.298
0.225	2.478	0.286	0.288	0.298	0.239	0.249	0.256	0.239	0.295
0.225	2.4	0.286	0.288	0.295	0.244	0.249	0.249	0.239	0.295
0.227	2.195	0.283	0.288	0.298	0.244	0.244	0.222	0.239	0.298
0.227	2.051	0.283	0.286	0.293	0.244	0.244	0.212	0.234	0.303
0.222	1.87	0.286	0.278	0.286	0.237	0.244	0.205	0.237	0.3
0.22	1.697	0.291	0.278	0.286	0.237	0.249	0.203	0.242	0.298
0.222	1.55	0.291	0.281	0.288	0.239	0.249	0.217	0.239	0.298
0.225	1.27	0.288	0.286	0.291	0.244	0.249	0.232	0.237	0.298
0.227	1.077	0.286	0.286	0.288	0.244	0.244	0.227	0.234	0.3
0.229	0.935	0.286	0.283	0.286	0.242	0.244	0.225	0.234	0.3
0.229	0.874	0.291	0.276	0.283	0.239	0.242	0.225	0.237	0.295
0.229	0.806	0.293	0.276	0.281	0.239	0.247	0.222	0.237	0.295
0.234	0.632	0.291	0.278	0.283	0.242	0.247	0.222	0.237	0.295
0.237	0.481	0.283	0.281	0.283	0.244	0.247	0.225	0.232	0.295
0.239	0.366	0.278	0.283	0.288	0.244	0.244	0.222	0.237	0.3
0.234	0.325	0.281	0.281	0.283	0.244	0.244	0.22	0.247	0.298
0.232	0.295	0.286	0.281	0.281	0.239	0.244	0.225	0.237	0.293
0.227	0.31	0.288	0.283	0.281	0.239	0.249	0.225	0.247	0.291
0.232	0.273	0.291	0.283	0.281	0.242	0.247	0.227	0.247	0.291
0.234	0.247	0.288	0.286	0.283	0.244	0.247	0.225	0.239	0.293
0.234	0.239	0.286	0.288	0.283	0.293	0.244	0.222	0.234	0.293
0.232	0.242	0.288	0.286	0.283	0.361	0.244	0.217	0.322	0.293
0.229	0.244	0.293	0.283	0.31	1.099	0.244	0.22	0.571	0.288
0.227	0.247	0.291	0.283	0.278	3.499	0.247	0.22	2.771	0.283
0.232	0.242	0.288	0.286	0.281	3.611	0.251	0.217	3.672	0.283
0.237	0.242	0.288	0.283	0.286	3.174	0.247	0.217	3.154	0.286
0.239	0.239	0.288	0.278	0.286	3.035	0.247	0.212	2.81	0.288
0.239	0.242	0.283	0.278	0.283	2.969	0.244	0.212	2.693	0.293
0.234	0.244	0.286	0.273	0.283	2.786	0.244	0.215	2.549	0.291
0.239	0.244	0.291	0.273	0.281	2.571	0.276	0.215	2.405	0.286
0.237	0.242	0.288	0.278	0.283	2.341	0.371	0.342	2.256	0.286
0.239	0.239	0.286	0.281	0.286	2.073	0.63	0.544	2.036	0.342
0.239	0.242	0.283	0.281	0.286	1.838	1.841	2.896	1.831	0.491
0.239	0.244	0.286	0.278	0.283	1.584	3.22	3.494	1.567	3.218
0.234	0.247	0.286	0.276	0.281	1.313	3.245	2.756	1.318	4.219
0.234	0.244	0.286	0.276	0.281	1.086	3.135	2.463	1.157	3.384
0.237	0.242	0.288	0.276	0.278	1.013	3.198	2.371	0.935	3.188
0.242	0.242	0.286	0.281	0.278	0.92	3.218	2.346	0.725	3.162
0.239	0.242	0.281	0.283	0.278	0.759	3.115	2.263	0.598	3.142
0.237	0.244	0.278	0.278	0.278	0.576	2.856	2.095	0.503	3.145
0.232	0.247	0.283	0.278	0.276	0.469	2.583	1.802	0.469	3.123
0.232	0.247	0.286	0.278	0.276	0.383	2.302	1.519	0.422	2.891
0.234	0.244	0.286	0.281	0.281	0.325	1.907	1.245	0.403	2.51
0.237	0.242	0.286	0.283	0.283	0.303	1.667	0.977	0.405	2.217
0.237	0.242	0.281	0.286	0.281	0.305	1.353	0.825	0.393	1.941
0.237	0.244	0.281	0.283	0.278	0.31	1.121	0.796	0.291	1.604
0.234	0.247	0.286	0.283	0.278	0.298	0.952	0.784	0.249	1.287
0.234	0.249	0.291	0.283	0.278	0.295	0.754	0.72	0.237	0.933
0.239	0.244	0.288	0.283	0.278	0.295	0.52	0.625	0.251	0.735
0.239	0.239	0.283	0.286	0.369	0.293	0.415	0.522	0.254	0.654
0.239	0.242	0.281	0.288	0.525	0.288	0.369	0.444	0.251	0.588
0.237	0.244	0.286	0.42	2.795	0.288	0.354	0.417	0.251	0.464
0.232	0.247	0.286	0.596	4.346	0.286	0.332	0.425	0.256	0.349
0.232	0.244	0.288	1.553	3.091	0.283	0.33	0.415	0.264	0.31
0.234	0.239	0.286	2.878	2.559	0.286	0.337	0.298	0.259	0.327
0.237	0.234	0.286	2.52	2.476	0.286	0.334	0.249	0.259	0.305
0.234	0.237	0.278	1.936	2.476	0.286	0.327	0.234	0.256	0.286
0.234	0.242	0.281	1.772	2.473	0.283	0.327	0.229	0.259	0.283
0.229	0.247	0.283	1.714	2.427	0.281	0.325	0.229	0.261	0.278
0.232	0.247	0.283	1.643	2.229	0.278	0.33	0.229	0.264	0.273
0.232	0.247	0.283	1.509	2.046	0.283	0.33	0.229	0.264	0.273
0.232	0.239	0.281	1.367	1.726	0.288	0.327	0.229	0.259	0.278
0.227	0.242	0.276	1.289	1.436	0.286	0.325	0.227	0.256	0.278
0.22	0.244	0.278	1.118	1.169	0.283	0.322	0.225	0.259	0.2
0.212	0.247	0.278	0.952	0.923	0.278	0.322	0.227	0.254	0.178
0.212	0.247	0.283	0.818	0.806	0.278	0.325	0.232	0.261	0.171
0.225	0.242	0.286	0.723	0.774	0.281	0.327	0.232	0.266	0.168
0.247	0.242	0.283	0.698	0.698	0.283	0.325	0.229	0.261	0.171
0.42	0.239	0.278	0.706	0.63	0.283	0.327	0.225	0.259	0.173
1.836	0.242	0.281	0.632	0.52	0.281	0.325	0.225	0.259	0.176
3.352	0.403	0.281	0.625	0.425	0.278	0.33	0.227	0.261	0.173
3.25	0.61	0.283	0.564	0.388	0.278	0.332	0.229	0.264	0.171
3.088	3.069	0.286	0.53	0.398	0.281	0.332	0.232	0.264	0.171
3.086	3.726	0.283	0.491	0.376	0.283	0.332	0.229	0.259	0.171
3.103	2.651	0.281	0.442	0.273	0.286	0.327	0.227	0.259	0.176
3.062	2.271	0.278	0.393	0.251	0.283	0.322	0.227	0.259	0.176
2.986	2.173	0.281	0.396	0.242	0.281	0.325	0.229	0.261	0.173
2.959	2.129	0.286	0.391	0.237	0.281	0.33	0.232	0.264	0.171
2.725	2.075	0.286	0.286	0.239	0.278	0.332	0.232	0.264	0.168
2.234	1.975	0.283	0.256	0.244	0.283	0.327	0.234	0.264	0.171
1.882	1.887	0.278	0.249	0.244	0.283	0.315	0.232	0.259	0.176
1.584	1.829	0.281	0.244	0.244	0.283	0.303	0.232	0.261	0.173
1.282	1.67	0.283	0.242	0.239	0.283	0.3	0.232	0.261	0.171
1.033	1.343	0.286	0.242	0.239	0.283	0.305	0.229	0.264	0.168
0.715	1.091	0.283	0.247	0.242	0.286	0.305	0.232	0.264	0.168
0.51	0.884	0.281	0.247	0.244	0.286	0.303	0.229	0.259	0.168
0.442	0.789	0.278	0.247	0.244	0.288	0.303	0	0.259	0.171
0.332	0.691	0.278	0.247	0.244	0.288	0.3	0	0.259	0.171
0.278	0.627	0.4	0.242	0.239	0.283	0.303	0	0.261	0.168
0.271	0.527	0.63	0.242	0.242	0.283	0.305	0	0.518	0.168
0.254	0.452	2.952	0.244	0.242	0.286	0.305	0	0.488	0.168
0.249	0.41	3.835	0.247	0.247	0.286	0.305	0	1.052	0.168
0.254	0.388	3.286	0.247	0.247	0.288	0.303	0	0	0.171
0.256	0.43	3.079	0.247	0.242	0.286	0.3	0	0	0.222
0.256	0.403	3.015	0.242	0.237	0.283	0.3	0	0	0.234
0.256	0.286	2.913	0.242	0.237	0.286	0.305	0	0	0.237
0.254	0.254	2.739	0.244	0.242	0.286	0.308	0	0	0.256
0.251	0.242	2.607	0.247	0.247	0.288	0.303	0	0	0.266
0.244	0.239	2.458	0.247	0.247	0.288	0.3	0	0	0.271
0.242	0.244	2.339	0.244	0.242	0.288	0.3	0	0	0
0.237	0.244	2.212	0.242	0.242	0.286	0.3	0	0	0
0.237	0.247	1.965	0.242	0.239	0.283	0.303	0	0	0
0.239	0.244	1.66	0.247	0.244	0.283	0.303	0	0	0
0.249	0.239	1.35	0.247	0.244	0.286	0.3	0	0	0
0.247	0.239	1.143	0.247	0.244	0.286	0.298	0	0	0
0.244	0.242	0.942	0.244	0.244	0.283	0.298	0	0	0
0.239	0.244	0.767	0.242	0.242	0.278	0.3	0	0	0
0.237	0.244	0.701	0.242	0.242	0.281	0.3	0	0	0
0.239	0.242	0.657	0.244	0.242	0.281	0.3	0	0	0
0.242	0.237	0.581	0.247	0.244	0.283	0.303	0	0	0
0.242	0.239	0.51	0.249	0.244	0.286	0.3	0	0	0
0.239	0.242	0.471	0.244	0.242	0.317	0.298	0	0	0
0.234	0.244	0.447	0.244	0.242	0.417	0.3	0	0	0
0.237	0.242	0.435	0.244	0.242	1.829	0.303	0	0	0
0.237	0.239	0.422	0.247	0.244	3.975	0.303	0	0	0
0.234	0.237	0.3	0.247	0	3.269	0.3	0	0	0
0.229	0.239	0.254	0.247	0	2.832	0.3	0	0	0
0.225	0.242	0.244	0.244	0	2.715	0.3	0	0	0
0.229	0.244	0.247	0.239	0	2.649	0.303	0	0	0
0.234	0.244	0.249	0.242	0	2.537	0.303	0	0	0
0.234	0.242	0.249	0.244	0	2.346	0.303	0	0	0
0.239	0.237	0.247	0.249	0	2.117	0.303	0	0	0
0.244	0.239	0.244	0.247	0	1.904	0.3	0	0	0
0.239	0.239	0.244	0.244	0	1.445	0.298	0	0	0
0.234	0.244	0.247	0.244	0	1.138	0.303	0	0	0
0.232	0.244	0.249	0.244	0	0.857	0.303	0	0	0
0.232	0.239	0.249	0.247	0	0.752	0.305	0	0	0
0.237	0.237	0.247	0.247	0	0.681	0.303	0	0	0
0.264	0.237	0.244	0.247	0	0.635	0.298	0	0	0
0.273	0.239	0.244	0.244	0	0.522	0.352	0	0	0
0.276	0.244	0.244	0.242	0	0.405	0.513	0	0	0
0.278	0.239	0.247	0.242	0	0.308	3.335	0	0	0
0.281	0.239	0.244	0.244	0	0.266	4.453	0	0	0
0.281	0.237	0.242	0.247	0	0.305	3.782	0	0	0
0.281	0.234	0.242	0.247	0	0.334	3.613	0	0	0
0.276	0.239	0.242	0.242	0	0.271	3.586	0	0	0
0.278	0.242	0.244	0.242	0	0.244	3.511	0	0	0
0.378	0.244	0.247	0.239	0	0.232	3.489	0	0	0
2.053	0.239	0.247	0.244	0	0.234	3.462	0	0	0
4.189	0.234	0.244	0.247	0	0.232	3.391	0	0	0
3.557	0.237	0.237	0.247	0	0.227	3.159	0	0	0
3.086	0.239	0.242	0.244	0	0.227	2.83	0	0	0
3.015	0.244	0	0	0	0.227	2.302	0	0	0
2.937	0.244	0	0	0	0.229	1.899	0	0	0
2.9	0.239	0	0	0	0.229	1.455	0	0	0
2.859	0.237	0	0	0	0.234	1.011	0	0	0
2.646	0.237	0	0	0	0.232	0.767	0	0	0
2.319	0.239	0	0	0	0.234	0.649	0	0	0
2.083	0.244	0	0	0	0.232	0.522	0	0	0
1.68	0.242	0	0	0	0.232	0.376	0	0	0
1.396	0.239	0	0	0	0.229	0.259	0	0	0
1.174	0	0	0	0	0.222	0.256	0	0	0
0.957	0	0	0	0	0.232	0.3	0	0	0
0.818	0	0	0	0	0.229	0.271	0	0	0
0.737	0	0	0	0	0.229	0.217	0	0	0
0.632	0	0	0	0	0.229	0.212	0	0	0
0.496	0	0	0	0	0.229	0.205	0	0	0
0.391	0	0	0	0	0.232	0.19	0	0	0
0.325	0	0	0	0	0.234	0.2	0	0	0
0.291	0	0	0	0	0.232	0.208	0	0	0
0.283	0	0	0	0	0.227	0.212	0	0	0
0.291	0	0	0	0	0.225	0.212	0	0	0
0.212	0	0	0	0	0.227	0.208	0	0	0
0.166	0	0	0	0	0.229	0.217	0	0	0
0.166	0	0	0	0	0.229	0.22	0	0	0
0.176	0	0	0	0	0.229	0.227	0	0	0
0.173	0	0	0	0	0.227	0.229	0	0	0
0.181	0	0	0	0	0.227	0.232	0	0	0
0.2	0	0	0	0	0.227	0.229	0	0	0
0.222	0	0	0	0	0.229	0.232	0	0	0
0.212	0	0	0	0	0.232	0.229	0	0	0
0.198	0	0	0	0	0.232	0.232	0	0	0
0.2	0	0	0	0	0.234	0.232	0	0	0
0.217	0	0	0	0	0.234	0.237	0	0	0
0.227	0	0	0	0	0.234	0.237	0	0	0
0.225	0	0	0	0	0.237	0.234	0	0	0
0.225	0	0	0	0	0.234	0.232	0	0	0
0.225	0	0	0	0	0.232	0.229	0	0	0
0.22	0	0	0	0	0.227	0.229	0	0	0
0.225	0	0	0	0	0.227	0.234	0	0	0
0.222	0	0	0	0	0.229	0.232	0	0	0
0.225	0	0	0	0	0.229	0.229	0	0	0
0.225	0	0	0	0	0.232	0.227	0	0	0
0.225	0	0	0	0	0.229	0.229	0	0	0
0.222	0	0	0	0	0.227	0.234	0	0	0
0.225	0	0	0	0	0	0.237	0	0	0
0.225	0	0	0	0	0	0.237	0	0	0
0.227	0	0	0	0	0	0.227	0	0	0
0.229	0	0	0	0	0	0.225	0	0	0
0.229	0	0	0	0	0	0.225	0	0	0
0.227	0	0	0	0	0	0.229	0	0	0
0.227	0	0	0	0	0	0.229	0	0	0
0.232	0	0	0	0	0	0.232	0	0	0
0.237	0	0	0	0	0	0.229	0	0	0
0.234	0	0	0	0	0	0.232	0	0	0
0.234	0	0	0	0	0	0.483	0	0	0
0.229	0	0	0	0	0	0.879	0	0	0
0.232	0	0	0	0	0	0	0	0	0
0.234	0	0	0	0	0	0	0	0	0
0.237	0	0	0	0	0	0	0	0	0
0.234	0	0	0	0	0	0	0	0	0
0.232	0	0	0	0	0	0	0	0	0
0.229	0	0	0	0	0	0	0	0	0
0.229	0	0	0	0	0	0	0	0	0
0.232	0	0	0	0	0	0	0	0	0
0.234	0	0	0	0	0	0	0	0	0
0.232	0	0	0	0	0	0	0	0	0
0.232	0	0	0	0	0	0	0	0	0
0.229	0	0	0	0	0	0	0	0	0
0.229	0	0	0	0	0	0	0	0	0
0.232	0	0	0	0	0	0	0	0	0
0.229	0	0	0	0	0	0	0	0	0
0.232	0	0	0	0	0	0	0	0	0
0.232	0	0	0	0	0	0	0	0	0
0.227	0	0	0	0	0	0	0	0	0
0.227	0	0	0	0	0	0	0	0	0
0.229	0	0	0	0	0	0	0	0	0
0.234	0	0	0	0	0	0	0	0	0
0.237	0	0	0	0	0	0	0	0	0
0.234	0	0	0	0	0	0	0	0	0
0.237	0	0	0	0	0	0	0	0	0
0.237	0	0	0	0	0	0	0	0	0
0.239	0	0	0	0	0	0	0	0	0
0.242	0	0	0	0	0	0	0	0	0
0.239	0	0	0	0	0	0	0	0	0
0.239	0	0	0	0	0	0	0	0	0
0.234	0	0	0	0	0	0	0	0	0
0.234	0	0	0	0	0	0	0	0	0
