0.674	0.625	0.61	0.647	0.627	0.635	0.596	0.547	0.708	0.652
0.674	0.618	0.613	0.654	0.625	0.632	0.591	0.559	0.71	0.652
0.667	0.615	0.615	0.654	0.63	0.632	0.586	0.562	0.706	0.649
0.664	0.618	0.615	0.652	0.632	0.63	0.588	0.557	0.701	0.652
0.664	0.625	0.605	0.649	0.632	0.63	0.588	0.544	0.703	0.647
0.664	0.625	0.598	0.647	0.627	0.637	0.591	0.544	0.706	0.649
0.671	0.627	0.588	0.645	0.62	0.637	0.593	0.549	0.71	0.652
0.681	0.618	0.588	0.645	0.62	0.637	0.593	0.559	0.713	0.652
0.679	0.615	0.588	0.635	0.625	0.635	0.591	0.566	0.71	0.649
0.679	0.613	0.588	0.632	0.625	0.635	0.588	0.571	0.708	0.649
0.674	0.613	0.591	0.63	0.632	0.637	0.593	0.574	0.71	0.647
0.674	0.613	0.598	0.627	0.625	0.645	0.598	0.579	0.713	0.649
0.674	0.61	0.603	0.63	0.62	0.645	0.598	0.581	0.718	0.649
0.679	0.608	0.61	0.632	0.618	0.645	0.593	0.583	0.718	0.647
0.671	0.605	0.615	0.632	0.618	0.645	0.591	0.593	0.71	0.647
0.667	0.608	0.615	0.632	0.62	0.645	0.588	0.586	0.708	0.652
0.667	0.613	0.613	0.632	0.623	0.645	0.593	0.579	0.706	0.647
0.664	0.615	0.615	0.635	0.615	0.652	0.598	0.574	0.71	0.647
0.664	0.613	0.605	0.637	0.613	0.652	0.598	0.564	0.715	0.647
0.667	0.61	0.605	0.637	0.61	0.654	0.596	0.562	0.713	0.647
0.659	0.608	0.608	0.635	0.615	0.649	0.593	0.566	0.708	0.647
0.652	0.615	0.61	0.635	0.62	0.647	0.596	0.559	0.708	0.645
0.649	0.62	0.608	0.627	0.625	0.654	0.598	0.559	0.708	0.642
0.647	0.623	0.605	0.625	0.618	1.067	0.608	0.557	0.713	0.645
0.659	0.615	0.605	0.63	0.618	1.187	0.603	0.557	0.72	0.649
0.725	0.618	0.613	0.659	0.618	1.025	0.603	0.562	0.715	0.652
1.042	0.676	0.618	1.06	0.62	0.923	0.601	0.571	0.732	0.649
1.042	0.752	0.625	1.074	0.625	0.815	0.601	0.569	0.793	0.645
0.898	0.725	0.676	0.955	0.632	0.754	0.601	0.601	0.774	0.645
0.852	0.71	0.723	0.906	0.737	0.688	0.608	0.603	0.754	0.647
0.82	0.681	0.693	0.889	0.847	0.671	0.605	0.591	0.745	0.649
0.801	0.645	0.681	0.881	0.801	0.667	0.691	0.588	0.73	0.657
0.803	0.623	0.659	0.879	0.801	0.657	0.71	0.591	0.718	0.867
0.815	0.608	0.645	0.879	0.796	0.652	0.684	0.583	0.713	1.001
0.815	0.598	0.635	0.874	0.791	0.654	0.652	0.579	0.708	0.94
0.818	0.601	0.632	0.867	0.789	0.654	0.632	0.579	0.701	0.884
0.835	0.591	0.625	0.864	0.789	0.659	0.615	0.581	0.706	0.847
0.828	0.591	0.623	0.864	0.789	0.659	0.605	0.586	0.703	0.83
0.83	0.598	0.625	0.862	0.791	0.654	0.596	0.586	0.703	0.818
0.82	0.598	0.627	0.857	0.776	0.669	0.598	0.583	0.701	0.801
0.811	0.608	0.635	0.852	0.747	0.664	0.603	0.581	0.698	0.803
0.803	0.618	0.632	0.857	0.728	0.649	0.605	0.579	0.701	0.791
0.776	0.613	0.63	0.869	0.72	0.627	0.613	0.579	0.708	0.786
0.764	0.613	0.63	0.835	0.713	0.61	0.615	0.581	0.703	0.784
0.747	0.623	0.63	0.786	0.708	0.591	0.618	0.576	0.72	0.784
0.823	0.632	0.635	0.742	0.713	0.579	0.61	0.576	0.74	0.779
0.779	0.635	0.679	0.713	0.701	0.569	0.608	0.574	0.803	0.784
0.737	0.635	0.664	0.691	0.676	0.559	0.605	0.581	0.806	0.786
0.72	0.63	0.649	0.681	0.659	0.547	0.605	0.586	0.789	0.745
0.706	0.63	0.657	0.671	0.667	0.535	0.632	0.601	0.764	0.732
0.693	0.627	0.652	0.667	0.691	0.576	0.63	0.591	0.745	0.73
0.684	0.632	0.645	0.659	0.686	0.591	0.645	0.591	0.728	0.742
0.679	0.637	0.649	0.652	0.662	0.627	0.632	0.586	0.723	0.735
0.681	0.637	0.635	0.647	0.645	0.647	0.623	0.583	0.725	0.715
0.681	0.64	0.63	0.649	0.632	0.662	0.615	0.586	0.723	0.686
0.679	0.64	0.627	0.649	0.63	0.669	0.608	0.598	0.723	0.667
0.681	0.64	0.627	0.652	0.632	0.671	0.596	0.591	0.718	0.654
0.681	0.647	0.632	0.657	0.635	0.674	0.591	0.586	0.713	0.652
0.679	0.652	0.632	0.657	0.632	0.676	0.601	0.581	0.713	0.649
0.681	0.647	0.625	0.659	0.627	0.681	0.601	0.576	0.72	0.652
0.681	0.645	0.62	0.664	0.625	0.684	0.603	0.579	0.718	0.654
0.681	0.645	0.623	0.657	0.627	0.669	0.601	0.586	0.715	0.659
0.676	0.647	0.625	0.657	0.63	0.674	0.596	0.586	0.715	0.654
0.679	0.647	0.63	0.654	0.635	0.676	0.596	0.588	0.71	0.652
0.679	0.649	0.635	0.647	0.632	0.676	0.603	0.583	0.713	0.649
0.681	0.64	0.625	0.647	0.632	0.684	0.605	0.583	0.72	0.649
0.684	0.64	0.623	0.647	0.63	0.686	0.603	0.583	0.718	0.652
0.686	0.64	0.625	0.649	0.632	0.688	0.603	0.588	0.718	0.654
0.686	0.637	0.632	0.652	0.637	0.686	0.598	0.588	0.713	0.645
0.686	0.637	0.637	0.647	0.637	0.688	0.591	0.583	0.708	0.64
0.684	0.647	0.642	0.642	0.632	0.686	0.598	0.581	0.71	0.64
0.688	0.649	0.632	0.645	0.627	0.691	0.598	0.579	0.72	0.64
0.684	0.647	0.632	0.642	0.623	0.693	0.601	0.581	0.718	0.637
0.686	0.645	0.635	0.645	0.625	0.667	0.598	0.586	0.718	0.649
0.686	0.64	0.637	0.64	0.627	0.64	0.596	0.583	0.718	0.649
0.684	0.645	0.642	0.632	0.625	0.627	0.596	0.576	0.715	0.642
0.681	0.647	0.637	0.632	0.623	0.63	0.598	0.571	0.715	0.635
0.688	0.649	0.632	0.637	0.62	0.632	0.598	0.566	0.718	0.635
0.686	0.647	0.63	0.635	0.62	0.64	0.596	0.562	0.72	0.635
0.684	0.642	0.63	0.64	0.63	0.645	0.591	0.559	0.718	0.637
0.684	0.642	0.635	0.642	0.64	0.637	0.588	0.566	0.715	0.627
0.684	0.64	0.64	0.642	0.64	0.63	0.588	0.574	0.713	0.625
0.684	0.64	0.632	0.64	0.642	0.632	0.591	0.576	0.713	0.625
0.691	0.64	0.627	0.645	0.642	0.632	0.591	0.596	0.718	0.625
0.686	0.642	0.625	0.64	0.642	0.627	0.591	0.662	0.718	0.63
0.688	0.642	0.63	0.649	0.645	0.632	0.588	0.635	0.718	0.63
0.684	0.645	0.632	0.654	0.649	0.63	0.591	0.623	0.715	0.627
0.676	0.654	0.64	0.659	0.647	0.627	0.596	0.684	0.715	0.63
0.669	0.652	0.635	0.662	0.647	0.627	0.593	0.757	0.718	0.627
0.669	0.652	0.635	0.664	0.645	0.627	0.596	0.786	0.713	0.63
0.664	0.647	0.632	0.662	0.64	0.63	0.596	0.823	0.715	0.632
0.669	0.64	0.632	0.667	0.635	0.63	0.593	0.842	0.713	0.63
0.667	0.635	0.635	0.676	0.637	0.63	0.603	0.828	0.708	0.627
0.669	0.642	0.642	0.762	0.635	0.627	0.608	0.791	0.708	0.625
0.669	0.645	0.635	0.779	0.63	0.625	0.63	0.759	0.718	0.63
0.669	0.647	0.63	0.747	0.732	0.627	0.674	0.74	0.71	0.632
0.825	0.642	0.63	0.725	0.781	0.632	0.703	0.732	0.713	0.637
1.008	0.635	0.627	0.713	0.769	0.632	0.71	0.725	0.728	0.632
0.886	0.63	0.63	0.713	0.762	0.635	0.757	0.723	0.769	0.63
0.82	0.637	0.645	0.698	0.757	0.63	0.833	0.72	0.803	0.627
0.767	0.635	0.642	0.688	0.757	0.635	0.862	0.715	0.811	0.627
0.735	0.635	0.635	0.681	0.752	0.635	0.884	0.72	0.815	0.627
0.715	0.637	0.632	0.684	0.747	0.637	0.859	0.725	0.825	0.635
0.703	0.637	0.632	0.686	0.754	0.637	0.825	0.696	0.828	0.63
0.693	0.64	0.637	0.686	0.752	0.642	0.806	0.652	0.803	0.63
0.688	0.645	0.64	0.684	0.754	0.623	0.796	0.625	0.774	0.63
0.688	0.645	0.686	0.681	0.742	0.618	0.793	0.603	0.759	0.632
0.681	0.647	0.732	0.674	0.737	0.613	0.791	0.588	0.747	0.635
0.681	0.645	0.752	0.669	0.74	0.605	0.789	0.579	0.74	0.642
0.684	0.647	0.764	0.657	0.745	0.601	0.781	0.576	0.73	0.635
0.681	0.647	0.779	0.649	0.747	0.588	0.767	0.571	0.723	0.64
0.681	0.649	0.786	0.645	0.757	0.571	0.752	0.559	0.718	0.637
0.684	0.652	0.786	0.647	0.757	0.569	0.706	0.552	0.723	0.659
0.679	0.647	0.781	0.64	0.752	0.586	0.662	0.552	0.72	0.659
0.681	0.647	0.789	0.637	0.71	0.605	0.632	0.549	0.718	0.937
0.684	0.645	0.808	0.64	0.681	0.613	0.61	0.554	0.718	1.523
0.681	0.647	0.823	0.64	0.657	0.62	0.601	0.559	0.718	1.257
0.679	0.647	0.828	0.637	0.652	0.62	0.593	0.557	0.718	1.052
0.679	0.647	0.83	0.637	0.645	0.623	0.581	0.557	0.72	0.925
0.674	0.637	0.823	0.63	0.642	0.625	0.579	0.562	0.72	0.85
0.679	0.632	0.813	0.637	0.637	0.625	0.586	0.559	0.725	0.833
0.681	0.627	0.803	0.64	0.645	0.625	0.574	0.566	0.723	0.83
0.684	0.63	0.791	0.642	0.647	0.623	0.566	0.569	0.72	0.828
0.676	0.63	0.732	0.645	0.649	0.615	0.559	0.571	0.693	0.847
0.676	0.632	0.696	0.645	0.647	0.608	0.562	0.571	0.72	0.857
0.669	0.635	0.669	0.64	0.645	0.603	0.562	0.574	0.723	0.864
0.662	0.632	0.652	0.642	0.642	0.605	0.566	0.569	0.723	0.857
0.654	0.63	0.645	0.642	0.647	0.605	0.562	0.571	0.723	0.847
0.647	0.635	0.647	0.647	0.649	0.601	0.564	0.569	0.72	0.84
0.625	0.635	0.642	0.642	0.649	0.598	0.549	0.566	0.723	0.791
0.596	0.637	0.637	0.645	0.649	0.598	0.557	0.564	0.718	0.75
0.586	0.632	0.635	0.645	0.645	0.603	0.564	0.566	0.718	0.703
0.581	0.63	0.635	0.647	0.645	0.605	0.566	0.564	0.72	0.676
0.581	0.63	0.635	0.645	0.647	0.605	0.569	0.566	0.72	0.667
0.579	0.635	0.637	0.649	0.649	0.601	0.574	0.564	0.715	0.657
0.576	0.632	0.632	0.647	0.652	0.598	0.571	0.559	0.715	0.649
0.571	0.659	0.63	0.642	0.652	0.593	0.576	0.559	0.713	0.654
0.576	0.657	0.625	0.635	0.649	0.593	0.579	0.562	0.715	0.662
0.591	0.754	0.623	0.635	0.652	0.603	0.579	0.559	0.718	0.662
0.608	0.889	0.623	0.637	0.642	0.593	0.569	0.562	0.715	0.664
0.625	0.901	0.63	0.637	0.645	0.601	0.569	0.559	0.713	0.662
0.637	0.898	0.632	0.635	0.647	0.603	0.562	0.552	0.713	0.659
0.627	0.898	0.632	0.63	0.649	0.588	0.564	0.552	0.71	0.662
0.627	0.896	0.63	0.627	0.652	0.598	0.564	0.557	0.715	0.669
0.632	0.889	0.632	0.63	0.654	0.61	0.557	0.559	0.718	0.669
0.63	0.889	0.632	0.64	0.654	0.62	0.554	0.566	0.718	0.667
0.625	0.884	0.637	0.645	0.654	0.62	0.552	0.569	0.718	0.664
0.623	0.874	0.64	0.652	0.654	0.618	0.552	0.569	0.715	0.662
0.613	0.857	0.64	0.645	0.654	0.623	0.552	0.566	0.715	0.664
0.605	0.845	0.64	0.645	0.652	0.63	0.549	0.564	0.718	0.671
0.605	0.837	0.64	0.647	0.654	0.632	0.547	0.564	0.718	0.671
0.618	0.823	0.645	0.647	0.654	0.637	0.544	0.564	0.715	0.674
0.613	0.793	0.642	0.652	0.652	0.63	0.54	0.562	0.715	0.674
0.605	0.779	0.64	0.654	0.654	0.625	0.54	0.562	0.713	0.671
0.601	0.74	0.64	0.652	0.652	0.623	0.537	0.564	0.71	0.671
0.613	0.71	0.637	0.649	0.649	0.632	0.54	0.562	0.715	0.676
0.63	0.686	0.637	0.647	0.649	0.637	0.547	0.559	0.715	0.676
0.64	0.671	0.645	0.649	0.647	0.637	0.554	0.562	0.718	0.676
0.649	0.667	0.642	0.654	0.652	0.61	0.549	0.645	0.718	0.671
0.654	0.664	0.642	0.654	0.654	0.601	0.552	1.326	0.71	0.674
0.652	0.667	0.642	0.652	0.649	0.579	0.564	1.716	0.713	0.674
0.649	0.664	0.64	0.652	0.647	0.569	0.571	1.875	0.715	0.676
0.635	0.664	0.64	0.654	0.645	0.603	0.574	1.934	0.718	0.679
0.649	0.664	0.647	0.657	0.642	0.613	0.576	1.934	0.715	0.681
0.669	0.657	0.645	0.659	0.645	0.615	0.569	1.885	0.72	0.681
0.674	0.647	0.647	0.654	0.647	0.623	0.84	1.855	0.71	0.684
0.676	0.642	0.642	0.654	0.645	0.625	0.859	1.833	0.71	0.686
0.789	0.64	0.637	0.679	0.935	0.635	0.845	1.826	0.713	0.686
1.472	0.642	0.635	0.745	0.996	0.642	0.837	1.836	0.71	0.688
1.401	0.642	0.635	0.75	0.991	0.645	0.83	1.841	0.708	0.686
1.25	0.635	0.63	0.732	0.991	0.645	0.825	1.846	0.708	0.684
1.155	0.637	0.627	0.698	0.994	0.642	0.83	1.858	0.703	0.684
1.099	0.642	0.623	0.674	1.013	0.64	0.82	1.86	0.701	0.686
1.069	0.64	0.62	0.659	1.021	0.645	0.808	1.858	0.701	0.684
1.055	0.64	0.62	0.654	1.025	0.649	0.823	1.833	0.703	0.684
1.052	0.635	0.623	0.649	1.04	0.645	0.833	1.594	0.713	0.684
1.057	0.627	0.623	0.649	1.05	0.645	0.842	1.294	0.72	0.679
1.047	0.632	0.623	0.645	1.052	0.642	0.847	1.099	0.72	0.676
1.038	0.632	0.62	0.635	1.052	0.642	0.842	0.972	0.723	0.686
1.038	0.63	0.62	0.632	1.055	0.645	0.837	0.833	0.73	0.679
1.035	0.63	0.625	0.637	1.04	0.649	0.823	0.747	0.732	0.679
1.021	0.63	0.637	0.645	0.991	0.642	0.791	0.688	0.732	0.681
0.999	0.63	0.884	0.654	0.898	0.64	0.762	0.654	0.737	0.676
0.952	0.63	1.062	0.649	0.82	0.635	0.708	0.63	0.737	0.674
0.881	0.627	0.911	0.647	0.754	0.637	0.679	0.608	0.74	0.679
0.82	0.625	0.798	0.647	0.715	0.635	0.701	0.598	0.728	0.684
0.784	0.627	0.735	0.647	0.681	0.637	0.688	0.591	0.723	0.688
0.75	0.623	0.691	0.649	0.667	0.627	0.664	0.586	0.718	0.686
0.723	0.63	0.664	0.657	0.662	0.627	0.674	0.579	0.71	0.688
0.701	0.635	0.649	0.654	0.662	0.627	0.686	0.571	0.706	1.838
0.686	0.637	0.632	0.649	0.657	0.632	0.667	0.557	0.703	1.873
0.684	0.645	0.625	0.654	0.649	0.642	0.652	0.552	0.708	1.726
0.676	0.647	0.623	0.652	0.642	0.642	0.642	0.549	0.713	1.624
0.679	0.64	0.613	0.657	0.637	0.642	0.627	0.547	0.718	1.582
0.681	0.637	0.61	0.659	0.64	0.642	0.62	0.549	0.708	1.594
0.676	0.64	0.61	0.659	0.642	0.637	0.618	0.547	0.706	1.685
0.674	0.637	0.603	0.659	0.645	0.842	0.608	0.54	0.706	1.772
0.674	0.642	0.605	0.654	0.642	0.974	0.596	0.549	0.708	1.88
0.676	0.642	0.62	0.652	0.637	0.974	0.608	0.557	0.713	1.992
0.681	0.637	0.618	0.662	0.637	0.974	0.613	0.564	0.718	2.048
0.684	0.64	0.62	0.664	0.64	0.979	0.61	0.571	0.708	2.051
0.681	0.642	0.618	0.664	0.645	0.984	0.603	0.574	0.703	2.019
0.679	0.647	0.61	0.662	0.652	0.979	0.605	0.566	0.703	1.936
0.679	0.652	0.61	0.657	0.647	0.981	0.605	0.562	0.703	1.719
0.674	0.654	0.613	0.662	0.645	0.979	0.601	0.564	0.708	1.448
0.676	0.649	0.618	0.667	0.645	0.981	0.574	0.562	0.713	1.233
0.676	0.645	0.62	0.664	0.647	0.977	0.596	0.562	0.708	1.055
0.674	0.645	0.62	0.664	0.652	0.969	0.61	0.562	0.706	0.928
0.659	0.645	0.625	0.662	0.647	0.972	0.625	0.562	0.708	0.813
0.649	0.654	0.623	0.657	0.637	0.981	0.635	0.564	0.71	0.752
0.657	0.662	0.615	0.659	0.637	0.977	0.642	0.564	0.71	0.713
0.664	0.703	0.618	0.669	0.637	0.972	0.645	0.571	0.715	0.688
0.659	1.162	0.623	0.667	0.64	0.947	0.645	0.574	0.71	0.671
0.662	1.128	0.618	0.667	0.645	0.886	0.647	0.571	0.708	0.671
0.662	0.972	0.603	0.664	0.647	0.842	0.652	0.569	0.706	0.679
0.664	0.901	0.605	0.659	0.642	0.791	0.659	0.569	0.71	0.688
0.669	0.864	0.586	0.662	0.637	0.723	0.659	0.571	0.713	0.696
0.671	0.823	0.579	0.667	0.64	0.708	0.659	0.574	0.713	0.698
0.662	0.796	0.605	0.664	0.645	0.696	0.657	0.583	0.71	0.698
0.659	0.784	0.62	0.662	0.647	0.64	0.659	0.576	0.708	0.698
0.654	0.779	0.627	0.657	0.652	0.61	0.664	0.574	0.708	0.696
0.654	0.786	0.63	0.657	0.647	0.608	0.671	0.574	0.713	0.698
0.659	0.779	0.627	0.654	0.645	0.596	0.671	0.574	0.72	0.698
0.667	0.779	0.627	0.664	0.645	0.593	0.671	0.576	0.713	0.701
0.664	0.784	0.63	0.662	0.647	0.583	0.667	0.579	0.708	0.698
0.662	0.791	0.632	0.664	0.652	0.574	0.667	0.569	0.71	0.693
0.659	0.793	0.635	0.659	0.649	0.576	0.669	0.571	0.708	0.691
0.662	0.789	0.635	0.657	0.649	0.571	0.679	0.574	0.713	0.691
0.664	0.762	0.632	0.659	0.649	0.574	0.674	0.576	0.718	0.691
0.664	0.786	0.632	0.664	0.647	0.562	0.671	0.581	0.713	0.686
0.662	0.796	0.632	0.664	0.647	0.562	0.669	0.581	0.703	0.688
0.659	0.798	0.632	0.662	0.649	0.552	0.664	0.576	0.696	0.688
0.647	0.796	0.63	0.659	0.647	0.554	0.667	0.571	0.698	0.691
0.64	0.801	0.627	0.659	0.645	0.554	0.671	0.569	0.706	0.693
0.627	0.793	0.618	0.662	0.645	0.562	0.671	0.569	0.715	0.696
0.627	0.793	0.623	0.664	0.647	0.559	0.669	0.571	0.713	0.696
0.625	0.767	0.625	0.664	0.652	0.557	0.664	0.574	0.708	0.696
0.623	0.737	0.627	0.659	0.657	0.552	0.664	0.571	0.703	0.688
0.615	0.725	0.635	0.654	0.659	0.559	0.671	0.569	0.703	0.688
0.618	0.72	0.64	0.657	0.654	0.552	0.676	0.566	0.706	0.693
0.627	0.706	0.642	0.662	0.654	0.574	0.674	0.571	0.708	0.696
0.623	0.698	0.645	0.664	0.657	0.591	0.667	0.571	0.706	0.696
0.615	0.691	0.652	0.667	0.667	0.603	0.662	0.574	0.701	0.698
0.605	0.696	0.654	0.684	0.75	0.61	0.664	0.569	0.698	0.688
0.601	0.698	0.657	0.745	0.845	0.623	0.693	0.566	0.701	0.691
0.598	0.701	0.649	0.811	0.862	0.62	0.776	0.564	0.737	0.696
0.608	0.696	0.652	0.891	0.854	0.627	0.828	0.571	0.796	0.701
0.61	0.696	0.657	0.933	0.857	0.63	0.85	0.632	0.859	0.701
0.605	0.691	0.654	0.959	0.876	0.627	0.859	0.808	0.933	0.706
0.598	0.696	0.654	0.964	0.906	0.625	0.869	0.85	0.979	0.701
0.605	0.698	0.654	0.959	0.918	0.627	0.896	0.859	1.021	0.701
0.654	0.703	0.645	0.967	0.933	0.625	0.916	0.862	1.074	0.698
0.806	0.693	0.647	0.989	0.94	0.627	0.928	0.879	1.091	0.698
0.947	0.688	0.647	0.999	0.95	0.627	0.928	0.903	1.123	0.698
0.994	0.686	0.645	1.003	0.959	0.623	0.925	0.911	1.118	0.698
1.001	0.688	0.647	1.016	0.969	0.62	0.908	0.906	1.106	0.696
1.003	0.696	0.647	1.013	0.959	0.62	0.889	0.894	1.106	0.693
1.016	0.696	0.64	1.001	0.955	0.623	0.854	0.886	1.111	0.696
1.05	0.691	0.64	0.986	0.955	0.625	0.847	0.886	1.106	0.696
1.064	0.691	0.647	0.994	0.942	0.623	0.852	0.886	1.099	0.698
1.079	0.691	0.649	1.013	0.911	0.623	0.825	0.881	1.096	0.698
1.089	0.698	0.657	0.989	0.891	0.623	0.801	0.886	1.089	0.698
1.099	0.703	0.654	0.979	0.889	0.625	0.798	0.881	1.094	0.701
1.099	0.701	0.649	0.884	0.881	0.627	0.803	0.867	1.101	0.703
1.099	0.696	0.649	0.796	0.92	0.632	0.791	0.815	1.052	0.713
1.089	0.691	0.686	0.745	0.85	0.632	0.715	0.779	1.042	0.789
1.079	0.681	0.762	0.713	0.781	0.625	0.652	0.779	1.03	0.898
1.072	0.679	0.823	0.688	0.735	0.627	0.613	0.789	1.028	0.898
1.04	0.681	0.845	0.669	0.706	0.925	0.603	0.789	1.03	0.894
0.977	0.671	0.845	0.664	0.684	1.162	0.596	0.706	0.986	0.896
0.928	0.667	0.857	0.662	0.671	1.311	0.591	0.657	0.894	0.901
0.84	0.659	0.874	0.659	0.667	1.367	0.586	0.63	0.825	0.916
0.764	0.659	0.886	0.657	0.669	1.372	0.569	0.608	0.779	0.913
0.718	0.662	0.889	0.657	0.664	1.365	0.557	0.593	0.75	0.913
0.686	0.669	0.889	0.652	0.662	1.353	0.559	0.583	0.732	0.916
0.671	0.671	0.889	0.652	0.659	1.36	0.559	0.579	0.732	0.913
0.659	0.671	0.879	0.647	0.654	1.367	0.557	0.581	0.725	0.908
0.657	0.671	0.874	0.649	0.657	1.367	0.557	0.581	0.725	0.898
0.649	0.669	0.867	0.649	0.662	1.362	0.557	0.583	0.718	0.876
0.64	0.674	0.859	0.647	0.659	1.36	0.552	0.581	0.715	0.876
0.635	0.674	0.869	0.647	0.659	1.355	0.554	0.576	0.715	0.876
0.645	0.669	0.879	0.652	0.659	1.357	0.559	0.576	0.715	0.872
0.649	0.669	0.906	0.645	0.654	1.34	0.559	0.586	0.715	0.901
0.654	0.664	0.967	0.645	0.654	1.23	0.559	0.583	0.715	0.947
0.657	0.664	0.881	0.647	0.662	1.035	0.552	0.586	0.708	0.974
0.657	0.671	0.813	0.647	0.662	0.901	0.552	0.581	0.708	0.884
0.654	0.669	0.757	0.64	0.662	0.842	0.554	0.569	0.708	0.813
0.659	0.669	0.725	0.645	0.657	0.764	0.562	0.566	0.703	0.774
0.662	0.669	0.703	0.64	0.654	0.713	0.566	0.571	0.701	0.75
0.664	0.669	0.691	0.642	0.649	0.674	0.564	0.566	0.703	0.737
0.659	0.669	0.686	0.645	0.654	0.649	0.562	0.566	0.698	0.723
0.649	0.701	0.688	0.645	0.654	0.625	0.562	0.564	0.701	0.713
0.645	0.779	0.676	0.645	0.657	0.608	0.559	0.557	0.708	0.706
0.645	0.876	0.671	0.645	0.652	0.603	0.562	0.557	0.71	0.706
0.647	0.925	0.671	0.642	0.652	0.605	0.564	0.562	0.713	0.708
0.645	0.962	0.674	0.645	0.652	0.603	0.562	0.564	0.715	0.706
0.645	0.986	0.674	0.649	0.654	0.608	0.562	0.566	0.713	0.701
0.64	1.013	0.679	0.649	0.652	0.601	0.566	0.564	0.713	0.696
0.637	1.035	0.669	0.649	0.649	0.598	0.564	0.562	0.718	0.696
0.64	1.047	0.669	0.647	0.642	0.601	0.569	0.559	0.713	0.701
0.645	1.064	0.669	0.654	0.64	0.603	0.571	0.566	0.713	0.703
0.649	1.079	0.671	0.667	0.645	0.605	0.571	0.566	0.713	0.706
0.652	1.096	0.674	1.06	0.693	0.605	0.569	0.566	0.71	0.701
0.649	1.104	0.676	1.409	1.118	0.596	0.576	0.564	0.708	0.698
0.652	1.101	0.669	1.311	1.248	0.593	0.581	0.559	0.715	0.698
0.649	1.099	0.667	1.26	1.189	0.593	0.583	0.562	0.713	0.706
0.654	1.069	0.662	1.235	1.16	0.591	0.583	0.562	0.713	0.713
0.657	1.082	0.662	1.233	1.187	0.586	0.576	0.562	0.715	0.708
0.657	1.086	0.662	1.24	1.228	0.588	0.574	0.557	0.754	0.706
0.657	1.04	0.662	1.245	1.287	0.581	0.581	0.554	0.867	0.706
0.659	1.006	0.662	1.252	1.309	0.581	0.583	0.552	1.277	0.703
0.649	0.986	0.659	1.255	1.306	0.583	0.588	0.559	1.357	0.708
0.647	0.876	0.657	1.257	1.296	0.581	0.593	0.559	1.252	0.72
0.647	0.803	0.659	1.257	1.301	0.579	0.601	0.559	1.184	0.715
0.645	0.762	0.669	1.257	1.309	0.574	0.605	0.557	1.143	0.71
0.64	0.737	0.667	1.255	1.318	0.571	0.61	0.564	1.121	0.71
0.642	0.723	0.664	1.25	1.328	0.571	1.775	0.564	1.138	0.708
0.637	0.72	0.659	1.184	1.338	0.571	2.412	0.566	1.155	0.713
0.64	0.71	0.657	1.082	1.313	0.574	2.012	0.564	1.177	0.72
0.642	0.701	0.657	0.986	1.292	0.574	1.716	0.564	1.199	0.715
0.642	0.698	0.662	0.928	1.243	0.574	1.562	0.564	1.208	0.715
0.645	0.693	0.664	0.925	1.077	0.566	1.494	1.155	1.216	0.713
0.647	0.693	0.662	0.864	0.937	0.569	1.482	2.08	1.226	0.713
0.645	0.693	0.659	0.845	0.867	0.569	1.47	2.019	1.24	0.715
0.664	0.688	0.662	0.791	0.82	0.574	1.465	1.953	1.248	0.72
1.365	0.688	0.667	0.745	0.771	0.581	1.46	1.99	1.233	0.718
2.144	0.691	0.674	0.715	0.728	0.583	1.455	2.148	1.204	0.715
1.863	0.691	0.669	0.698	0.701	0.586	1.45	2.356	1.101	0.71
1.621	0.691	0.667	0.684	0.681	0.588	1.467	2.537	1.028	0.713
1.558	0.688	0.667	0.671	0.664	0.586	1.431	2.683	0.977	0.715
1.631	0.686	0.667	0.662	0.654	0.586	1.301	2.791	0.974	0.715
1.79	0.686	0.669	0.662	0.647	0.591	1.182	2.871	0.969	0.713
1.982	0.688	0.676	0.664	0.645	0.591	1.069	2.935	0.903	0.708
2.104	0.686	0.674	0.662	0.645	0.593	0.955	2.998	0.857	0.771
2.166	0.691	0.674	0.657	0.642	0.596	0.896	3.047	0.84	2
2.183	0.691	0.671	0.654	0.637	0.601	0.886	3.022	0.884	2.31
2.219	0.688	0.667	0.657	0.64	0.598	0.85	2.864	0.864	2.09
2.2	0.686	0.667	0.659	0.635	0.598	0.823	2.625	0.833	1.978
2.102	0.681	0.667	0.662	0.637	0.588	0.835	2.339	0.793	1.909
1.904	0.681	0.667	0.662	0.64	0.581	0.784	2.019	0.764	1.877
1.658	0.681	0.664	0.654	0.635	0.588	0.742	1.633	0.745	1.887
1.519	0.681	0.659	0.652	0.632	0.588	0.681	1.355	0.732	1.909
1.394	0.676	0.659	0.654	0.632	0.593	0.657	1.125	0.725	1.931
1.245	0.676	0.664	0.657	0.627	0.598	0.635	0.952	0.72	1.973
1.165	0.674	0.669	0.662	0.632	0.591	0.623	0.859	0.713	1.975
1.155	0.674	0.684	0.662	0.635	0.586	0.618	0.818	0.713	1.97
1.096	0.676	0.745	0.659	0.637	0.591	0.61	0.784	0.71	1.948
1.084	0.676	1.555	0.657	0.635	0.652	0.601	0.725	0.71	1.882
0.999	0.676	1.719	0.657	0.637	0.896	0.596	0.664	0.713	1.755
0.957	0.671	1.545	0.659	0.632	0.935	0.591	0.632	0.71	1.497
0.95	0.671	1.431	0.662	0.64	0.886	0.579	0.613	0.708	1.279
0.977	0.674	1.365	0.664	0.647	0.854	0.574	0.601	0.703	1.14
0.935	0.679	1.321	0.657	0.645	0.837	0.569	0.591	0.703	1.028
0.879	0.674	1.292	0.654	0.645	0.837	0.564	0.581	0.706	0.952
0.82	0.669	1.272	0.652	0.647	0.847	0.552	0.576	0.708	0.891
0.786	0.671	1.267	0.654	0.645	0.85	0.549	0.576	0.71	0.837
0.767	0.669	1.26	0.654	0.647	0.852	0.537	0.566	0.713	0.796
0.752	0.676	1.26	0.659	0.652	0.857	0.532	0.571	0.703	0.767
0.737	0.681	1.255	0.654	0.652	0.864	0.537	0.571	0.703	0.742
0.73	0.676	1.248	0.654	0.654	0.876	0.547	0.566	0.708	0.732
0.73	0.674	1.238	0.657	0.657	0.884	0.562	0.571	0.708	0.725
0.735	0.674	1.199	0.662	0.652	0.872	0.566	0.569	0.713	0.718
0.737	0.667	1.13	0.667	0.654	0.857	0.562	0.566	0.713	0.71
0.735	0.664	1.064	0.667	0.657	0.83	0.564	0.566	0.703	0.703
0.723	0.662	0.991	0.662	0.654	0.833	0.571	0.566	0.703	0.703
0.72	0.664	0.959	0.659	0.652	0.833	0.576	0.564	0.703	0.703
0.718	0.708	0.889	0.662	0.645	0.815	0.581	0.562	0.703	0.703
0.718	2.19	0.874	0.662	0.642	0.732	0.588	0.566	0.706	0.703
0.718	2.161	0.818	0.667	0.645	0.676	0.579	0.569	0.703	0.696
0.715	1.799	0.762	0.664	0.645	0.64	0.571	0.569	0.698	0.696
0.71	1.619	0.725	0.662	0.647	0.618	0.569	0.564	0.698	0.703
0.713	1.594	0.693	0.657	0.649	0.613	0.569	0.559	0.703	0.701
0.72	1.614	0.679	0.659	0.642	0.615	0.566	0.559	0.708	0.706
0.728	1.636	0.671	0.662	0.64	0.61	0.571	0.564	0.713	0.708
0.732	1.643	0.669	0.667	0.642	0.608	0.571	0.564	0.713	0.701
0.73	1.638	0.664	0.664	0.64	0.603	0.574	0.564	0.706	0.698
0.728	1.648	0.664	0.659	0.637	0.603	0.579	0.564	0.708	0.701
0.728	1.66	0.657	0.659	0.64	0.605	0.586	0.562	0.71	0.701
0.73	1.66	0.652	0.657	0.635	0.613	0.588	0.562	0.71	0.703
0.735	1.653	0.649	0.664	0.635	0.605	0.579	0.564	0.708	0.703
0.74	1.624	0.647	0.669	0.637	0.598	0.576	0.564	0.708	0.703
0.732	1.553	0.649	0.667	0.637	0.593	0.576	0.564	0.703	0.703
0.728	1.423	0.642	0.659	0.681	0.593	0.579	0.557	0.706	0.71
0.728	1.301	0.64	0.657	0.828	0.596	0.579	0.549	0.708	0.71
0.73	1.221	0.649	0.657	1.453	0.601	0.583	0.549	0.713	0.713
0.735	1.123	0.647	0.659	1.67	0.598	0.583	0.552	0.718	0.713
0.74	1.033	0.649	0.667	1.465	0.598	0.583	0.557	0.713	0.71
0.73	0.959	0.652	0.659	1.519	0.593	0.586	0.564	0.708	0.708
0.728	0.955	0.649	0.657	1.614	0.596	0.588	0.562	0.708	0.708
0.723	0.886	0.649	0.657	1.86	0.605	0.591	0.562	0.713	0.708
0.723	0.837	0.654	0.657	2.08	0.61	0.601	0.566	0.713	0.715
0.725	0.806	0.649	0.708	2.258	0.613	0.598	0.571	0.715	0.713
0.728	0.789	0.654	1.663	2.405	0.605	0.598	0.571	0.713	0.713
0.72	0.774	0.654	2.173	2.544	0.598	0.596	0.571	0.71	0.708
0.718	0.767	0.649	2.161	2.661	0.596	0.605	0.562	0.713	0.706
0.718	0.764	0.647	2.08	2.71	0.598	0.623	0.559	0.74	0.708
0.723	0.771	0.652	2.065	2.712	0.598	0.693	0.557	0.845	0.71
0.732	0.752	0.649	2.185	2.654	0.601	1.375	0.557	2.273	0.708
0.732	0.747	0.654	2.319	2.52	0.603	2.361	0.552	2.512	0.706
0.732	0.735	0.654	2.437	2.363	0.601	2.124	0.557	2.075	0.706
0.723	0.713	0.652	2.51	2.263	0.601	1.995	0.552	1.882	0.706
0.72	0.696	0.649	2.539	2.07	0.613	2.021	0.557	1.829	0.71
0.72	0.688	0.652	2.6	1.816	0.679	2.139	0.564	1.86	0.713
0.723	0.676	0.649	2.651	1.55	0.808	2.434	0.574	1.982	0.713
0.715	0.671	0.652	2.603	1.36	0.994	2.827	0.586	2.187	0.713
0.708	0.676	0.647	2.493	1.252	1.15	3.088	0.586	2.327	0.713
0.698	0.684	0.645	2.307	1.152	1.23	3.23	0.579	2.437	0.713
0.701	0.684	0.642	2.061	0.959	1.309	3.325	0.576	2.527	0.713
0.706	0.686	0.645	1.772	0.835	1.355	3.352	0.574	2.734	0.718
0.713	0.679	0.647	1.433	0.759	1.365	3.359	0.579	2.979	0.715
0.708	0.674	0.649	1.143	0.708	1.387	3.276	0.583	3.071	0.713
0.708	0.674	0.649	0.952	0.679	1.401	3.081	0.593	3.008	0.715
0.706	0.676	0.649	0.83	0.662	1.416	2.844	0.601	2.9	0.708
0.703	0.671	0.649	0.757	0.645	1.438	2.583	0.676	2.666	0.715
0.708	0.671	0.645	0.713	0.637	1.44	2.383	1.494	2.297	0.718
0.713	0.669	0.645	0.698	0.635	1.44	2.2	1.755	1.953	0.718
0.781	0.667	0.642	0.684	0.637	1.409	1.929	1.875	1.636	0.713
0.913	0.667	0.64	0.676	0.64	1.404	1.631	1.963	1.453	0.735
1.66	0.667	0.64	0.669	0.645	1.375	1.44	2.012	1.306	1.892
1.687	0.671	0.642	0.662	0.642	1.277	1.267	2.085	1.121	3.63
1.489	0.659	0.642	0.659	0.64	1.15	1.108	2.246	0.984	3.286
1.35	0.652	0.645	0.667	0.64	1.108	0.942	2.424	0.884	3.232
1.287	0.647	0.649	0.662	0.64	1.106	0.83	2.615	0.815	3.489
1.306	0.642	0.649	0.657	0.642	1.045	0.757	2.693	0.774	3.762
1.318	0.645	0.652	0.652	0.647	0.994	0.715	2.72	0.747	4.038
1.267	0.647	0.652	0.625	0.64	0.962	0.696	2.764	0.735	4.375
1.245	0.637	0.645	0.652	0.64	0.891	0.674	2.798	0.732	4.753
1.233	0.637	0.645	0.657	0.635	0.842	0.654	2.832	0.723	5.088
1.218	0.637	0.647	0.657	0.64	0.798	0.645	2.803	0.715	5.259
1.223	0.637	0.674	0.654	0.642	0.754	0.632	2.615	0.708	5.276
1.25	0.642	0.786	0.654	0.647	0.728	0.632	2.312	0.708	5.247
1.296	0.647	2.437	0.652	0.642	0.708	0.637	1.956	0.713	5.09
1.404	0.64	2.925	0.652	0.64	0.698	0.63	1.575	0.723	4.768
1.521	0.637	2.971	0.654	0.64	0.693	0.627	1.233	0.72	4.338
1.519	0.637	3.24	0.649	0.642	0.684	0.625	0.996	0.715	3.862
1.423	0.64	3.594	0.645	0.647	0.676	0.625	0.837	0.713	3.245
1.299	0.647	3.945	0.642	0.642	0.681	0.625	0.74	0.713	2.739
1.182	0.657	4.211	0.64	0.635	0.679	0.63	0.679	0.713	2.209
1.094	0.652	4.365	0.645	0.635	0.684	0.627	0.649	0.718	1.782
0.94	0.649	4.458	0.647	0.635	0.684	0.623	0.632	0.708	1.428
0.825	0.647	4.497	0.652	0.637	0.679	0.62	0.625	0.708	1.201
0.752	0.649	4.524	0.652	0.647	0.676	0.625	0.613	0.703	1.033
0.701	0.654	4.49	0.647	0.642	0.679	0.627	0.603	0.691	0.923
0.669	0.657	4.397	0.645	0.645	0.706	0.637	0.596	0.701	0.835
0.654	0.654	4.185	0.652	0.645	0.684	0.635	0.586	0.706	0.776
0.64	0.652	3.721	0.652	0.645	0.684	0.635	0.583	0.701	0.737
0.627	0.649	3.149	0.652	0.652	0.676	0.635	0.586	0.701	0.713
0.618	0.652	2.551	0.649	0.662	0.674	0.632	0.593	0.696	0.693
0.61	0.657	1.99	0.647	0.654	0.676	0.635	0.588	0.693	0.679
0.613	0.657	1.514	0.649	0.654	0.676	0.642	0.583	0.701	0.674
0.618	0.649	1.206	0.657	0.649	0.679	0.645	0.579	0.703	0.667
0.618	0.679	1.001	0.657	0.645	0.681	0.642	0.581	0.701	0.662
0.623	0.728	0.862	0.659	0.649	0.679	0.635	0.583	0.701	0.667
0.627	1.184	0.784	0.659	0.654	0.679	0.63	0.581	0.693	0.659
0.627	1.814	0.73	0.657	0.652	0.676	0.632	0.574	0.696	0.654
0.632	1.819	0.688	0.652	0.647	0.676	0.632	0.566	0.701	0.649
0.637	1.709	0.664	0.657	0.64	0.679	0.63	0.569	0.703	0.654
0.635	1.655	0.654	0.657	0.642	0.676	0.623	0.576	0.703	0.664
0.637	1.724	0.649	0.659	0.645	0.676	0.623	0.566	0.698	0.662
0.635	1.746	0.647	0.659	0.654	0.679	0.623	0.559	0.698	0.662
0.63	1.75	0.647	0.659	0.701	0.676	0.632	0.571	0.701	0.662
0.63	1.755	0.635	0.654	0.862	0.676	0.632	0.581	0.706	0.664
0.64	1.743	0.635	0.657	1.267	0.671	0.632	0.591	0.762	0.669
0.64	1.721	0.635	0.662	1.567	0.669	0.63	0.618	2.112	0.671
0.642	1.699	0.63	0.664	1.609	0.664	0.625	0.625	2.427	0.671
0.642	1.685	0.63	0.662	1.646	0.667	0.625	0.632	2.156	0.669
0.64	1.66	0.637	0.662	1.677	0.664	0.632	0.632	1.919	0.671
0.64	1.609	0.627	0.654	1.704	0.662	0.635	0.635	1.829	0.671
0.642	1.487	0.625	0.649	1.714	0.662	0.635	0.627	1.912	0.669
0.642	1.36	0.627	0.92	1.733	0.669	0.635	0.627	2.043	0.674
0.64	1.272	0.625	2.307	1.75	0.669	0.632	0.62	2.278	0.674
0.635	1.211	0.62	2.043	1.746	0.669	0.632	0.615	2.563	0.671
0.632	1.191	0.62	1.78	1.748	0.664	0.632	0.608	2.786	0.669
0.637	1.104	0.615	1.716	1.746	0.667	0.632	0.605	2.969	0.671
0.635	0.95	0.613	1.721	1.721	0.671	0.63	0.603	3.081	0.674
0.637	0.837	0.615	1.858	1.677	0.671	0.63	0.608	3.149	0.676
0.64	0.774	0.615	2.092	1.606	0.671	0.627	0.613	3.184	0.669
0.635	0.732	0.62	2.312	1.428	0.674	0.625	0.618	3.142	0.664
0.635	0.72	0.618	2.405	1.221	0.671	0.632	0.613	2.891	0.662
0.64	0.701	0.618	2.407	1.069	0.671	0.635	0.608	2.559	0.662
0.637	0.684	0.615	2.422	0.974	0.674	0.64	0.613	2.119	0.667
0.635	0.671	0.62	2.393	0.903	0.671	0.635	0.61	1.724	0.667
0.637	0.662	0.627	2.344	0.879	0.679	0.63	0.601	1.45	0.664
0.635	0.662	0.637	2.166	0.854	0.789	0.63	0.613	1.282	0.664
0.635	0.659	0.632	1.924	0.798	0.957	0.632	1.204	1.145	0.659
0.64	0.657	0.63	1.663	0.74	1.614	0.632	1.433	1.06	0.662
0.642	0.652	0.63	1.462	0.701	1.616	0.635	1.458	0.945	0.667
0.645	0.645	0.632	1.277	0.676	1.57	0.632	1.458	0.854	0.669
0.647	0.64	0.632	1.143	0.669	1.616	0.63	1.511	0.796	0.664
0.645	0.642	0.635	0.981	0.659	1.68	0.635	1.55	0.759	0.662
0.645	0.637	0.63	0.869	0.657	1.809	0.637	1.575	0.745	0.659
0.649	0.635	0.63	0.82	0.647	1.965	0.642	1.589	0.732	0.662
0.647	0.635	0.627	0.771	0.637	2.031	0.645	1.577	0.725	0.667
0.64	0.647	0.63	0.723	0.63	2.056	0.642	1.572	0.718	0.674
0.659	0.642	0.632	0.688	0.632	2.095	0.637	1.567	0.708	1.863
1.079	0.654	0.637	0.667	0.632	2.124	0.642	1.575	0.706	1.494
1.636	0.662	0.635	0.654	0.632	2.168	0.637	1.582	0.706	1.172
1.511	0.654	0.632	0.642	0.627	2.151	0.64	1.589	0.703	0.969
1.455	0.652	0.63	0.635	0.623	2.078	0.64	1.604	0.706	0.845
1.47	0.647	0.632	0.635	0.62	1.904	0.632	1.533	0.703	0.791
1.584	0.657	0.635	0.635	0.623	1.772	0.63	1.37	0.701	0.818
1.724	0.669	0.637	0.63	0.623	1.594	0.635	1.211	0.698	0.859
1.851	0.671	0.657	0.63	0.625	1.462	0.635	1.06	0.703	0.889
1.958	0.669	1.455	0.63	0.62	1.365	0.64	0.967	0.701	0.935
2.043	0.674	1.58	0.632	0.615	1.274	0.64	0.881	0.701	0.952
2.095	0.671	1.475	0.635	0.62	1.143	0.64	0.811	0.703	0.962
2.097	0.664	1.443	0.64	0.623	0.989	0.637	0.723	0.698	0.937
2.041	0.667	1.501	0.64	0.63	0.867	0.642	0.652	0.698	0.901
1.956	0.667	1.606	0.64	0.63	0.791	0.642	0.608	0.703	0.874
1.863	0.664	1.716	0.637	0.632	0.752	0.645	0.579	0.703	0.806
1.772	0.662	1.812	0.64	0.63	0.728	0.647	0.564	0.703	0.764
1.641	0.654	1.865	0.645	0.637	0.713	0.645	0.562	0.701	0.728
1.506	0.659	1.895	0.647	0.637	0.708	0.64	0.547	0.696	0.701
1.404	0.657	1.899	0.647	0.642	0.696	0.635	0.535	0.696	0.686
1.27	0.659	1.902	0.647	0.645	0.688	0.632	0.53	0.698	0.703
1.155	0.659	1.904	0.645	0.64	0.691	0.637	0.549	0.698	0.737
1.001	0.654	1.904	0.64	0.635	0.693	0.64	0.566	0.703	0.723
0.886	0.652	1.831	0.637	0.637	0.693	0.64	0.564	0.701	0.693
0.84	0.659	1.638	0.635	0.632	0.693	0.635	0.562	0.698	0.674
0.811	0.662	1.431	0.635	0.632	0.686	0.632	0.576	0.698	0.662
0.784	0.664	1.287	0.637	0.632	0.684	0.632	0.588	0.701	0.654
0.73	0.664	1.216	0.635	0.632	0.684	0.64	0.603	0.703	0.657
0.701	0.657	1.16	0.637	0.635	0.688	0.64	0.605	0.706	0.662
0.684	0.654	1.106	0.642	0.637	0.691	0.642	0.615	0.706	0.657
0.671	0.662	1.016	0.645	0.652	0.691	0.642	0.623	0.703	0.654
0.657	0.659	0.913	0.645	0.681	0.686	0.64	0.62	0.703	0.649
0.649	0.659	0.801	0.64	0.916	0.684	0.642	0.62	0.703	0.649
0.642	0.662	0.75	0.632	0.994	0.686	0.647	0.625	0.708	0.654
0.642	0.657	0.703	0.635	0.984	0.693	0.647	0.623	0.71	0.657
0.645	0.681	0.674	0.64	0.969	0.696	0.647	0.625	0.708	0.652
0.645	0.937	0.664	0.642	0.964	0.693	0.647	0.627	0.706	0.637
0.64	1.25	0.652	0.645	0.957	0.691	0.637	0.625	0.706	0.637
0.632	1.084	0.645	0.642	0.95	0.691	0.64	0.623	0.701	0.63
0.63	0.994	0.64	0.635	0.918	0.686	0.642	0.625	0.706	0.625
0.635	0.937	0.632	0.635	0.906	0.686	0.64	0.62	0.706	0.62
0.637	0.908	0.63	0.637	0.881	0.693	0.635	0.623	0.706	0.623
0.637	0.903	0.637	0.645	0.864	0.686	0.637	0.625	0.706	0.615
0.635	0.889	0.637	0.732	0.852	0.681	0.632	0.623	0.706	0.613
0.63	0.889	0.637	0.874	0.84	0.684	0.635	0.623	0.698	0.61
0.625	0.876	0.632	0.869	0.823	0.686	0.64	0.625	0.701	0.62
0.625	0.884	0.632	0.806	0.82	0.693	0.64	0.623	0.701	0.62
0.625	0.881	0.635	0.767	0.833	0.698	0.64	0.627	0.703	0.618
0.63	0.881	0.637	0.745	0.82	0.696	0.64	0.63	0.696	0.623
0.632	0.879	0.637	0.73	0.818	0.696	0.642	0.63	0.701	0.623
0.625	0.879	0.632	0.718	0.823	0.693	0.669	0.627	0.696	0.627
0.62	0.859	0.62	0.713	0.811	0.698	1.052	0.623	0.715	0.632
0.625	0.859	0.613	0.706	0.818	0.703	1.526	0.625	0.725	0.632
0.627	0.874	0.61	0.696	0.767	0.708	1.34	0.63	0.828	0.632
0.63	0.847	0.615	0.681	0.718	0.701	1.184	0.632	0.945	0.63
0.63	0.825	0.625	0.667	0.691	0.696	1.079	0.635	0.962	0.625
0.62	0.823	0.63	0.649	0.674	0.691	1.025	0.632	0.959	0.623
0.62	0.803	0.632	0.637	0.662	0.696	1.011	0.63	0.967	0.625
0.623	0.742	0.635	0.635	0.657	0.698	1.001	0.635	0.977	0.62
0.627	0.71	0.642	0.674	0.652	0.701	1.016	0.637	0.977	0.623
0.632	0.686	0.645	0.713	0.649	0.693	1.052	0.635	0.977	0.623
0.637	0.664	0.647	0.754	0.649	0.688	1.091	0.632	0.974	0.618
0.632	0.657	0.64	0.774	0.649	0.664	1.116	0.632	0.977	0.618
0.63	0.647	0.632	0.752	0.635	0.632	1.094	0.625	0.981	0.62
0.632	0.635	0.627	0.713	0.623	0.796	1.064	0.627	0.986	0.62
0.637	0.632	0.635	0.686	0	1.641	1.003	0.627	0.974	0.627
0.635	0.625	0.635	0.671	0	1.519	0.889	0.623	0.969	0.618
0.635	0.618	0.637	0.664	0	1.35	0.781	0.618	0.957	0.613
0.627	0.62	0.632	0.647	0	1.257	0.781	0.623	0.952	0.618
0.623	0.627	0.627	0.64	0	1.24	0.801	0.64	0.952	0.623
0.625	0.632	0.623	0.64	0	1.248	0.823	0.859	0.947	0.627
0.642	0.632	0.63	0.637	0	1.257	0.818	1.028	0.935	0.632
0.725	0.625	0.649	0.635	0	1.304	0.789	1.001	0.937	0.63
1.084	0.627	0.999	0.635	0	1.34	0.718	0.969	0.891	0.627
1.143	0.632	1.257	0	0	1.36	0.671	0.906	0.82	0.625
1.13	0.632	1.189	0	0	1.396	0.645	0.837	0.781	0.625
1.123	0.63	1.086	0	0	1.421	0.63	0.771	0.752	0.632
1.128	0.625	1.038	0	0	1.421	0.623	0.706	0.732	0.635
1.128	0.615	1.064	0	0	1.404	0.608	0.669	0.73	0.637
1.069	0.613	1.077	0	0	1.377	0.603	0.647	0.728	0.64
1.011	0.615	1.082	0	0	1.27	0.596	0.632	0.723	0.645
0.986	0.623	1.079	0	0	1.094	0.596	0.623	0.713	0.698
0.937	0.627	1.074	0	0	0.952	0.598	0.618	0.708	0.74
0.898	0.63	1.062	0	0	0.889	0.598	0.618	0.706	0.886
0.879	0.625	1.06	0	0	0.896	0.586	0.623	0.706	1.006
0.813	0.627	1.05	0	0	0.901	0.581	0.618	0	1.079
0.767	0.63	1.025	0	0	0.872	0.586	0.625	0	1.118
0.725	0.63	0.979	0	0	0.857	0.591	0.635	0	1.118
0.723	0.63	0.896	0	0	0.801	0.593	0.659	0	1.106
0.762	0.625	0.801	0	0	0.759	0.593	0.681	0	1.074
0.784	0.623	0.75	0	0	0.732	0.586	0.691	0	1.052
0.752	0.627	0.737	0	0	0.71	0.579	0.684	0	1.018
0.732	0.632	0.742	0	0	0.691	0.571	0.649	0	1.003
0.684	0.635	0.774	0	0	0.686	0.569	0.63	0	0.996
0.657	0.637	0.767	0	0	0.686	0.571	0.62	0	1.001
0.645	0.632	0.718	0	0	0.676	0.571	0.615	0	1.016
0.64	0.632	0.688	0	0	0.669	0.549	0.61	0	1.021
0.627	0.637	0.669	0	0	0.671	0.562	0.605	0	1.025
0.62	0.64	0.654	0	0	0.681	0.588	0.593	0	1.038
0.618	0.64	0.642	0	0	0.691	0.605	0.583	0	1.018
0.615	0.637	0.642	0	0	0.701	0.62	0.586	0	1.003
0.618	0.63	0.635	0	0	0.701	0.601	0.591	0	1.023
0.625	0.625	0.635	0	0	0.703	0.605	0.593	0	0.999
0.623	0.63	0.637	0	0	0.703	0.613	0.593	0	0.95
0.618	0.654	0.632	0	0	0.701	0.623	0	0	0.872
0.613	0.874	0.63	0	0	0.703	0.635	0	0	0.781
0	1.255	0.632	0	0	0.706	0.642	0	0	0.728
0	1.257	0.63	0	0	0.706	0.637	0	0	0.676
0	1.221	0.635	0	0	0.698	0.635	0	0	0.674
0	1.189	0.635	0	0	0.693	0.637	0	0	0.667
0	1.169	0	0	0	0.693	0.64	0	0	0.657
0	1.143	0	0	0	0.698	0.642	0	0	0.657
0	1.167	0	0	0	0.696	0.63	0	0	0.659
0	1.104	0	0	0	0.691	0.61	0	0	0.659
0	1.086	0	0	0	0.688	0.598	0	0	0
0	1.079	0	0	0	0.686	0.583	0	0	0
0	1.055	0	0	0	0.684	0.596	0	0	0
0	1.006	0	0	0	0.691	0.605	0	0	0
0	0.935	0	0	0	0.691	0.603	0	0	0
0	0.83	0	0	0	0.688	0.593	0	0	0
0	0.791	0	0	0	0.686	0.586	0	0	0
0	0.774	0	0	0	0.681	0.591	0	0	0
0	0.774	0	0	0	0.681	0.581	0	0	0
0	0.806	0	0	0	0.681	0.583	0	0	0
0	0.84	0	0	0	0.681	0.586	0	0	0
0	0.801	0	0	0	0.679	0.576	0	0	0
0	0.723	0	0	0	0.771	0.562	0	0	0
0	0.676	0	0	0	1.018	0.562	0	0	0
0	0.647	0	0	0	1.038	0.569	0	0	0
0	0.632	0	0	0	1.013	0.583	0	0	0
0	0.618	0	0	0	0.977	0.593	0	0	0
0	0.605	0	0	0	0.928	0.596	0	0	0
0	0.596	0	0	0	0.891	0.598	0	0	0
0	0.591	0	0	0	0.864	0.601	0	0	0
0	0.596	0	0	0	0.859	0.605	0	0	0
0	0.605	0	0	0	0.842	0.615	0	0	0
0	0.601	0	0	0	0.815	0.615	0	0	0
0	0	0	0	0	0.786	0.613	0	0	0
0	0	0	0	0	0.764	0.613	0	0	0
0	0	0	0	0	0.747	0.61	0	0	0
0	0	0	0	0	0.723	0.61	0	0	0
0	0	0	0	0	0.71	0.615	0	0	0
0	0	0	0	0	0.715	0.635	0	0	0
0	0	0	0	0	0.75	0.984	0	0	0
0	0	0	0	0	0.764	2.004	0	0	0
0	0	0	0	0	0.771	1.663	0	0	0
0	0	0	0	0	0.803	1.326	0	0	0
0	0	0	0	0	0.762	1.116	0	0	0
0	0	0	0	0	0.74	1.006	0	0	0
0	0	0	0	0	0.72	0.969	0	0	0
0	0	0	0	0	0.703	0.916	0	0	0
0	0	0	0	0	0.696	0.879	0	0	0
0	0	0	0	0	0.696	0.864	0	0	0
0	0	0	0	0	0.693	0.847	0	0	0
0	0	0	0	0	0.688	0.83	0	0	0
0	0	0	0	0	0	0.789	0	0	0
0	0	0	0	0	0	0.769	0	0	0
0	0	0	0	0	0	0.762	0	0	0
0	0	0	0	0	0	0.762	0	0	0
0	0	0	0	0	0	0.781	0	0	0
0	0	0	0	0	0	0.815	0	0	0
0	0	0	0	0	0	0.842	0	0	0
0	0	0	0	0	0	0.781	0	0	0
0	0	0	0	0	0	0.708	0	0	0
0	0	0	0	0	0	0.669	0	0	0
0	0	0	0	0	0	0.647	0	0	0
0	0	0	0	0	0	0.635	0	0	0
0	0	0	0	0	0	0.625	0	0	0
0	0	0	0	0	0	0.618	0	0	0
0	0	0	0	0	0	0.613	0	0	0
0	0	0	0	0	0	0.615	0	0	0
0	0	0	0	0	0	0.613	0	0	0
0	0	0	0	0	0	0.615	0	0	0
0	0	0	0	0	0	0.613	0	0	0
