0.154	0.149	0.117	0.132	0.093	0.176	0.151	0.183	0.134	0.205
0.154	0.151	0.115	0.134	0.112	0.176	0.151	0.186	0.134	3.047
0.146	0.278	0.115	0.137	1.907	0.176	0.156	0.205	0.134	4.524
0.217	4.165	0.12	0.137	3.528	0.186	0.159	0.388	0.134	3.875
0.933	4.902	0.476	0.146	3.599	0.303	0.168	1.294	0.137	3.276
1.633	3.667	1.497	0.149	3.223	1.255	0.403	1.877	0.161	3.135
1.575	3.118	1.67	0.227	3.101	1.726	0.901	1.929	0.818	3.086
1.497	3.184	1.462	0.352	2.974	1.702	1.316	1.887	2.231	3.132
1.455	3.376	1.377	0.674	2.959	1.589	1.377	2.046	2.292	3.181
1.506	3.479	1.367	0.806	2.996	1.577	1.375	2.285	1.892	3.284
1.562	3.564	1.36	0.823	3.037	1.663	1.35	2.358	1.775	3.335
1.731	3.665	1.379	0.894	3.108	1.768	1.343	2.366	1.753	3.306
1.863	3.701	1.411	1.042	3.132	1.946	1.377	2.461	1.758	3.254
1.86	3.677	1.511	1.208	3.098	1.995	1.497	2.473	1.724	3.186
1.809	3.645	1.56	1.316	3.123	2.021	1.584	2.415	1.711	3.162
1.841	3.599	1.592	1.45	3.113	2.058	1.631	2.332	1.699	3.096
1.816	3.433	1.567	1.616	3.074	1.87	1.555	2.236	1.655	2.859
1.753	3.064	1.55	1.724	3.018	1.724	1.531	2.141	1.624	2.419
1.655	2.607	1.575	1.755	2.883	1.814	1.555	2.029	1.58	1.992
1.448	1.892	1.604	1.794	2.473	1.858	1.541	1.912	1.567	1.362
1.279	1.289	1.567	1.792	1.934	1.694	1.487	1.699	1.531	1.196
1.091	0.723	1.394	1.697	1.309	1.572	1.309	1.545	1.45	0.967
0.977	0.518	1.177	1.643	1.086	1.357	1.104	1.331	1.409	0.789
0.82	0.432	1.123	1.687	0.872	1.082	0.989	1.082	1.282	0.63
0.693	0.291	1.064	1.694	0.684	0.937	0.779	0.918	1.101	0.686
0.569	0.203	0.937	1.665	0.654	0.769	0.73	0.796	0.974	0.605
0.415	0.166	0.825	1.602	0.571	0.64	0.664	0.776	0.901	0.481
0.334	0.154	0.615	1.411	0.486	0.547	0.583	0.63	0.884	0.354
0.32	0.137	0.481	1.252	0.354	0.386	0.493	0.464	0.864	0.259
0.312	0.137	0.447	1.047	0.312	0.376	0.449	0.437	0.75	0.215
0.264	0.139	0.483	0.906	0.247	0.376	0.356	0.376	0.63	0.173
0.21	0.142	0.378	0.701	0.19	0.359	0.291	0.381	0.569	0.156
0.195	0.137	0.286	0.627	0.151	0.31	0.242	0.283	0.61	0.154
0.193	0.125	0.222	0.452	0.139	0.266	0.217	0.247	0.603	0.151
0.168	0.12	0.161	0.366	0.137	0.247	0.198	0.232	0.513	0.149
0.159	0.125	0.137	0.376	0.134	0.222	0.19	0.222	0.452	0.149
0.156	0.129	0.129	0.369	0.129	0.208	0.188	0.227	0.4	0.146
0.151	0.132	0.132	0.271	0.132	0.19	0.193	0.203	0.31	0.149
0.149	0.132	0.134	0.22	0.132	0.178	0.19	0.188	0.334	0.151
0.149	0.129	0.117	0.186	0.132	0.178	0.193	0.186	0.315	0.151
0.149	0.127	0.115	0.159	0.134	0.181	0.19	0.186	0.232	0.149
0.151	0.125	0.117	0.115	0.112	0.181	0.188	0.183	0.19	0.149
0.151	0.127	0.117	0.083	0.1	0.176	0.305	0.183	0.156	0.144
0.151	0.132	0.112	0.083	0.088	0.229	1.433	0.181	0.166	0.149
0.146	0.132	0.105	0.098	0.095	0.403	1.946	0.178	0.161	0.151
0.146	0.129	0.105	0.11	0.11	1.545	1.482	0.183	0.142	0.154
0.146	0.129	0.11	0.11	0.1	1.743	1.169	0.181	0.137	0.154
0.149	0.129	0.115	0.112	0.105	1.482	1.16	0.178	0.137	0.154
0.154	0.132	0.12	0.11	0.105	1.328	1.24	0.178	0.132	1.318
0.151	0.134	0.115	0.115	0.105	1.292	1.316	0.178	0.125	3.918
0.146	0.132	0.107	0.112	0.103	1.338	1.462	0.181	0.122	3.191
0.144	0.132	0.11	0.107	0.11	1.443	1.584	0.181	0.122	2.043
0.149	0.149	0.107	0.1	0.11	1.562	1.675	0.176	0.125	1.86
0.149	1.509	0.115	0.098	0.107	1.797	1.721	0.176	0.122	1.833
0.149	3.147	0.112	0.09	0.105	2.048	1.772	0.173	0.137	1.86
0.149	1.846	0.112	0.09	0.11	2.163	1.794	0.166	1.846	1.943
0.161	1.211	0.105	0.093	0.11	2.207	1.829	0.164	2.559	2.126
0.168	1.213	0.11	0.471	0.112	2.236	1.851	0.198	2.205	2.209
0.234	1.348	0.146	2.49	0.105	2.246	1.875	1.152	1.689	2.195
0.442	1.436	0.398	2.4	0.11	2.246	1.877	1.841	1.575	2.168
0.466	1.541	1.309	1.978	0.178	2.263	1.855	1.211	1.55	2.178
0.439	1.643	1.458	1.912	3.008	2.271	1.733	0.986	1.56	2.202
0.422	1.677	1.44	1.865	2.31	2.28	1.631	1.033	1.572	2.202
0.422	1.707	1.416	1.841	1.594	2.271	1.58	1.189	1.675	2.148
0.439	1.707	1.414	1.846	1.443	2.205	1.531	1.279	1.729	2.126
0.469	1.692	1.404	1.858	1.553	2.129	1.494	1.377	1.758	2.095
0.493	1.716	1.404	1.882	1.594	2.041	1.467	1.562	1.76	2.019
0.527	1.731	1.426	1.902	1.66	1.958	1.44	1.711	1.738	1.97
0.559	1.738	1.44	1.919	1.768	1.887	1.426	1.75	1.721	1.931
0.576	1.729	1.453	1.917	1.799	1.802	1.418	1.782	1.699	1.904
0.583	1.704	1.477	1.909	1.853	1.714	1.372	1.792	1.692	1.836
0.598	1.699	1.487	1.895	1.851	1.658	1.279	1.797	1.682	1.78
0.608	1.658	1.494	1.892	1.829	1.606	1.204	1.804	1.667	1.621
0.613	1.606	1.482	1.904	1.841	1.519	1.13	1.802	1.653	1.277
0.62	1.565	1.475	1.917	1.86	1.414	1.069	1.807	1.641	1.116
0.627	1.509	1.462	1.897	1.868	1.34	0.984	1.78	1.636	1.035
0.645	1.462	1.475	1.877	1.86	1.248	0.857	1.763	1.628	0.964
0.659	1.399	1.477	1.895	1.87	1.177	0.747	1.726	1.614	0.94
0.657	1.348	1.465	1.873	1.86	1.138	0.647	1.694	1.592	0.908
0.657	1.321	1.465	1.863	1.807	1.064	0.491	1.689	1.58	0.83
0.642	1.245	1.416	1.855	1.794	0.977	0.432	1.687	1.558	0.708
0.632	1.086	1.318	1.846	1.78	0.93	0.371	1.675	1.543	0.593
0.623	0.957	1.267	1.831	1.729	0.852	0.325	1.641	1.541	0.505
0.623	0.957	1.24	1.821	1.68	0.82	0.325	1.614	1.543	0.398
0.615	0.886	1.165	1.821	1.65	0.776	0.303	1.602	1.531	0.366
0.61	0.657	1.086	1.821	1.604	0.735	0.254	1.582	1.516	0.386
0.613	0.554	1.018	1.816	1.572	0.608	0.222	1.55	1.519	0.4
0.605	0.444	0.935	1.792	1.548	0.498	0.21	1.536	1.516	0.332
0.605	0.417	0.913	1.77	1.523	0.398	0.205	1.506	1.501	0.276
0.62	0.366	0.898	1.772	1.511	0.354	0.2	1.47	1.462	0.288
0.62	0.359	0.803	1.719	1.504	0.352	0.193	1.428	1.426	0.256
0.605	0.369	0.662	1.643	1.501	0.332	0.193	1.399	1.382	0.21
0.579	0.347	0.54	1.594	1.472	0.325	0.19	1.377	1.372	0.195
0.522	0.305	0.442	1.548	1.411	0.317	0.193	1.365	1.274	0.193
0.471	0.217	0.374	1.516	1.318	0.303	0.19	1.348	1.123	0.205
0.439	0.168	0.291	1.443	1.245	0.3	0.188	1.333	0.95	0.19
0.43	0.164	0.205	1.348	1.162	0.283	0.188	1.328	0.825	0.186
0.417	0.146	0.195	1.262	1.069	0.266	0.19	1.272	0.789	0.186
0.371	0.142	0.193	1.152	0.981	0.22	0.19	1.218	0.664	0.188
0.334	0.139	0.178	1.047	0.908	0.2	0.195	1.172	0.525	0.186
0.298	0.134	0.171	0.928	0.791	0.198	0.195	1.121	0.457	0.186
0.278	0.137	0.139	0.837	0.698	0.198	0.19	1.06	0.376	0.186
0.264	0.142	0.137	0.732	0.615	0.193	0.19	1.016	0.303	0.186
0.249	0.139	0.142	0.576	0.552	0.195	0.193	0.964	0.247	0.19
0.244	0.139	0.164	0.425	0.525	0.183	0.193	0.955	0.212	0.195
0.239	0.139	0.137	0.298	0.481	0.181	0.195	0.952	0.227	0.273
0.237	0.137	0.115	0.217	0.403	0.178	0.193	0.935	0.239	4.089
0.234	0.137	0.112	0.242	0.315	0.178	0.188	0.857	0.229	5.081
0.254	0.137	0.112	0.276	0.33	0.176	0.19	0.688	0.215	4.089
0.291	0.139	0.115	0.269	0.349	0.173	0.193	0.574	0.181	3.667
0.305	0.137	0.11	0.32	0.31	0.176	0.195	0.513	0.181	3.45
0.298	0.137	0.105	3.533	0.244	0.178	0.193	0.452	0.195	3.372
0.3	0.134	0.105	4.58	0.249	0.276	0.193	0.361	0.193	3.315
0.312	0.134	0.486	3.198	0.222	3.066	0.19	0.327	0.183	3.264
0.337	0.134	5.173	2.712	0.19	3.979	0.19	0.322	0.168	3.225
0.334	0.212	4.648	2.751	0.159	3.101	0.193	0.317	0.144	2.988
0.288	4.785	3.276	3	0.125	2.629	0.195	0.31	0.139	2.544
0.369	4.585	2.856	3.142	0.127	2.544	0.198	0.32	0.139	1.929
3.962	3.132	2.93	3.313	0.117	2.551	0.195	0.325	0.161	1.409
5.168	2.366	3.044	3.496	0.117	2.578	0.193	0.293	0.259	0.974
4.819	2.317	3.096	3.569	0.117	2.651	0.193	0.261	1.687	0.747
4.67	2.476	3.188	3.555	0.117	2.749	0.193	0.251	2.517	0.515
4.709	2.627	3.306	3.518	2.522	2.812	0.195	0.247	2.61	0.366
4.736	2.737	3.335	3.425	5.774	2.827	0.195	0.261	2.598	0.334
4.741	2.808	3.325	3.269	4.963	2.825	0.195	0.244	2.708	0.334
4.714	2.815	3.262	2.979	4.324	2.764	0.193	0.22	2.91	0.288
4.7	2.788	3.125	2.639	4.033	2.532	0.19	0.186	3.21	0.234
4.734	2.712	2.852	2.263	3.921	2.227	0.193	0.176	3.557	0.2
4.685	2.598	2.383	1.887	3.921	1.921	0.193	0.176	3.857	0.198
4.255	2.402	1.763	1.455	4.053	1.45	0.193	0.181	4.033	0.195
3.958	2.109	1.265	1.172	4.297	1.018	0.195	1.55	4.138	0.193
3.711	1.736	0.935	0.872	4.585	0.786	0.19	7.573	4.089	0.19
3.347	1.206	0.767	0.591	4.59	0.574	0.19	7.673	4.102	0.19
3.032	0.825	0.596	0.393	4.329	0.498	0.195	6.758	4.031	0.195
2.49	0.557	0.439	0.334	3.884	0.464	0.2	6.667	3.867	0.195
2.002	0.381	0.391	0.291	3.374	0.388	0.198	6.631	3.831	0.198
1.594	0.325	0.332	0.244	2.92	0.334	0.198	6.55	3.777	0.198
1.138	0.315	0.281	0.222	2.373	0.291	0.195	6.438	3.643	0.198
0.759	0.295	0.261	0.178	2.075	0.203	0.193	6.228	3.464	0.195
0.483	0.286	0.234	0.112	1.57	0.181	0.195	5.959	3.228	0.198
0.381	0.261	0.151	0.11	1.279	0.178	0.2	5.327	3.01	0.2
0.312	0.217	0.125	0.117	0.952	0.176	0.2	4.812	2.781	0.203
0.291	0.149	0.115	0.117	0.701	0.178	0.198	4.375	2.595	0.2
0.259	0.134	0.115	0.112	0.513	0.176	0.195	3.909	2.412	0.198
0.239	0.129	0.117	0.107	0.417	0.176	0.195	3.599	2.178	0.193
0.212	0.129	0.112	0.11	0.354	0.173	0.195	3.091	1.965	0.195
0.166	0.132	0.112	0.115	0.303	0.176	0.198	2.532	1.726	0.198
0.112	0.129	0.112	0.117	0.259	0.178	0.2	2.031	1.577	0.2
0.139	0.127	0.115	0.117	0.254	0.178	0.198	1.519	1.453	0.195
0.151	0.125	0.117	0.112	0.22	0.176	0.193	1.138	1.211	0.195
0.156	0.127	0.12	0.105	0.144	0.161	0.195	0.896	1.016	0.193
0.154	0.134	0.115	0.105	0.134	0.168	0.198	0.659	0.92	0.195
0.151	0.134	0.115	0.112	0.137	0.176	0.198	0.53	0.752	0.198
0.149	0.134	0.115	0.115	0.132	0.178	0.198	0.479	0.669	0.195
0.151	0.132	0.115	0.115	0.129	0.178	0.195	0.425	0.542	0.193
0.154	0.129	0.115	0.115	0.12	0.176	0.193	0.381	0.454	0.19
0.154	0.129	0.112	0.112	0.129	0.173	0.193	0.349	0.425	0.193
0.154	0.134	0.112	0.115	0.132	0.173	0.193	0.337	0.371	0.193
0.149	0.134	0.11	0.12	0.132	0.173	0.19	0.334	0.347	0.195
0.146	0.132	0.11	0.117	0.129	0.176	0.198	0.327	0.356	0.193
0.149	0.129	0.107	0.112	0.125	0.176	0.198	0.283	0.374	0.193
0.151	0.132	0.117	0.11	0.122	0.176	0.193	0.21	0.383	0.195
0.154	0.132	0.117	0.112	0.12	0.173	0.193	0.19	0.315	0.198
0.149	0.134	0.117	0.112	0.122	0.176	0.195	0.186	0.281	0.198
0.146	0.137	0.115	0.115	0.127	0.176	0.198	0.181	0.254	0.2
0.144	0.134	0.115	0.112	0.129	0.178	0.2	0.178	0.244	0.203
0.149	0.132	0.115	0.107	0.132	0.178	0.198	0.171	0.176	0.2
0.149	0.132	0.117	0.107	0.132	0.176	0.193	0.171	0.151	0.2
0.151	0.132	0.12	0.107	0.129	0.173	0.195	0.168	0.142	0.195
0.149	0.134	0.12	0.112	0.129	0.176	0.195	0.166	0.142	0.198
0.146	0.137	0.115	0.117	0.129	0.176	0.198	0.166	0.139	0.2
0.144	0.137	0.115	0.112	0.134	0.178	0.198	0.168	0.142	0.2
0.146	0.132	0.117	0.11	0.134	0.178	0.195	0.171	0.142	0.203
0.149	0.129	0.117	0.105	0.134	0.176	0.195	0.168	0.142	0.398
0.151	0.132	0.12	0.1	0.132	0.205	0.195	0.166	0.132	5.076
0.151	0.132	0.117	0.103	0.132	0.347	0.195	0.164	0.137	5.974
0.142	0.132	0.115	0.107	0.132	2.178	0.195	0.166	0.149	3.711
0.142	0.132	0.115	0.11	0.134	2.668	0.195	0.166	0.161	3.008
0.144	0.129	0.115	0.115	0.134	1.726	0.193	0.166	0.259	3.584
0.137	0.129	0.117	0.11	0.132	1.318	0.193	0.161	0.479	4.207
0.125	0.132	0.12	0.107	0.134	1.25	0.193	0.171	0.754	4.653
0.12	0.132	0.117	0.11	0.129	1.321	0.193	0.173	0.706	5.051
0.117	0.132	0.115	0.112	0.132	1.421	0.195	0.176	0.63	5.291
0.12	0.129	0.112	0.112	0.132	1.497	0.198	0.176	0.588	5.364
0.122	0.144	0.115	0.11	0.132	1.558	0.195	0.176	0.605	5.356
0.117	2.744	0.115	0.11	0.125	1.56	0.193	0.173	0.679	5.31
0.112	5.083	0.117	0.105	0.117	1.636	0.193	0.171	0.735	5.217
0.105	2.725	0.117	0.112	0.12	1.702	0.195	0.173	0.752	4.944
0.105	1.335	0.115	0.115	0.12	1.765	0.198	0.178	0.808	4.512
0.105	1.519	0.115	0.117	0.122	1.865	0.198	0.178	0.842	4.136
0.11	2.085	0.117	0.115	0.127	1.914	0.198	0.176	0.859	3.755
0.112	2.49	0.12	0.107	0.127	1.958	0.193	0.173	0.901	3.318
0.115	2.856	0.12	0.11	0.132	1.982	0.193	0.171	0.935	2.896
0.11	3.064	0.117	0.112	0.134	2.009	0.193	0.171	0.942	2.632
0.103	3.147	0.115	0.112	0.134	2.031	0.198	0.171	0.952	2.356
0.103	3.22	0.112	0.112	0.137	2.075	0.198	0.176	1.006	2.061
0.103	3.262	0.117	0.105	0.139	2.095	0.195	0.178	1.038	1.855
0.107	3.259	0.115	0.103	0.139	2.097	0.195	0.173	1.089	1.523
0.107	3.145	0.117	0.105	0.132	2.109	0.195	0.173	1.125	1.331
0.105	2.925	0.117	0.105	0.132	2.122	0.195	0.173	1.165	1.011
0.1	2.625	0.11	0.107	0.134	2.104	0.2	0.176	1.211	0.808
0.1	2.258	0.112	0.11	0.134	2.107	0.2	0.173	1.26	0.61
0.1	1.968	0.11	0.11	0.137	2.112	0.195	0.176	1.292	0.532
0.105	1.726	0.112	0.105	0.137	2.112	0.195	0.171	1.321	0.417
0.107	1.477	0.115	0.1	0.137	2.097	0.195	0.168	1.338	0.474
0.105	1.345	0.112	0.103	0.137	2.087	0.193	0.168	1.357	0.508
0.103	1.106	0.11	0.105	0.139	2.092	0.195	0.171	1.37	0.486
0.1	0.974	0.107	0.11	0.142	2.1	0.757	0.173	1.384	0.371
0.098	0.898	0.11	0.107	0.142	2.1	4.106	0.171	1.406	0.266
0.103	0.889	0.112	0.105	0.137	2.1	3.25	0.171	1.411	0.205
0.105	0.867	0.112	0.107	0.137	2.075	2.166	0.171	1.411	0.188
0.125	0.784	0.112	0.107	0.134	2.012	1.807	0.173	1.418	0.19
0.156	0.728	0.11	0.11	0.137	1.953	1.799	0.168	1.438	0.19
1.499	0.688	0.112	0.115	0.139	1.882	1.868	0.166	1.431	0.193
2.046	0.688	0.112	0.11	0.144	1.78	1.924	0.164	1.438	0.19
0.969	0.649	0.112	0.112	0.142	1.726	1.956	0.159	1.433	0.186
0.591	0.618	0.115	0.11	0.139	1.58	1.97	0.156	1.438	0.186
0.603	0.63	0.112	0.117	0.139	1.355	1.909	0.154	1.428	0.186
0.681	0.613	0.11	0.117	0.142	1.147	1.553	0.154	1.423	0.188
0.781	0.593	0.107	0.115	0.142	0.93	1.116	0.156	1.377	0.186
0.886	0.525	0.105	0.112	0.142	0.747	0.881	0.2	1.274	0.19
1.023	0.444	0.105	0.11	0.142	0.63	0.657	2.737	1.135	0.186
1.084	0.374	0.11	0.107	0.139	0.569	0.493	5.076	0.974	0.188
1.174	0.33	0.103	0.11	0.137	0.498	0.43	2.537	0.806	0.193
1.272	0.271	0.103	0.115	0.139	0.356	0.374	1.35	0.688	0.193
1.357	0.256	0.103	0.12	0.139	0.293	0.259	1.274	0.61	0.195
1.431	0.271	0.105	0.117	0.142	0.229	0.208	1.301	0.527	0.19
1.506	0.264	0.103	0.117	0.139	0.193	0.193	1.353	0.469	0.188
1.555	0.195	0.105	0.112	0.137	0.178	0.188	1.411	0.481	0.188
1.582	0.164	0.107	0.115	0.139	0.171	0.19	1.516	0.322	0.186
1.577	0.132	0.105	0.115	0.139	0.173	0.19	1.531	0.295	0.19
1.57	0.122	0.103	0.117	0.142	0.173	0.19	1.516	0.237	0.193
1.558	0.117	0.105	0.112	0.142	0.176	0.193	1.541	0.21	0.193
1.55	0.115	0.11	0.11	0.139	0.173	0.19	1.555	0.181	0.183
1.516	0.117	0.11	0.107	0.137	0.171	0.193	1.577	0.137	0.186
1.47	0.117	0.11	0.107	0.137	0.173	0.193	1.597	0.125	0.186
1.455	0.117	0.107	0.112	0.139	0.173	0.198	1.633	0.117	0.19
1.436	0.115	0.105	0.11	0.142	0.176	0.195	1.672	0.12	0.19
1.392	0.112	0.11	0.11	0.144	0.176	0.198	1.67	0.122	0.188
1.355	0.115	0.112	0.112	0.142	0.176	0.19	1.648	0.125	0.186
1.318	0.129	0.112	0.105	0.139	0.173	0.19	1.611	0.129	0.188
1.294	0.139	0.107	0.112	0.139	0.173	0.188	1.536	0.129	0.186
1.284	0.134	0.105	0.115	0.139	0.171	0.193	1.426	0.132	0.19
1.272	0.132	0.103	0.107	0.142	0.178	0.195	1.313	0.137	0.19
1.272	0.132	0.105	0.103	0.142	0.178	0.193	1.143	0.142	0.19
1.27	0.129	0.107	0.103	0.142	0.176	0.19	0.952	0.139	0.186
1.233	0.134	0.105	0.1	0.139	0.173	0.188	0.857	0.137	0.188
1.213	0.137	0.105	0.103	0.137	0.173	0.188	0.811	0.134	0.188
1.184	0.137	0.103	0.107	0.142	0.176	0.193	0.793	0.134	0.188
1.189	0.137	0.105	0.107	0.144	0.168	0.195	0.75	0.137	0.193
1.133	0.139	0.105	0.105	0.146	0.171	0.193	0.674	0.137	0.188
1.072	0.134	0.105	0.105	0.142	0.176	0.19	0.613	0.139	0.186
0.916	0.137	0.105	0.103	0.139	0.171	0.19	0.537	0.139	0.183
0.811	0.137	0.107	0.103	0.137	0.171	0.193	0.488	0.137	0.186
0.754	0.137	0.107	0.105	0.139	0.176	0.195	0.364	0.137	0.19
0.649	0.134	0.105	0.105	0.144	0.181	0.195	0.312	0.137	0.193
0.566	0.134	0.105	0.103	0.146	0.176	0.193	0.288	0.139	0.19
0.493	0.137	0.107	0.103	0.146	0.178	0.188	0.293	0.142	0.188
0.503	0.139	0.107	0.098	0.144	0.176	0.222	0.269	0.137	0.186
0.452	0.134	0.11	0.1	0.142	0.173	1.509	0.273	0.137	0.19
0.376	0.137	0.105	0.103	0.144	0.178	4.517	0.276	0.134	0.19
0.31	0.137	0.105	0.103	0.146	0.183	2.922	0.254	0.137	0.188
0.291	0.137	0.103	0.103	0.149	0.181	1.106	0.22	0.137	0.19
0.295	0.137	0.107	0.1	0.146	0.181	0.728	0.176	0.129	0.188
0.344	0.142	0.11	0.1	0.142	0.178	0.769	0.164	0.129	0.188
0.254	0.144	0.11	0.107	0.142	0.181	0.918	0.164	0.129	0.188
0.188	0.144	0.107	0.11	0.142	0.181	0.979	0.164	0.127	0.193
0.151	0.144	0.105	0.112	0.146	0.183	1.035	0.164	0.129	0.19
0.146	0.142	0.107	0.11	0.149	0.183	1.089	0.161	0.132	0.19
0.144	0.142	0.112	0.105	0.144	0.181	1.125	0.161	0.129	0.186
0.144	0.142	0.115	0.107	0.142	0.178	1.143	0.161	0.127	0.186
0.144	0.142	0.115	0.11	0.139	0.176	1.187	0.159	0.125	0.188
0.139	0.139	0.115	0.11	0.142	0.181	1.226	0.164	0.125	0.19
0.137	0.137	0.115	0.095	0.144	0.181	1.27	0.166	0.132	0.193
0.142	0.127	0.115	0.107	0.144	0.181	1.301	0.166	0.134	0.188
0.142	0.125	0.117	0.107	0.144	0.178	1.313	0.164	0.134	0.186
0.139	0.129	0.12	0.117	0.142	0.176	1.313	0.161	0.132	0.181
0.137	0.134	0.117	0.125	0.139	0.176	1.309	0.164	0.134	0.181
0.132	0.134	0.115	0.122	0.142	0.176	1.321	0.164	0.137	0.181
0.134	0.134	0.115	0.117	0.144	0.178	1.296	0.166	0.139	0.178
0.137	0.132	0.117	0.115	0.146	0.181	1.248	0.164	0.139	0.181
0.139	0.129	0.12	0.105	0.146	0.178	1.201	0.164	0.142	0.181
0.137	0.132	0.12	0.117	0.144	0.176	1.113	0.159	0.142	0.183
0.137	0.129	0.12	0.154	0.142	0.173	0.952	0.161	0.139	0.183
0.134	0.134	0.117	0.469	0.144	0.176	0.857	0.164	0.139	0.186
0.132	0.132	0.115	1.802	0.146	0.176	0.774	0.166	0.142	0.19
0.134	0.129	0.117	1.86	0.149	0.176	0.647	0.161	0.144	0.19
0.137	0.132	0.12	1.577	0.146	0.173	0.603	0.159	0.142	0.188
0.137	0.137	0.122	1.514	0.144	0.168	0.571	0.156	0.137	0.183
0.137	0.144	0.12	1.543	0.144	0.168	0.537	0.156	0.137	0.188
0.132	0.149	0.117	1.555	0.146	0.171	0.557	0.159	0.137	0.188
0.129	0.146	0.115	1.641	0.146	0.173	0.581	0.161	0.139	0.19
0.134	0.149	0.117	1.79	0.146	0.178	0.476	0.156	0.139	0.19
0.142	0.146	0.12	1.919	0.146	0.173	0.337	0.154	0.139	0.188
0.144	0.146	0.12	2.021	0.146	0.171	0.312	0.151	0.139	0.19
0.142	0.149	0.117	2.104	0.144	0.173	0.305	0.154	0.139	0.439
0.139	0.149	0.112	2.129	0.146	0.176	0.276	0.159	0.139	4.446
0.137	0.144	0.112	2.139	0.149	0.178	0.266	0.161	0.139	6.16
0.139	0.137	0.115	2.185	0.154	0.178	0.256	0.159	0.142	6.172
0.142	0.137	0.117	2.197	0.151	0.181	0.215	0.156	0.142	6.116
0.144	0.137	0.12	2.224	0.149	0.178	0.193	0.156	0.139	6.113
0.142	0.139	0.12	2.275	0.146	0.208	0.19	0.156	0.137	6.084
0.137	0.144	0.115	2.295	0.151	1.196	0.19	0.156	0.139	6.033
0.137	0.144	0.115	2.288	0.151	2.781	0.19	0.159	0.139	5.898
0.137	0.142	0.132	2.246	0.151	3.069	0.19	0.161	0.144	5.679
0.139	0.142	0.125	2.209	0.149	3.164	0.188	0.161	0.144	5.137
0.142	0.142	0.122	2.153	0.149	3.286	0.183	0.156	0.142	4.492
0.139	0.137	0.129	2.146	0.149	3.408	0.186	0.159	0.139	3.74
0.137	0.132	0.164	2.146	0.149	3.45	0.188	0.161	0.139	3.04
0.132	0.134	0.317	2.139	0.154	3.464	0.188	0.164	0.142	2.31
0.134	0.134	0.835	2.129	0.154	3.452	0.188	0.164	0.144	1.697
0.142	0.134	1.206	2.129	0.154	3.433	0.186	0.161	0.144	1.592
0.142	0.127	1.233	2.144	0.151	3.401	0.186	0.159	0.142	1.362
0.139	0.127	1.201	2.166	0.278	3.333	0.188	0.156	0.142	1.099
0.137	0.125	1.267	2.178	3	3.252	0.188	0.159	0.139	0.889
0.134	0.122	1.399	2.161	4.094	3.159	0.19	0.161	0.142	0.796
0.134	0.122	1.555	2.134	3.45	3.083	0.188	0.164	0.146	0.625
0.139	0.117	1.794	2.043	3.24	2.937	0.186	0.159	0.266	0.544
0.159	0.12	1.995	1.909	3.374	2.52	0.183	0.156	2.817	0.408
1.973	0.122	2.148	1.724	3.508	2.109	0.186	0.156	4.094	0.3
5.82	0.127	2.278	1.584	3.669	1.589	0.19	0.159	4.124	0.229
6.531	0.125	2.432	1.333	3.816	1.272	0.193	0.305	4.189	0.212
6.97	0.122	2.603	1.116	3.936	1.187	0.19	5.085	4.302	0.21
7.046	0.12	2.751	0.984	4.004	0.981	0.188	7.805	4.368	0.208
7.031	0.12	2.861	0.776	4.067	0.815	0.188	7.876	4.358	0.208
7.029	0.125	2.925	0.605	4.075	0.647	0.188	7.329	4.292	0.203
6.89	0.127	2.927	0.486	4.06	0.51	0.19	6.624	4.246	0.205
6.519	0.122	2.976	0.349	4.075	0.364	0.19	6.145	4.138	0.205
6.035	0.12	2.991	0.266	4.092	0.312	0.19	5.544	3.982	0.205
5.315	0.12	2.976	0.188	4.089	0.22	0.186	5.352	3.589	0.203
4.451	0.122	2.971	0.164	4.006	0.19	0.183	5.061	2.993	0.2
3.743	0.125	2.935	0.132	3.916	0.195	0.188	4.602	2.371	0.205
3.279	0.122	2.917	0.105	3.821	0.183	0.186	3.777	1.929	0.208
2.854	0.122	2.864	0.095	3.677	0.181	0.188	3.118	1.689	0.208
2.332	0.122	2.808	0.103	3.472	0.181	0.19	2.5	1.506	0.208
1.895	0.122	2.749	0.095	3.215	0.168	0.186	2.017	1.389	0.205
1.641	0.122	2.642	0.088	2.917	0.154	0.186	1.714	1.218	0.203
1.313	0.122	2.498	0.09	2.732	0.159	0.188	1.16	1.001	0.205
1.182	0.125	2.356	0.09	2.632	0.171	0.19	1.042	0.918	0.203
1.101	0.125	2.166	0.088	2.515	0.178	0.19	0.889	0.701	0.203
0.896	0.122	2.019	0.088	2.424	0.181	0.188	0.652	0.637	0.198
0.754	0.122	1.841	0.081	2.368	0.178	0.186	0.51	0.464	0.193
0.645	0.122	1.582	0.078	2.258	0.178	0.186	0.457	0.403	0.183
0.598	0.166	1.248	0.081	2.178	0.178	0.186	0.396	0.305	0.178
0.574	2.649	0.981	0.083	2.063	0.178	0.186	0.359	0.208	0.183
0.537	5.144	0.789	0.088	1.992	0.181	0.188	0.295	0.176	0.183
0.42	5.632	0.61	0.085	1.926	0.178	0.186	0.249	0.171	0.183
0.276	5.774	0.503	0.083	1.892	0.171	0.186	0.212	0.171	0.178
0.225	5.767	0.383	0.083	1.882	0.144	0.183	0.208	0.176	0.178
0.181	5.82	0.315	0.083	1.843	0.139	0.186	0.208	0.168	0.183
0.161	5.781	0.327	0.085	1.772	0.156	0.188	0.21	0.166	0.186
0.154	5.667	0.356	0.083	1.619	0.156	0.19	0.212	0.151	0.188
0.151	5.591	0.312	0.085	1.404	0.159	0.19	0.21	0.146	0.186
0.149	5.54	0.186	0.083	1.252	0.159	0.188	0.193	0.144	0.183
0.146	5.452	0.129	0.078	1.052	0.156	0.188	0.188	0.142	0.183
0.146	5.325	0.11	0.085	0.894	0.159	0.188	0.188	0.139	0.183
0.142	5.188	0.107	0.105	0.84	0.161	0.193	0.193	0.139	0.186
0.137	4.961	0.105	0.132	0.764	0.164	0.193	0.19	0.142	0.188
0.142	4.578	0.107	0.137	0.671	0.164	0.188	0.19	0.144	0.186
0.142	4.27	0.11	0.137	0.574	0.159	0.19	0.183	0.144	0.183
0.146	3.735	0.11	0.137	0.474	0.159	0.188	0.181	0.142	0.181
0.146	3.123	0.105	0.132	0.413	0.156	0.19	0.183	0.139	0.183
0.149	2.673	0.103	0.12	0.32	0.156	0.193	0.183	0.139	0.183
0.146	2.373	0.103	0.103	0.251	0.161	0.195	0.188	0.142	0.186
0.149	1.96	0.1	0.09	0.19	0.164	0.19	0.188	0.144	0.183
0.151	1.65	0.105	0.085	0.164	0.164	0.19	0.188	0.144	0.178
0.151	1.45	0.139	0.083	0.154	0.161	0.186	0.188	0.142	0.181
0.149	1.301	0.161	0.083	0.151	0.159	0.188	0.186	0.134	0.181
0.146	1.05	0.144	0.083	0.154	0.161	0.19	0.188	0.134	0.183
0.146	0.977	0.127	0.085	0.156	0.166	0.19	0.188	0.137	0.183
0.149	0.796	0.129	0.083	0.156	0.166	0.188	0.188	0.139	0.186
0.151	0.671	0.137	0.083	0.154	0.164	0.186	0.183	0.142	0.183
0.154	0.623	0.139	0.076	0.154	0.159	0.188	0.183	0.139	0.181
0.151	0.564	0.139	0.073	0.154	0.159	0.188	0.186	0.137	0.181
0.149	0.496	0.137	0.078	0.154	0.164	0.19	0.188	0.139	0.183
0.149	0.486	0.137	0.076	0.156	0.164	0.193	0.193	0.139	0.186
0.146	0.386	0.129	0.078	0.156	0.164	0.19	0.19	0.144	0.186
0.146	0.278	0.137	0.071	0.154	0.161	0.19	0.188	0.144	0.183
0.149	0.205	0.142	0.071	0.151	0.159	0.186	0.181	0.142	0.181
0.149	0.154	0.139	0.071	0.151	0.159	0.19	0.178	0.137	0.181
0.146	0.129	0.137	0.112	0.154	0.161	0.19	0.181	0.137	0.186
0.142	0.122	0.137	0.132	0.156	0.164	0.193	0.183	0.137	0.188
0.144	0.125	0.142	0.134	0.156	0.166	0.193	0.188	0.139	0.186
0.149	0.134	0.144	0.132	0.156	0.164	0.188	0.183	0.137	0.183
0.151	0.117	0.144	0.132	0.154	0.164	0.183	0.181	0.137	0.181
0.149	0.112	0.142	0.137	0.151	0.161	0.186	0.183	0.137	0.186
0.149	0.107	0.142	0.137	0.154	0.164	0.19	0.183	0.134	0.188
0.144	0.107	0.144	0.137	0.156	0.166	0.193	0.186	0.137	0.188
0.149	0.103	0.142	0.137	0.156	0.166	0.19	0.186	0.139	0.183
0.151	0.103	0.144	0.134	0.151	0.164	0.188	0.181	0.139	0.183
0.151	0.103	0.144	0.134	0.149	0.161	0.186	0.178	0.137	0.183
0.146	0.103	0.139	0.137	0.151	0.161	0.188	0.181	0.134	0.186
0.144	0.105	0.161	0.139	0.154	0.164	0.188	0.183	0.132	0.188
0.144	0.105	0.61	0.215	0.159	0.164	0.19	0.181	0.134	0.19
0.146	0.103	3.936	3.149	0.159	0.156	0.19	0.178	0.137	0.188
0.149	0.1	4.841	4.619	0.156	0.151	0.295	0.173	0.137	0.186
0.149	0.103	5.015	4.712	0.151	0.154	2.231	0.173	0.139	0.19
0.149	0.103	5.203	4.773	0.151	0.156	4.124	0.176	0.137	0.251
0.146	0.103	5.308	4.958	0.149	0.159	3.806	0.178	0.139	3.628
0.144	0.103	5.337	5.034	0.154	0.164	4.053	0.178	0.142	4.487
0.146	0.103	5.317	4.973	0.154	0.164	4.282	0.178	0.142	4.526
0.149	0.1	5.286	4.885	0.154	0.161	4.578	0.176	0.142	4.409
0.149	0.1	5.244	4.783	0.151	0.159	4.727	0.173	0.139	4.258
0.149	0.1	5.12	4.683	0.151	0.156	4.795	0.176	0.137	4.221
0.144	0.098	4.89	4.541	0.154	0.159	4.873	0.176	0.139	4.197
0.146	0.107	4.541	4.419	0.156	0.161	4.917	0.178	0.137	4.172
0.144	0.11	4.062	4.075	0.156	0.164	4.863	0.173	0.144	4.08
0.149	0.105	3.362	3.394	0.154	0.161	4.551	0.171	0.144	3.928
0.151	0.11	2.852	2.744	0.151	0.161	4.128	0.168	0.142	3.767
0.149	0.112	2.383	2.395	0.151	0.159	3.579	0.168	0.159	3.325
0.146	0.112	1.863	1.824	0.154	0.164	2.886	0.173	0.249	2.881
0.146	0.112	1.609	1.704	0.156	0.164	2.493	0.178	1.372	2.52
0.149	0.11	1.306	1.46	0.156	0.166	2.261	0.176	3.711	2.065
0.151	0.107	0.994	1.138	0.154	0.161	1.975	0.176	4.094	1.548
0.149	0.11	0.884	0.994	0.151	0.19	1.753	0.176	4.241	1.152
0.149	0.112	0.703	0.889	0.151	1.584	1.594	0.176	4.253	0.823
0.146	0.115	0.566	0.659	0.149	4.622	1.372	0.176	4.233	0.618
0.149	0.112	0.435	0.559	0.151	4.692	1.133	0.178	4.058	0.508
0.149	0.11	0.317	0.417	0.151	4.744	1.001	0.178	3.325	0.347
0.149	0.11	0.2	0.33	0.149	4.849	0.803	0.178	2.642	0.278
0.146	0.112	0.139	0.232	0.149	4.744	0.659	0.173	2.031	0.237
0.146	0.115	0.11	0.188	0.149	4.58	0.515	0.271	1.697	0.2
0.144	0.115	0.093	0.164	0.151	4.346	0.41	1.104	1.406	0.186
0.144	0.115	0.095	0.154	0.154	4.119	0.349	5.215	1.118	0.178
0.149	0.112	0.095	0.164	0.156	4.021	0.281	6.262	1.03	0.188
0.188	0.11	0.098	0.156	0.164	3.95	0.222	6.414	0.901	0.188
0.315	0.11	0.095	0.146	0.496	3.606	0.242	6.509	0.691	0.186
1.836	0.112	0.095	0.144	2.854	3.359	0.222	6.409	0.596	0.171
3.267	0.112	0.09	0.146	3.406	2.998	0.203	6.155	0.474	0.181
3.564	0.11	0.093	0.146	3.638	2.629	0.198	5.713	0.422	0.178
3.806	0.112	0.095	0.146	3.745	2.146	0.193	5.291	0.386	0.181
3.877	0.105	0.095	0.139	3.838	1.675	0.193	4.922	0.334	0.181
3.879	0.11	0.098	0.139	3.809	1.196	0.19	4.473	0.288	0.181
3.784	0.112	0.095	0.142	3.774	0.935	0.193	3.796	0.237	0.181
3.682	0.115	0.088	0.144	3.762	0.762	0.193	3.228	0.181	0.186
3.618	0.112	0.09	0.146	3.699	0.627	0.193	2.7	0.151	0.186
3.555	0.11	0.088	0.142	3.618	0.598	0.193	2.202	0.149	0.181
3.408	0.11	0.093	0.139	3.489	0.42	0.188	1.831	0.142	0.178
3.042	0.112	0.095	0.142	3.33	0.339	0.183	1.567	0.151	0.176
2.708	0.115	0.1	0.144	3.174	0.298	0.19	1.262	0.142	0.176
2.39	0.117	0.11	0.146	2.81	0.283	0.193	1.016	0.132	0.176
2.153	0.112	0.107	0.146	2.214	0.239	0.198	0.913	0.137	0.183
1.86	0.112	0.11	0.144	1.79	0.208	0.195	0.767	0.137	0.181
1.611	0.11	0.112	0.144	1.404	0.203	0.195	0.61	0.132	0.181
1.24	0.112	0.107	0.142	1.218	0.198	0.19	0.52	0.134	0.173
0.952	0.115	0.107	0.144	1.013	0.2	0.188	0.444	0.134	0.171
0.745	0.115	0.105	0.146	0.955	0.21	0.193	0.376	0.132	0.171
0.569	0.112	0.105	0.149	0.911	0.21	0.193	0.344	0.137	0.173
0.439	0.11	0.105	0.146	0.73	0.203	0.193	0.308	0.134	0.173
0.381	0.112	0.107	0.142	0.596	0.198	0.19	0.3	0.137	0.171
0.352	0.115	0.11	0.142	0.601	0.198	0.19	0.276	0.137	0.168
0.288	0.115	0.107	0.144	0.588	0.2	0.19	0.266	0.137	0.171
0.19	0.117	0.105	0.146	0.518	0.203	0.193	0.22	0.134	0.176
0.144	0.115	0.105	0.146	0.449	0.2	0.193	0.195	0.139	0.178
0.134	0.11	0.105	0.144	0.398	0.2	0.193	0.229	0.139	0.181
0.139	0.11	0.105	0.144	0.266	0.198	0.188	0.181	0.142	0.176
0.146	0.112	0.105	0.139	0.198	0.2	0.186	0.164	0.137	0.178
0.142	0.115	0.105	0.144	0.193	0.2	0.188	0.164	0.134	0.178
0.137	0.115	0.1	0.144	0.198	0.198	0.193	0.164	0.134	0.178
0.117	0.115	0.103	0.146	0.171	0.203	0.193	0.166	0.134	0.181
0.115	0.112	0.103	0.144	0.161	0.198	0.19	0.164	0.139	0.183
0.127	0.11	0.105	0.144	0.159	0.195	0.19	0.159	0.137	0.176
0.134	0.151	0.105	0.139	0.154	0.198	0.188	0.159	0.127	0.173
0.132	1.665	0.105	0.144	0.151	0.195	0.19	0.159	0.132	0.173
0.129	2.966	0.105	0.149	0.154	0.193	0.193	0.159	0.132	0.176
0.132	3.247	0.103	0.149	0.156	0.203	0.195	0.164	0.132	0.186
0.132	3.433	0.105	0.146	0.159	0.205	0.19	0.161	0.137	0.217
0.134	3.533	0.105	0.142	0.154	0.203	0.188	0.161	0.137	1.641
0.134	3.55	0.107	0.142	0.151	0.188	0.19	0.156	0.139	6.694
0.134	3.489	0.105	0.144	0.151	0.176	0.188	0.159	0.137	8.413
0.127	3.455	0.103	0.149	0.154	0.176	0.19	0.159	0.134	8.738
0.117	3.452	0.103	0.149	0.156	0.178	0.193	0.164	0.132	8.713
0.12	3.416	0.105	0.146	0.156	0.181	0.19	0.161	0.137	8.54
0.115	3.328	0.107	0.142	0.156	0.178	0.188	0.159	0.134	8.416
0.117	3.137	0.107	0.142	0.154	0.173	0.186	0.156	0.137	8.257
0.115	2.744	0.105	0.142	0.149	0.171	0.186	0.159	0.132	7.766
0.115	2.373	0.103	0.146	0.156	0.176	0.19	0.159	0.132	7.419
0.112	2.1	0.103	0.146	0.156	0.176	0.19	0.161	0.134	6.694
0.112	1.89	0.105	0.146	0.151	0.178	0.19	0.161	0.137	5.955
0.117	1.633	0.105	0.144	0.146	0.173	0.188	0.161	0.137	5.081
0.115	1.421	0.112	0.142	0.146	0.171	0.186	0.159	0.137	4.456
0.115	1.184	0.107	0.146	0.146	0.173	0.186	0.159	0.134	3.882
0.112	0.828	0.103	0.146	0.149	0.173	0.19	0.161	0.139	3.171
0.11	0.532	0.103	0.146	0.151	0.176	0.19	0.161	0.198	2.668
0.112	0.354	0.105	0.146	0.149	0.176	0.19	0.164	4.714	2.109
0.117	0.232	0.107	0.144	0.149	0.173	0.186	0.159	5.745	1.758
0.117	0.193	0.107	0.139	0.142	0.173	0.183	0.159	5.508	1.14
0.117	0.159	0.105	0.144	0.144	0.186	0.183	0.159	5.427	0.937
0.115	0.122	0.105	0.146	0.149	0.251	0.188	0.156	5.439	0.825
0.112	0.11	0.105	0.149	0.149	4.341	0.19	0.161	5.574	0.857
0.115	0.103	0.105	0.149	0.149	7.061	0.19	0.161	5.615	0.862
0.12	0.1	0.107	0.142	0.151	7.642	0.188	0.159	5.608	0.789
0.122	0.098	0.107	0.139	0.149	7.659	0.183	0.156	5.557	0.708
0.122	0.105	0.11	0.144	0.146	7.529	0.186	0.156	5.388	0.615
0.12	0.107	0.105	0.144	0.144	7.51	0.19	0.159	4.927	0.554
0.117	0.112	0.122	0.176	0.149	7.556	0.19	0.159	4.167	0.503
0.12	0.105	1.033	0.261	0.151	7.432	0.188	0.159	3.481	0.454
0.125	0.103	4.336	3.486	0.151	7.139	0.186	0.156	3.008	0.361
0.125	0.1	4.583	4.304	0.149	6.763	0.186	0.156	2.891	0.283
0.125	0.103	4.524	4.233	0.144	6.404	0.188	0.156	2.798	0.232
0.215	0.105	4.487	4.954	0.149	6.077	0.19	0.159	2.654	0.237
0.544	0.1	4.397	5.21	0.156	5.603	0.19	0.161	2.202	0.232
5.422	0.098	4.351	5.237	0.156	4.998	0.188	0.161	1.741	0.22
6.724	0.098	4.304	5.156	0.156	4.597	0.186	0.159	1.421	0.198
6.907	0.1	4.246	4.968	0.154	4.045	0.186	0.159	1.096	0
6.938	0.103	4.124	4.641	0.154	3.479	0.186	0.159	0.786	0
6.816	0.103	3.713	3.994	0.156	3.062	0.188	0.159	0.574	0
6.797	0.103	3.291	3.452	0.156	2.639	0.19	0.159	0.491	0
6.892	0.103	2.886	3.081	0.156	2.29	0.19	0.159	0.425	0
6.907	0.103	2.471	2.705	0.151	1.958	0.186	0.159	0.381	0
6.902	0.103	2.021	2.229	0.154	1.831	0.188	0.159	0.352	0
6.768	0.105	1.46	1.707	0.154	1.492	0.188	0.159	0.349	0
6.287	0.107	0.996	1.26	0.156	1.221	0.19	0.161	0.273	0
5.901	0.105	0.625	0.781	0.156	1.226	0.203	0.161	0.203	0
5.496	0.105	0.442	0.505	0.159	1.274	0.295	0.161	0.166	0
5.234	0.105	0.334	0.383	0.156	1.228	2.874	0.161	0.156	0
4.866	0.105	0.222	0.33	0.154	1.104	3.743	0.159	0.154	0
4.363	0.105	0.2	0.288	0.151	0.947	3.726	0.159	0.154	0
3.833	0.107	0.186	0.249	0.154	0.776	3.73	0.164	0.146	0
3.306	0.105	0.139	0.173	0.156	0.62	3.752	0.166	0.164	0
2.93	0.103	0.127	0.125	0.156	0.525	3.662	0.164	0	0
2.649	0.1	0.12	0.112	0.156	0.398	3.333	0.164	0	0
2.314	0.103	0.11	0.103	0.154	0.327	2.939	0.159	0	0
2.007	0.107	0.117	0.095	0.151	0.298	2.476	0.181	0	0
1.665	0.11	0.122	0.098	0.154	0.288	2.092	3.95	0	0
1.282	0.107	0.11	0.095	0.154	0.291	1.78	7.769	0	0
1.018	0.105	0.117	0.115	0.156	0.242	1.494	7.322	0	0
0.891	0.105	0.112	0.117	0.156	0.178	1.289	6.497	0	0
0.828	0.105	0.129	0.117	0.237	0.161	1.147	6.284	0	0
0.72	0.11	0.144	0.115	1.536	0.154	0.789	5.991	0	0
0.581	0.11	0.144	0.12	5.298	0.149	0.586	5.835	0	0
0.405	0.11	0.142	0.125	5.537	0.159	0.432	5.605	0	0
0.276	0.107	0.144	0.122	5.559	0.159	0.342	5.212	0	0
0.176	0.105	0.146	0.11	5.752	0.154	0.261	4.875	0	0
0.164	0.107	0.146	0.115	5.686	0.151	0.21	4.358	0	0
0.156	0.12	0.146	0.122	5.557	0.149	0.2	3.813	0	0
0.181	0.183	0.144	0.129	5.271	0	0.232	3.535	0	0
0.181	3.047	0.144	0.129	5	0	0.208	3.276	0	0
0.134	7.012	0.144	0.127	4.849	0	0.2	3.24	0	0
0.107	8.042	0.146	0.127	4.629	0	0.22	2.688	0	0
0	8.228	0.149	0.122	4.211	0	0.227	2.185	0	0
0	8.181	0.144	0.115	3.787	0	0.203	1.746	0	0
0	8.215	0.144	0.117	3.362	0	0.208	1.377	0	0
0	8.269	0.144	0.103	2.971	0	0.208	1.057	0	0
0	8.262	0.144	0.103	2.607	0	0.208	0.813	0	0
0	8.191	0.149	0.103	2.256	0	0.205	0.61	0	0
0	7.83	0.151	0.103	1.873	0	0.203	0.564	0	0
0	7.183	0.151	0.117	1.45	0	0.203	0.432	0	0
0	6.431	0.149	0.127	1.082	0	0.208	0.342	0	0
0	5.962	0.146	0.129	0.764	0	0.21	0.31	0	0
0	5.493	0.146	0.127	0.571	0	0.208	0.261	0	0
0	5.032	0.149	0.117	0.544	0	0.205	0.164	0	0
0	4.25	0.154	0.117	0.518	0	0.203	0.137	0	0
0	3.682	0.151	0.115	0.383	0	0.205	0.12	0	0
0	3.12	0.149	0.117	0.298	0	0.21	0.105	0	0
0	2.644	0.149	0.134	0.256	0	0.212	0.105	0	0
0	2.214	0.149	0.137	0.237	0	0.212	0.112	0	0
0	1.956	0.151	0.134	0.195	0	0.21	0.122	0	0
0	1.558	0.154	0.132	0.193	0	0.208	0.122	0	0
0	1.179	0.154	0.132	0.181	0	0.208	0.107	0	0
0	0.942	0.149	0.134	0.171	0	0.212	0.107	0	0
0	0.784	0.149	0.134	0.178	0	0.212	0.105	0	0
0	0.669	0.146	0.134	0.178	0	0.21	0.103	0	0
0	0.481	0.149	0.117	0.176	0	0.208	0.1	0	0
0	0.383	0.149	0.112	0.176	0	0.205	0.098	0	0
0	0.215	2.739	0.11	0.176	0	0.208	0.117	0	0
0	0.156	6.162	0.181	0.178	0	0.208	0.132	0	0
0	0.154	6.174	4.077	0.181	0	0.21	0	0	0
0	0.139	6.072	6.265	0.181	0	0.21	0	0	0
0	0.139	6.118	6.411	0.178	0	0.208	0	0	0
0	0.146	6.084	6.365	0.176	0	0.205	0	0	0
0	0.125	6.096	6.321	0.173	0	0.205	0	0	0
0	0.115	5.935	6.27	0.173	0	0.205	0	0	0
0	0.117	5.532	6.279	0.178	0	0.208	0	0	0
0	0.112	4.902	6.223	0.178	0	0.205	0	0	0
0	0.105	4.507	6.013	0.176	0	0.203	0	0	0
0	0.105	4.226	5.505	0.176	0	0.203	0	0	0
0	0.11	3.884	4.998	0.173	0	0.203	0	0	0
0	0.11	3.638	4.348	0.176	0	0.208	0	0	0
0	0.11	3.34	3.884	0.176	0	0.251	0	0	0
0	0.105	2.908	3.364	0.171	0	0.31	0	0	0
0	0.103	2.705	2.766	0.164	0	2.957	0	0	0
0	0.105	2.336	2.476	0.154	0	5.881	0	0	0
0	0.142	1.978	2.144	0.151	0	6.443	0	0	0
0	0.249	1.599	1.824	0.149	0	6.492	0	0	0
0	0.64	1.323	1.572	0.154	0	6.409	0	0	0
0	1.682	1.116	1.443	0.154	0	6.326	0	0	0
0	1.904	0.945	1.233	0.149	0	6.289	0	0	0
0	1.965	0.735	1.079	0.144	0	5.786	0	0	0
0	2.131	0.562	0.979	0.142	0	5.037	0	0	0
0	0	0.432	0.818	0.144	0	4.468	0	0	0
0	0	0.356	0.596	0.146	0	4.272	0	0	0
0	0	0.356	0.417	0.146	0	4.255	0	0	0
0	0	0.225	0.281	0.142	0	4.28	0	0	0
0	0	0.173	0.193	0.142	0	4.241	0	0	0
0	0	0.151	0.161	0.156	0	4.004	0	0	0
0	0	0.137	0.164	0.164	0	3.416	0	0	0
0	0	0.134	0.134	0.166	0	2.856	0	0	0
0	0	0.139	0.125	0.166	0	2.397	0	0	0
0	0	0.151	0.112	0.164	0	1.929	0	0	0
0	0	0.168	0.1	0.161	0	1.548	0	0	0
0	0	0.154	0.112	0.161	0	1.16	0	0	0
0	0	0.149	0.12	0.161	0	0.825	0	0	0
0	0	0.142	0.12	0.164	0	0.601	0	0	0
0	0	0.139	0.117	0.156	0	0.503	0	0	0
0	0	0.142	0.11	0.156	0	0.405	0	0	0
0	0	0.142	0.107	0.156	0	0.315	0	0	0
0	0	0.142	0.112	0.159	0	0.247	0	0	0
0	0	0.137	0.117	0.164	0	0.229	0	0	0
0	0	0.134	0.117	0.164	0	0.278	0	0	0
0	0	0.134	0.112	0.166	0	0.256	0	0	0
0	0	0.151	0.11	0.168	0	0.261	0	0	0
0	0	0	0.112	0.19	0	0.22	0	0	0
0	0	0	0.115	0.627	0	0.183	0	0	0
0	0	0	0.117	7.18	0	0.168	0	0	0
0	0	0	0.12	9.062	0	0.164	0	0	0
0	0	0	0.12	9.221	0	0.156	0	0	0
0	0	0	0.112	9.221	0	0.149	0	0	0
0	0	0	0.11	9.214	0	0.146	0	0	0
0	0	0	0	9.221	0	0.151	0	0	0
0	0	0	0	9.221	0	0.156	0	0	0
0	0	0	0	9.153	0	0.156	0	0	0
0	0	0	0	9.031	0	0.156	0	0	0
0	0	0	0	8.821	0	0.154	0	0	0
0	0	0	0	8.21	0	0.149	0	0	0
0	0	0	0	7.615	0	0.151	0	0	0
0	0	0	0	7.009	0	0.154	0	0	0
0	0	0	0	6.409	0	0.156	0	0	0
0	0	0	0	5.671	0	0.156	0	0	0
0	0	0	0	4.893	0	0.156	0	0	0
0	0	0	0	4.177	0	0.154	0	0	0
0	0	0	0	3.486	0	0.156	0	0	0
0	0	0	0	2.827	0	0.159	0	0	0
0	0	0	0	2.471	0	0.161	0	0	0
0	0	0	0	2.161	0	0.159	0	0	0
0	0	0	0	1.794	0	0.156	0	0	0
0	0	0	0	1.406	0	0.154	0	0	0
0	0	0	0	1.187	0	0.159	0	0	0
0	0	0	0	1.23	0	0.159	0	0	0
0	0	0	0	1.113	0	0	0	0	0
0	0	0	0	0.923	0	0	0	0	0
0	0	0	0	0.764	0	0	0	0	0
0	0	0	0	0.662	0	0	0	0	0
0	0	0	0	0.61	0	0	0	0	0
0	0	0	0	0.503	0	0	0	0	0
0	0	0	0	0.376	0	0	0	0	0
0	0	0	0	0.344	0	0	0	0	0
0	0	0	0	0.371	0	0	0	0	0
0	0	0	0	0.383	0	0	0	0	0
0	0	0	0	0.264	0	0	0	0	0
0	0	0	0	0.168	0	0	0	0	0
0	0	0	0	0.156	0	0	0	0	0
0	0	0	0	0.151	0	0	0	0	0
0	0	0	0	0.156	0	0	0	0	0
0	0	0	0	0.156	0	0	0	0	0
