2.29	3.083	0.959	0.845	0.784	1.602	0.754	0.671	0.703	0.696
2.312	3.086	1.099	0.925	0.781	2.036	0.752	0.671	0.735	0.701
2.317	3.062	1.426	1.409	0.806	2.129	0.774	0.73	0.83	0.764
2.371	3.066	2.5	2.222	0.869	2.083	0.776	0.789	1.543	1.934
2.388	3.079	2.874	2.244	1.157	2.026	0.981	0.989	2.231	3.486
2.427	3.12	2.883	1.997	1.814	1.987	1.255	1.199	2.197	2.629
2.461	3.208	2.869	1.914	2.153	1.973	1.45	1.36	2.034	2.141
2.458	3.257	2.825	1.914	2.129	1.96	1.594	1.411	2	2.026
2.446	3.254	2.781	1.931	2.078	1.963	1.614	1.423	1.975	2.002
2.429	3.208	2.781	1.946	2.036	1.938	1.619	1.423	1.985	1.997
2.437	2.981	2.803	1.943	1.968	1.926	1.631	1.426	1.995	1.997
2.434	2.732	2.793	1.929	1.948	1.902	1.633	1.423	1.963	2.009
2.422	2.537	2.781	1.897	1.948	1.833	1.631	1.443	1.924	2
2.395	2.461	2.737	1.77	1.926	1.719	1.65	1.44	1.892	1.941
2.305	2.288	2.69	1.602	1.882	1.511	1.655	1.455	1.841	1.721
2.178	2.07	2.493	1.438	1.848	1.326	1.638	1.467	1.748	1.489
2.09	1.746	2.271	1.272	1.743	1.272	1.616	1.475	1.628	1.438
1.968	1.543	2.026	1.194	1.636	1.111	1.582	1.467	1.487	1.409
1.921	1.396	1.785	1.084	1.484	0.969	1.562	1.45	1.377	1.294
1.809	1.301	1.572	1.013	1.365	0.896	1.489	1.428	1.226	1.16
1.68	1.201	1.387	0.894	1.304	0.84	1.338	1.387	1.162	1.057
1.621	1.174	1.201	0.85	1.218	0.828	1.204	1.309	1.038	0.937
1.599	1.167	1.062	0.837	1.086	0.833	1.099	1.187	0.884	0.823
1.575	1.121	0.984	0.833	0.947	0.835	0.991	1.06	0.85	0.774
1.599	1.113	0.972	0.833	0.894	0.83	0.955	0.986	0.75	0.745
1.599	1.118	0.979	0.82	0.84	0.801	0.83	0.859	0.73	0.745
1.558	1.111	0.977	0.808	0.82	0.781	0.786	0.774	0.735	0.737
1.543	1.089	0.945	0.813	0.825	0.779	0.745	0.725	0.735	0.728
1.511	1.06	0.92	0.818	0.833	0.784	0.732	0.706	0.747	0.728
1.458	1.047	0.918	0.813	0.833	0.781	0.725	0.71	0.752	0.725
1.436	1.045	0.925	0.811	0.82	0.784	0.728	0.723	0.725	0.715
1.438	1.05	0.935	0.808	0.796	0.781	0.728	0.718	0.71	0.708
1.436	1.055	0.94	0.808	0.779	0.789	0.732	0.698	0.71	0.698
1.431	1.062	0.937	0.811	0.771	0.791	0.73	0.674	0.706	0.696
1.433	1.062	0.93	0.811	0.784	0.791	0.732	0.669	0.696	0.693
1.438	1.062	0.925	0.811	0.789	0.789	0.732	0.671	0.696	0.693
1.445	1.06	0.925	0.813	0.796	0.789	0.732	0.674	0.691	0.693
1.455	1.06	0.928	0.813	0.798	0.784	0.725	0.669	0.688	0.693
1.455	1.064	0.933	0.811	0.796	0.786	0.723	0.669	0.688	0.693
1.453	1.062	0.935	0.813	0.789	0.789	0.725	0.669	0.686	0.691
1.455	1.062	0.933	0.815	0.791	0.786	0.728	0.674	0.691	0.691
1.462	1.06	0.93	0.815	0.791	0.784	0.728	0.674	0.688	0.696
1.467	1.06	0.933	0.813	0.796	0.781	0.723	0.674	0.686	0.701
1.467	1.062	0.933	0.813	0.798	0.784	0.723	0.674	0.686	0.701
1.47	1.064	0.935	0.811	0.796	0.791	0.723	0.671	0.686	0.696
1.465	1.062	0.933	0.815	0.791	0.791	0.728	0.671	0.688	0.691
1.458	1.067	0.935	0.815	0.793	0.791	0.771	0.679	0.693	0.686
1.46	1.06	0.94	0.818	0.798	0.789	0.969	0.676	0.696	0.688
1.462	1.057	0.94	0.82	0.798	0.825	2.351	0.676	0.691	0.691
1.46	1.057	0.935	0.815	0.793	1.101	3.208	0.674	0.691	0.698
1.46	1.062	0.933	0.813	0.789	3.257	2.554	0.671	0.691	0.701
1.46	1.067	0.928	0.815	0.791	3.345	2.29	0.674	0.691	0.696
1.455	1.069	0.937	0.815	0.793	2.603	2.283	0.674	0.688	0.696
1.455	1.064	0.94	0.835	0.793	2.415	2.417	0.676	0.693	0.693
1.577	1.06	0.942	1.128	0.791	2.434	2.466	0.671	0.691	0.698
1.797	1.06	0.942	3.191	0.793	2.441	2.485	0.667	0.684	0.701
2.288	1.064	0.94	3.774	0.791	2.446	2.51	0.669	0.688	0.703
2.896	1.079	0.933	2.881	0.791	2.458	2.52	0.671	0.691	0.703
2.998	1.218	0.93	2.605	0.837	2.446	2.507	0.674	0.693	0.764
2.993	1.753	0.92	2.554	1.265	2.439	2.483	0.674	0.693	1.094
2.998	2.749	0.92	2.544	4.832	2.407	2.38	0.671	0.688	3.479
2.964	2.769	0.918	2.539	3.85	2.336	2.268	0.669	0.701	3.062
2.957	2.485	0.913	2.532	2.717	2.2	2.126	0.667	0.95	2.195
2.949	2.393	0.925	2.532	2.485	2.056	2.102	0.671	3.066	2.004
2.947	2.39	1.172	2.539	2.5	1.843	2.009	0.808	3.906	2.073
2.927	2.402	2.71	2.488	2.517	1.636	1.86	1.069	2.593	2.144
2.815	2.424	3.54	2.273	2.549	1.56	1.716	2.19	2.075	2.161
2.617	2.429	2.673	2.004	2.549	1.499	1.565	2.72	2.175	2.175
2.419	2.432	2.207	1.78	2.559	1.389	1.475	2.405	2.568	2.158
2.205	2.412	2.107	1.628	2.556	1.301	1.318	2.334	2.688	2.122
2.017	2.363	2.078	1.426	2.524	1.216	1.196	2.31	2.737	2.012
1.914	2.271	2.102	1.328	2.385	1.155	1.143	2.319	2.751	1.824
1.848	2.09	2.107	1.128	2.28	1.021	1.082	2.322	2.729	1.616
1.797	1.943	2.095	1.006	2.085	0.874	1.052	2.305	2.593	1.487
1.748	1.77	2.061	0.891	1.965	0.808	0.994	2.307	2.39	1.411
1.687	1.624	2.043	0.835	1.726	0.798	0.94	2.314	2.197	1.306
1.592	1.455	1.89	0.837	1.553	0.806	0.889	2.302	2.07	1.213
1.526	1.338	1.587	0.845	1.321	0.801	0.801	2.195	1.855	1.143
1.499	1.299	1.45	0.82	1.135	0.786	0.75	2.068	1.638	1.104
1.497	1.201	1.292	0.803	1.013	0.784	0.732	1.953	1.514	1.057
1.494	1.101	1.152	0.806	0.962	0.793	0.73	1.851	1.489	0.974
1.492	1.079	1.055	0.803	0.935	0.798	0.732	1.738	1.365	0.884
1.487	1.069	0.947	0.811	0.85	0.798	0.735	1.567	1.262	0.789
1.487	1.069	0.913	0.811	0.791	0.801	0.73	1.372	1.189	0.72
1.492	1.072	0.908	0.813	0.767	0.791	0.728	1.27	1.118	0.708
1.494	1.074	0.903	0.811	0.759	0.791	0.73	1.187	1.055	0.706
1.499	1.074	0.898	0.811	0.754	0.796	0.732	1.094	0.957	0.706
1.494	1.079	0.896	0.813	0.75	0.798	0.732	1.011	0.818	0.703
1.487	1.086	0.903	0.815	0.752	0.798	0.737	0.957	0.73	0.701
1.484	1.079	0.903	0.815	0.754	0.798	0.732	0.93	0.703	0.698
1.487	1.077	0.906	0.818	0.757	0.798	0.732	0.823	0.688	0.706
1.487	1.077	0.911	0.811	0.762	0.796	0.73	0.732	0.681	0.706
1.489	1.074	0.903	0.808	0.769	0.825	0.73	0.688	0.679	0.706
1.484	1.079	0.896	0.811	0.769	0.894	0.74	0.684	0.681	0.703
1.487	1.077	0.886	0.813	0.764	1.296	0.737	0.701	0.686	0.703
1.487	1.074	0.881	0.815	0.769	2.202	0.735	0.674	0.679	0.706
1.484	1.072	0.881	0.813	0.771	2.202	0.732	0.649	0.679	0.71
1.484	1.091	0.886	0.813	0.771	2.046	0.73	0.64	0.679	0.71
1.484	1.123	0.886	0.808	0.776	1.997	0.728	0.635	0.684	0.708
1.482	1.526	0.884	0.803	0.771	1.968	0.732	0.637	0.681	0.703
1.477	2.417	0.886	0.806	0.771	1.982	0.896	0.645	0.686	0.701
1.482	2.776	0.894	0.811	0.776	2.014	1.392	0.645	0.679	0.706
1.482	2.852	0.898	0.806	0.774	2.041	1.897	0.645	0.676	0.708
1.484	2.881	0.903	0.806	0.771	2.034	2.034	0.642	0.681	0.71
1.482	2.908	0.898	0.798	0.771	2.046	2.056	0.637	0.686	0.71
1.479	2.869	0.894	0.798	0.769	2.026	2.017	0.64	0.693	0.708
1.472	2.908	0.889	0.806	0.771	1.951	2.036	0.645	0.691	0.708
1.477	2.937	0.894	0.806	0.776	1.877	2.063	0.645	0.688	0.71
1.482	2.927	0.906	0.806	0.776	1.755	2.058	0.642	0.684	0.713
1.479	2.9	0.908	0.803	0.774	1.66	2.019	0.642	0.686	0.708
1.475	2.861	0.906	0.803	0.771	1.455	1.997	0.642	0.691	0.708
1.467	2.81	0.901	0.833	0.769	1.274	1.965	0.645	0.686	0.706
1.465	2.554	0.898	1.628	0.767	1.145	1.902	0.647	0.691	0.706
1.47	2.253	0.928	2.803	0.774	1.035	1.824	0.647	0.688	0.713
1.47	1.985	1.252	2.82	0.937	0.947	1.633	0.649	0.688	0.708
1.47	1.807	1.553	2.742	2.041	0.906	1.511	0.645	0.691	0.708
1.458	1.694	1.702	2.766	2.466	0.825	1.414	0.645	0.693	0.703
1.484	1.531	1.78	2.742	2.285	0.835	1.316	0.642	0.698	0.706
1.484	1.436	1.816	2.737	2.236	0.828	1.155	0.647	0.725	0.793
1.721	1.365	1.836	2.72	2.222	0.828	1.013	0.647	0.95	2.324
2.034	1.221	1.841	2.693	2.222	0.83	0.911	0.647	2.559	3.271
2.446	1.106	1.848	2.681	2.261	0.796	0.833	0.647	2.805	2.551
2.588	1.099	1.86	2.705	2.322	0.779	0.767	0.669	2.449	2.3
2.654	1.104	1.853	2.661	2.366	0.774	0.791	0.945	2.307	2.292
2.737	1.094	1.848	2.615	2.346	0.784	0.798	2.295	2.383	2.302
2.81	1.101	1.841	2.295	2.292	0.786	0.757	2.82	2.515	2.324
2.861	1.096	1.812	1.985	2.244	0.789	0.742	2.605	2.617	2.307
2.881	1.104	1.765	1.738	2.104	0.786	0.735	2.512	2.747	2.302
2.871	1.108	1.658	1.66	1.897	0.791	0.732	2.505	2.825	2.285
2.839	1.108	1.433	1.475	1.79	0.793	0.737	2.473	2.847	2.266
2.854	1.108	1.287	1.177	1.624	0.796	0.74	2.48	2.856	2.219
2.886	1.104	1.24	1.018	1.448	0.793	0.742	2.505	2.834	2.041
2.9	1.104	1.135	0.925	1.248	0.791	0.737	2.534	2.776	1.702
2.91	1.101	1.025	0.845	1.135	0.789	0.737	2.537	2.607	1.46
2.913	1.104	0.933	0.811	1.05	0.789	0.735	2.522	2.258	1.353
2.9	1.106	0.894	0.803	0.957	0.791	0.737	2.52	2.021	1.248
2.725	1.106	0.894	0.779	0.876	0.791	0.742	2.502	1.655	1.106
2.517	1.101	0.884	0.774	0.828	0.786	0.74	2.424	1.472	0.984
2.288	1.099	0.867	0.769	0.828	0.781	0.737	2.292	1.233	0.879
2.083	1.099	0.859	0.764	0.813	0.779	0.732	1.97	1.062	0.852
1.882	1.101	0.869	0.767	0.779	0.784	0.732	1.692	0.959	0.815
1.79	1.106	0.869	0.771	0.769	0.791	0.735	1.572	0.894	0.759
1.65	1.104	0.872	0.774	0.769	0.796	0.732	1.379	0.823	0.725
1.541	1.094	0.876	0.781	0.769	0.791	0.73	1.167	0.789	0.723
1.487	1.094	0.881	0.781	0.769	0.789	0.73	1.018	0.75	0.72
1.482	1.096	0.881	0.776	0.767	0.789	0.73	0.896	0.72	0.715
1.482	1.101	0.884	0.774	0.767	0.793	0.73	0.869	0.737	0.725
1.47	1.099	0.881	0.771	0.764	0.801	0.732	0.845	0.715	0.723
1.453	1.096	0.876	0.774	0.764	0.798	0.732	0.837	0.708	0.725
1.455	1.096	0.881	0.771	0.764	0.796	0.732	0.74	0.723	0.728
1.45	1.096	0.886	0.771	0.769	0.793	0.728	0.747	0.72	0.728
1.465	1.099	0.886	0.769	0.764	0.793	0.73	0.767	0.72	0.728
1.477	1.104	0.886	0.769	0.762	0.796	0.732	0.728	0.718	0.725
1.477	1.104	0.874	0.776	0.762	0.801	0.732	0.725	0.715	0.725
1.467	1.101	0.874	0.776	0.762	0.801	0.732	0.732	0.725	0.725
1.467	1.104	0.879	0.779	0.762	0.801	0.73	0.737	0.718	0.728
1.472	1.106	0.881	0.779	0.767	0.798	0.728	0.737	0.713	0.73
1.484	1.104	0.886	0.779	0.767	0.793	0.728	0.759	0.708	0.732
1.482	1.108	0.879	0.779	0.762	0.791	0.73	0.759	0.713	0.73
1.482	1.108	0.874	0.781	0.762	0.796	0.73	0.759	0.713	0.725
1.465	1.106	0.874	0.786	0.759	0.793	0.73	0.762	0.715	0.723
1.45	1.104	0.881	0.781	0.759	0.791	0.732	0.754	0.71	0.728
1.455	1.099	0.884	0.781	0.762	0.791	0.732	0.75	0.706	0.73
1.46	1.099	0.889	0.776	0.754	0.784	0.732	0.75	0.703	0.732
1.465	1.099	0.884	0.779	0.754	0.786	0.732	0.752	0.703	0.73
1.46	1.099	0.881	0.779	0.759	0.789	0.737	0.752	0.706	0.73
1.458	1.099	0.876	0.784	0.757	0.793	0.74	0.754	0.713	0.728
1.458	1.094	0.879	0.786	0.759	0.789	0.735	0.754	0.718	0.728
1.455	1.091	0.879	0.784	0.759	0.786	0.737	0.757	0.715	0.732
1.465	1.089	0.886	0.781	0.757	0.828	0.735	0.754	0.715	0.74
1.472	1.086	0.881	0.779	0.754	1.184	0.737	0.757	0.713	0.737
1.472	1.089	0.876	0.774	0.75	3.123	0.742	0.759	0.715	0.737
1.477	1.089	0.874	0.779	0.752	2.788	0.745	0.759	0.715	0.732
1.479	1.084	0.874	0.784	0.759	1.98	0.742	0.762	0.706	0.737
1.475	1.086	0.879	0.786	0.762	1.765	0.735	0.752	0.701	0.74
1.467	1.086	0.876	0.786	0.759	1.809	0.732	0.752	0.701	0.74
1.47	1.091	0.879	0.786	0.764	1.904	0.735	0.752	0.701	0.742
1.465	1.096	0.879	0.789	0.754	1.96	0.74	0.759	0.703	0.742
1.472	1.096	0.881	0.789	0.752	1.973	0.745	0.762	0.708	0.74
1.47	1.096	0.879	0.789	0.754	1.985	0.742	0.764	0.715	0.742
1.477	1.099	0.876	0.781	0.759	1.96	0.742	0.764	0.725	0.742
1.479	1.096	0.874	0.776	0.759	1.934	0.74	0.767	0.73	0.745
1.475	1.104	0.876	0.774	0.762	1.909	0.745	0.764	0.732	0.74
1.467	1.104	0.894	0.769	0.762	1.851	0.75	0.764	0.732	0.732
1.472	1.099	0.874	0.774	0.757	1.746	0.745	0.764	0.732	0.735
1.482	1.099	0.872	0.781	0.762	1.653	0.742	0.767	0.728	0.737
1.479	1.099	0.876	0.779	0.803	1.543	0.74	0.764	0.728	0.745
1.484	1.099	0.881	0.774	1.589	1.445	0.737	0.762	0.73	0.745
1.482	1.101	0.876	0.771	3.232	1.438	0.742	0.762	0.728	0.742
1.487	1.101	0.872	0.774	2.869	1.306	0.745	0.764	0.728	0.737
1.487	1.101	0.869	0.779	2.256	1.13	0.742	0.767	0.73	0.737
1.484	1.096	0.876	0.779	2.112	0.974	0.74	0.769	0.732	0.742
1.489	1.101	0.872	0.776	2.07	0.908	0.74	0.767	0.725	0.742
1.494	1.101	0.872	0.776	2.065	0.862	0.735	0.759	0.73	0.74
1.484	1.104	0.862	0.779	2.058	0.864	0.74	0.754	0.737	0.764
1.482	1.108	0.859	0.781	2.039	0.859	0.742	0.754	0.742	1.343
1.484	1.108	0.881	0.781	2.004	0.859	0.745	0.759	0.735	4.402
1.492	1.099	1.147	0.784	1.987	0.808	0.769	0.762	0.728	3.311
1.494	1.094	2.654	0.784	1.968	0.798	0.862	0.762	0.718	2.234
1.489	1.101	3.167	0.779	1.885	0.786	1.885	0.759	0.715	2.122
1.479	1.099	2.271	0.779	1.692	0.781	2.92	0.75	0.715	2.305
1.472	1.096	1.86	0.801	1.511	0.779	2.913	0.759	0.72	2.439
1.465	1.104	1.777	1.587	1.348	0.781	2.893	0.759	0.72	2.478
1.467	1.104	1.748	3.403	1.306	0.784	2.91	0.759	0.715	2.515
1.472	1.096	1.753	3.191	1.199	0.781	2.886	0.757	0.72	2.522
1.477	1.099	1.758	2.646	1.006	0.786	2.896	0.759	0.962	2.505
1.475	1.101	1.753	2.551	0.876	0.786	2.903	0.754	3.723	2.41
1.465	1.101	1.748	2.52	0.835	0.789	2.908	0.757	3.801	2.148
1.462	1.104	1.687	2.5	0.825	0.789	2.9	0.754	2.317	1.968
1.472	1.104	1.553	2.488	0.818	0.789	2.881	0.747	1.956	1.824
1.528	1.101	1.509	2.458	0.771	0.784	2.876	0.747	2.166	1.609
1.592	1.143	1.372	2.444	0.754	0.784	2.861	0.75	2.395	1.492
1.938	1.316	1.133	2.412	0.745	0.784	2.734	0.823	2.485	1.323
2.139	1.741	0.996	2.383	0.745	0.791	2.432	1.223	2.517	1.106
2.288	2.007	0.964	2.288	0.742	0.789	2.007	2.749	2.522	1.033
2.317	2.068	0.942	2.024	0.745	0.789	1.643	3.091	2.512	0.876
2.324	2.053	0.92	1.809	0.752	0.789	1.426	2.432	2.385	0.818
2.349	2.026	0.916	1.555	0.754	0.789	1.196	2.207	2.119	0.815
2.388	2.021	0.903	1.414	0.754	0.791	0.981	2.424	1.855	0.82
2.456	2.031	0.908	1.235	0.747	0.793	0.874	2.622	1.699	0.828
2.515	2.039	0.911	1.018	0.747	0.796	0.872	2.698	1.472	0.784
2.542	2.039	0.918	0.889	0.752	0.789	0.796	2.761	1.25	0.752
2.546	2.039	0.918	0.859	0.754	0.784	0.74	2.786	1.118	0.747
2.566	2.021	0.92	0.823	0.757	0.784	0.723	2.771	0.925	0.745
2.544	2.002	0.92	0.776	0.752	0.779	0.718	2.761	0.842	0.74
2.522	1.968	0.913	0.774	0.752	0.784	0.723	2.722	0.811	0.742
2.41	1.86	0.911	0.781	0.75	0.784	0.723	2.463	0.85	0.742
2.263	1.729	0.913	0.786	0.75	0.784	0.72	2.258	0.789	0.742
2.119	1.641	0.913	0.791	0.752	0.786	0.72	2.034	0.75	0.745
2.021	1.582	0.911	0.796	0.747	0.784	0.715	1.787	0.735	0.752
1.934	1.389	0.913	0.793	0.742	0.786	0.72	1.57	0.737	0.754
1.848	1.223	0.911	0.793	0.742	0.791	0.723	1.416	0.732	0.75
1.819	1.157	0.916	0.793	0.745	0.789	0.728	1.299	0.737	0.752
1.602	1.162	0.916	0.798	0.747	0.786	0.723	1.16	0.728	0.75
1.489	1.172	0.92	0.798	0.75	0.784	0.72	1.047	0.72	0.75
1.458	1.118	0.92	0.801	0.752	0.781	0.723	0.896	0.72	0.745
1.455	1.111	0.918	0.801	0.754	0.781	0.72	0.862	0.725	0.745
1.45	1.113	0.918	0.798	0.754	0.786	0.728	0.847	0.725	0.742
1.443	1.111	0.92	0.801	0.752	0.786	0.728	0.854	0.73	0.745
1.453	1.101	0.925	0.806	0.752	0.784	0.725	0.852	0.725	0.74
1.44	1.091	0.923	0.803	0.752	0.779	0.725	0.789	0.725	0.742
1.445	1.096	0.923	0.798	0.757	0.774	0.723	0.75	0.728	0.745
1.436	1.096	0.918	0.791	0.752	0.776	0.723	0.732	0.732	0.745
1.438	1.096	0.916	0.793	0.747	0.779	0.725	0.73	0.735	0.747
1.445	1.104	0.918	0.798	0.752	0.779	0.728	0.735	0.732	0.747
1.45	1.099	0.925	0.798	0.747	0.781	0.728	0.732	0.732	0.75
1.458	1.096	0.93	0.801	0.747	0.779	0.725	0.728	0.723	0.747
1.462	1.096	0.93	0.798	0.747	0.774	0.723	0.725	0.72	0.747
1.462	1.106	0.925	0.791	0.745	0.774	0.725	0.723	0.723	0.747
1.458	1.099	0.925	0.793	0.735	0.779	0.728	0.725	0.732	0.742
1.46	1.096	0.923	0.798	0.73	0.779	0.73	0.732	0.732	0.747
1.455	1.096	0.928	0.798	0.732	0.779	0.725	0.732	0.735	0.747
1.455	1.094	0.93	0.796	0.732	0.781	0.723	0.728	0.73	0.747
1.462	1.099	0.928	0.793	0.732	0.781	0.723	0.725	0.735	0.747
1.465	1.104	0.918	0.791	0.725	0.789	0.725	0.725	0.735	0.742
1.465	1.094	0.918	0.791	0.725	0.786	0.728	0.728	0.742	0.742
1.467	1.086	0.918	0.791	0.728	0.784	0.725	0.73	0.742	0.737
1.472	1.084	0.925	0.796	0.732	0.786	0.725	0.728	0.745	0.735
1.475	1.082	0.925	0.791	0.737	0.781	0.723	0.725	0.742	0.737
1.472	1.082	0.928	0.789	0.74	0.781	0.72	0.723	0.745	0.74
1.472	1.084	0.925	0.786	0.737	0.786	0.723	0.72	0.75	0.737
1.47	1.086	0.92	0.786	0.737	0.784	0.725	0.72	0.747	0.737
1.467	1.086	0.92	0.789	0.737	0.789	0.725	0.725	0.747	0.737
1.467	1.086	0.925	0.789	0.74	0.789	0.723	0.723	0.745	0.737
1.47	1.086	0.925	0.791	0.74	0.784	0.718	0.72	0.745	0.742
1.465	1.089	0.923	0.786	0.735	0.781	0.718	0.72	0.742	0.742
1.462	1.091	0.925	0.781	0.735	0.786	0.718	0.718	0.742	0.737
1.46	1.094	0.92	0.781	0.732	0.784	0.723	0.723	0.75	0.735
1.46	1.091	0.918	0.789	0.73	0.786	0.723	0.725	0.747	0.732
1.465	1.084	0.918	0.784	0.735	0.789	0.718	0.725	0.747	0.735
1.467	1.086	0.925	0.774	0.737	0.784	0.718	0.725	0.745	0.735
1.462	1.086	0.928	0.774	0.737	0.786	0.715	0.723	0.747	0.737
1.46	1.089	0.928	0.771	0.732	0.786	0.72	0.723	0.75	0.735
1.453	1.089	0.923	0.776	0.732	0.781	0.723	0.723	0.752	0.732
1.45	1.086	0.93	0.779	0.73	0.781	0.725	0.728	0.754	0.732
1.443	1.086	0.928	0.779	0.73	0.803	0.72	0.728	0.745	0.74
1.438	1.086	0.93	0.774	0.74	0.974	0.72	0.725	0.737	0.742
1.443	1.084	0.93	0.774	0.745	1.758	0.72	0.723	0.737	0.742
1.44	1.086	0.923	0.774	0.74	2.141	0.723	0.725	0.745	0.74
1.438	1.086	0.925	0.779	0.737	1.89	0.723	0.725	0.745	0.737
1.44	1.086	0.923	0.781	0.735	1.758	0.725	0.728	0.742	0.737
1.44	1.084	0.92	0.784	0.737	1.731	0.723	0.725	0.745	0.732
1.445	1.084	0.925	0.786	0.742	1.726	0.718	0.728	0.742	0.735
1.445	1.084	0.928	0.784	0.732	1.729	0.715	0.725	0.742	0.737
1.445	1.084	0.928	0.781	0.73	1.733	0.72	0.728	0.742	0.732
1.445	1.084	0.928	0.784	0.732	1.743	0.725	0.73	0.75	0.73
1.445	1.082	0.928	0.786	0.732	1.746	0.728	0.73	0.742	0.732
1.44	1.082	0.942	0.789	0.735	1.755	0.725	0.728	0.74	0.73
1.443	1.079	1.042	0.786	0.745	1.738	0.72	0.725	0.74	0.732
1.443	1.084	1.917	0.786	0.742	1.631	0.723	0.72	0.732	0.732
1.448	1.086	2.832	0.789	0.742	1.492	0.725	0.723	0.735	0.732
1.44	1.091	2.461	0.789	0.74	1.36	0.728	0.725	0.737	0.776
1.44	1.091	2.295	0.793	0.74	1.233	0.725	0.728	0.742	0.728
1.45	1.086	2.285	0.793	0.745	1.072	0.728	0.728	0.74	0.73
1.45	1.086	2.3	0.796	0.745	1.003	0.725	0.723	0.742	0.732
1.45	1.089	2.302	0.789	0.737	0.967	0.723	0.723	0.745	0.73
1.445	1.086	2.322	0.786	0.73	0.903	0.73	0.723	0.745	0.73
1.45	1.086	2.319	0.793	0.723	0.842	0.732	0.725	0.75	0.723
1.448	1.089	2.31	0.796	0.723	0.818	0.732	0.728	0.752	0.725
1.45	1.084	2.302	0.796	0.728	0.779	0.728	0.728	0.75	0.728
1.45	1.079	2.251	0.798	0.732	0.767	0.723	0.723	0.747	0.769
1.45	1.079	2.024	0.793	0.73	0.769	0.723	0.723	0.747	0.823
1.453	1.082	1.719	0.793	0.73	0.774	0.725	0.725	0.75	1.265
1.467	1.082	1.475	0.798	0.745	0.769	0.73	0.725	0.798	2.053
1.548	1.082	1.321	0.801	0.854	0.764	0.728	0.73	0.95	2.18
1.777	1.079	1.238	0.806	1.638	0.764	0.728	0.73	1.887	2.178
2.578	1.077	1.099	0.918	2.373	0.757	0.72	0.728	2.219	2.19
2.917	1.079	0.999	1.741	2.112	0.757	0.73	0.725	1.824	2.202
2.869	1.082	0.935	2.537	1.948	0.757	0.723	0.762	1.716	2.209
2.82	1.082	0.916	2.539	1.926	0.759	0.728	0.833	1.765	2.2
2.778	1.082	0.937	2.571	1.958	0.764	0.73	1.267	1.853	2.192
2.754	1.082	0.911	2.534	2	0.762	0.725	1.909	1.917	2.187
2.742	1.079	0.906	2.534	2.009	0.762	0.791	2.043	2.039	2.187
2.729	1.084	0.908	2.556	2.014	0.757	0.864	2.087	2.114	2.173
2.729	1.091	0.908	2.554	2.026	0.759	1.248	2.095	2.158	2.146
2.722	1.094	0.92	2.568	2.041	0.762	1.621	2.08	2.197	2.139
2.725	1.096	0.923	2.556	1.929	0.767	1.714	2.102	2.202	2.136
2.698	1.091	0.928	2.556	1.68	0.762	1.731	2.104	2.19	2.095
2.607	1.089	0.93	2.532	1.384	0.757	1.736	2.097	2.092	1.919
2.507	1.091	0.933	2.485	1.194	0.759	1.75	2.085	1.87	1.655
2.378	1.096	0.935	2.405	1.086	0.759	1.755	2.131	1.697	1.362
2.151	1.116	0.933	2.205	0.989	0.769	1.79	2.148	1.509	1.106
1.997	1.096	0.937	1.909	0.881	0.767	1.78	2.126	1.316	0.942
1.89	1.094	0.94	1.56	0.828	0.764	1.777	2.097	1.135	0.862
1.79	1.091	0.945	1.304	0.776	0.762	1.77	1.956	1.033	0.803
1.65	1.089	0.95	1.152	0.767	0.759	1.768	1.702	1.006	0.771
1.609	1.084	0.945	1.03	0.754	0.762	1.736	1.492	0.942	0.767
1.562	1.086	0.942	0.937	0.747	0.767	1.714	1.267	0.889	0.764
1.472	1.084	0.945	0.837	0.742	0.764	1.619	1.091	0.835	0.757
1.455	1.082	0.945	0.789	0.747	0.764	1.462	1.018	0.833	0.752
1.404	1.082	0.95	0.776	0.75	0.764	1.223	1.011	0.828	0.757
1.433	1.084	0.95	0.779	0.747	0.762	1.086	0.95	0.83	0.75
1.436	1.086	0.945	0.781	0.75	0.767	0.979	0.891	0.828	0.752
1.423	1.084	0.94	0.767	0.747	0.771	0.884	0.83	0.833	0.754
1.406	1.084	0.94	0.764	0.75	0.769	0.884	0.796	0.833	0.75
1.409	1.079	0.945	0.767	0.752	0.771	0.803	0.779	0.828	0.752
1.409	1.082	0.95	0.764	0.752	0.769	0.742	0.781	0.828	0.754
1.411	1.084	0.947	0.757	0.75	0.767	0.745	0.776	0.83	0.757
1.401	1.084	0.942	0.754	0.747	0.769	0.747	0.771	0.837	0.767
1.396	1.084	0.94	0.759	0.745	0.776	0.732	0.776	0.842	0.75
1.394	1.082	0.942	0.762	0.742	0.776	0.732	0.774	0.84	0.747
1.396	1.082	0.94	0.762	0.752	0.774	0.728	0.771	0.84	0.754
1.401	1.082	0.942	0.767	0.757	0.771	0.723	0.769	0.83	0.752
1.396	1.089	0.942	0.764	0.75	0.771	0.723	0.771	0.833	0.754
1.396	1.094	0.942	0.762	0.745	0.771	0.723	0.771	0.83	0.757
1.392	1.094	0.942	0.757	0.75	0.769	0.725	0.774	0.837	0.757
1.399	1.091	0.942	0.759	0.754	0.769	0.728	0.776	0.842	0.754
1.406	1.086	0.942	0.759	0.759	0.767	0.725	0.774	0.845	0.754
1.404	1.082	0.947	0.757	0.762	0.767	0.72	0.771	0.837	0.757
1.396	1.104	0.942	0.757	0.757	0.767	0.723	0.767	0.833	0.75
1.396	1.162	0.942	0.754	0.754	0.769	0.725	0.769	0.825	0.742
1.396	1.394	0.937	0.759	0.75	0.769	0.73	0.774	0.825	0.74
1.404	2.041	0.94	0.764	0.752	0.771	0.728	0.779	0.835	0.74
1.406	2.292	0.942	0.762	0.752	0.774	0.723	0.774	0.828	0.74
1.409	2.153	0.947	0.759	0.752	0.771	0.723	0.769	0.828	0.742
1.406	2.08	0.945	0.759	0.75	0.769	0.725	0.769	0.828	0.747
1.401	2.102	0.937	0.757	0.747	0.769	0.728	0.767	0.833	0.745
1.396	2.134	0.935	0.759	0.75	0.774	0.732	0.769	0.83	0.745
1.396	2.18	0.933	0.764	0.745	0.771	0.732	0.769	0.828	0.747
1.401	2.224	0.937	0.767	0.75	0.767	0.732	0.767	0.825	0.754
1.409	2.236	0.94	0.767	0.754	0.764	0.73	0.764	0.828	0.757
1.406	2.236	0.94	0.762	0.757	0.764	0.728	0.762	0.837	0.757
1.401	2.222	0.937	0.762	0.747	0.767	0.73	0.759	0.837	0.759
1.401	2.209	0.937	0.759	0.747	0.771	0.73	0.762	0.837	0.757
1.401	2.161	0.935	0.762	0.75	0.774	0.728	0.762	0.837	0.757
1.406	2.126	0.937	0.762	0.757	0.769	0.725	0.764	0.837	0.764
1.411	2.017	0.942	0.764	0.759	0.767	0.72	0.762	0.84	0.767
1.406	1.851	0.945	0.757	0.757	0.767	0.72	0.759	0.84	0.771
1.406	1.763	0.937	0.757	0.754	0.767	0.723	0.762	0.84	0.769
1.404	1.707	0.937	0.759	0.752	0.769	0.725	0.764	0.84	0.764
1.404	1.604	0.937	0.759	0.754	0.92	0.723	0.767	0.837	0.762
1.404	1.465	0.942	0.754	0.759	1.074	0.72	0.764	0.835	0.767
1.406	1.382	0.945	0.747	0.759	1.631	0.72	0.759	0.83	0.767
1.409	1.272	0.94	0.752	0.759	2.141	0.72	0.757	0.828	0.769
1.406	1.204	0.937	0.752	0.757	1.799	0.725	0.762	0.835	0.764
1.409	1.169	0.933	0.754	0.75	1.626	0.725	0.767	0.84	0.764
1.404	1.135	0.933	0.757	0.747	1.633	0.728	0.767	0.842	0.769
1.409	1.089	0.935	0.754	0.747	1.653	0.72	0.764	0.835	0.764
1.414	1.084	0.94	0.754	0.75	1.643	0.718	0.762	0.83	0.767
1.414	1.096	0.94	0.757	0.752	1.707	0.718	0.767	0.828	0.769
1.414	1.094	0.935	0.754	0.747	1.77	0.72	0.767	0.837	0.769
1.411	1.091	0.935	0.752	0.745	1.79	0.725	0.771	0.842	0.769
1.406	1.094	0.937	0.754	0.745	1.802	0.723	0.771	0.84	0.764
1.409	1.091	0.94	0.754	0.752	1.804	0.72	0.771	0.835	0.767
1.416	1.096	0.937	0.754	0.754	1.833	0.725	0.774	0.83	0.767
1.414	1.094	0.937	0.752	0.752	1.816	0.73	0.767	0.84	0.769
1.414	1.096	0.933	0.745	0.752	1.75	0.73	0.767	0.84	0.767
1.409	1.096	0.933	0.75	0.75	1.633	0.728	0.767	0.842	0.764
1.411	1.094	0.933	0.754	0.747	1.509	0.725	0.769	0.845	0.769
1.414	1.096	0.933	0.752	0.754	1.423	0.723	0.769	0.842	0.769
1.414	1.091	0.935	0.75	0.759	1.37	0.718	0.764	0.842	0.774
1.414	1.096	0.935	0.745	0.757	1.348	0.72	0.762	0.845	0.771
1.409	1.099	0.93	0.742	0.737	1.284	0.72	0.764	0.847	0.771
1.411	1.096	0.93	0.742	0.747	1.172	0.728	0.767	0.847	0.771
1.409	1.094	0.933	0.837	0.752	1.035	0.73	0.769	0.842	0.771
1.414	1.094	0.937	0.896	0.757	0.913	0.728	0.767	0.84	0.774
1.414	1.094	0.94	1.255	0.762	0.791	0.725	0.762	0.83	0.779
1.482	1.094	0.94	2.107	0.759	0.759	0.72	0.764	0.828	0.776
1.663	1.091	0.94	2.07	0.757	0.75	0.72	0.767	0.835	0.771
1.702	1.089	0.935	1.99	0.813	0.754	0.725	0.769	0.837	0.769
1.877	1.086	0.937	2.031	0.955	0.762	0.73	0.769	0.84	0.767
2.129	1.084	0.937	2.09	1.904	0.776	0.728	0.767	0.837	0.769
2.551	1.082	0.935	2.119	2.339	0.769	0.728	0.764	0.837	0.771
2.71	1.082	0.937	2.119	2.322	0.757	0.725	0.779	0.837	0.769
2.708	1.086	0.935	2.134	2.292	0.752	0.728	0.933	0.84	0.762
2.725	1.089	0.933	2.136	2.273	0.754	0.73	1.157	0.845	0.764
2.825	1.082	0.996	2.166	2.261	0.759	0.728	1.621	0.837	0.764
2.869	1.084	1.116	2.166	2.256	0.759	0.732	2.231	0.835	0.767
2.869	1.089	1.545	2.151	2.261	0.759	0.732	2.302	0.833	0.771
2.871	1.089	2.087	2.136	2.263	0.762	0.732	2.278	0.833	0.767
2.874	1.096	2.219	2.124	2.275	0.764	0.73	2.297	0.842	0.767
2.886	1.096	2.178	2.058	2.29	0.769	0.732	2.3	0.845	0.764
2.896	1.091	2.153	1.982	2.307	0.767	0.73	2.295	0.845	0.767
2.876	1.094	2.153	1.782	2.305	0.762	0.728	2.361	0.84	0.771
2.842	1.091	2.151	1.633	2.139	0.747	0.728	2.434	0.835	0.776
2.732	1.091	2.192	1.606	1.985	0.742	0.901	2.49	0.837	0.779
2.615	1.094	2.278	1.555	1.787	0.737	0.977	2.522	0.84	0.769
2.5	1.089	2.322	1.304	1.584	0.745	1.221	2.559	0.842	0.769
2.407	1.089	2.354	1.055	1.443	0.745	1.809	2.571	0.842	0.771
2.305	1.091	2.366	0.916	1.255	0.737	2.029	2.554	0.837	0.774
2.227	1.094	2.356	0.903	1.118	0.737	2.029	2.451	0.835	0.779
2.139	1.099	2.366	0.862	1.013	0.735	2.041	2.202	0.83	0.784
2.08	1.099	2.346	0.84	0.959	0.735	2.043	1.902	0.835	0.845
2.051	1.101	2.329	0.82	0.837	0.735	2.061	1.753	0.84	1.147
2.004	1.104	2.266	0.823	0.806	0.732	2.104	1.575	0.837	2.048
1.899	1.096	2.09	0.847	0.818	0.732	2.139	1.499	0.83	2.051
1.794	1.096	1.868	0.869	0.84	0.732	2.148	1.453	0.828	1.924
1.731	1.096	1.799	0.862	0.842	0.732	2.148	1.394	0.83	1.914
1.741	1.101	1.675	0.84	0.852	0.732	2.144	1.309	0.833	1.885
1.741	1.101	1.394	0.835	0.874	0.737	2.161	1.216	0.835	1.885
1.611	1.099	1.187	0.837	0.864	0.74	2.144	1.055	0.837	1.887
1.572	1.096	1.113	0.835	0.862	0.737	2.017	0.999	0.835	1.904
1.611	1.099	1.113	0.83	0.864	0.735	1.853	0.916	0.835	1.899
1.619	1.104	1.052	0.828	0.869	0.732	1.743	0.898	0.84	1.919
1.594	1.104	1.008	0.825	0.869	0.735	1.494	0.859	0.862	1.921
1.565	1.108	1.001	0.83	0.864	0.737	1.411	0.808	1.008	1.907
1.567	1.104	1.021	0.833	0.837	0.737	1.399	0.786	2.266	1.904
1.572	1.104	0.996	0.835	0.833	0.737	1.375	0.771	2.786	1.885
1.57	1.096	1.003	0.833	0.825	0.735	1.238	0.774	2.454	1.836
1.562	1.101	1.038	0.828	0.825	0.737	1.008	0.771	2.341	1.719
1.555	1.106	1.011	0.828	0.82	0.737	0.884	0.774	2.314	1.533
1.555	1.113	0.989	0.837	0.823	0.74	0.845	0.776	2.354	1.421
1.56	1.138	0.984	0.84	0.825	0.737	0.786	0.781	2.358	1.414
1.575	1.221	0.984	0.842	0.828	0.737	0.767	0.779	2.395	1.326
1.575	1.365	0.984	0.84	0.828	0.732	0.769	0.779	2.419	1.125
1.577	1.987	0.981	0.84	0.823	0.73	0.774	0.774	2.424	0.964
1.57	2.754	0.984	0.842	0.815	0.737	0.764	0.771	2.439	0.854
1.567	2.839	0.979	0.845	0.815	0.737	0.747	0.779	2.449	0.803
1.558	2.822	0.979	0.847	0.82	0.737	0.779	0.781	2.466	0.801
1.555	2.815	0.979	0.845	0.82	0.737	0.767	0.781	2.437	0.779
1.562	2.815	0.979	0.84	0.828	0.735	0.75	0.781	2.302	0.771
1.565	2.82	0.969	0.842	0.825	0.732	0.745	0.776	2.08	0.767
1.558	2.827	0.955	0.84	0.825	0.735	0.742	0.774	1.772	0.767
1.555	2.805	0.955	0.837	0.823	0.74	0.747	0.779	1.597	0.764
1.56	2.827	0.955	0.842	0.815	0.74	0.745	0.784	1.392	0.806
1.567	2.83	0.962	0.842	0.82	0.74	0.742	0.784	1.204	0.811
1.567	2.81	0.962	0.837	0.82	0.735	0.742	0.776	1.057	0.789
1.562	2.798	0.957	0.835	0.813	0.732	0.745	0.776	0.972	0.774
1.548	2.671	0.957	0.837	0.811	0.735	0.745	0.774	0.945	0.762
1.548	2.512	0.955	0.842	0.808	0.735	0.747	0.774	0.916	0.75
1.553	2.354	0.955	0.845	0.806	0.735	0.752	0.774	0.918	0.742
1.558	2.151	0.959	0.845	0.803	0.732	0.747	0.779	0.94	0.747
1.555	1.982	0.964	0.84	0.798	0.73	0.745	0.767	0.933	0.759
1.562	1.892	0.967	0.93	0.874	0.732	0.742	0.762	0.935	0.762
1.55	1.814	0.962	1.289	1.243	0.732	0.747	0.764	0.942	0.752
1.55	1.741	0.959	4.229	4.021	0.735	0.752	0.767	0.935	0.75
1.55	1.675	0.955	3.767	3.816	0.737	0.75	0.764	0.92	0.745
1.56	1.47	0.959	3.127	2.983	0.735	0.747	0.764	0.911	0.745
1.565	1.34	0.967	3.047	2.856	0.735	0.745	0.754	0.898	0.745
1.56	1.299	0.967	3.013	2.827	0.735	0.745	0.752	0.903	0.767
1.558	1.272	0.962	3	2.822	0.737	0.747	0.752	0.911	0.754
1.555	1.216	0.955	3.025	2.822	0.74	0.752	0.757	0.92	0.747
1.558	1.199	0.955	3.01	2.827	0.737	0.752	0.762	0.923	0.74
1.567	1.213	0.959	3.005	2.822	0.735	0.75	0.757	0.925	0.742
1.575	1.218	0.959	3.003	2.8	0.735	0.747	0.757	0.928	0.747
1.57	1.206	0.962	2.954	2.654	0.735	0.747	0.757	0.928	0.75
1.565	1.191	0.957	2.842	2.505	0.735	0.75	0.754	0.928	0.742
1.558	1.187	0.957	2.546	2.249	0.735	0.75	0.757	0.93	0.745
1.56	1.196	0.957	2.258	2.002	0.732	0.747	0.762	0.93	0.742
1.567	1.191	0.962	1.899	1.77	0.728	0.745	0.764	0.925	0.74
1.577	1.169	0.962	1.672	1.606	0.728	0.747	0.764	0.92	0.747
1.577	1.174	0.962	1.423	1.35	0.728	0.75	0.762	0.918	0.752
1.567	1.177	0.959	1.177	1.106	0.735	0.757	0.767	0.928	0.747
1.567	1.174	0.959	1.003	0.984	0.737	0.757	0.774	0.93	0.74
1.567	1.167	0.959	0.93	0.952	0.735	0.757	0.786	0.93	0.735
1.565	1.165	0.962	0.906	0.906	0.732	0.752	0.789	0.916	0.737
1.572	1.167	0.962	0.916	0.762	0.728	0.75	0.781	0.913	0.742
1.575	1.165	0.964	0.85	0.728	0.798	0.75	0.779	0.913	0.74
1.575	1.167	0.959	0.818	0.725	1.108	0.752	0.779	0.913	0.737
1.558	1.167	0.957	0.796	0.723	3.235	0.757	0.784	0.916	0.73
1.553	1.165	0.955	0.781	0.732	2.961	0.754	0.786	0.916	0.73
1.553	1.16	0.959	0.779	0.732	2.28	0.754	0.813	0.906	0.732
1.545	1.157	0.962	0.774	0.732	2.19	0.774	0.786	0.908	0.737
1.553	1.165	0.962	0.767	0.732	2.19	0.764	0.784	0.908	0.737
1.553	1.167	0.95	0.762	0.728	2.195	0.852	0.781	0.908	0.737
1.543	1.162	0.942	0.759	0.723	2.187	1.221	0.781	0.911	0.737
1.538	1.157	0.942	0.762	0.73	2.158	3.394	0.901	0.911	0.808
1.533	1.15	1.106	0.759	0.732	2.141	3.413	1.003	0.908	1.045
1.538	1.15	2.29	0.759	0.732	2.114	3.164	1.289	0.903	3.979
1.536	1.155	4.229	0.754	0.723	1.953	3.13	2.534	0.908	3.965
1.536	1.155	3.359	0.757	0.725	1.675	3.132	2.649	0.913	3.352
1.538	1.157	2.915	0.762	0.728	1.523	3.135	2.598	0.913	3.274
1.538	1.162	2.874	0.757	0.723	1.448	3.157	2.581	0.911	3.259
1.538	1.165	2.91	0.774	0.728	1.333	3.162	2.549	0.908	3.259
1.538	1.165	2.922	0.779	0.732	1.177	3.169	2.532	0.898	3.274
1.541	1.167	2.966	0.779	0.735	1.045	3.171	2.532	0.901	3.298
1.538	1.172	2.983	0.781	0.728	0.916	3.149	2.527	0.898	3.315
1.548	1.165	2.979	0.786	0.72	0.84	3.12	2.51	0.908	3.301
1.736	1.167	2.976	0.786	0.725	0.801	3.101	2.397	0.913	3.286
2.075	1.169	2.969	0.784	0.73	0.793	3.052	2.168	0.911	3.284
3.333	1.169	2.959	0.781	0.737	0.798	2.803	1.938	0.996	3.279
3.921	1.167	2.937	0.779	0.732	0.776	2.556	1.736	2.302	3.235
3.755	1.174	2.773	0.781	0.732	0.762	2.212	1.628	4.016	2.888
3.687	1.177	2.48	0.784	0.732	0.747	1.848	1.506	3.281	2.449
3.694	1.179	2.19	0.786	0.73	0.732	1.663	1.367	2.842	2.065
3.689	1.179	1.973	0.786	0.73	0.735	1.353	1.182	2.788	1.78
3.667	1.182	1.714	0.779	0.73	0.728	1.084	0.999	2.798	1.602
3.65	1.177	1.453	0.771	0.735	0.728	0.906	0.889	2.81	1.333
3.638	1.169	1.274	0.774	0.737	0.728	0.779	0.857	2.834	1.111
3.628	1.169	1.089	0.779	0.742	0.73	0.72	0.874	2.844	0.94
3.499	1.169	0.994	0.781	0.745	0.732	0.728	0.911	2.832	0.852
3.24	1.169	0.991	0.784	0.747	0.735	0.723	0.811	2.795	0.847
2.854	1.167	0.999	0.776	0.745	0.737	0.686	0.75	2.783	0.85
2.622	1.167	0.918	0.779	0.74	0.74	0.681	0.737	2.766	0.854
2.363	1.169	0.867	0.779	0.735	0.737	0.688	0.747	2.612	0.776
2.08	1.174	0.85	0.781	0.737	0.737	0.679	0.725	2.346	0.757
1.882	1.182	0.84	0.784	0.74	0.74	0.679	0.723	2.207	0.771
1.724	1.182	0.847	0.789	0.745	0.732	0.676	0.715	1.848	0.757
1.589	1.184	0.852	0.784	0.745	0.735	0.679	0.718	1.628	0.752
1.572	1.182	0.85	0.779	0.74	0.732	0.676	0.708	1.394	0.75
1.538	1.182	0.85	0.776	0.745	0.735	0.679	0.708	1.184	0.745
1.445	1.179	0.854	0.779	0.75	0.737	0.679	0.708	1.018	0.74
1.423	1.177	0.857	0.784	0.752	0.737	0.674	0.715	0.94	0.74
1.418	1.172	0.859	0.784	0.754	0.735	0.671	0.715	0.93	0.747
1.414	1.177	0.859	0.784	0	0.735	0.657	0.708	0.947	0.752
1.414	1.182	0.857	0	0	0.737	0.659	0.708	0.913	0.75
1.411	1.191	0.852	0	0	0.737	0.667	0.708	0.879	0.745
1.416	1.333	0.854	0	0	0.75	0.669	0.715	0.869	0.74
1.418	1.577	0.857	0	0	0.752	0.674	0.718	0.862	0.732
1.426	2.786	0.859	0	0	0.747	0.674	0.715	0.857	0.73
1.431	3.281	0.864	0	0	0.742	0.674	0.713	0.854	0.735
1.428	2.991	0.864	0	0	0.742	0.676	0.708	0.859	0.737
1.428	2.876	0.859	0	0	0.742	0.681	0.713	0.859	0.735
1.428	2.861	0.859	0	0	0.745	0.684	0.713	0.862	0.73
1.426	2.876	0.862	0	0	0.745	0.686	0.715	0.864	0.735
1.431	2.876	0.859	0	0	0.742	0.681	0.708	0.859	0.735
1.428	2.869	0.854	0	0	0.745	0.681	0.706	0.869	0.73
1.431	2.874	0.847	0	0	0.74	0.676	0.703	0.864	0.735
1.428	2.881	0.852	0	0	0.747	0.679	0.703	0.872	0.74
1.428	2.866	0.847	0	0	0.75	0.679	0.708	0.874	0.732
1.428	2.827	0.85	0	0	0.747	0.674	0.71	0.869	0.728
1.433	2.664	0.852	0	0	0.742	0.674	0.706	0.864	0.73
1.436	2.356	0.854	0	0	0.74	0.676	0.708	0.864	0.735
1.431	2.122	0.857	0	0	0.742	0.676	0.706	0.867	0.737
1.426	2.019	0.852	0	0	0.742	0.674	0.71	0.879	0.732
1.423	1.89	0.852	0	0	0.745	0.679	0.715	0.886	0.732
1.421	1.733	0.852	0	0	0.747	0.674	0.718	0.881	0.725
1.423	1.545	0.854	0	0	0.75	0.676	0.718	0.876	0.732
1.431	1.418	0.862	0	0	0.75	0.679	0.715	0.872	0.732
1.431	1.304	0.859	0	0	0.74	0.681	0.715	0.872	0.735
1.431	1.24	0.857	0	0	0.74	0.681	0.715	0.867	0.737
1.428	1.216	0.854	0	0	0.742	0.686	0.718	0.869	0.735
1.426	1.204	0.857	0	0	0.742	0.686	0.718	0.869	0.728
1.426	1.143	0.857	0	0	0.745	0.671	0.715	0.869	0.73
1.423	1.135	0.859	0	0	0.742	0.664	0.713	0.869	0.73
1.411	1.147	0.859	0	0	0.742	0.664	0.708	0.869	0.73
1.404	1.145	0.859	0	0	0.75	0.671	0.71	0.872	0.725
1.399	1.138	0.854	0	0	0.754	0.674	0.718	0.876	0.72
1.399	1.13	0.852	0	0	0.752	0	0.72	0.876	0.723
1.399	1.135	0.854	0	0	0.75	0	0.72	0.874	0.725
1.404	1.128	0.857	0	0	0.75	0	0.72	0.872	0
1.411	1.128	0.852	0	0	0.747	0	0.718	0.864	0
1.414	1.135	0.85	0	0	0.752	0	0.715	0.864	0
1.414	1.14	0.845	0	0	0.752	0	0.718	0.869	0
1.411	1.135	0.845	0	0	0	0	0.723	0.867	0
1.414	1.125	0	0	0	0	0	0.725	0.867	0
1.411	1.121	0	0	0	0	0	0.723	0	0
1.411	1.116	0	0	0	0	0	0.718	0	0
1.409	1.113	0	0	0	0	0	0	0	0
1.409	1.121	0	0	0	0	0	0	0	0
1.404	1.113	0	0	0	0	0	0	0	0
1.409	1.108	0	0	0	0	0	0	0	0
1.409	1.111	0	0	0	0	0	0	0	0
1.411	1.113	0	0	0	0	0	0	0	0
1.409	1.116	0	0	0	0	0	0	0	0
1.409	1.111	0	0	0	0	0	0	0	0
1.47	1.108	0	0	0	0	0	0	0	0
0	1.111	0	0	0	0	0	0	0	0
0	1.111	0	0	0	0	0	0	0	0
0	1.118	0	0	0	0	0	0	0	0
0	1.125	0	0	0	0	0	0	0	0
0	1.121	0	0	0	0	0	0	0	0
0	1.123	0	0	0	0	0	0	0	0
0	1.116	0	0	0	0	0	0	0	0
0	1.121	0	0	0	0	0	0	0	0
0	1.121	0	0	0	0	0	0	0	0
0	1.125	0	0	0	0	0	0	0	0
0	1.125	0	0	0	0	0	0	0	0
0	1.123	0	0	0	0	0	0	0	0
0	1.116	0	0	0	0	0	0	0	0
0	1.118	0	0	0	0	0	0	0	0
0	1.121	0	0	0	0	0	0	0	0
0	1.123	0	0	0	0	0	0	0	0
0	1.118	0	0	0	0	0	0	0	0
0	1.113	0	0	0	0	0	0	0	0
0	1.113	0	0	0	0	0	0	0	0
0	1.113	0	0	0	0	0	0	0	0
0	1.113	0	0	0	0	0	0	0	0
0	1.116	0	0	0	0	0	0	0	0
0	1.121	0	0	0	0	0	0	0	0
0	1.116	0	0	0	0	0	0	0	0
0	1.118	0	0	0	0	0	0	0	0
0	1.118	0	0	0	0	0	0	0	0
0	1.116	0	0	0	0	0	0	0	0
0	1.118	0	0	0	0	0	0	0	0
0	1.116	0	0	0	0	0	0	0	0
0	1.116	0	0	0	0	0	0	0	0
0	1.118	0	0	0	0	0	0	0	0
0	1.123	0	0	0	0	0	0	0	0
0	1.121	0	0	0	0	0	0	0	0
0	1.128	0	0	0	0	0	0	0	0
0	1.125	0	0	0	0	0	0	0	0
0	1.123	0	0	0	0	0	0	0	0
0	1.123	0	0	0	0	0	0	0	0
0	1.123	0	0	0	0	0	0	0	0
0	1.135	0	0	0	0	0	0	0	0
