0.374	0.417	0.369	0.391	0.53	0.62	0.383	0.381	0.579	0.383
0.361	0.396	0.371	0.383	0.532	0.681	0.388	0.383	0.564	0.391
0.408	0.4	0.374	0.4	0.579	0.679	0.386	0.381	0.527	0.403
0.454	0.503	0.439	0.483	0.671	0.688	0.452	0.425	0.596	0.439
0.471	0.483	0.459	0.513	0.745	0.791	0.488	0.505	0.669	0.537
0.459	0.481	0.498	0.513	0.752	0.791	0.544	0.542	0.774	0.581
0.5	0.474	0.515	0.576	0.747	0.801	0.574	0.574	0.862	0.591
0.576	0.469	0.54	0.574	0.806	0.801	0.618	0.652	0.928	0.601
0.649	0.466	0.586	0.625	0.847	0.818	0.691	0.713	0.974	0.61
0.718	0.469	0.674	0.745	0.83	0.808	0.708	0.82	0.957	0.72
0.693	0.469	0.747	0.771	0.793	0.786	0.72	0.854	0.95	0.769
0.662	0.488	0.774	0.791	0.774	0.771	0.742	0.916	0.94	0.808
0.679	0.5	0.793	0.815	0.754	0.75	0.781	0.916	0.935	0.908
0.713	0.498	0.82	0.835	0.73	0.732	0.779	0.942	0.903	0.923
0.72	0.5	0.813	0.85	0.706	0.732	0.757	0.974	0.864	0.869
0.73	0.5	0.789	0.869	0.718	0.688	0.747	1.008	0.815	0.82
0.747	0.5	0.776	0.879	0.701	0.632	0.742	1.03	0.742	0.771
0.776	0.525	0.757	0.891	0.676	0.579	0.708	1.035	0.696	0.769
0.786	0.52	0.754	0.916	0.654	0.522	0.681	1.016	0.676	0.776
0.803	0.515	0.74	0.918	0.61	0.481	0.664	0.984	0.654	0.779
0.833	0.518	0.703	0.906	0.574	0.469	0.652	0.952	0.593	0.786
0.83	0.52	0.681	0.901	0.535	0.491	0.62	0.906	0.527	0.759
0.811	0.522	0.696	0.872	0.505	0.496	0.576	0.854	0.483	0.681
0.784	0.527	0.669	0.845	0.569	0.508	0.532	0.774	0.527	0.645
0.762	0.53	0.596	0.815	0.571	0.476	0.544	0.703	0.53	0.61
0.715	0.537	0.588	0.803	0.632	0.481	0.566	0.603	0.535	0.532
0.664	0.532	0.593	0.798	0.642	0.486	0.518	0.559	0.532	0.525
0.562	0.535	0.635	0.791	0.637	0.483	0.566	0.576	0.483	0.459
0.566	0.518	0.647	0.725	0.552	0.481	0.635	0.591	0.452	0.461
0.601	0.52	0.542	0.62	0.481	0.422	0.566	0.576	0.437	0.452
0.613	0.525	0.508	0.527	0.442	0.398	0.557	0.52	0.439	0.454
0.615	0.491	0.471	0.544	0.427	0.393	0.601	0.503	0.43	0.486
0.544	0.447	0.425	0.562	0.425	0.391	0.566	0.52	0.43	0.486
0.583	0.415	0.408	0.576	0.43	0.4	0.464	0.503	0.43	0.481
0.535	0.393	0.454	0.61	0.43	0.459	0.422	0.476	0.432	0.459
0.481	0.4	0.459	0.618	0.43	0.466	0.393	0.483	0.437	0.459
0.437	0.388	0.479	0.623	0.43	0.449	0.383	0.454	0.439	0.447
0.425	0.405	0.469	0.593	0.427	0.439	0.378	0.439	0.432	0.447
0.422	0.41	0.461	0.52	0.425	0.444	0.376	0.435	0.43	0.447
0.439	0.403	0.459	0.479	0.425	0.447	0.376	0.439	0.439	0.439
0.449	0.393	0.454	0.439	0.427	0.454	0.383	0.442	0.435	0.437
0.449	0.393	0.454	0.427	0.427	0.464	0.391	0.442	0.437	0.432
0.439	0.386	0.459	0.422	0.422	0.452	0.396	0.437	0.439	0.435
0.439	0.378	0.459	0.427	0.417	0.444	0.398	0.437	0.442	0.437
0.43	0.376	0.464	0.43	0.413	0.435	0.398	0.435	0.452	0.437
0.432	0.371	0.452	0.437	0.388	0.432	0.393	0.435	0.457	0.427
0.435	0.374	0.442	0.457	0.383	0.432	0.396	0.439	0.457	0.427
0.427	0.376	0.439	0.461	0.383	0.432	0.422	0.442	0.454	0.43
0.427	0.376	0.442	0.471	0.383	0.425	0.405	0.442	0.449	0.427
0.425	0.376	0.447	0.474	0.398	0.427	0.41	0.437	0.449	0.432
0.427	0.374	0.454	0.479	0.376	0.425	0.405	0.437	0.449	0.435
0.432	0.374	0.457	0.479	0.378	0.43	0.4	0.439	0.442	0.43
0.435	0.371	0.459	0.481	0.381	0.432	0.405	0.439	0.42	0.43
0.427	0.376	0.459	0.479	0.381	0.425	0.415	0.435	0.408	0.427
0.415	0.376	0.464	0.474	0.381	0.4	0.422	0.415	0.393	0.43
0.391	0.376	0.466	0.479	0.376	0.383	0.422	0.388	0.381	0.432
0.388	0.374	0.469	0.474	0.378	0.381	0.422	0.381	0.374	0.43
0.388	0.371	0.469	0.474	0.376	0.388	0.42	0.378	0.374	0.4
0.388	0.371	0.469	0.474	0.381	0.381	0.42	0.381	0.383	0.386
0.386	0.376	0.466	0.459	0.381	0.383	0.422	0.381	0.386	0.386
0.361	0.378	0.464	0.481	0.376	0.381	0.422	0.378	0.388	0.383
0.359	0.374	0.461	0.454	0.374	0.381	0.413	0.376	0.383	0.388
0.356	0.371	0.459	0.449	0.374	0.383	0.41	0.376	0.381	0.388
0.359	0.371	0.432	0.437	0.376	0.386	0.393	0.378	0.383	0.383
0.361	0.374	0.415	0.413	0.378	0.386	0.381	0.378	0.383	0.383
0.364	0.376	0.41	0.386	0.381	0.386	0.383	0.383	0.386	0.386
0.356	0.376	0.41	0.381	0.378	0.378	0.381	0.381	0.381	0.383
0.354	0.374	0.41	0.393	0.376	0.376	0.378	0.378	0.381	0.388
0.354	0.374	0.413	0.386	0.376	0.378	0.376	0.376	0.381	0.388
0.356	0.371	0.408	0.383	0.376	0.381	0.374	0.378	0.381	0.383
0.359	0.374	0.386	0.378	0.381	0.381	0.374	0.383	0.383	0.381
0.359	0.376	0.376	0.376	0.381	0.378	0.376	0.383	0.386	0.381
0.356	0.378	0.376	0.376	0.376	0.378	0.378	0.383	0.383	0.386
0.352	0.376	0.374	0.378	0.376	0.378	0.378	0.378	0.383	0.386
0.354	0.376	0.378	0.381	0.376	0.378	0.376	0.376	0.378	0.383
0.356	0.374	0.374	0.383	0.376	0.386	0.376	0.376	0.381	0.386
0.359	0.376	0.374	0.378	0.381	0.386	0.374	0.383	0.386	0.383
0.359	0.376	0.371	0.378	0.381	0.383	0.378	0.383	0.388	0.381
0.356	0.378	0.374	0.376	0.378	0.383	0.381	0.381	0.393	0.383
0.356	0.374	0.376	0.381	0.376	0.381	0.381	0.378	0.383	0.388
0.359	0.374	0.378	0.383	0.376	0.383	0.378	0.376	0.381	0.386
0.361	0.374	0.376	0.383	0.376	0.388	0.376	0.378	0.383	0.383
0.361	0.376	0.374	0.381	0.381	0.391	0.374	0.383	0.386	0.383
0.361	0.378	0.371	0.378	0.383	0.386	0.378	0.383	0.386	0.381
0.354	0.381	0.371	0.378	0.378	0.383	0.383	0.381	0.386	0.386
0.354	0.381	0.374	0.381	0.376	0.383	0.378	0.378	0.381	0.386
0.359	0.376	0.374	0.383	0.386	0.386	0.376	0.376	0.381	0.386
0.359	0.374	0.376	0.386	0.408	0.388	0.374	0.378	0.381	0.386
0.364	0.374	0.371	0.381	0.586	0.386	0.374	0.383	0.383	0.383
0.364	0.378	0.369	0.378	0.54	0.386	0.376	0.383	0.383	0.381
0.359	0.381	0.369	0.374	0.469	0.383	0.378	0.381	0.386	0.383
0.359	0.376	0.374	0.381	0.457	0.386	0.374	0.378	0.383	0.386
0.361	0.371	0.376	0.383	0.452	0.381	0.374	0.378	0.383	0.386
0.361	0.369	0.376	0.381	0.454	0.388	0.371	0.381	0.383	0.388
0.366	0.376	0.374	0.381	0.459	0.388	0.374	0.383	0.386	0.383
0.364	0.376	0.371	0.376	0.459	0.386	0.376	0.383	0.415	0.383
0.361	0.378	0.369	0.376	0.452	0.383	0.378	0.381	1.008	0.383
0.356	0.376	0.374	0.378	0.447	0.381	0.381	0.376	0.825	0.388
0.356	0.374	0.376	0.383	0.442	0.378	0.376	0.374	0.574	0.386
0.364	0.371	0.376	0.381	0.476	0.388	0.371	0.376	0.474	0.386
0.364	0.371	0.378	0.378	0.459	0.386	0.369	0.381	0.437	0.383
0.364	0.376	0.374	0.376	0.447	0.386	0.374	0.381	0.43	0.378
0.359	0.378	0.374	0.376	0.41	0.381	0.376	0.378	0.413	0.378
0.347	0.376	0.376	0.378	0.393	0.381	0.376	0.376	0.403	0.388
0.359	0.371	0.378	0.381	0.452	0.386	0.378	0.376	0.4	0.388
0.361	0.371	0.378	0.381	0.461	0.386	0.374	0.378	0.405	0.386
0.361	0.374	0.374	0.381	0.444	0.388	0.371	0.378	0.422	0.383
0.359	0.374	0.371	0.376	0.425	0.388	0.376	0.378	0.422	0.383
0.356	0.374	0.371	0.378	0.408	0.381	0.381	0.378	0.442	0.383
0.354	0.371	0.376	0.381	0.408	0.383	0.378	0.376	0.41	0.386
0.354	0.371	0.378	0.383	0.408	0.383	0.376	0.374	0.388	0.388
0.361	0.369	0.376	0.383	0.408	0.425	0.374	0.381	0.393	0.383
0.361	0.374	0.374	0.454	0.391	0.898	0.376	0.378	0.403	0.378
0.359	0.374	0.371	1.665	0.381	0.715	0.378	0.381	0.405	0.381
0.356	0.376	0.371	1.147	0.383	0.51	0.378	0.376	0.408	0.383
0.356	0.374	0.374	0.591	0.378	0.474	0.378	0.376	0.391	0.386
0.359	0.371	0.378	0.449	0.376	0.461	0.374	0.371	0.383	0.386
0.359	0.371	0.378	0.417	0.374	0.464	0.376	0.376	0.383	0.481
0.364	0.371	0.376	0.405	0.381	0.466	0.371	0.378	0.383	0.793
0.381	0.376	0.371	0.403	0.381	0.464	0.376	0.378	0.386	0.757
0.398	0.376	0.374	0.4	0.378	0.459	0.378	0.376	0.386	0.676
0.439	0.376	0.374	0.403	0.376	0.459	0.376	0.408	0.383	0.654
0.442	0.374	0.376	0.408	0.376	0.461	0.376	0.566	0.378	0.632
0.425	0.374	0.376	0.403	0.374	0.461	0.374	0.627	0.381	0.615
0.417	0.376	0.376	0.42	0.381	0.452	0.374	0.557	0.386	0.591
0.41	0.378	0.371	0.425	0.378	0.439	0.376	0.51	0.386	0.581
0.408	0.383	0.374	0.452	0.378	0.43	0.378	0.515	0.391	0.547
0.403	0.381	0.374	0.444	0.374	0.41	0.378	0.52	0.383	0.513
0.403	0.376	0.376	0.427	0.374	0.396	0.374	0.532	0.381	0.435
0.408	0.376	0.376	0.422	0.378	0.408	0.374	0.549	0.381	0.427
0.396	0.374	0.374	0.42	0.381	0.403	0.376	0.537	0.386	0.422
0.403	0.378	0.378	0.413	0.383	0.391	0.376	0.525	0.388	0.42
0.398	0.378	0.784	0.391	0.378	0.383	0.378	0.479	0.388	0.415
0.386	0.378	1.367	0.42	0.376	0.381	0.374	0.454	0.386	0.422
0.371	0.374	1.042	0.427	0.376	0.386	0.376	0.447	0.383	0.427
0.378	0.376	0.715	0.43	0.378	0.386	0.374	0.449	0.386	0.41
0.388	0.376	0.635	0.42	0.381	0.388	0.371	0.444	0.388	0.405
0.388	0.378	0.618	0.388	0.378	0.386	0.376	0.427	0.388	0.4
0.374	0.378	0.615	0.378	0.378	0.383	0.378	0.405	0.388	0.386
0.364	0.376	0.61	0.378	0.376	0.381	0.378	0.386	0.383	0.386
0.361	0.374	0.615	0.381	0.374	0.383	0.376	0.376	0.381	0.383
0.366	0.374	0.605	0.381	0.381	0.386	0.439	0.371	0.383	0.381
0.366	0.378	0.623	0.376	0.381	0.388	1.287	0.381	0.388	0.378
0.364	0.378	0.579	0.376	0.381	0.386	1.157	0.381	0.391	0.378
0.364	0.381	0.535	0.378	0.381	0.381	0.784	0.376	0.388	0.381
0.361	0.376	0.469	0.381	0.376	0.378	0.581	0.376	0.381	0.383
0.361	0.376	0.474	0.381	0.376	0.383	0.505	0.371	0.381	0.386
0.366	0.374	0.479	0.378	0.378	0.386	0.488	0.381	0.381	0.381
0.366	0.376	0.488	0.378	0.381	0.386	0.496	0.383	0.386	0.378
0.366	0.378	0.464	0.376	0.381	0.383	0.5	0.381	0.388	0.376
0.364	0.378	0.442	0.378	0.378	0.381	0.508	0.381	0.386	0.383
0.361	0.374	0.427	0.381	0.376	0.383	0.493	0.376	0.381	0.386
0.364	0.374	0.42	0.383	0.376	0.386	0.43	0.371	0.381	0.386
0.366	0.371	0.417	0.383	0.376	0.386	0.405	0.376	0.383	0.378
0.369	0.371	0.41	0.378	0.381	0.383	0.417	0.381	0.386	0.378
0.369	0.378	0.391	0.376	0.383	0.386	0.415	0.383	0.388	0.378
0.364	0.381	0.378	0.376	0.381	0.381	0.437	0.378	0.386	0.386
0.364	0.383	0.378	0.381	0.376	0.381	0.415	0.376	0.383	0.386
0.361	0.376	0.378	0.383	0.376	0.383	0.405	0.374	0.381	0.391
0.364	0.374	0.381	0.383	0.378	0.388	0.388	0.381	0.383	0.383
0.366	0.374	0.376	0.378	0.378	0.388	0.408	0.381	0.386	0.381
0.366	0.378	0.371	0.376	0.381	0.386	0.42	0.378	0.386	0.381
0.361	0.378	0.371	0.376	0.376	0.381	0.41	0.378	0.383	0.383
0.361	0.378	0.376	0.378	0.376	0.383	0.383	0.376	0.417	0.386
0.364	0.374	0.378	0.381	0.374	0.386	0.376	0.374	0.679	0.386
0.366	0.371	0.376	0.381	0.376	0.388	0.374	0.376	1.206	0.386
0.366	0.376	0.374	0.376	0.391	0.388	0.376	0.378	1.267	0.381
0.366	0.378	0.374	0.374	0.413	0.386	0.378	0.383	1.206	0.381
0.361	0.378	0.371	0.376	0.537	0.381	0.378	0.381	1.199	0.381
0.361	0.374	0.374	0.378	0.75	0.383	0.378	0.378	1.206	0.383
0.361	0.369	0.376	0.381	0.867	0.386	0.374	0.378	1.211	0.386
0.366	0.371	0.378	0.381	0.884	0.388	0.371	0.381	1.196	0.383
0.369	0.369	0.374	0.378	0.881	0.386	0.374	0.383	1.187	0.378
0.364	0.376	0.371	0.376	0.911	0.388	0.376	0.386	1.194	0.378
0.361	0.376	0.374	0.378	0.947	0.381	0.378	0.378	1.143	0.381
0.361	0.381	0.371	0.378	0.957	0.383	0.376	0.374	1.108	0.386
0.361	0.374	0.376	0.381	0.972	0.383	0.374	0.376	1.091	0.383
0.366	0.374	0.376	0.383	0.986	0.388	0.374	0.376	1.077	0.383
0.366	0.376	0.371	0.378	0.984	0.388	0.376	0.381	0.991	0.378
0.366	0.378	0.371	0.376	0.979	0.383	0.378	0.378	0.925	0.381
0.361	0.381	0.371	0.381	0.962	0.381	0.378	0.376	0.823	0.383
0.359	0.378	0.374	0.378	0.955	0.381	0.381	0.374	0.754	0.386
0.364	0.374	0.376	0.381	0.95	0.386	0.376	0.374	0.659	0.383
0.366	0.374	0.376	0.381	0.93	0.386	0.374	0.376	0.632	0.381
0.369	0.371	0.371	0.383	0.894	0.388	0.376	0.378	0.566	0.381
0.366	0.378	0.369	0.376	0.833	0.381	0.378	0.381	0.552	0.378
0.364	0.381	0.371	0.374	0.762	0.381	0.376	0.374	0.474	0.383
0.364	0.378	0.374	0.376	0.669	0.381	0.376	0.374	0.496	0.386
0.364	0.376	0.374	0.376	0.571	0.381	0.374	0.376	0.476	0.386
0.369	0.371	0.378	0.374	0.518	0.386	0.371	0.381	0.444	0.383
0.369	0.378	0.374	0.374	0.505	0.386	0.374	0.381	0.425	0.381
0.369	0.378	0.371	0.371	0.479	0.383	0.376	0.381	0.41	0.383
0.366	0.381	0.371	0.374	0.459	0.381	0.378	0.378	0.403	0.383
0.364	0.376	0.374	0.376	0.425	0.398	0.378	0.374	0.388	0.388
0.369	0.374	0.378	0.378	0.408	0.447	0.376	0.376	0.383	0.386
0.369	0.374	0.378	0.378	0.386	0.549	0.374	0.378	0.396	0.405
0.371	0.376	0.374	0.376	0.381	0.605	0.374	0.381	0.393	0.425
0.366	0.378	0.371	0.376	0.381	0.63	0.378	0.378	0.391	0.537
0.364	0.378	0.371	0.376	0.378	0.625	0.381	0.376	0.388	0.874
0.361	0.374	0.374	0.378	0.374	0.625	0.378	0.374	0.383	1.028
0.369	0.374	0.378	0.378	0.376	0.627	0.374	0.374	0.381	1.05
0.369	0.371	0.376	0.381	0.378	0.664	0.374	0.376	0.383	1.057
0.371	0.376	0.374	0.378	0.378	0.706	0.374	0.376	0.386	1.011
0.374	0.376	0.371	0.376	0.378	0.73	0.376	0.376	0.388	0.999
0.366	0.85	0.371	0.376	0.381	0.728	0.381	0.376	0.386	0.981
0.364	2.446	0.371	0.376	0.374	0.735	0.378	0.374	0.383	0.989
0.371	1.55	0.376	0.378	0.376	0.757	0.376	0.374	0.381	0.962
0.369	0.854	0.376	0.376	0.376	0.764	0.374	0.376	0.381	0.906
0.371	0.691	0.374	0.376	0.378	0.774	0.374	0.378	0.386	0.842
0.369	0.718	0.371	0.371	0.383	0.779	0.378	0.376	0.386	0.842
0.366	0.75	0.371	0.371	0.378	0.767	0.381	0.378	0.386	0.833
0.364	0.745	0.374	0.376	0.374	0.74	0.381	0.374	0.381	0.808
0.364	0.745	0.376	0.381	0.376	0.684	0.376	0.374	0.381	0.767
0.369	0.74	0.376	0.381	0.378	0.632	0.376	0.376	0.381	0.696
0.371	0.706	0.371	0.376	0.381	0.591	0.374	0.378	0.386	0.613
0.369	0.664	0.369	0.376	0.381	0.52	0.376	0.374	0.383	0.579
0.366	0.627	0.371	0.378	0.378	0.496	0.378	0.374	0.386	0.53
0.364	0.505	0.374	0.378	0.376	0.486	0.374	0.374	0.381	0.461
0.364	0.471	0.376	0.381	0.374	0.464	0.374	0.374	0.381	0.493
0.369	0.471	0.376	0.376	0.376	0.444	0.374	0.376	0.383	0.471
0.371	0.454	0.371	0.376	0.381	0.435	0.376	0.381	0.386	0.447
0.369	0.42	0.366	0.374	0.381	0.403	0.378	0.381	0.386	0.43
0.366	0.403	0.366	0.374	0.378	0.393	0.378	0.376	0.383	0.425
0.361	0.398	0.371	0.376	0.376	0.386	0.378	0.374	0.381	0.41
0.364	0.393	0.374	0.378	0.374	0.386	0.376	0.374	0.381	0.393
0.369	0.381	0.371	0.378	0.376	0.396	0.374	0.376	0.383	0.388
0.369	0.378	0.369	0.376	0.378	0.388	0.376	0.378	0.386	0.383
0.369	0.378	0.369	0.374	0.376	0.386	0.378	0.381	0.383	0.4
0.366	0.381	0.369	0.374	0.376	0.381	0.378	0.398	0.383	0.393
0.364	0.376	0.374	0.378	0.374	0.383	0.378	0.508	0.381	0.391
0.369	0.374	0.374	0.378	0.371	0.386	0.374	0.774	0.381	0.388
0.369	0.371	0.374	0.386	0.376	0.388	0.374	1.064	0.381	0.386
0.366	0.374	0.371	0.376	0.381	0.388	0.374	1.108	0.386	0.383
0.366	0.376	0.369	0.374	0.383	0.386	0.376	1.084	0.388	0.381
0.364	0.378	0.371	0.371	0.376	0.381	0.378	1.067	0.386	0.386
0.361	0.376	0.374	0.378	0.376	0.383	0.378	1.05	0.383	0.388
0.364	0.371	0.374	0.381	0.374	0.386	0.374	1.05	0.381	0.386
0.364	0.371	0.376	0.381	0.376	0.386	0.371	1.033	0.383	0.386
0.366	0.374	0.371	0.376	0.378	0.388	0.371	1.018	0.386	0.381
0.361	0.376	0.369	0.376	0.383	0.386	0.376	1.016	0.388	0.378
0.359	0.376	0.371	0.374	0.376	0.381	0.378	1.023	0.383	0.386
0.356	0.376	0.371	0.376	0.374	0.383	0.376	1.021	0.383	0.386
0.361	0.374	0.374	0.381	0.374	0.383	0.374	1.033	0.381	0.386
0.364	0.371	0.374	0.378	0.376	0.388	0.374	1.021	0.383	0.381
0.364	0.374	0.371	0.376	0.378	0.388	0.374	0.972	0.386	0.381
0.371	0.376	0.369	0.374	0.378	0.383	0.378	0.864	0.386	0.381
0.364	0.374	0.369	0.374	0.376	0.381	0.376	0.818	0.386	0.383
0.361	0.376	0.374	0.378	0.374	0.381	0.376	0.713	0.383	0.386
0.359	0.371	0.376	0.381	0.376	0.383	0.374	0.603	0.381	0.386
0.366	0.374	0.374	0.381	0.376	0.386	0.371	0.535	0.381	0.383
0.366	0.376	0.374	0.376	0.378	0.386	0.374	0.493	0.386	0.381
0.364	0.378	0.371	0.374	0.378	0.386	0.376	0.5	0.386	0.381
0.359	0.376	0.374	0.374	0.378	0.381	0.393	0.486	0.386	0.383
0.361	0.374	0.374	0.378	0.374	0.381	0.41	0.471	0.383	0.386
0.361	0.371	0.378	0.381	0.374	0.386	0.518	0.417	0.391	0.383
0.364	0.371	0.374	0.378	0.378	0.388	0.706	0.408	0.435	0.381
0.366	0.374	0.374	0.376	0.378	0.386	0.928	0.396	0.835	0.381
0.366	0.376	0.369	0.376	0.378	0.383	0.989	0.386	1.008	0.378
0.359	0.383	0.371	0.376	0.376	0.381	1.006	0.378	0.935	0.386
0.359	0.376	0.374	0.378	0.374	0.381	1.011	0.378	0.859	0.388
0.359	0.371	0.376	0.378	0.374	0.383	1.013	0.374	0.85	0.388
0.364	0.371	0.374	0.381	0.378	0.386	1.028	0.378	0.852	0.396
0.364	0.371	0.374	0.376	0.381	0.386	1.035	0.381	0.857	0.383
0.361	0.378	0.371	0.403	0.378	0.383	1.047	0.378	0.85	0.381
0.361	0.376	0.371	0.503	0.376	0.381	1.057	0.381	0.833	0.386
0.361	0.374	0.376	0.859	0.374	0.383	1.055	0.376	0.808	0.388
0.359	0.371	0.378	1.169	0.413	0.386	1.042	0.374	0.747	0.386
0.361	0.366	0.376	1.133	0.898	0.386	1.001	0.378	0.708	0.386
0.366	0.374	0.371	1.094	1.111	0.388	0.969	0.381	0.713	0.383
0.381	0.376	0.371	1.094	1.089	0.381	0.94	0.378	0.608	0.386
0.444	0.376	0.366	1.116	1.062	0.381	0.854	0.378	0.579	0.386
0.754	0.374	0.374	1.155	1.06	0.381	0.769	0.374	0.486	0.388
1.123	0.371	0.378	1.16	1.074	0.383	0.613	0.376	0.439	0.386
1.14	0.371	0.376	1.169	1.091	0.388	0.535	0.381	0.432	0.383
1.113	0.371	0.371	1.162	1.094	0.386	0.542	0.383	0.415	0.381
1.101	0.374	0.369	1.172	1.052	0.383	0.52	0.388	0.4	0.383
1.108	0.376	0.366	1.177	0.933	0.378	0.474	0.381	0.388	0.386
1.169	0.371	0.371	1.16	0.825	0.383	0.469	0.376	0.386	0.388
1.204	0.369	0.376	1.113	0.759	0.383	0.5	0.378	0.381	0.388
1.211	0.371	0.371	1.077	0.63	0.386	0.442	0.381	0.383	0.383
1.25	0.369	0.371	1.038	0.496	0.391	0.417	0.383	0.388	0.381
1.24	0.371	0.369	1.011	0.461	0.386	0.4	0.386	0.386	0.393
1.238	0.374	0.371	0.964	0.435	0.381	0.386	0.381	0.391	0.437
1.213	0.369	0.376	0.911	0.405	0.381	0.378	0.376	0.383	0.647
1.128	0.369	0.41	0.757	0.383	0.383	0.388	0.376	0.383	0.813
1.052	0.369	0.42	0.632	0.381	0.388	0.378	0.381	0.386	0.83
1.003	0.364	0.432	0.557	0.381	0.386	0.376	0.381	0.388	0.825
0.962	0.374	0.479	0.544	0.378	0.383	0.381	0.381	0.391	0.835
0.862	0.376	0.493	0.549	0.393	0.381	0.381	0.378	0.386	0.83
0.774	0.371	0.508	0.498	0.381	0.383	0.383	0.376	0.381	0.83
0.598	0.371	0.571	0.481	0.376	0.386	0.376	0.378	0.383	0.823
0.518	0.369	0.605	0.483	0.378	0.386	0.374	0.381	0.383	0.813
0.498	0.371	0.64	0.452	0.381	0.386	0.376	0.383	0.386	0.803
0.488	0.376	0.669	0.42	0.381	0.383	0.381	0.383	0.383	0.679
0.481	0.374	0.715	0.4	0.378	0.381	0.381	0.378	0.388	0.562
0.442	0.374	0.764	0.398	0.374	0.474	0.381	0.376	0.386	0.491
0.405	0.369	0.796	0.386	0.376	1.472	0.376	0.374	0.383	0.447
0.381	0.371	0.784	0.386	0.381	1.406	0.376	0.378	0.386	0.427
0.371	0.374	0.759	0.386	0.381	1.135	0.378	0.381	0.388	0.413
0.364	0.374	0.769	0.403	0.383	1.062	0.378	0.378	0.391	0.398
0.361	0.371	0.779	0.413	0.378	1.035	0.381	0.376	0.386	0.393
0.361	0.369	0.791	0.405	0.374	1.052	0.376	0.374	0.383	0.393
0.359	0.369	0.769	0.388	0.378	1.079	0.376	0.374	0.386	0.396
0.364	0.371	0.725	0.383	0.378	1.094	0.374	0.378	0.386	0.391
0.369	0.369	0.649	0.378	0.381	1.094	0.381	0.381	0.386	0.388
0.361	0.374	0.637	0.376	0.383	1.082	0.376	0.381	0.388	0.386
0.361	0.374	0.701	0.376	0.378	0.996	0.378	0.376	0.386	0.386
0.359	0.371	0.703	0.381	0.376	0.886	0.378	0.376	0.383	0.388
0.361	0.371	0.664	0.381	0.376	0.808	0.374	0.376	0.383	0.388
0.364	0.374	0.618	0.381	0.378	0.75	0.374	0.378	0.388	0.386
0.366	0.371	0.601	0.378	0.381	0.664	0.374	0.383	0.388	0.383
0.364	0.381	0.52	0.376	0.378	0.527	0.378	0.381	0.391	0.386
0.361	0.41	0.527	0.378	0.378	0.459	0.381	0.378	0.386	0.388
0.361	0.435	0.498	0.381	0.376	0.425	0.376	0.374	0.381	0.388
0.361	0.557	0.439	0.381	0.376	0.417	0.376	0.376	0.381	0.391
0.364	0.703	0.405	0.386	0.378	0.405	0.374	0.378	0.383	0.386
0.366	0.876	0.393	0.378	0.381	0.4	0.376	0.381	0.386	0.383
0.364	0.94	0.378	0.376	0.383	0.405	0.376	0.381	0.386	0.388
0.361	0.996	0.376	0.378	0.378	0.403	0.378	0.376	0.383	0.388
0.361	1.077	0.383	0.381	0.376	0.393	0.378	0.374	0.381	0.388
0.361	1.099	0.378	0.381	0.378	0.393	0.374	0.376	0.381	0.386
0.364	1.123	0.378	0.378	0.378	0.396	0.371	0.378	0.381	0.386
0.366	1.165	0.374	0.378	0.381	0.393	0.376	0.381	0.386	0.383
0.364	1.191	0.369	0.376	0.376	0.393	0.376	0.381	0.386	0.383
0.359	1.194	0.374	0.381	0.378	0.388	0.376	0.376	0.383	0.386
0.359	1.223	0.374	0.381	0.376	0.388	0.378	0.374	0.381	0.391
0.364	1.233	0.376	0.383	0.376	0.391	0.376	0.369	0.381	0.386
0.366	1.213	0.374	0.381	0.381	0.393	0.374	0.378	0.383	0.386
0.369	1.184	0.374	0.376	0.383	0.393	0.374	0.381	0.386	0.383
0.364	1.16	0.371	0.374	0.383	0.388	0.378	0.381	0.388	0.386
0.361	1.147	0.371	0.376	0.381	0.386	0.378	0.381	0.381	0.388
0.361	1.13	0.374	0.378	0.376	0.388	0.378	0.376	0.378	0.391
0.361	1.121	0.376	0.383	0.374	0.391	0.374	0.376	0.43	0.391
0.366	1.086	0.378	0.381	0.381	0.391	0.371	0.381	0.425	0.386
0.366	1.045	0.374	0.376	0.383	0.393	0.374	0.381	0.767	0.383
0.361	1.001	0.374	0.376	0.381	0.388	0.378	0.378	0.618	0.386
0.361	0.925	0.371	0.376	0.381	0.386	0.378	0.376	0.439	0.388
0.361	0.84	0.376	0.381	0.378	0.388	0.376	0.376	0.393	0.388
0.361	0.762	0.376	0.381	0.374	0.391	0.388	0.378	0.405	0.391
0.366	0.725	0.376	0.381	0.378	0.393	0.986	0.381	0.447	0.388
0.366	0.605	0.374	0.376	0.383	0.391	1.895	0.381	0.466	0.383
0.364	0.54	0.371	0.376	0.386	0.391	1.453	0.381	0.471	0.386
0.359	0.52	0.374	0.376	0.381	0.388	1.272	0.378	0.466	0.388
0.359	0.54	0.376	0.381	0.381	0.386	1.172	0.376	0.459	0.391
0.359	0.481	0.376	0.383	0.383	0.391	1.121	0.376	0.52	0.388
0.364	0.513	0.371	0.378	0.715	0.391	1.089	0.381	0.576	0.386
0.364	0.466	0.371	0.378	0.686	0.391	1.089	0.383	0.508	0.383
0.361	0.417	0.371	0.376	0.537	0.391	1.091	0.386	0.43	0.383
0.361	0.391	0.374	0.378	0.53	0.388	1.06	0.378	0.422	0.388
0.359	0.378	0.374	0.381	0.537	0.391	0.942	0.376	0.413	0.391
0.361	0.378	0.376	0.383	0.542	0.391	0.83	0.376	0.398	0.391
0.366	0.383	0.376	0.378	0.544	0.393	0.767	0.381	0.393	0.386
0.366	0.386	0.374	0.378	0.544	0.388	0.696	0.383	0.396	0.383
0.364	0.381	0.371	0.378	0.547	0.391	0.625	0.383	0.386	0.386
0.364	0.381	0.369	0.381	0.54	0.386	0.53	0.381	0.383	0.388
0.361	0.374	0.376	0.383	0.464	0.388	0.464	0.378	0.381	0.388
0.361	0.374	0.376	0.386	0.425	0.391	0.425	0.378	0.378	0.415
0.364	0.371	0.376	0.383	0.415	0.393	0.415	0.381	0.381	0.398
0.366	0.374	0.371	0.381	0.422	0.391	0.41	0.386	0.386	1.746
0.364	0.376	0.371	0.378	0.417	0.391	0.396	0.381	0.386	1.621
0.361	0.378	0.371	0.378	0.408	0.388	0.398	0.381	0.383	0.95
0.42	0.376	0.376	0.383	0.381	0.388	0.405	0.378	0.381	0.732
1.45	0.374	0.376	0.383	0.381	0.391	0.396	0.378	0.381	0.72
1.66	0.374	0.374	0.381	0.391	0.393	0.386	0.381	0.383	0.752
1.455	0.376	0.371	0.378	0.396	0.391	0.386	0.383	0.388	0.757
1.362	0.378	0.371	0.376	0.388	0.391	0.388	0.383	0.386	0.803
1.306	0.374	0.371	0.378	0.381	0.388	0.391	0.381	0.386	0.835
1.274	0.376	0.376	0.381	0.378	0.388	0.391	0.378	0.378	0.852
1.284	0.374	0.376	0.381	0.376	0.391	0.386	0.381	0.378	0.876
1.294	0.371	0.374	0.381	0.381	0.393	0.383	0.381	0.381	0.847
1.274	0.374	0.374	0.376	0.381	0.391	0.386	0.383	0.381	0.696
1.113	0.376	0.371	0.376	0.381	0.391	0.388	0.381	0.381	0.559
0.925	0.376	0.371	0.378	0.378	0.388	0.391	0.381	0.378	0.457
0.825	0.374	0.374	0.381	0.376	0.386	0.388	0.378	0.381	0.427
0.723	0.371	0.376	0.381	0.376	0.391	0.386	0.378	0.376	0.417
0.635	0.376	0.376	0.376	0.381	0.393	0.383	0.383	0.381	0.413
0.547	0.374	0.371	0.378	0.381	0.391	0.388	0.383	0.383	0.391
0.466	0.378	0.408	0.415	0.381	0.391	0.391	0.383	0.383	0.386
0.413	0.376	0.806	1.453	0.378	0.388	0.388	0.381	0.381	0.386
0.388	0.374	1.167	1.97	0.376	0.391	0.386	0.378	0.378	0.388
0.381	0.371	1.184	1.519	0.378	0.391	0.383	0.381	0.376	0.386
0.378	0.369	1.086	1.306	0.381	0.393	0.383	0.383	0.381	0.378
0.388	0.369	0.95	1.218	0.383	0.391	0.388	0.383	0.383	0.376
0.386	0.371	0.903	1.204	0.383	0.391	0.393	0.381	0.386	0.371
0.369	0.376	0.911	1.206	0.381	0.386	0.396	0.378	0.383	0.376
0.369	0.374	0.935	1.226	0.376	0.388	0.388	0.378	0.381	0.381
0.366	0.374	0.894	1.255	0.378	0.391	0.383	0.378	0.383	0.378
0.374	0.374	0.781	1.257	0.378	0.393	0.381	0.383	0.383	0.374
0.371	0.374	0.723	1.143	0.383	0.396	0.383	0.383	0.386	0.374
0.369	0.378	0.569	0.911	0.381	0.391	0.388	0.383	0.386	0.374
0.369	0.381	0.513	0.767	0.381	0.388	0.388	0.381	0.381	0.376
0.366	0.374	0.486	0.618	0.376	0.393	0.386	0.378	0.378	0.378
0.369	0.371	0.439	0.591	0.376	0.4	0.383	0.378	0.378	0.376
0.371	0.361	0.413	0.557	0.383	0.571	0.383	0.383	0.381	0.371
0.374	0.371	0.398	0.51	0.381	0.618	0.386	0.427	0.383	0.374
0.369	0.371	0.386	0.444	0.386	0.62	0.388	1.194	0.383	0.378
0.366	0.374	0.386	0.417	0.378	0.642	0.388	1.453	0.381	0.374
0.364	0.371	0.391	0.403	0.378	0.674	0.388	1.321	0.378	0.376
0.366	0.366	0.403	0.403	0.383	0.701	0.383	1.121	0.378	0.376
0.369	0.366	0.391	0.4	0.381	0.701	0.383	0.969	0.381	0.376
0.369	0.366	0.386	0.4	0.383	0.684	0.386	0.94	0.386	0.374
0.369	0.371	0.383	0.383	0.386	0.735	0.388	0.92	0.386	0.371
0.366	0.371	0.383	0.386	0.378	0.771	0.391	0.933	0.381	0.374
0.361	0.371	0.386	0.386	0.376	0.806	0.388	0.894	0.378	0.378
0.369	0.371	0.388	0.388	0.376	0.784	0.383	0.806	0.378	0.376
0.371	0.371	0.383	0.383	0.378	0.688	0.383	0.781	0.383	0.371
0.371	0.371	0.383	0.381	0.381	0.603	0.386	0.642	0.386	0.371
0.366	0.374	0.381	0.378	0.381	0.466	0.391	0.557	0.386	0.371
0.364	0.376	0.381	0.383	0.376	0.42	0.391	0.464	0.383	0.376
0.364	0.371	0.386	0.381	0.376	0.427	0.388	0.452	0.381	0.381
0.366	0.371	0.386	0.386	0.378	0.42	0.386	0.415	0.381	0.376
0.366	0.417	0.383	0.386	0.378	0.403	0.386	0.391	0.381	0.376
0.369	1.16	0.381	0.381	0.383	0.396	0.386	0.386	0.383	0.374
0.366	1.438	0.378	0.381	0.381	0.391	0.391	0.383	0.383	0.376
0.364	1.035	0.381	0.381	0.376	0.388	0.391	0.381	0.381	0.376
0.364	0.896	0.383	0.383	0.376	0.386	0.388	0.381	0.378	0.378
0.366	0.896	0.386	0.386	0.376	0.391	0.386	0.383	0.383	0.378
0.369	0.908	0.381	0.386	0.378	0.393	0.383	0.383	0.381	0.374
0.369	0.908	0.381	0.383	0.381	0.391	0.383	0.381	0.383	0.374
0.366	0.925	0.381	0.381	0.381	0.388	0.388	0.381	0.383	0.376
0.364	0.93	0.381	0.383	0.376	0.388	0.396	0.378	0.381	0.378
0.364	0.913	0.383	0.388	0.376	0.386	2.329	0.378	0.378	0.383
0.361	0.713	0.386	0.388	0.376	0.391	1.775	0.378	0.381	0.383
0.366	0.686	0.383	0.386	0.378	0.396	1.36	0.381	0.381	0.378
0.361	0.625	0.378	0.381	0.381	0.393	1.318	0.383	0.383	0.376
0.366	0.559	0.378	0.378	0.381	0.388	1.338	0.381	0.381	0.381
0.361	0.527	0.378	0.381	0.378	0.386	1.394	0.376	0.374	0.381
0.361	0.479	0.383	0.383	0.374	0.388	1.445	0.374	0.369	0.381
0.364	0.447	0.386	0.386	0.376	0.391	1.448	0.376	0.369	0.378
0.366	0.415	0.383	0.386	0.378	0.393	1.445	0.381	0.374	0.378
0.366	0.403	0.383	0.383	0.381	0.391	1.438	0.381	0.378	0.378
0.364	0.388	0.383	0.381	0.383	0.391	1.455	0.381	0.437	0.378
0.361	0.391	0.383	0.381	0.378	0.386	1.265	0.378	0.525	0.381
0.364	0.388	0.386	0.381	0.376	0.388	0.959	0.376	0.569	0.383
0.364	0.396	0.386	0.386	0.376	0.391	0.708	0.378	0.579	0.383
0.364	0.386	0.388	0.386	0.378	0.391	0.491	0.378	0.579	0.378
0.364	0.383	0.381	0.381	0.383	0.391	0.439	0.381	0.562	0.381
0.359	0.381	0.381	0.381	0.413	0.388	0.427	0.376	0.559	0.381
0.359	0.378	0.386	0.378	0.486	0.386	0.425	0.376	0.557	0.386
0.42	0.378	0.388	0.383	0.557	0.388	0.405	0.374	0.559	0.386
0.466	0.376	0.386	0.386	0.571	0.388	0.388	0.376	0.564	0.386
1.064	0.376	0.386	0.386	0.552	0.391	0.381	0.378	0.566	0.383
0.967	0.378	0.383	0.383	0.557	0.391	0.383	0.381	0.566	0.381
0.767	0.381	0.383	0.381	0.554	0.388	0.388	0.381	0.566	0.381
0.715	0.381	0.381	0.381	0.549	0.386	0.388	0.378	0.566	0.386
0.701	0.376	0.388	0.381	0.581	0.388	0.405	0.376	0.566	0.388
0.713	0.374	0.391	0.386	0.62	0.388	0.393	0.381	0.566	0.386
0.708	0.374	0.391	0.378	0.64	0.391	0.386	0.386	0.569	0.383
0.698	0.378	0.383	0.381	0.649	0.388	0.388	0.388	0.566	0.381
0.696	0.378	0.383	0.381	0.671	0.388	0.386	0.386	0.566	0.381
0.686	0.383	0.386	0.381	0.74	0.386	0.391	0.383	0.562	0.383
0.613	0.381	0.386	0.383	0.781	0.386	0.388	0.381	0.559	0.386
0.488	0.378	0.386	0.383	0.791	0.391	0.386	0.383	0.559	0.388
0.442	0.381	0.386	0.383	0.798	0.391	0.386	0.386	0.552	0.381
0.391	0.383	0.383	0.381	0.789	0.388	0.388	0.388	0.532	0.381
0.378	0.383	0.381	0.378	0.757	0.388	0.391	0.386	0.525	0.381
0.371	0.386	0.391	0.378	0.723	0.383	0.388	0.383	0.525	0.383
0.386	0.378	0.393	0.381	0.72	0.383	0.386	0.381	0.518	0.386
0.369	0.378	1.35	0.383	0.684	0.388	0.383	0.383	0.51	0.403
0.369	0.378	1.04	0.383	0.649	0.391	0.383	0.386	0.498	0.41
0.371	0.381	0.813	0.381	0.632	0.388	0.386	0.386	0.493	0.408
0.366	0.383	0.706	0.381	0.566	0.388	0.388	0.386	0.476	0.454
0.361	0.383	0.691	0.386	0.574	0.386	0.391	0.381	0.42	0.488
0.361	0.381	0.679	0.383	0.574	0.386	0.388	0.381	0.388	0.52
0.369	0.378	0.674	0.381	0.562	0.386	0.383	0.386	0.376	0.54
0.381	0.378	0.671	0.381	0.591	0.391	0.383	0.386	0.378	0.498
0.386	0.383	0.667	0.378	0.593	0.388	0.386	0.388	0.381	0.491
0.366	0.388	0.63	0.378	0.535	0.383	0.388	0.388	0.383	0.488
0.361	0.388	0.515	0.41	0.508	0.383	0.388	0.381	0.376	0.493
0.359	0.383	0.452	0.637	0.459	0.388	0.388	0.381	0.374	0.498
0.361	0.381	0.425	0.686	0.413	0.388	0.383	0.381	0.381	0.498
0.364	0.381	0.41	0.688	0.391	0.391	0.381	0.386	0.381	0.498
0.366	0.386	0.408	0.708	0.386	0.391	0.386	0.386	0.381	0.5
0.364	0.386	0.413	0.708	0.383	0.386	0.388	0.383	0.381	0.5
0.359	0.388	0.4	0.708	0.364	0.383	0.388	0.378	0.376	0.505
0.356	0.381	0.386	0.706	0.356	0.386	0.388	0.376	0.376	0.503
0.364	0.378	0.388	0.706	0.356	0.388	0.383	0.376	0.378	0.498
0.369	0.378	0.381	0.701	0.361	0.391	0.383	0.386	0.378	0.493
0.369	0.383	0.381	0.669	0.364	0.393	0.381	0.386	0.381	0.488
0.364	0.383	0.378	0.581	0.369	0.386	0.388	0.388	0.378	0.491
0.361	0.383	0.383	0.535	0.364	0.383	0.388	0.542	0.376	0.515
0.359	0.383	0.396	0.452	0.361	0.386	0.388	0.618	0.376	0.547
0.364	0.381	0.413	0.413	0.361	0.388	0.383	0.698	0.378	0.527
0.369	0.381	0.388	0.417	0.364	0.391	0.383	0.574	0.381	0.503
0.369	0.386	0.381	0.417	0.364	0.391	0.386	0.442	0.383	0.491
0.369	0.386	0.378	0.408	0.366	0.386	0.388	0.42	0.383	0.493
0.361	0.386	0.381	0.386	0.361	0.383	0.391	0.422	0.381	0.498
0.361	0.381	0.381	0.388	0.359	0.386	0.388	0.422	0.378	0.496
0.381	0.378	0.381	0.391	0.361	0.386	0.386	0.42	0.376	0.493
0.369	0.378	0.378	0.386	0.378	0.388	0.378	0.42	0.378	0.486
0.369	0.391	0.376	0.381	0	0.386	0.386	0.42	0.381	0.479
0.366	0.403	0.376	0.381	0	0.383	0.391	0.427	0.383	0.461
0.361	1.819	0.376	0.376	0	0.383	0.391	0.42	0.381	0.464
0.361	1.165	0.381	0.383	0	0.386	0.388	0.41	0.398	0.464
0.364	0.708	0.383	0.386	0	0.388	0.383	0.408	0.417	0.449
0.369	0.574	0.381	0.383	0	0.388	0.386	0.391	0.413	0.415
0.369	0.586	0.378	0.378	0	0.388	0.383	0.388	0.4	0.386
0.366	0.671	0.378	0.378	0	0.386	0.388	0.386	0	0.381
0.364	0.767	0.378	0.381	0	0.383	0.388	0.381	0	0.383
0.361	0.796	0.383	0.383	0	0.386	0.386	0.381	0	0.386
0.369	0.798	0.383	0.386	0	0.386	0.383	0.381	0	0.386
0.369	0.867	0.381	0.383	0	0.388	0.383	0.386	0	0.381
0.369	0.862	0.381	0.378	0	0.383	0.386	0.386	0	0.381
0.366	0.823	0.378	0.381	0	0.383	0.386	0.381	0	0.381
0.364	0.723	0.383	0.381	0	0.381	0.388	0.396	0	0.376
0.364	0.62	0.383	0.383	0	0.386	0.393	0.41	0	0.381
0.366	0.498	0.383	0.383	0	0.5	0.413	0.413	0	0.378
0.369	0.444	0.378	0.383	0	0.82	0.42	0.391	0	0.376
0.366	0.427	0.378	0.381	0	0.691	0.479	0.383	0	0.374
0.366	0.405	0.378	0.378	0	0.615	0.54	0.378	0	0.374
0.361	0.393	0.378	0.378	0	0.625	0.569	0.374	0	0.381
0.364	0.383	0.383	0.383	0	0.635	0.593	0.371	0	0.381
0.364	0.381	0.383	0.386	0	0.688	0.608	0.374	0	0.381
0.369	0.381	0.381	0.383	0	0.762	0.598	0.378	0	0.376
0.369	0.383	0.376	0.381	0	0.823	0.557	0.378	0	0
0.361	0.386	0.374	0.381	0	0.84	0.571	0.374	0	0
0.361	0.403	0.376	0.381	0	0.857	0.586	0.376	0	0
0.364	0.408	0.378	0.383	0	0.867	0.593	0.376	0	0
0.366	0.386	0.381	0.386	0	0.842	0.596	0.378	0	0
0.369	0.383	0.378	0.383	0	0.818	0.598	0.381	0	0
0.376	0.383	0.378	0.381	0	0.757	0.552	0.383	0	0
0.366	0.386	0.376	0.378	0	0.752	0.505	0.378	0	0
0.364	0.386	0.374	0.381	0	0.74	0.488	0.378	0	0
0.364	0.383	0.378	0.383	0	0.696	0.481	0.376	0	0
0.366	0.381	0.383	0.386	0	0.676	0.479	0.381	0	0
0.369	0.383	0.381	0.381	0	0.667	0.493	0.383	0	0
0.371	0.386	0.378	0.378	0	0.581	0.518	0.383	0	0
0.364	0.388	0.378	0.376	0	0.579	0.549	0.381	0	0
0.364	0.388	0.381	0.376	0	0.62	0.54	0.378	0	0
0.356	0.383	0.383	0.381	0	0.63	0.544	0.376	0	0
0.361	0.381	0.386	0.383	0	0.635	0.566	0.378	0	0
0.366	0.386	0.386	0.381	0	0.588	0.554	0.383	0	0
0.366	0.383	0.381	0.378	0	0.5	0.532	0.386	0	0
0.366	0.386	0.378	0.378	0	0.444	0.52	0.381	0	0
0.364	0.386	0.381	0.378	0	0.398	0.498	0.376	0	0
0.364	0.383	0.386	0.383	0	0.396	0.457	0.376	0	0
0.366	0.383	0.386	0.383	0	0.393	0.437	0.376	0	0
0.369	0.383	0.435	0.381	0	0.391	0.408	0.381	0	0
0.369	0.386	0.493	0.378	0	0.391	0.396	0.381	0	0
0.366	0.388	0.664	0.383	0	0.386	0.393	0.378	0	0
0.361	0.388	0.781	0.383	0	0.386	0.393	0.376	0	0
0.364	0.386	0.75	0.383	0	0.386	0.391	0.376	0	0
0.366	0.381	0.74	0.386	0	0.391	0.388	0.378	0	0
0.369	0.381	0.732	0.386	0	0.388	0.383	0.381	0	0
0.371	0.386	0.718	0.381	0	0.386	0.391	0.383	0	0
0.366	0.388	0.706	0.381	0	0.386	0.393	0.378	0	0
0.364	0.388	0.708	0.383	0	0.386	0.393	0.376	0	0
0.361	0.383	0.725	0.386	0	0.381	0.388	0.376	0	0
0.366	0.383	0.735	0.388	0	0.388	0.386	0.374	0	0
0.369	0.381	0.747	0.383	0	0.391	0.386	0.378	0	0
0.371	0.386	0.742	0.381	0	0.391	0.391	0.378	0	0
0.364	0.386	0.742	0.381	0	0.386	0.393	0.383	0	0
0.364	0.388	0.747	0.386	0	0.391	0.393	0.374	0	0
0.361	0.381	0.745	0.386	0	0.391	0.391	0.374	0	0
0.366	0.381	0.73	0.388	0	0.396	0.388	0.376	0	0
0.366	0.381	0.667	0.386	0	0.408	0.393	0.381	0	0
0.366	0.386	0.63	0.381	0	0.415	0.391	0.378	0	0
0.364	0.388	0.615	0.378	0	0.408	0.393	0.378	0	0
0.361	0.388	0.618	0.381	0	0.42	0.393	0.376	0	0
0.361	0.386	0.608	0.393	0	0.408	0	0.374	0	0
0.364	0.383	0.608	0.413	0	0.405	0	0.374	0	0
0.366	0.386	0.601	0.408	0	0.417	0	0.378	0	0
0.366	0.388	0.605	0.403	0	0.442	0	0.376	0	0
0.364	0.391	0.586	0.4	0	0	0	0.374	0	0
0.361	0.386	0.554	0.4	0	0	0	0.371	0	0
0.364	0.386	0.508	0.408	0	0	0	0.369	0	0
0.366	0.383	0.491	0.413	0	0	0	0.374	0	0
0.369	0.388	0.464	0.42	0	0	0	0.376	0	0
0.369	0.388	0.449	0.425	0	0	0	0.417	0	0
0.366	0.388	0.417	0.437	0	0	0	0.437	0	0
0.361	0.388	0.393	0.439	0	0	0	0.481	0	0
0.364	0.386	0.388	0.454	0	0	0	0.52	0	0
0.366	0.383	0.388	0.469	0	0	0	0.537	0	0
0.369	0.381	0.386	0.564	0	0	0	0.544	0	0
0.369	0.388	0.381	0.613	0	0	0	0.549	0	0
0.364	0.388	0.381	0.649	0	0	0	0.544	0	0
0.361	0.388	0.381	0.652	0	0	0	0.586	0	0
0.364	0.386	0.383	0.642	0	0	0	0.588	0	0
0.366	0.383	0.386	0.715	0	0	0	0.601	0	0
0.369	0.383	0.383	0.776	0	0	0	0.708	0	0
0.376	0.388	0.381	0.879	0	0	0	0.825	0	0
0.366	0.388	0.378	0.986	0	0	0	0.896	0	0
0.364	0.388	0.381	1.021	0	0	0	0.92	0	0
0.361	0.386	0.383	1.03	0	0	0	0.93	0	0
0.366	0.383	0.388	1.079	0	0	0	0.94	0	0
0.369	0.386	0.383	1.118	0	0	0	0.928	0	0
0.369	0.388	0.381	1.135	0	0	0	0.884	0	0
0.364	0.393	0.378	1.135	0	0	0	0.852	0	0
0.361	0.391	0	1.13	0	0	0	0.84	0	0
0.364	0.388	0	1.135	0	0	0	0.825	0	0
0.364	0.386	0	1.145	0	0	0	0.803	0	0
0.366	0.388	0	1.135	0	0	0	0.75	0	0
0.366	0.391	0	1.125	0	0	0	0.698	0	0
0.364	0.391	0	1.113	0	0	0	0.708	0	0
0.364	0.388	0	1.06	0	0	0	0.635	0	0
0.361	0.388	0	0.984	0	0	0	0.574	0	0
0.364	0.386	0	0.886	0	0	0	0.559	0	0
0.366	0.383	0	0.815	0	0	0	0.54	0	0
0.369	0.388	0	0.725	0	0	0	0.537	0	0
0.364	0.391	0	0.659	0	0	0	0.535	0	0
0.364	0.388	0	0.608	0	0	0	0.522	0	0
0.361	0.388	0	0.574	0	0	0	0.518	0	0
0.366	0.386	0	0.586	0	0	0	0.503	0	0
0.374	0.386	0	0.583	0	0	0	0.491	0	0
0.439	0.444	0	0.547	0	0	0	0.5	0	0
0.566	0.535	0	0.513	0	0	0	0.459	0	0
0.713	0.576	0	0.483	0	0	0	0.405	0	0
0.627	0.664	0	0.457	0	0	0	0.383	0	0
0.613	0.737	0	0.422	0	0	0	0.378	0	0
0.613	0.757	0	0.391	0	0	0	0.386	0	0
0.618	0.791	0	0.391	0	0	0	0.383	0	0
0.615	0.808	0	0.398	0	0	0	0.383	0	0
0.667	0.801	0	0.391	0	0	0	0.378	0	0
0.693	0.828	0	0.383	0	0	0	0.381	0	0
0.701	0.808	0	0.378	0	0	0	0.378	0	0
0.713	0.767	0	0.374	0	0	0	0.381	0	0
0.718	0.757	0	0.371	0	0	0	0.386	0	0
0.713	0.752	0	0.371	0	0	0	0.376	0	0
0.701	0.75	0	0.376	0	0	0	0.378	0	0
0.696	0.742	0	0.376	0	0	0	0.374	0	0
0.659	0.74	0	0.378	0	0	0	0.381	0	0
0.615	0.737	0	0.376	0	0	0	0.386	0	0
0.574	0.745	0	0.374	0	0	0	0.386	0	0
0.549	0.735	0	0.374	0	0	0	0.381	0	0
0.537	0.691	0	0.378	0	0	0	0.378	0	0
0.52	0.664	0	0.378	0	0	0	0.376	0	0
0.52	0.654	0	0.378	0	0	0	0.381	0	0
0.532	0.662	0	0.383	0	0	0	0.378	0	0
0.522	0.684	0	0.383	0	0	0	0.381	0	0
0.496	0.688	0	0.4	0	0	0	0.403	0	0
0.474	0.693	0	0.393	0	0	0	0	0	0
0.474	0.686	0	0.391	0	0	0	0	0	0
0.454	0.659	0	0.388	0	0	0	0	0	0
0.396	0.632	0	0	0	0	0	0	0	0
0.369	0.569	0	0	0	0	0	0	0	0
0.369	0.537	0	0	0	0	0	0	0	0
0.366	0.508	0	0	0	0	0	0	0	0
0.366	0.493	0	0	0	0	0	0	0	0
0.369	0.442	0	0	0	0	0	0	0	0
0.371	0.4	0	0	0	0	0	0	0	0
0.371	0.393	0	0	0	0	0	0	0	0
0.366	0.405	0	0	0	0	0	0	0	0
0.366	0.405	0	0	0	0	0	0	0	0
0.364	0.388	0	0	0	0	0	0	0	0
0.369	0.386	0	0	0	0	0	0	0	0
0.371	0.386	0	0	0	0	0	0	0	0
0.371	0.388	0	0	0	0	0	0	0	0
0.366	0.391	0	0	0	0	0	0	0	0
0.364	0.391	0	0	0	0	0	0	0	0
0.366	0.386	0	0	0	0	0	0	0	0
0.369	0.386	0	0	0	0	0	0	0	0
0.371	0.383	0	0	0	0	0	0	0	0
0.369	0.388	0	0	0	0	0	0	0	0
0.369	0.391	0	0	0	0	0	0	0	0
0.366	0.391	0	0	0	0	0	0	0	0
0.381	0.386	0	0	0	0	0	0	0	0
0.396	0.386	0	0	0	0	0	0	0	0
0.398	0.381	0	0	0	0	0	0	0	0
0	0.388	0	0	0	0	0	0	0	0
0	0.393	0	0	0	0	0	0	0	0
