0.254	0.249	0.259	0.244	0.354	0.339	0.256	0.247	0.251	0.259
0.247	0.251	0.261	0.244	0.352	0.344	0.254	0.247	0.254	0.251
0.244	0.247	0.256	0.244	0.349	0.349	0.249	0.251	0.256	0.251
0.244	0.249	0.251	0.247	0.349	0.354	0.247	0.251	0.256	0.249
0.249	0.251	0.254	0.239	0.352	0.349	0.254	0.249	0.254	0.247
0.251	0.251	0.256	0.239	0.356	0.344	0.256	0.249	0.251	0.254
0.251	0.249	0.259	0.244	0.354	0.344	0.254	0.247	0.251	0.256
0.247	0.247	0.259	0.244	0.352	0.344	0.251	0.249	0.251	0.256
0.244	0.247	0.254	0.247	0.347	0.349	0.249	0.251	0.254	0.251
0.244	0.249	0.251	0.244	0.347	0.349	0.249	0.251	0.254	0.247
0.247	0.251	0.254	0.239	0.352	0.349	0.254	0.251	0.259	0.247
0.247	0.251	0.256	0.237	0.352	0.344	0.254	0.251	0.249	0.254
0.249	0.249	0.259	0.239	0.349	0.337	0.256	0.244	0.249	0.256
0.242	0.247	0.256	0.244	0.347	0.342	0.249	0.247	0.254	0.254
0.239	0.247	0.256	0.247	0.342	0.352	0.249	0.254	0.256	0.251
0.242	0.249	0.251	0.244	0.347	0.352	0.254	0.254	0.256	0.249
0.244	0.251	0.254	0.242	0.352	0.349	0.254	0.251	0.259	0.249
0.249	0.251	0.254	0.242	0.352	0.344	0.256	0.251	0.251	0.256
0.249	0.251	0.256	0.242	0.352	0.344	0.256	0.249	0.251	0.256
0.242	0.247	0.266	0.244	0.347	0.344	0.251	0.249	0.251	0.256
0.237	0.247	0.256	0.247	0.342	0.354	0.249	0.251	0.254	0.251
0.239	0.249	0.251	0.244	0.347	0.352	0.254	0.251	0.256	0.247
0.244	0.251	0.256	0.239	0.352	0.352	0.254	0.254	0.266	0.249
0.249	0.251	0.254	0.239	0.352	0.347	0.256	0.251	0.288	0.256
0.247	0.251	0.259	0.239	0.349	0.342	0.256	0.247	0.273	0.254
0.242	0.247	0.259	0.247	0.347	0.347	0.293	0.251	0.266	0.254
0.242	0.244	0.256	0.247	0.342	0.356	0.281	0.254	0.264	0.251
0.266	0.247	0.254	0.244	0.347	0.354	0.271	0.254	0.286	0.247
0.403	0.249	0.261	0.234	0.403	0.352	0.261	0.256	0.322	0.251
0.442	0.247	0.256	0.264	0.471	0.349	0.266	0.259	0.349	0.317
0.437	0.256	0.259	0.259	0.527	0.344	0.295	0.251	0.376	0.371
0.425	0.3	0.281	0.305	0.579	0.369	0.332	0.251	0.403	0.393
0.425	0.293	0.286	0.315	0.61	0.425	0.378	0.254	0.42	0.408
0.43	0.278	0.273	0.298	0.632	0.471	0.439	0.276	0.43	0.413
0.437	0.269	0.283	0.273	0.649	0.518	0.479	0.308	0.432	0.417
0.449	0.261	0.291	0.264	0.654	0.54	0.503	0.32	0.43	0.422
0.449	0.256	0.283	0.251	0.652	0.557	0.53	0.33	0.422	0.42
0.449	0.261	0.271	0.249	0.645	0.571	0.549	0.337	0.42	0.422
0.449	0.298	0.264	0.249	0.645	0.583	0.566	0.352	0.422	0.42
0.444	0.344	0.259	0.247	0.649	0.579	0.581	0.366	0.427	0.415
0.452	0.381	0.259	0.242	0.659	0.562	0.586	0.376	0.427	0.413
0.459	0.41	0.259	0.244	0.662	0.532	0.591	0.374	0.427	0.413
0.444	0.422	0.261	0.239	0.667	0.498	0.588	0.378	0.43	0.413
0.435	0.432	0.261	0.247	0.659	0.464	0.591	0.383	0.435	0.41
0.432	0.442	0.261	0.244	0.657	0.425	0.591	0.388	0.439	0.405
0.435	0.432	0.269	0.244	0.662	0.398	0.557	0.403	0.439	0.403
0.464	0.427	0.276	0.239	0.664	0.378	0.54	0.41	0.435	0.403
0.486	0.41	0.278	0.237	0.667	0.361	0.53	0.405	0.464	0.403
0.491	0.396	0.291	0.239	0.674	0.354	0.513	0.405	0.525	0.403
0.491	0.381	0.349	0.242	0.718	0.354	0.498	0.405	0.588	0.405
0.486	0.376	0.388	0.244	0.754	0.354	0.444	0.413	0.596	0.4
0.488	0.42	0.422	0.239	0.747	0.354	0.408	0.417	0.598	0.398
0.491	0.637	0.439	0.239	0.73	0.352	0.386	0.422	0.608	0.403
0.486	0.837	0.454	0.237	0.708	0.349	0.376	0.417	0.613	0.444
0.442	0.83	0.459	0.237	0.679	0.488	0.369	0.415	0.581	0.476
0.405	0.776	0.452	0.259	0.61	1.15	0.496	0.415	0.522	0.493
0.408	0.742	0.417	0.317	0.564	1.042	0.659	0.417	0.479	0.508
0.374	0.75	0.374	0.349	0.552	0.82	0.562	0.413	0.452	0.515
0.347	0.728	0.342	0.366	0.54	0.679	0.488	0.417	0.43	0.508
0.325	0.706	0.33	0.374	0.532	0.583	0.479	0.413	0.413	0.52
0.298	0.684	0.327	0.386	0.508	0.54	0.4	0.427	0.403	0.481
0.374	0.674	0.33	0.454	0.474	0.503	0.354	0.493	0.396	0.413
1.797	0.691	0.361	0.452	0.442	0.483	0.312	0.5	0.396	0.366
1.523	0.691	0.388	0.442	0.43	0.476	0.283	0.488	0.393	0.334
1.089	0.679	0.405	0.437	0.42	0.466	0.271	0.464	0.386	0.334
0.82	0.664	0.417	0.42	0.415	0.457	0.264	0.442	0.381	0.342
0.649	0.652	0.422	0.403	0.408	0.447	0.259	0.43	0.374	0.352
0.544	0.649	0.42	0.386	0.405	0.461	0.251	0.364	0.347	0.356
0.479	0.679	0.403	0.361	0.4	0.471	0.251	0.327	0.312	0.356
0.439	0.696	0.381	0.349	0.403	0.471	0.247	0.308	0.293	0.388
0.422	0.681	0.371	0.342	0.403	0.464	0.249	0.291	0.276	0.415
0.405	0.693	0.366	0.33	0.408	0.454	0.251	0.278	0.264	0.43
0.393	0.671	0.366	0.33	0.408	0.447	0.251	0.276	0.254	0.435
0.381	0.632	0.356	0.33	0.405	0.449	0.249	0.276	0.256	0.437
0.374	0.566	0.337	0.332	0.403	0.449	0.247	0.283	0.261	0.437
0.376	0.51	0.305	0.33	0.4	0.449	0.249	0.291	0.261	0.437
0.383	0.464	0.281	0.327	0.396	0.444	0.249	0.288	0.259	0.442
0.378	0.417	0.271	0.322	0.383	0.437	0.256	0.283	0.256	0.437
0.378	0.354	0.266	0.327	0.371	0.413	0.254	0.281	0.254	0.408
0.374	0.322	0.264	0.327	0.364	0.393	0.251	0.283	0.256	0.378
0.366	0.312	0.259	0.327	0.361	0.376	0.256	0.286	0.264	0.359
0.352	0.322	0.251	0.33	0.352	0.371	0.288	0.288	0.264	0.344
0.347	0.303	0.249	0.325	0.356	0.364	0.278	0.273	0.259	0.334
0.32	0.283	0.251	0.315	0.361	0.356	0.271	0.261	0.256	0.308
0.291	0.269	0.254	0.293	0.359	0.354	0.261	0.278	0.254	0.291
0.271	0.259	0.254	0.276	0.356	0.352	0.259	0.266	0.259	0.278
0.259	0.254	0.256	0.266	0.356	0.354	0.247	0.261	0.266	0.264
0.254	0.256	0.247	0.259	0.352	0.359	0.247	0.261	0.261	0.261
0.254	0.259	0.247	0.249	0.354	0.356	0.249	0.254	0.261	0.254
0.254	0.256	0.249	0.244	0.356	0.352	0.249	0.247	0.256	0.254
0.249	0.251	0.249	0.244	0.354	0.354	0.251	0.244	0.254	0.256
0.244	0.249	0.251	0.247	0.354	0.354	0.254	0.247	0.259	0.256
0.239	0.247	0.254	0.251	0.356	0.356	0.244	0.249	0.264	0.254
0.244	0.251	0.244	0.251	0.349	0.359	0.247	0.256	0.261	0.254
0.247	0.256	0.242	0.242	0.354	0.356	0.247	0.251	0.259	0.249
0.251	0.254	0.247	0.242	0.359	0.354	0.249	0.249	0.256	0.254
0.251	0.249	0.251	0.242	0.359	0.356	0.251	0.239	0.254	0.259
0.244	0.247	0.251	0.244	0.356	0.352	0.251	0.249	0.256	0.254
0.239	0.244	0.251	0.249	0.354	0.356	0.244	0.254	0.264	0.254
0.247	0.249	0.242	0.254	0.356	0.361	0.247	0.254	0.261	0.254
0.247	0.256	0.237	0.244	0.354	0.356	0.247	0.254	0.259	0.249
0.251	0.254	0.244	0.239	0.359	0.354	0.249	0.249	0.254	0.254
0.247	0.249	0.249	0.239	0.356	0.354	0.249	0.244	0.254	0.256
0.244	0.247	0.251	0.247	0.356	0.354	0.249	0.247	0.259	0.259
0.242	0.247	0.251	0.249	0.354	0.359	0.244	0.254	0.261	0.254
0.247	0.249	0.244	0.251	0.349	0.359	0.239	0.254	0.259	0.254
0.247	0.256	0.239	0.242	0.354	0.356	0.244	0.249	0.259	0.254
0.249	0.251	0.244	0.239	0.356	0.354	0.249	0.247	0.254	0.256
0.249	0.249	0.247	0.242	0.356	0.354	0.251	0.242	0.254	0.259
0.244	0.244	0.278	0.244	0.356	0.354	0.249	0.247	0.259	0.256
0.242	0.244	0.532	0.247	0.352	0.356	0.244	0.254	0.261	0.256
0.249	0.247	1.348	0.249	0.352	0.359	0.247	0.251	0.261	0.254
0.247	0.251	1.682	0.244	0.354	0.359	0.247	0.251	0.259	0.251
0.249	0.249	1.484	0.242	0.356	0.356	0.249	0.249	0.256	0.254
0.247	0.244	1.404	0.239	0.356	0.352	0.251	0.247	0.254	0.256
0.244	0.239	1.323	0.247	0.356	0.354	0.247	0.247	0.259	0.256
0.239	0.247	1.252	0.249	0.352	0.356	0.242	0.256	0.259	0.256
0.247	0.64	1.196	0.249	0.352	0.356	0.242	0.254	0.259	0.251
0.256	0.764	1.162	0.244	0.356	0.356	0.244	0.251	0.256	0.251
2.51	0.728	1.147	0.239	0.359	0.356	0.249	0.251	0.254	0.256
3.291	0.703	1.145	0.242	0.361	0.439	0.254	0.244	0.254	0.256
2.454	0.701	1.121	0.244	0.361	0.532	0.247	0.249	0.259	0.256
1.877	0.701	1.067	0.251	0.354	0.603	0.242	0.259	0.259	0.261
1.626	0.706	0.913	0.247	0.352	0.652	0.242	0.256	0.261	0.251
1.553	0.701	0.715	0.244	0.356	0.669	0.244	0.254	0.256	0.251
1.492	0.679	0.627	0.242	0.356	0.662	0.247	0.251	0.254	0.254
1.431	0.652	0.588	0.244	0.359	0.637	0.4	0.251	0.254	0.259
1.387	0.596	0.483	0.247	0.361	0.632	2.598	0.254	0.261	0.259
1.365	0.566	0.391	0.254	0.352	0.632	2.549	0.259	0.266	0.259
1.323	0.515	0.332	0.249	0.352	0.63	1.748	0.259	0.276	0.251
1.24	0.447	0.295	0.244	0.356	0.625	1.213	0.432	0.278	0.249
1.16	0.393	0.278	0.242	0.359	0.627	0.886	0.737	0.278	0.256
0.952	0.337	0.273	0.239	0.359	0.623	0.684	0.562	0.283	0.259
0.713	0.298	0.271	0.247	0.359	0.649	0.542	0.447	1.072	0.259
0.54	0.278	0.259	0.254	0.352	0.674	0.461	0.376	3.899	0.261
0.43	0.273	0.254	0.247	0.352	0.691	0.413	0.332	3.875	0.251
0.386	0.264	0.249	0.244	0.354	0.674	0.386	0.3	2.739	0.254
0.342	0.259	0.251	0.242	0.356	0.662	0.366	0.281	1.831	0.254
0.312	0.251	0.251	0.239	0.359	0.623	0.354	0.271	1.479	0.256
0.286	0.247	0.254	0.259	1.157	0.542	0.32	0.266	1.345	0.259
0.276	0.247	0.247	0.374	1.768	0.471	0.291	0.264	1.287	0.259
0.266	0.251	0.242	1.24	1.304	0.43	0.273	0.261	1.223	0.251
0.264	0.251	0.239	1.057	0.955	0.405	0.266	0.259	1.106	0.251
0.264	0.249	0.242	0.833	0.73	0.383	0.264	0.254	0.991	0.256
0.259	0.249	0.249	0.703	0.613	0.364	0.261	0.251	0.906	0.259
0.256	0.244	0.249	0.627	0.554	0.361	0.254	0.259	0.796	1.746
0.256	0.242	0.247	0.588	0.51	0.361	0.249	0.256	0.686	2.747
0.254	0.249	0.242	0.562	0.481	0.359	0.239	0.261	0.562	1.951
0.256	0.251	0.239	0.544	0.466	0.361	0.247	0.259	0.444	1.316
0.259	0.251	0.244	0.532	0.457	0.354	0.251	0.254	0.366	0.911
0.256	0.247	0.249	0.527	0.459	0.349	0.249	0.251	0.325	0.72
0.254	0.244	0.254	0.527	0.42	0.349	0.244	0.256	0.295	0.618
0.254	0.247	0.244	0.532	0.391	0.354	0.239	0.256	0.283	0.518
0.251	0.249	0.242	0.532	0.376	0.359	0.239	0.256	0.273	0.457
0.256	0.251	0.242	0.532	0.369	0.359	0.242	0.256	0.264	0.415
0.259	0.251	0.244	0.53	0.366	0.354	0.251	0.251	0.256	0.381
0.256	0.249	0.251	0.496	0.371	0.347	0.249	0.251	0.259	0.344
0.254	0.247	0.249	0.41	0.359	0.349	0.244	0.254	0.254	0.32
0.251	0.249	0.247	0.352	0.352	0.354	0.242	0.256	0.256	0.291
0.251	0.249	0.247	0.312	0.359	0.356	0.239	0.256	0.259	0.271
0.254	0.251	0.239	0.283	0.354	0.359	0.242	0.254	0.254	0.264
0.256	0.256	0.244	0.266	0.359	0.352	0.249	0.251	0.251	0.259
0.254	0.249	0.251	0.259	0.364	0.352	0.249	0.251	0.254	0.259
0.254	0.244	0.249	0.261	0.356	0.352	0.247	0.254	0.251	0.261
0.247	0.251	0.247	0.256	0.352	0.354	0.242	0.256	0.256	0.254
0.249	0.249	0.244	0.251	0.354	0.359	0.239	0.259	0.254	0.247
0.249	0.251	0.244	0.249	0.356	0.361	0.244	0.256	0.254	0.249
0.249	0.249	0.249	0.244	0.359	0.352	0.254	0.251	0.251	0.249
0.249	0.244	0.256	0.244	0.361	0.349	0.249	0.251	0.251	0.254
0.251	0.242	0.254	0.254	0.359	0.349	0.247	0.251	0.254	0.256
0.242	0.242	0.249	0.251	0.354	0.352	0.239	0.256	0.256	0.251
0.244	0.244	0.244	0.249	0.352	0.356	0.244	0.259	0.256	0.249
0.249	0.247	0.242	0.244	0.354	0.359	0.244	0.254	0.256	0.244
0.249	0.249	0.247	0.242	0.359	0.352	0.249	0.251	0.251	0.251
0.249	0.242	0.251	0.242	0.364	0.349	0.249	0.254	0.254	0.256
0.251	0.239	0.249	0.251	0.359	0.349	0.247	0.251	0.254	0.259
0.244	0.247	0.249	0.249	0.354	0.354	0.242	0.256	0.259	0.254
0.244	0.247	0.244	0.249	0.352	0.356	0.244	0.259	0.256	0.251
0.247	0.247	0.247	0.244	0.356	0.356	0.247	0.251	0.256	0.249
0.249	0.247	0.247	0.237	0.361	0.352	0.249	0.251	0.256	0.254
0.249	0.244	0.251	0.242	0.359	0.349	0.247	0.254	0.254	0.259
0.249	0.242	0.251	0.247	0.356	0.352	0.244	0.251	0.254	0.259
0.239	0.242	0.247	0.249	0.354	0.354	0.239	0.256	0.259	0.256
0.242	0.247	0.242	0.247	0.352	0.359	0.239	0.251	0.259	0.251
0.247	0.249	0.244	0.242	0.354	0.356	0.244	0.254	0.259	0.251
0.251	0.247	0.247	0.239	0.361	0.352	0.247	0.251	0.259	0.254
0.254	0.242	0.247	0.242	0.359	0.349	0.251	0.254	0.254	0.261
0.249	0.244	0.251	0.247	0.356	0.352	0.247	0.249	0.256	0.259
0.247	0.239	0.247	0.249	0.352	0.354	0.244	0.254	0.261	0.254
0.247	0.244	0.239	0.247	0.352	0.364	0.247	0.254	0.264	0.251
0.247	0.249	0.239	0.242	0.356	0.359	0.254	0.254	0.261	0.251
0.249	0.247	0.247	0.237	0.364	0.354	0.251	0.249	0.261	0.251
0.249	0.244	0.249	0.244	0.356	0.352	0.249	0.251	0.256	0.261
0.244	0.247	0.251	0.244	0.356	0.349	0.247	0.251	0.259	0.256
0.242	0.239	0.247	0.244	0.352	0.356	0.244	0.254	0.264	0.254
0.244	0.244	0.242	0.247	0.349	0.364	0.237	0.261	0.261	0.251
0.244	0.247	0.244	0.239	0.356	0.356	0.251	0.256	0.259	0.249
0.249	0.244	0.251	0.239	0.364	0.354	0.249	0.251	0.261	0.254
0.261	0.244	0.251	0.244	0.361	0.352	0.249	0.251	0.256	0.261
0.256	0.244	0.254	0.244	0.356	0.352	0.247	0.251	0.256	0.259
0.303	0.239	0.266	0.247	0.352	0.356	0.244	0.256	0.261	0.254
0.42	0.242	0.317	0.247	0.349	0.361	0.244	0.259	0.261	0.251
0.505	0.244	0.354	0.239	0.354	0.356	0.249	0.256	0.261	0.247
0.535	0.242	0.369	0.237	0.361	0.354	0.249	0.254	0.261	0.251
0.547	0.239	0.352	0.247	0.359	0.349	0.249	0.251	0.256	0.261
0.535	0.239	0.352	0.244	0.356	0.352	0.247	0.251	0.259	0.256
0.535	0.234	0.466	0.247	0.352	0.356	0.242	0.256	0.261	0.254
0.53	0.239	0.535	0.247	0.354	0.361	0.244	0.261	0.261	0.251
0.537	0.242	0.566	0.244	0.356	0.356	0.249	0.256	0.264	0.295
0.574	0.244	0.571	0.242	0.361	0.352	0.251	0.259	0.259	0.928
0.591	0.242	0.637	0.247	0.359	0.349	0.251	0.251	0.254	2.974
0.62	0.239	0.671	0.247	0.356	0.349	0.249	0.251	0.256	3.73
0.654	0.237	0.684	0.251	0.352	0.354	0.247	0.256	0.261	3.65
0.662	0.271	0.732	0.247	0.352	0.359	0.249	0.259	0.261	3.604
0.659	0.383	0.786	0.242	0.356	0.354	0.308	0.256	0.261	3.562
0.64	1.057	0.818	0.239	0.359	0.352	0.393	0.259	0.259	3.542
0.627	2.197	0.842	0.244	0.359	0.349	0.72	0.249	0.256	3.535
0.603	2.849	0.862	0.244	0.356	0.354	1.213	0.254	0.259	3.53
0.588	3.23	0.862	0.247	0.349	0.356	1.511	0.256	0.261	3.521
0.579	3.491	0.859	0.244	0.352	0.359	1.707	0.259	0.264	3.511
0.579	3.596	0.874	0.242	0.359	0.359	1.802	0.256	0.266	3.477
0.579	3.604	0.864	0.242	0.359	0.352	1.829	0.259	0.259	3.455
0.574	3.562	0.808	0.242	0.359	0.347	1.831	0.264	0.256	3.423
0.564	3.506	0.757	0.247	0.354	0.349	1.838	0.293	0.259	3.284
0.488	3.477	0.669	0.247	0.352	0.359	1.858	0.308	0.261	3
0.415	3.423	0.623	0.247	0.354	0.356	1.875	0.317	0.259	2.632
0.427	3.337	0.603	0.239	0.359	0.356	1.882	0.317	0.31	2.219
0.417	3.252	0.647	0.242	0.369	0.352	1.897	0.312	0.347	1.821
0.396	3.164	0.532	0.242	0.376	0.347	1.917	0.286	0.503	1.367
0.369	2.849	0.457	0.244	0.378	0.349	1.938	0.273	0.642	1.04
0.32	2.402	0.386	0.249	0.374	0.356	1.926	0.271	0.723	0.837
0.291	2.122	0.354	0.244	0.369	0.354	1.89	0.269	0.737	0.679
0.278	1.787	0.342	0.242	0.408	0.354	1.851	0.264	0.75	0.569
0.273	1.392	0.32	0.366	0.505	0.352	1.846	0.259	0.754	0.513
0.261	1.052	0.295	0.525	0.608	0.349	1.807	0.254	0.793	0.474
0.254	0.872	0.278	0.955	0.686	0.344	1.731	0.254	0.945	0.471
0.249	0.679	0.264	1.299	0.723	0.354	1.555	0.256	1.133	0.466
0.247	0.566	0.254	1.484	0.742	0.354	1.296	0.254	1.272	0.41
0.251	0.503	0.256	1.616	0.764	0.356	0.962	0.259	1.377	0.349
0.256	0.447	0.247	1.685	0.754	0.354	0.82	0.254	1.438	0.32
0.254	0.42	0.251	1.76	0.73	0.352	0.754	0.251	1.484	0.298
0.249	0.354	0.251	1.804	0.693	0.354	0.61	0.254	1.501	0.283
0.247	0.312	0.247	1.826	0.662	0.361	0.503	0.256	1.511	0.271
0.247	0.288	0.244	1.855	0.632	0.364	0.466	0.259	1.506	0.261
0.249	0.259	0.247	1.863	0.62	0.361	0.442	0.264	1.46	0.256
0.254	0.266	0.247	1.841	0.623	0.374	0.425	0.259	1.411	0.261
0.247	0.261	0.251	1.76	0.635	0.52	0.415	0.352	1.331	0.261
0.247	0.251	0.251	1.633	0.671	0.62	0.356	0.518	1.167	0.264
0.242	0.249	0.247	1.497	0.723	0.647	0.312	0.735	0.911	0.256
0.244	0.249	0.247	1.343	0.774	0.637	0.286	1.038	0.747	0.251
0.247	0.251	0.239	1.169	0.806	0.642	0.271	1.279	0.659	0.254
0.254	0.247	0.247	1.003	0.852	0.649	0.264	1.436	0.627	0.254
0.249	0.249	0.249	0.833	0.896	0.649	0.259	1.541	0.503	0.256
0.247	0.242	0.251	0.745	0.933	0.671	0.251	1.643	0.422	0.261
0.242	0.244	0.249	0.608	0.962	0.706	0.251	1.726	0.376	0.254
0.242	0.247	0.247	0.598	0.999	0.747	0.244	1.848	0.347	0.249
0.247	0.251	0.239	0.498	1.021	0.779	0.247	1.921	0.31	0.254
0.251	0.251	0.247	0.427	1.047	0.789	0.249	1.975	0.288	0.251
0.249	0.249	0.251	0.369	1.062	0.801	0.247	1.987	0.276	0.254
0.244	0.244	0.249	0.364	1.057	0.818	0.244	1.978	0.271	0.254
0.242	0.244	0.249	0.344	0.962	0.796	0.244	1.982	0.271	0.251
0.244	0.247	0.249	0.305	0.869	0.764	0.239	1.987	0.276	0.247
0.247	0.251	0.239	0.283	0.779	0.703	0.244	1.948	0.261	0.249
0.249	0.251	0.247	0.264	0.732	0.657	0.247	1.875	0.259	0.249
0.249	0.247	0.249	0.256	0.72	0.61	0.247	1.77	0.259	0.251
0.244	0.244	0.251	0.254	0.588	0.603	0.244	1.533	0.259	0.254
0.242	0.242	0.249	0.254	0.52	0.618	0.247	1.165	0.264	0.249
0.244	0.244	0.247	0.249	0.461	0.549	0.242	0.974	0.269	0.249
0.249	0.249	0.244	0.249	0.435	0.508	0.244	0.828	0.261	0.251
0.249	0.254	0.244	0.242	0.413	0.493	0.244	0.669	0.259	0.249
0.249	0.242	0.249	0.242	0.388	0.444	0.247	0.544	0.256	0.254
0.247	0.239	0.249	0.247	0.376	0.43	0.247	0.479	0.259	0.254
0.242	0.237	0.249	0.247	0.364	0.432	0.247	0.435	0.264	0.254
0.242	0.242	0.249	0.244	0.361	0.417	0.247	0.374	0.266	0.251
0.251	0.244	0.242	0.247	0.356	0.396	0.249	0.33	0.261	0.254
0.251	0.249	0.244	0.234	0.359	0.378	0.251	0.3	0.259	0.256
0.249	0.242	0.247	0.242	0.354	0.371	0.249	0.283	0.249	0.259
0.247	0.239	0.247	0.244	0.354	0.369	0.249	0.271	0.259	0.261
0.244	0.239	0.247	0.247	0.352	0.369	0.247	0.269	0.264	0.254
0.244	0.242	0.244	0.244	0.349	0.369	0.244	0.271	0.264	0.254
0.251	0.247	0.237	0.244	0.352	0.364	0.247	0.264	0.264	0.254
0.249	0.249	0.242	0.237	0.356	0.361	0.247	0.256	0.259	0.254
0.251	0.242	0.244	0.239	0.356	0.359	0.251	0.256	0.256	0.256
0.247	0.239	0.249	0.244	0.354	0.361	0.247	0.254	0.259	0.256
0.244	0.242	0.247	0.244	0.354	0.361	0.244	0.259	0.266	0.256
0.244	0.244	0.242	0.244	0.347	0.364	0.239	0.266	0.264	0.254
0.251	0.249	0.237	0.239	0.354	0.364	0.244	0.259	0.261	0.251
0.251	0.249	0.239	0.234	0.361	0.359	0.247	0.254	0.259	0.254
0.251	0.244	0.244	0.237	0.361	0.359	0.249	0.254	0.247	0.256
0.247	0.239	0.247	0.242	0.359	0.356	0.247	0.254	0.256	0.256
0.244	0.242	0.247	0.244	0.361	0.361	0.242	0.256	0.264	0.254
0.244	0.244	0.242	0.247	0.356	0.364	0.239	0.264	0.261	0.256
0.251	0.251	0.239	0.239	0.361	0.364	0.242	0.259	0.261	0.251
0.251	0.247	0.242	0.237	0.366	0.359	0.247	0.254	0.259	0.254
0.254	0.244	0.247	0.237	0.369	0.361	0.247	0.251	0.256	0.256
0.249	0.239	0.247	0.239	0.364	0.359	0.249	0.251	0.259	0.256
0.244	0.239	0.249	0.244	0.364	0.359	0.237	0.256	0.266	0.256
0.249	0.244	0.242	0.247	0.359	0.361	0.239	0.261	0.261	0.256
0.249	0.249	0.239	0.237	0.361	0.359	0.244	0.259	0.264	0.254
0.254	0.244	0.244	0.234	0.366	0.356	0.244	0.254	0.259	0.254
0.251	0.251	0.247	0.237	0.364	0.359	0.247	0.251	0.254	0.259
0.247	0.315	0.247	0.239	0.364	0.354	0.249	0.251	0.261	0.259
0.247	1.689	0.251	0.244	0.364	0.359	0.239	0.256	0.264	0.256
0.249	3.301	0.244	0.247	0.359	0.361	0.237	0.259	0.261	0.256
0.249	4.119	0.256	0.239	0.364	0.356	0.242	0.256	0.259	0.251
0.249	4.617	0.305	0.237	0.366	0.356	0.247	0.254	0.254	0.254
0.251	4.924	0.337	0.237	0.366	0.359	0.249	0.251	0.254	0.256
0.247	5.076	0.369	0.239	0.364	0.352	0.247	0.254	0.256	0.256
0.244	5.164	0.442	0.242	0.361	0.356	0.288	0.259	0.261	0.259
0.249	5.171	0.701	0.249	0.361	0.359	1.169	0.259	0.266	0.325
0.249	5.112	2.021	0.239	0.361	0.359	2.305	0.256	0.273	1.499
0.259	5.037	3.035	0.234	0.364	0.354	2.915	0.254	0.376	3.105
0.322	4.993	3.596	0.237	0.366	0.354	3.252	0.251	1.404	3.586
0.349	4.976	3.965	0.239	0.366	0.352	3.467	0.254	2.119	3.359
0.342	4.978	4.177	0.249	0.361	0.354	3.594	0.261	1.99	3.174
0.388	4.814	4.277	0.244	0.359	0.359	3.657	0.256	1.724	3.066
0.527	4.265	4.336	0.239	0.361	0.356	3.701	0.259	1.55	3.018
1.741	3.599	4.299	0.237	0.364	0.356	3.716	0.254	1.46	2.979
2.866	2.703	4.236	0.237	0.369	0.354	3.713	0.254	1.416	2.932
3.384	1.934	4.182	0.239	0.366	0.352	3.689	0.254	1.396	2.888
3.726	1.379	4.009	0.247	0.359	0.359	3.521	0.261	1.365	2.825
3.984	1.045	3.677	0.244	0.364	0.359	3.198	0.259	1.353	2.683
4.16	0.945	3.308	0.237	0.361	0.359	2.61	0.259	1.348	2.424
4.204	0.723	2.822	0.237	0.364	0.356	2.034	0.254	1.328	1.958
4.204	0.542	2.168	0.237	0.366	0.354	1.477	0.256	1.245	1.58
4.128	0.43	1.609	0.239	0.369	0.352	1.038	0.254	1.064	1.187
4.089	0.364	1.169	0.247	0.359	0.356	0.767	0.261	0.867	0.913
3.882	0.327	0.867	0.242	0.359	0.356	0.605	0.259	0.698	0.688
3.44	0.3	0.769	0.239	0.361	0.359	0.491	0.259	0.583	0.537
3.013	0.286	0.625	0.237	0.364	0.359	0.408	0.266	0.498	0.464
2.656	0.269	0.508	0.237	0.374	0.352	0.356	0.42	0.444	0.393
2.024	0.256	0.417	0.242	0.43	0.354	0.312	1.414	0.386	0.347
1.519	0.251	0.349	0.249	1.292	0.354	0.286	2.024	0.339	0.315
1.13	0.259	0.308	0.244	2.786	0.356	0.269	2.327	0.312	0.291
0.85	0.254	0.278	0.239	3.494	0.356	0.239	2.5	0.293	0.278
0.757	0.254	0.271	0.237	3.884	0.356	0.259	2.546	0.278	0.271
0.691	0.249	0.266	0.237	4.187	0.352	0.259	2.546	0.271	0.269
0.525	0.247	0.266	0.242	4.37	0.352	0.249	2.532	0.269	0.269
0.425	0.244	0.254	0.251	4.47	0.352	0.244	2.505	0.266	0.269
0.359	0.251	0.247	0.244	4.517	0.354	0.244	2.439	0.266	0.259
0.32	0.251	0.244	0.239	4.509	0.356	0.247	2.327	0.264	0.261
0.31	0.251	0.244	0.237	4.475	0.356	0.251	2.136	0.259	0.259
0.303	0.247	0.249	0.237	4.448	0.352	0.254	1.897	0.256	0.264
0.286	0.244	0.254	0.242	4.333	0.349	0.244	1.65	0.259	0.266
0.273	0.242	0.249	0.256	4.126	0.354	0.244	1.306	0.261	0.264
0.259	0.249	0.242	0.459	3.796	0.359	0.244	0.979	0.264	0.256
0.259	0.249	0.239	2.043	3.152	0.356	0.244	0.725	0.261	0.261
0.259	0.247	0.239	3.181	2.463	0.354	0.247	0.583	0.256	0.256
0.254	0.244	0.247	3.86	1.777	0.352	0.249	0.493	0.259	0.261
0.249	0.239	0.249	4.285	1.326	0.352	0.244	0.425	0.256	0.264
0.249	0.239	0.244	4.558	1.069	0.356	0.242	0.359	0.259	0.261
0.247	0.247	0.239	4.751	0.847	0.361	0.244	0.322	0.261	0.256
0.251	0.247	0.237	4.893	0.676	0.361	0.247	0.3	0.259	0.256
0.251	0.247	0.237	4.971	0.562	0.356	0.254	0.281	0.256	0.256
0.251	0.244	0.247	5.005	0.493	0.352	0.256	0.269	0.256	0.261
0.247	0.239	0.244	5.005	0.444	0.354	0.251	0.271	0.254	0.261
0.251	0.239	0.242	4.854	0.41	0.356	0.247	0.264	0.259	0.259
0.247	0.244	0.239	4.565	0.388	0.364	0.247	0.266	0.261	0.256
0.249	0.247	0.237	4.238	0.383	0.361	0.249	0.261	0.259	0.254
0.251	0.251	0.239	3.647	0.378	0.354	0.256	0.256	0.254	0.256
0.254	0.244	0.247	2.903	0.378	0.352	0.254	0.251	0.259	0.259
0.249	0.239	0.247	2.104	0.369	0.352	0.251	0.261	0.256	0.266
0.247	0.244	0.244	1.445	0.361	0.356	0.249	0.256	0.259	0.259
0.244	0.244	0.237	1.003	0.359	0.359	0.247	0.259	0.259	0.254
0.249	0.247	0.237	0.73	0.359	0.364	0.251	0.256	0.259	0.254
0.249	0.249	0.239	0.554	0.364	0.356	0.259	0.254	0.256	0.254
0.234	0.242	0.247	0.461	0.369	0.354	0.256	0.251	0.256	0.259
0.249	0.239	0.244	0.393	0.361	0.356	0.251	0.256	0.256	0.266
0.242	0.244	0.242	0.339	0.356	0.364	0.249	0.256	0.259	0.256
0.244	0.242	0.237	0.305	0.354	0.369	0.247	0.259	0.261	0.254
0.249	0.247	0.237	0.281	0.356	0.371	0.247	0.256	0.259	0.254
0.251	0.249	0.242	0.264	0.361	0.366	0.254	0.254	0.254	0.254
0.249	0.244	0.249	0.256	0.366	0.364	0.249	0.254	0.256	0.259
0.237	0.239	0.247	0.259	0.359	0.366	0.247	0.254	0.256	0.264
0.242	0.247	0.244	0.256	0.354	0.374	0.239	0.259	0.259	0.259
0.244	0.3	0.239	0.249	0.354	0.376	0.242	0.259	0.259	0.254
0.247	0.447	0.239	0.244	0.356	0.383	0.273	0.256	0.259	0.251
0.249	1.475	0.242	0.239	0.361	0.376	0.364	0.254	0.254	0.256
0.249	1.924	0.249	0.239	0.366	0.374	1.169	0.254	0.259	0.259
0.249	1.484	0.249	0.249	0.359	0.371	1.797	0.254	0.256	0.261
0.244	1.174	0.247	0.247	0.354	0.376	1.692	0.256	0.266	0.259
0.242	1.138	0.239	0.244	0.354	0.378	1.494	0.256	0.342	0.254
0.244	1.243	0.239	0.239	0.356	0.381	1.367	0.261	0.525	0.251
0.249	1.304	0.239	0.234	0.361	0.403	1.34	0.254	0.82	0.254
0.251	1.375	0.254	0.237	0.364	0.691	1.316	0.256	1.543	0.259
0.251	1.426	0.259	0.244	0.359	1.655	1.299	0.254	1.838	0.259
0.244	1.465	0.286	0.247	0.354	2.173	1.301	0.256	1.846	0.283
0.242	1.504	0.681	0.242	0.354	2.449	1.299	0.259	1.819	0.742
0.249	1.528	1.382	0.239	0.356	2.61	1.294	0.256	1.785	3.755
0.251	1.56	1.763	0.237	0.366	2.668	1.272	0.254	1.78	3.706
0.251	1.533	1.809	0.239	0.361	2.695	1.191	0.256	1.729	2.986
0.249	1.37	1.863	0.242	0.359	2.71	1.096	0.256	1.741	2.666
0.242	1.16	1.943	0.244	0.354	2.695	1.003	0.256	1.765	2.734
0.249	1.025	2.034	0.244	0.354	2.668	0.925	0.259	1.78	2.854
0.249	0.918	2.097	0.237	0.356	2.595	0.918	0.256	1.794	2.93
0.249	0.886	2.153	0.234	0.364	2.429	0.884	0.298	1.729	2.964
0.251	0.825	2.158	0.239	0.364	2.227	0.774	0.342	1.506	2.983
0.247	0.686	2.117	0.242	0.356	1.951	0.596	1.367	1.35	2.944
0.242	0.537	2.078	0.249	0.354	1.697	0.461	2.473	1.208	2.839
0.242	0.432	2.046	0.244	0.354	1.411	0.383	2.083	1.067	2.688
0.247	0.371	1.958	0.239	0.356	1.082	0.342	1.597	1.023	2.461
0.249	0.327	1.76	0.237	0.366	0.828	0.308	1.318	0.947	2.151
0.251	0.298	1.55	0.242	0.366	0.667	0.291	1.243	0.83	1.782
0.247	0.283	1.265	0.242	0.359	0.598	0.273	1.196	0.72	1.436
0.244	0.271	0.979	0.244	0.354	0.52	0.261	1.194	0.603	1.206
0.242	0.266	0.737	0.244	0.366	0.479	0.259	1.177	0.488	0.967
0.247	0.266	0.554	0.237	0.388	0.435	0.261	1.184	0.396	0.73
0.249	0.256	0.449	0.234	0.457	0.405	0.259	1.184	0.344	0.562
0.251	0.259	0.376	0.239	1.125	0.383	0.259	1.174	0.303	0.454
0.264	0.259	0.334	0.239	1.843	0.376	0.254	1.169	0.281	0.381
0.261	0.249	0.303	0.242	1.943	0.371	0.251	1.152	0.271	0.334
0.82	0.254	0.278	0.239	1.963	0.374	0.247	1.05	0.261	0.305
3.743	0.256	0.264	0.237	2.024	0.369	0.256	0.979	0.256	0.286
3.984	0.256	0.264	0.234	2.236	0.364	0.256	0.957	0.249	0.276
3.01	0.254	0.261	0.239	2.31	0.356	0.256	0.981	0.247	0.276
2.788	0.251	0.259	0.239	2.388	0.359	0.254	0.896	0.247	0.269
2.874	0.249	0.254	0.247	2.422	0.364	0.249	0.701	0.247	0.266
3.022	0.251	0.249	0.244	2.446	0.366	0.249	0.532	0.247	0.259
3.218	0.254	0.249	0.237	2.463	0.364	0.251	0.439	0.249	0.256
3.328	0.249	0.251	0.234	2.478	0.361	0.254	0.371	0.244	0.261
3.374	0.247	0.254	0.239	2.427	0.356	0.259	0.325	0.239	0.264
3.411	0.244	0.256	0.239	2.268	0.354	0.251	0.298	0.242	0.264
3.433	0.239	0.251	0.244	1.997	0.361	0.249	0.286	0.247	0.261
3.423	0.244	0.249	0.239	1.692	0.364	0.251	0.276	0.249	0.256
3.379	0.247	0.247	0.239	1.433	0.364	0.254	0.269	0.251	0.256
3.14	0.249	0.249	0.237	1.191	0.359	0.254	0.266	0.244	0.261
2.668	0.247	0.249	0.237	1.047	0.356	0.259	0.254	0.242	0.264
2.185	0.239	0.251	0.239	0.852	0.354	0.254	0.261	0.239	0.264
1.738	0.239	0.247	0.242	0.681	0.364	0.249	0.259	0.244	0.261
1.379	0.242	0.244	0.242	0.54	0.364	0.251	0.261	0.249	0.256
1.042	0.244	0.247	0.237	0.461	0.359	0.251	0.261	0.254	0.259
0.813	0.249	0.244	0.237	0.498	0.356	0.254	0.259	0.244	0.261
0.652	0.249	0.249	0.234	0.43	0.354	0.256	0.254	0.242	0.261
0.552	0.244	0.249	0.239	0.366	0.354	0.254	0.254	0.244	0.264
0.481	0.242	0.244	0.239	0.322	0.361	0.249	0.256	0.247	0.261
0.396	0.244	0.239	0.239	0.295	0.359	0.254	0.261	0.247	0.256
0.388	0.249	0.244	0.234	0.286	0.356	0.251	0.259	0.251	0.254
0.359	0.251	0.242	0.237	0.276	0.354	0.254	0.256	0.244	0.259
0.317	0.251	0.244	0.232	0.271	0.349	0.254	0.251	0.239	0.256
0.293	0.239	0.247	0.237	0.266	0.349	0.251	0.254	0.244	0.259
0.276	0.242	0.244	0.239	0.256	0.356	0.249	0.254	0.244	0.254
0.264	0.244	0.239	0.239	0.254	0.354	0.254	0.261	0.249	0.249
0.264	0.247	0.247	0.237	0.259	0.354	0.251	0.261	0.254	0.247
0.269	0.249	0.239	0.237	0.259	0.349	0.254	0.256	0.247	0.251
0.261	0.249	0.247	0.234	0.259	0.347	0.254	0.254	0.247	0.251
0.256	0.244	0.247	0.239	0.254	0.347	0.251	0.256	0.249	0.256
0.251	0.242	0.247	0.244	0.251	0.354	0.249	0.259	0.254	0.249
0.251	0.244	0.239	0.242	0.249	0.354	0.251	0.261	0.254	0.247
0.254	0.249	0.242	0.237	0.254	0.354	0.251	0.264	0.254	0.247
0.261	0.249	0.244	0.239	0.256	0.349	0.259	0.259	0.249	0.251
0.256	0.251	0.247	0.247	0.256	0.347	0.254	0.256	0.247	0.256
0.254	0.242	0.247	0.339	0.251	0.349	0.254	0.256	0.249	0.254
0.247	0.242	0.244	0.43	0.249	0.354	0.254	0.259	0.251	0.251
0.247	0.247	0.242	0.664	0.254	0.356	0.251	0.264	0.259	0.249
0.251	0.249	0.239	1.084	0.251	0.356	0.254	0.264	0.254	0.249
0.256	0.254	0.242	1.267	0.256	0.352	0.259	0.256	0.251	0.251
0.254	0.249	0.247	1.36	0.256	0.349	0.259	0.254	0.249	0.254
0.249	0.247	0.247	1.392	0.254	0.361	0.256	0.254	0.249	0.256
0.247	0.247	0.249	1.389	0.249	0.359	0.256	0.256	0.254	0.251
0.247	0.247	0.247	1.384	0.254	0.361	0.251	0.261	0.259	0.251
0.249	0.251	0.244	1.401	0.254	0.364	0.254	0.264	0.251	0.251
0.256	0.254	0.247	1.46	0.254	0.359	0.259	0.254	0.247	0.251
0.251	0.249	0.251	1.514	0.256	0.356	0.251	0.254	0.244	0.254
0.247	0.244	0.251	1.555	0.254	0.356	0.254	0.256	0.244	0.254
0.244	0.242	0.249	1.587	0.254	0.361	0.251	0.256	0.261	0.251
0.247	0.247	0.249	1.589	0.256	0.366	2.495	0.261	0.3	0.249
0.251	0.249	0.244	1.545	0.256	0.364	3.638	0.259	0.317	0.251
0.251	0.254	0.247	1.44	0.259	0.359	2.607	0.256	0.33	0.249
0.254	0.249	0.249	1.248	0.261	0.356	1.809	0.254	0.339	0.254
0.249	0.247	0.249	1.062	0.259	0.361	1.304	0.254	0.352	0.256
0.247	0.242	0.247	0.847	0.254	0.42	0.996	0.259	0.349	0.251
0.247	0.247	0.247	0.698	0.259	0.73	0.793	0.266	0.327	0.249
0.256	0.254	0.239	0.569	0.256	2.715	0.679	0.261	0.303	0.256
0.254	0.256	0.239	0.476	0.261	2.498	0.598	0.256	0.288	0.249
0.251	0.249	0.247	0.422	0.261	2.041	0.537	0.256	0.278	0.254
0.251	0.247	0.247	0.408	0.259	1.812	0.5	0.256	0.271	0.256
0.251	0.247	0.247	0.422	0.256	1.843	0.474	0.259	0.276	0.254
0.249	0.247	0.247	0.391	0.256	1.919	0.447	0.264	0.281	0.251
0.259	0.251	0.239	0.378	0.256	1.97	0.439	0.261	0.278	0.256
0.254	0.259	0.244	0.361	0.261	1.987	0.42	0.259	0.276	0.254
0.256	0.251	0.247	0.359	0.264	1.965	0.435	0.254	0.276	0.259
0.251	0.247	0.247	0.361	0.256	1.912	0.444	0.254	0.278	0.259
0.249	0.244	0.247	0.361	0.256	1.768	0.435	0.259	0.283	0.256
0.251	0.247	0.244	0.359	0.256	1.558	0.408	0.266	0.283	0.254
0.256	0.251	0.242	0.359	0.256	1.382	0.359	0.261	0.281	0.254
0.254	0.254	0.247	0.354	0.261	1.299	0.325	0.259	0.281	0.256
0.254	0.249	0.249	0.356	0.259	1.226	0.3	0.256	0.273	0.259
0.251	0.244	0.254	0.356	0.259	1.113	0.286	0.254	0.278	0.259
0.247	0.244	0.251	0.359	0.259	1.008	0.271	0.259	0.281	0.259
0.249	0.249	0.247	0.359	0.251	0.857	0.264	0.269	0.286	0.256
0.256	0.251	0.249	0.356	0.256	0.701	0.261	0.261	0.278	0.251
0.254	0.251	0.247	0.352	0.259	0.574	0.261	0.259	0.271	0.254
0.254	0.249	0.249	0.349	0.259	0.496	0.259	0.254	0.259	0.259
0.256	0.244	0.254	0.352	0.259	0.449	0.259	0.254	0.266	0.256
0.251	0.242	0.254	0.354	0.259	0.422	0.254	0.261	0.266	0.251
0.251	0.247	0.244	0.356	0.254	0.4	0.251	0.269	0.261	0.254
0.254	0.254	0.239	0.349	0.256	0.388	0.254	0.261	0.256	0.249
0.254	0.249	0.244	0.349	0.259	0.376	0.256	0.259	0.251	0.264
0.259	0.249	0.249	0.349	0.259	0.374	0.256	0.259	0.249	0.278
0.251	0.244	0.249	0.349	0.256	0.366	0.259	0.259	0.247	0.291
0.247	0.244	0.254	0.354	0.259	0.369	0.251	0.261	0.251	0.288
0.249	0.247	0.244	0.359	0.251	0.366	0.251	0.266	0.247	0.291
0.254	0.256	0.239	0.352	0.254	0.359	0.254	0.261	0.244	0.288
0.256	0.249	0.244	0.349	0.259	0.356	0.256	0.259	0.239	0.295
0.256	0.247	0.247	0.349	0.256	0.354	0.254	0.256	0.237	0.3
0.251	0.244	0.249	0.352	0.256	0.352	0.259	0.256	0.242	0.298
0.249	0.244	0.254	0.354	0.256	0.354	0.251	0.264	0.249	0.276
0.254	0.247	0.244	0.359	0.251	0.359	0.249	0.269	0.249	0.264
0.251	0.254	0.247	0.354	0.254	0.354	0.249	0.261	0.249	0.249
0.256	0.249	0.249	0.352	0.259	0.352	0.254	0.259	0.244	0.247
0.256	0.247	0.249	0.352	0.259	0.352	0.251	0.259	0.244	0.247
0.251	0.244	0.266	0.354	0.256	0.349	0.256	0.259	0.247	0.249
0.249	0.239	0.281	0.354	0.256	0.352	0.249	0.264	0.251	0.249
0.254	0.247	0.356	0.356	0.251	0.359	0.247	0.261	0.251	0.259
0.254	0.254	0.439	0.349	0.254	0.359	0.251	0.266	0.249	0.259
0.256	0.249	0.508	0.349	0.256	0.354	0.251	0.269	0.244	0.256
0.256	0.247	0.569	0.349	0.259	0.356	0.254	0.276	0.242	0.254
0.251	0.242	0.61	0.352	0.259	0.352	0.254	0.276	0.244	0.254
0.249	0.242	0.596	0.354	0.254	0.356	0.247	0.315	0.247	0.249
0.254	0.247	0.591	0.356	0.251	0.359	0.247	0.349	0.251	0.247
0.249	0.254	0.535	0.352	0.254	0.359	0.247	0.405	0.249	0.239
0.4	0.249	0.503	0.344	0.259	0.356	0.251	0.466	0.244	0.244
2.673	0.281	0.5	0.347	0.259	0.354	0.254	0.496	0.242	0.247
2.947	1.582	0.471	0.359	0.261	0.354	0.254	0.51	0.247	0.247
2.297	2.524	0.452	0.376	0.254	0.356	0.249	0.537	0.249	0.247
1.887	1.982	0.464	0.405	0.251	0.359	0.247	0.518	0.251	0.244
1.628	1.521	0.476	0.461	0.256	0.359	0.247	0.471	0.249	0.242
1.482	1.23	0.479	0.505	0.259	0.359	0.254	0.427	0.247	0.247
1.384	1.047	0.479	0.488	0.261	0.352	0.256	0.398	0.242	0.249
1.321	0.93	0.486	0.479	0.261	0.354	0.254	0.378	0.249	0.251
1.292	0.862	0.481	0.483	0.254	0.356	0.251	0.369	0.249	0.256
1.289	0.82	0.474	0.476	0.251	0.359	0.249	0.356	0.251	0.247
1.296	0.793	0.466	0.454	0.256	0.359	0.251	0.349	0.251	0.244
1.304	0.779	0.461	0.422	0.259	0.359	0.256	0.339	0.247	0.247
1.157	0.764	0.464	0.417	0.254	0.352	0.261	0.334	0.247	0.249
0.84	0.752	0.459	0.432	0.261	0.352	0.254	0.352	0.249	0.254
0.671	0.745	0.425	0.442	0.254	0.354	0.249	0.369	0.249	0.256
0.525	0.681	0.403	0.435	0.251	0.391	0.244	0.374	0.249	0.247
0.427	0.64	0.369	0.437	0.256	0.876	0.247	0.376	0.251	0.247
0.366	0.649	0.352	0.437	0.256	1.226	0.251	0.376	0.249	0.273
0.325	0.618	0.339	0.435	0.259	1.418	0.256	0.371	0.247	0.269
0.298	0.574	0.342	0.435	0.261	1.538	0.249	0.376	0.251	0.264
0.281	0.493	0.339	0.432	0.254	1.614	0.247	0.381	0.251	0.259
0.266	0.41	0.349	0.43	0.251	1.65	0.244	0.386	0.254	0.254
0.269	0.352	0.327	0.449	0.251	1.658	0.247	0.386	0.251	0.249
0.266	0.317	0.3	0.415	0.256	1.667	0.276	0.376	0.247	0.251
0.264	0.293	0.286	0.393	0.259	1.67	0.278	0.366	0.247	0.254
0.256	0.273	0.281	0.383	0.259	1.694	0.264	0.361	0.251	0.256
0.256	0.269	0.264	0.383	0.251	1.719	0.254	0.352	0.254	0.256
0.254	0.266	0.256	0.374	0.281	1.729	0.405	0.317	0.266	0.251
0.254	0.264	0.249	0.364	0.312	1.716	0.574	0.293	0.261	0.247
0.259	0.261	0.251	0.359	0.327	1.677	0.735	0.273	0.256	0.251
0.261	0.256	0.254	0.361	0.334	1.548	0.916	0.264	0.259	0.254
0.254	0.251	0.256	0.359	0.339	1.414	1.104	0.266	0.435	0.256
0.256	0.251	0.251	0.364	0.337	1.106	1.162	0.261	0.649	0.256
0.251	0.256	0.247	0.361	0.339	0.83	1.162	0.261	0.837	0.251
0.254	0.259	0.244	0.356	0.342	0.657	1.15	0.259	0.942	0.249
0.259	0.259	0.247	0.354	0.349	0.544	1.104	0.256	0.979	0.249
0.256	0.251	0.249	0.359	0.354	0.474	1.064	0.251	1.001	0.254
0.254	0.249	0.249	0.359	0.352	0.435	1.008	0.259	1.05	0.259
0.254	0.251	0.247	0.361	0.344	0.408	0.962	0.256	1.116	0.261
0.249	0.254	0.242	0.359	0.344	0.388	0.923	0.259	1.123	0.259
0.254	0.259	0.237	0.354	0.344	0.376	0.881	0.259	1.111	0.286
0.256	0.254	0.244	0.349	0.344	0.364	0.852	0.254	1.086	0.305
0.254	0.254	0.249	0.349	0.349	0.354	0.833	0.254	1.096	0.327
0.254	0.251	0.249	0.356	0.339	0.352	0.828	0.256	1.101	0.332
0.251	0.256	0.249	0.356	0.332	0.352	0.818	0.256	1.104	0.334
0.251	0.254	0.249	0.356	0.332	0.352	0.806	0.259	1.108	0.347
0.254	0.256	0.247	0.352	0.327	0.354	0.801	0.256	1.118	0.344
0.256	0.259	0.249	0.347	0.33	0.347	0.781	0.254	1.116	0.339
0.256	0.254	0.259	0.349	0.334	0.339	0.713	0.251	1.111	0.339
0.254	0.251	0.256	0.359	0.327	0.339	0.659	0.256	1.106	0.354
0.249	0.256	0.254	0.359	0.322	0.342	0.598	0.256	1.104	0.354
0.247	0.254	0.249	0.359	0.32	0.344	0.508	0.259	1.094	0.388
0.254	0.256	0.247	0.354	0.305	0.352	0.452	0.256	1.05	0.415
0.256	0.256	0.249	0.352	0.295	0.344	0.459	0.256	1.028	0.439
0.256	0.254	0.256	0.352	0.298	0.344	0.449	0.254	1.003	0.486
0.256	0.251	0.259	0.361	0.283	0.342	0.388	0.254	0.957	0.574
0.249	0.254	0.254	0.364	0.276	0.347	0.33	0.254	0.867	0.647
0.249	0.254	0.249	0.361	0.264	0.354	0	0.256	0.767	0.742
0.254	0.259	0.247	0.359	0.264	0.356	0	0.256	0.698	0.813
0.254	0.259	0.249	0.354	0.266	0.354	0	0.413	0.645	0.864
0.256	0.276	0.256	0.356	0.264	0.349	0	0.608	0.586	0.918
0.256	0.303	0.256	0.364	0.261	0.349	0	0.791	0.542	0.962
0.249	0.325	0.251	0.364	0.256	0.352	0	0.908	0.513	0.984
0.249	0.32	0.247	0.364	0.251	0.354	0	0.962	0.432	1.035
0.254	0.371	0.247	0.356	0.256	0.354	0	0.994	0.366	1.069
0.254	0.53	0.249	0.354	0.259	0.349	0	1.03	0.322	1.082
0.254	0.906	0.254	0.354	0.261	0.344	0	1.057	0.293	1.101
0.256	1.174	0.254	0.361	0.256	0.344	0	1.089	0	1.133
0.247	1.389	0.251	0.376	0.254	0.349	0	1.106	0	1.16
0.249	1.514	0.247	0.361	0.249	0.352	0	1.14	0	1.174
0.251	1.643	0.247	0.356	0.251	0.354	0	1.113	0	1.174
0.254	1.704	0.247	0.356	0.259	0.349	0	1.101	0	1.182
0.256	1.719	0.251	0.359	0.259	0.347	0	1.072	0	0
0.254	1.658	0.251	0.361	0.256	0.344	0	1.042	0	0
0.249	1.621	0.249	0.364	0.251	0.352	0	1.035	0	0
0.249	1.553	0.244	0.361	0.249	0.356	0	1.035	0	0
0.251	1.509	0.242	0.356	0.251	0.349	0	1.025	0	0
0.254	1.465	0.249	0.354	0.261	0.344	0	1.013	0	0
0.256	1.404	0.249	0.356	0.264	0.344	0	0.986	0	0
0.254	1.35	0.251	0.356	0.256	0.344	0	0.937	0	0
0.249	1.199	0.247	0.364	0.254	0.344	0	0.815	0	0
0.249	1.03	0.242	0.361	0.249	0.349	0	0.72	0	0
0.251	0.867	0.239	0.359	0.254	0.344	0	0.684	0	0
0.254	0.747	0.244	0.354	0.261	0.342	0	0.649	0	0
0.256	0.664	0.244	0.359	0.256	0.339	0	0.652	0	0
0.251	0.53	0.244	0.356	0.256	0.339	0	0.601	0	0
0.247	0.425	0.244	0.361	0.251	0.344	0	0.552	0	0
0.249	0.364	0.237	0.361	0.249	0.356	0	0.457	0	0
0.251	0.334	0.239	0.356	0.251	0.349	0	0.378	0	0
0.256	0.308	0.244	0.354	0.259	0.349	0	0.33	0	0
0.278	0.288	0.244	0.359	0.259	0.344	0	0.295	0	0
0.278	0.276	0.249	0.356	0.256	0.344	0	0	0	0
0.479	0.264	0.244	0.361	0.251	0.349	0	0	0	0
1.707	0.264	0.242	0.359	0.249	0.359	0	0	0	0
2.852	0.264	0.239	0.356	0.251	0.354	0	0	0	0
3.362	0	0.247	0.354	0.256	0.354	0	0	0	0
3.708	0	0.247	0.359	0.254	0.349	0	0	0	0
4.033	0	0.249	0.359	0.254	0.354	0	0	0	0
4.207	0	0.244	0.361	0.249	0.356	0	0	0	0
4.211	0	0.242	0.359	0.247	0.364	0	0	0	0
4.153	0	0.242	0.354	0.251	0.364	0	0	0	0
4.192	0	0.247	0.354	0.254	0.354	0	0	0	0
4.304	0	0.247	0.359	0.254	0.347	0	0	0	0
4.331	0	0.249	0.386	0.251	0.347	0	0	0	0
4.263	0	0.247	0.459	0.247	0.352	0	0	0	0
4.131	0	0.244	0.762	0.247	0.354	0	0	0	0
3.977	0	0.244	1.016	0.251	0.349	0	0	0	0
3.806	0	0.249	1.155	0.254	0.347	0	0	0	0
3.623	0	0.249	1.196	0.254	0.339	0	0	0	0
3.337	0	0.251	1.223	0.251	0.337	0	0	0	0
2.822	0	0.247	1.208	0.247	0.342	0	0	0	0
2.302	0	0.244	1.16	0.244	0.342	0	0	0	0
1.887	0	0.251	1.152	0.251	0.344	0	0	0	0
1.538	0	0.247	1.187	0.251	0.342	0	0	0	0
1.284	0	0.249	1.184	0.256	0.339	0	0	0	0
1.089	0	0.247	1.179	0.251	0.347	0	0	0	0
0.808	0	0.247	1.184	0.247	0.361	0	0	0	0
0.601	0	0.239	1.191	0.242	0.364	0	0	0	0
0.476	0	0.242	1.191	0.249	0.366	0	0	0	0
0.4	0	0.239	1.191	0.249	0.361	0	0	0	0
0.347	0	0.247	1.145	0.249	0.354	0	0	0	0
0	0	0.247	0.986	0.247	0.354	0	0	0	0
0	0	0.244	0.874	0.242	0.361	0	0	0	0
0	0	0.244	0.781	0.239	0.361	0	0	0	0
0	0	0.251	0.73	0.249	0.366	0	0	0	0
0	0	0.247	0.657	0.249	0.359	0	0	0	0
0	0	0.247	0.54	0.249	0.354	0	0	0	0
0	0	0.254	0.474	0.249	0.354	0	0	0	0
0	0	0.247	0.435	0.249	0.359	0	0	0	0
0	0	0.249	0.417	0.261	0.359	0	0	0	0
0	0	0.432	0.393	0.281	0.364	0	0	0	0
0	0	0.613	0.378	0.288	0.354	0	0	0	0
0	0	0.801	0.369	0.295	0.349	0	0	0	0
0	0	0.955	0.366	0.295	0.349	0	0	0	0
0	0	1.069	0	0.425	0.354	0	0	0	0
0	0	1.189	0	0.725	0.361	0	0	0	0
0	0	1.362	0	1.165	0.369	0	0	0	0
0	0	1.531	0	1.421	0.369	0	0	0	0
0	0	1.704	0	1.504	0.374	0	0	0	0
0	0	1.777	0	1.533	0.488	0	0	0	0
0	0	1.782	0	1.616	0.64	0	0	0	0
0	0	1.743	0	1.677	0.815	0	0	0	0
0	0	1.707	0	1.714	0.906	0	0	0	0
0	0	1.677	0	1.802	0.962	0	0	0	0
0	0	1.646	0	1.934	1.016	0	0	0	0
0	0	1.611	0	1.936	1.05	0	0	0	0
0	0	1.587	0	2.136	1.089	0	0	0	0
0	0	1.545	0	2.439	1.082	0	0	0	0
0	0	1.516	0	2.705	1.079	0	0	0	0
0	0	1.504	0	2.93	1.06	0	0	0	0
0	0	1.494	0	3.003	1.038	0	0	0	0
0	0	1.487	0	3.037	1.033	0	0	0	0
0	0	1.479	0	3.118	1.018	0	0	0	0
0	0	1.467	0	3.167	0.984	0	0	0	0
0	0	1.448	0	3.147	0.952	0	0	0	0
0	0	1.443	0	3.064	0.918	0	0	0	0
0	0	1.414	0	2.886	0.891	0	0	0	0
0	0	1.362	0	2.69	0.879	0	0	0	0
0	0	1.338	0	2.483	0.859	0	0	0	0
0	0	1.294	0	2.28	0.896	0	0	0	0
0	0	1.255	0	2.026	0.857	0	0	0	0
0	0	0	0	1.799	0.737	0	0	0	0
0	0	0	0	0	0.608	0	0	0	0
0	0	0	0	0	0.515	0	0	0	0
0	0	0	0	0	0.457	0	0	0	0
0	0	0	0	0	0.422	0	0	0	0
0	0	0	0	0	0.396	0	0	0	0
0	0	0	0	0	0.381	0	0	0	0
0	0	0	0	0	0.371	0	0	0	0
0	0	0	0	0	0.364	0	0	0	0
0	0	0	0	0	0.364	0	0	0	0
