0.652	0.476	0.447	2.834	0.454	0.405	0.354	0.369	0.349	0.366
0.972	0.479	0.596	2.644	0.632	0.405	0.354	0.396	0.359	0.366
1.389	0.476	1.345	2.693	2.148	0.403	0.359	0.457	0.371	0.393
1.396	0.479	2.017	2.915	2.671	0.4	0.386	0.93	0.466	0.442
1.353	0.498	1.716	3.062	2.312	0.41	0.579	1.46	0.815	0.635
1.348	0.596	1.553	3.162	2.09	0.43	1.062	1.387	1.157	0.815
1.389	0.786	1.709	3.25	2.085	0.784	1.462	1.243	1.377	0.85
1.443	1.069	1.836	3.311	2.222	1.824	1.453	1.216	1.404	0.913
1.565	1.216	1.997	3.362	2.271	1.663	1.45	1.216	1.436	1.006
1.655	1.226	2.139	3.376	2.339	1.072	1.484	1.248	1.536	1.152
1.738	1.221	2.266	3.352	2.463	1.079	1.602	1.44	1.663	1.326
1.814	1.34	2.305	3.259	2.639	1.377	1.792	1.56	1.736	1.401
1.877	1.504	2.339	3.23	2.749	1.489	2.012	1.606	1.87	1.45
1.917	1.611	2.356	3.237	2.776	1.543	2.156	1.577	1.978	1.482
1.919	1.689	2.334	3.201	2.827	1.628	2.339	1.619	2.053	1.501
1.941	1.746	2.329	3.132	2.876	1.687	2.407	1.653	2.068	1.523
1.975	1.797	2.366	3.027	2.881	1.702	2.393	1.675	2.08	1.545
1.978	1.824	2.329	2.91	2.81	1.838	2.349	1.616	2.131	1.531
1.992	1.858	2.178	2.786	2.734	1.914	2.351	1.528	2.141	1.523
1.997	1.914	2.046	2.625	2.644	1.99	2.368	1.426	2.131	1.548
1.99	1.909	1.953	2.288	2.476	2.075	2.319	1.331	2.017	1.536
1.975	1.899	1.838	1.997	2.356	2.126	2.222	1.238	1.885	1.472
1.946	1.87	1.729	1.758	2.187	2.158	2.031	1.172	1.765	1.355
1.902	1.775	1.621	1.414	1.99	2.148	1.843	1.125	1.682	1.24
1.816	1.765	1.467	1.299	1.741	2.117	1.631	0.999	1.611	1.121
1.619	1.792	1.37	1.108	1.519	2.131	1.484	0.828	1.558	1.03
1.462	1.809	1.238	0.945	1.335	2.061	1.396	0.833	1.431	0.82
1.36	1.799	1.221	0.776	1.187	2.014	1.24	0.835	1.289	0.759
1.272	1.768	1.223	0.671	1.028	1.978	1.052	0.837	1.169	0.735
1.147	1.741	1.123	0.569	0.894	1.814	0.869	0.762	1.057	0.632
1.018	1.572	0.901	0.54	0.754	1.614	0.808	0.774	0.95	0.559
0.803	1.353	0.803	0.513	0.674	1.411	0.823	0.681	0.867	0.566
0.696	1.235	0.696	0.461	0.576	1.255	0.708	0.593	0.732	0.552
0.557	1.184	0.664	0.464	0.515	1.13	0.708	0.522	0.671	0.505
0.498	1.042	0.601	0.425	0.53	1.055	0.632	0.466	0.62	0.483
0.464	0.82	0.576	0.417	0.513	0.984	0.583	0.398	0.613	0.466
0.457	0.757	0.53	0.422	0.469	0.884	0.491	0.386	0.571	0.454
0.444	0.659	0.508	0.422	0.447	0.808	0.413	0.376	0.571	0.403
0.403	0.669	0.452	0.42	0.427	0.732	0.366	0.371	0.498	0.391
0.393	0.684	0.43	0.42	0.415	0.781	0.356	0.369	0.417	0.381
0.383	0.637	0.425	0.422	0.417	0.72	0.349	0.366	0.364	0.376
0.381	0.527	0.425	0.422	0.42	0.662	0.349	0.366	0.344	0.376
0.381	0.496	0.422	0.425	0.42	0.601	0.347	0.364	0.344	0.374
0.381	0.483	0.417	0.42	0.417	0.537	0.349	0.364	0.347	0.378
0.381	0.476	0.415	0.422	0.415	0.469	0.354	0.369	0.342	0.383
0.381	0.474	0.415	0.42	0.413	0.432	0.356	0.371	0.339	0.381
0.381	0.471	0.415	0.42	0.415	0.415	0.356	0.374	0.339	0.383
0.378	0.474	0.422	0.422	0.42	0.405	0.352	0.413	0.339	0.393
0.383	0.481	0.42	0.422	0.42	0.4	0.352	0.505	0.347	0.396
0.383	0.483	0.413	0.422	0.42	0.393	0.352	0.942	0.344	0.757
0.381	0.486	0.41	0.435	0.417	0.396	0.354	1.155	0.339	2.896
0.378	0.476	0.41	0.513	0.417	0.391	0.356	1.174	0.337	2.183
0.413	0.476	0.425	1.125	0.444	0.391	0.354	1.167	0.334	1.611
0.562	0.488	0.535	2.676	0.747	0.391	0.354	1.24	0.339	1.602
3.154	0.549	3.601	2.483	2.124	0.391	0.356	1.421	0.464	2.031
3.374	2.053	3.516	2.046	2.063	0.388	0.354	1.543	1.819	2.385
2.109	2.581	2.493	2.007	1.685	0.388	0.356	1.602	2.366	2.571
1.658	1.799	2.231	2.214	1.545	0.391	0.356	1.584	2.166	2.642
2.029	1.694	2.512	2.358	1.606	0.393	0.354	1.606	1.882	2.739
2.305	2.114	2.83	2.407	1.699	0.391	0.352	1.633	2.026	2.793
2.444	2.686	2.954	2.483	1.819	0.393	0.408	1.658	2.378	2.8
2.576	3.008	3.101	2.549	1.946	0.388	1.66	1.66	2.661	2.788
2.751	3.245	3.247	2.551	2.031	0.388	2.329	1.66	2.788	2.749
2.878	3.398	3.315	2.532	2.07	0.403	1.814	1.624	2.856	2.659
2.947	3.462	3.352	2.546	2.095	0.591	1.606	1.58	2.905	2.571
2.964	3.474	3.384	2.522	2.124	1.777	1.694	1.462	2.961	2.434
2.969	3.437	3.359	2.498	2.17	1.711	1.926	1.372	3.013	2.236
2.976	3.413	3.269	2.471	2.227	1.26	2.019	1.284	2.991	1.951
2.954	3.333	3.137	2.407	2.258	1.26	2.078	1.206	2.957	1.716
2.866	3.188	2.954	2.3	2.173	1.541	2.124	1.145	2.908	1.531
2.686	3.015	2.717	2.214	2.009	1.748	2.146	1.055	2.703	1.387
2.495	2.749	2.468	2.095	1.78	1.809	2.141	1.008	2.375	1.26
2.358	2.507	2.271	1.936	1.589	1.831	2.144	0.854	2.063	1.206
2.183	2.173	2.053	1.729	1.521	1.86	2.131	0.723	1.697	1.184
1.985	1.921	1.846	1.511	1.365	1.88	2.112	0.625	1.509	1.145
1.838	1.609	1.455	1.289	1.187	1.877	2.051	0.566	1.26	1.121
1.633	1.411	1.257	1.135	1.191	1.853	1.934	0.571	1.089	1.116
1.477	1.421	1.233	0.994	1.074	1.716	1.731	0.596	1.077	1.072
1.316	1.316	1.003	0.894	0.937	1.526	1.555	0.588	0.886	0.991
1.296	1.194	0.889	0.82	0.833	1.384	1.387	0.532	0.793	0.945
1.274	1.104	0.869	0.718	0.789	1.233	1.152	0.508	0.728	0.83
1.187	0.876	0.833	0.708	0.732	1.165	1.03	0.432	0.667	0.771
0.984	0.767	0.759	0.713	0.686	0.981	0.981	0.413	0.61	0.681
0.937	0.701	0.686	0.652	0.61	0.864	0.833	0.408	0.569	0.574
0.923	0.701	0.659	0.61	0.566	0.752	0.701	0.371	0.54	0.562
0.891	0.679	0.618	0.54	0.535	0.676	0.63	0.356	0.542	0.52
0.857	0.635	0.598	0.476	0.483	0.64	0.603	0.369	0.513	0.444
0.735	0.574	0.574	0.427	0.439	0.61	0.549	0.381	0.483	0.398
0.649	0.542	0.53	0.417	0.437	0.596	0.508	0.366	0.464	0.383
0.613	0.508	0.5	0.422	0.432	0.593	0.505	0.361	0.439	0.369
0.574	0.486	0.457	0.422	0.435	0.593	0.491	0.359	0.425	0.366
0.505	0.483	0.452	0.413	0.435	0.576	0.483	0.359	0.417	0.366
0.449	0.481	0.466	0.408	0.43	0.53	0.43	0.359	0.393	0.371
0.403	0.479	0.449	0.41	0.42	0.466	0.378	0.361	0.366	0.369
0.381	0.476	0.442	0.415	0.415	0.432	0.374	0.361	0.359	0.369
0.396	0.479	0.439	0.425	0.417	0.432	0.374	0.359	0.383	0.366
0.396	0.486	0.437	0.422	0.417	0.4	0.359	0.354	0.383	0.364
0.383	0.488	0.435	0.425	0.417	0.413	0.374	0.354	0.361	0.361
0.376	0.483	0.435	0.422	0.415	0.422	0.396	0.361	0.352	0.361
0.371	0.481	0.439	0.42	0.415	0.432	0.388	0.364	0.352	0.364
0.359	0.479	0.449	0.417	0.417	0.403	0.356	0.366	0.352	0.366
0.371	0.479	0.442	0.425	0.417	0.396	0.352	0.417	0.354	0.366
0.376	0.481	0.439	0.427	0.42	0.391	0.347	0.659	0.354	0.364
0.376	0.483	0.437	0.427	0.415	0.388	0.349	1.357	0.354	0.366
0.378	0.481	0.435	0.427	0.415	0.386	0.352	1.68	0.352	0.366
0.374	0.476	0.435	0.425	0.413	0.388	0.356	1.653	0.354	0.366
0.374	0.479	0.435	0.425	0.413	0.391	0.356	1.665	0.356	0.364
0.374	0.479	0.437	0.422	0.417	0.391	0.349	1.765	0.359	0.364
0.374	0.488	0.437	0.425	0.42	0.386	0.349	1.975	0.356	0.361
0.374	0.618	0.432	0.425	0.42	0.386	0.352	2.178	0.361	0.364
0.371	1.36	0.43	0.422	0.444	0.383	0.354	2.329	0.537	0.366
0.371	1.819	0.43	0.422	0.708	0.386	0.354	2.439	2.708	0.369
0.371	1.624	0.43	0.42	3.008	0.391	0.354	2.48	2.812	0.366
0.366	1.58	0.435	0.461	2.603	0.391	0.349	2.529	1.909	0.366
0.366	1.724	0.5	0.654	1.868	0.386	0.349	2.542	1.814	0.364
0.371	1.926	0.835	1.797	1.975	0.386	0.352	2.524	2.231	0.417
0.374	2.029	2.319	2.202	2.412	0.386	0.356	2.488	2.483	0.493
0.369	2.168	2.434	1.995	2.627	0.383	0.359	2.412	2.651	0.652
0.366	2.261	2.041	1.938	2.878	0.386	0.356	2.378	2.788	0.959
0.364	2.395	1.892	1.943	3.142	0.386	0.352	2.354	2.861	1.177
0.408	2.485	1.965	1.965	3.34	0.383	0.352	2.28	2.859	1.372
1.143	2.495	2.034	2.039	3.411	0.383	0.352	2.1	2.842	1.782
2.634	2.493	2.085	2.197	3.457	0.388	0.356	1.855	2.817	2.039
2.124	2.485	2.183	2.336	3.506	0.388	0.359	1.65	2.805	2.307
1.848	2.476	2.246	2.473	3.467	0.41	0.356	1.428	2.764	2.568
2.048	2.434	2.297	2.556	3.35	1.348	0.352	1.169	2.688	2.756
2.246	2.358	2.305	2.581	3.093	2.458	0.354	1.025	2.495	2.827
2.358	2.241	2.297	2.576	2.734	2.041	0.354	0.872	2.214	2.861
2.62	2.178	2.273	2.578	2.29	1.946	0.359	0.786	1.936	2.896
2.847	2.026	2.261	2.598	1.794	2.373	0.371	0.635	1.738	2.913
2.998	1.855	2.244	2.576	1.504	2.698	0.466	0.491	1.455	2.91
3.083	1.616	2.231	2.559	1.294	2.92	1.523	0.396	1.206	2.859
3.079	1.404	2.219	2.549	1.204	3.145	2.209	0.356	1.047	2.817
3.071	1.262	2.131	2.366	1.121	3.325	1.682	0.361	0.974	2.773
3.066	1.145	2.002	2.156	0.959	3.42	1.567	0.352	0.75	2.725
3.049	1.057	1.863	2	0.735	3.518	1.841	0.354	0.596	2.708
2.93	0.935	1.577	1.743	0.625	3.557	2.124	0.356	0.479	2.627
2.812	0.84	1.353	1.467	0.588	3.591	2.258	0.354	0.43	2.532
2.62	0.786	1.155	1.272	0.493	3.596	2.461	0.347	0.381	2.39
2.346	0.662	1.006	1.074	0.437	3.542	2.585	0.344	0.354	2.046
2.104	0.544	0.906	0.94	0.427	3.313	2.603	0.347	0.349	1.724
1.951	0.5	0.754	0.837	0.41	3.059	2.563	0.349	0.344	1.377
1.733	0.488	0.671	0.728	0.403	2.69	2.534	0.349	0.342	1.116
1.533	0.486	0.593	0.627	0.405	2.346	2.512	0.352	0.352	0.925
1.34	0.488	0.513	0.544	0.4	2.087	2.422	0.347	0.354	0.715
1.15	0.496	0.466	0.464	0.393	1.809	2.224	0.344	0.356	0.576
1.094	0.498	0.452	0.417	0.391	1.538	1.963	0.349	0.354	0.471
0.977	0.491	0.452	0.408	0.391	1.252	1.702	0.352	0.349	0.391
0.815	0.491	0.435	0.405	0.393	1.101	1.428	0.356	0.349	0.354
0.74	0.488	0.42	0.403	0.391	0.962	1.216	0.354	0.352	0.359
0.718	0.488	0.422	0.405	0.391	0.84	1.06	0.352	0.354	0.342
0.554	0.493	0.42	0.403	0.393	0.75	0.933	0.352	0.354	0.337
0.486	0.496	0.42	0.396	0.393	0.688	0.845	0.354	0.352	0.339
0.464	0.493	0.42	0.398	0.396	0.623	0.674	0.356	0.354	0.342
0.454	0.496	0.422	0.403	0.393	0.476	0.62	0.361	0.354	0.339
0.449	0.493	0.425	0.403	0.4	0.408	0.549	0.354	0.354	0.332
0.43	0.496	0.442	0.405	0.396	0.396	0.476	0.393	0.354	0.334
0.413	0.496	0.422	0.405	0.388	0.378	0.444	0.701	0.359	0.337
0.408	0.496	0.42	0.403	0.391	0.383	0.403	2.1	0.356	0.339
0.405	0.491	0.42	0.403	0.398	0.381	0.366	2.671	0.354	0.339
0.403	0.488	0.427	0.4	0.4	0.381	0.361	1.892	0.356	0.339
0.403	0.488	0.422	0.405	0.393	0.378	0.354	1.345	0.361	0.334
0.403	0.488	0.422	0.413	0.393	0.378	0.356	1.282	0.361	0.332
0.408	0.491	0.417	0.41	0.391	0.378	0.366	1.626	0.361	0.334
0.415	0.491	0.417	0.408	0.386	0.381	0.376	1.816	0.361	0.334
0.408	0.488	0.422	0.408	0.383	0.383	0.378	1.895	0.359	0.339
0.403	0.491	0.425	0.403	0.386	0.383	0.378	1.968	0.4	0.337
0.4	0.491	0.422	0.408	0.388	0.386	0.371	2.117	0.674	0.334
0.405	0.491	0.42	0.413	0.388	0.383	0.371	2.239	3.188	0.332
0.41	0.488	0.42	0.413	0.383	0.381	0.371	2.361	4.253	0.334
0.41	0.488	0.417	0.405	0.378	0.381	0.374	2.429	3.115	0.339
0.408	0.486	0.42	0.408	0.383	0.383	0.378	2.437	2.603	0.347
0.4	0.483	0.425	0.408	0.476	0.388	0.374	2.407	2.722	0.344
0.4	0.493	0.425	0.408	0.762	0.388	0.371	2.388	3.103	0.342
0.4	0.647	0.425	0.41	2.649	0.386	0.371	2.358	3.286	0.339
0.4	2.8	0.422	0.408	3.452	0.383	0.374	2.339	3.406	0.339
0.398	4.507	0.422	0.41	2.302	0.381	0.374	2.339	3.496	0.378
0.396	4.033	0.427	0.408	1.694	0.381	0.359	2.314	3.533	0.706
0.442	3.259	0.432	0.405	1.66	0.386	0.352	2.271	3.528	4.248
0.906	3.191	0.432	0.41	1.873	0.388	0.344	2.231	3.511	5.54
3.081	3.313	0.461	0.413	2.017	0.391	0.344	2.178	3.489	4.133
3.274	3.401	0.669	0.41	2.075	0.383	0.347	2.041	3.467	3.364
2.424	3.43	2.507	0.425	2.112	0.378	0.352	1.885	3.42	3.33
2.161	3.496	3.562	0.476	2.092	0.378	0.349	1.584	3.362	3.54
2.17	3.542	2.959	0.947	2.073	0.383	0.352	1.233	3.169	3.618
2.261	3.591	2.424	2.156	2.07	0.383	0.349	1.03	2.881	3.652
2.307	3.613	2.405	2.393	2.041	0.378	0.349	0.876	2.424	3.757
2.341	3.645	2.576	1.831	2.036	0.432	0.352	0.779	1.975	3.818
2.407	3.667	2.71	1.648	1.995	0.845	0.354	0.63	1.545	3.833
2.424	3.66	2.764	1.86	1.956	3.171	0.356	0.532	1.226	3.828
2.4	3.635	2.773	2.241	1.907	3.25	0.41	0.493	1.021	3.804
2.356	3.611	2.788	2.397	1.812	1.87	0.674	0.408	0.833	3.713
2.344	3.604	2.808	2.478	1.567	1.389	1.575	0.354	0.732	3.418
2.302	3.567	2.786	2.51	1.36	1.436	2.185	0.339	0.62	2.944
2.283	3.513	2.761	2.551	1.162	1.626	2.195	0.339	0.544	2.368
2.244	3.311	2.744	2.559	1.028	1.736	2.012	0.349	0.52	1.658
2.207	3.062	2.732	2.578	0.898	1.765	1.941	0.359	0.442	1.282
2.161	2.72	2.686	2.603	0.806	1.77	1.978	0.352	0.371	1.169
2.156	2.175	2.617	2.603	0.71	1.726	2.034	0.347	0.349	0.913
2.144	1.865	2.466	2.537	0.669	1.685	2.092	0.344	0.344	0.774
2.122	1.582	2.185	2.468	0.613	1.67	2.109	0.347	0.337	0.669
2.104	1.331	1.919	2.371	0.491	1.655	2.09	0.349	0.334	0.61
2.046	1.135	1.75	2.314	0.437	1.658	2.048	0.347	0.349	0.513
1.951	0.986	1.587	2.246	0.425	1.631	2.017	0.347	0.349	0.432
1.799	0.942	1.416	2.119	0.439	1.599	2.009	0.344	0.354	0.391
1.643	0.828	1.262	1.948	0.437	1.509	1.987	0.339	0.352	0.374
1.467	0.728	1.152	1.738	0.413	1.404	1.975	0.342	0.349	0.374
1.267	0.662	1.094	1.528	0.398	1.316	1.929	0.347	0.347	0.391
1.055	0.583	0.986	1.389	0.398	1.23	1.838	0.342	0.349	0.352
0.896	0.537	0.947	1.226	0.4	1.067	1.609	0.337	0.352	0.33
0.823	0.508	0.894	1.101	0.398	0.94	1.37	0.337	0.354	0.322
0.74	0.5	0.83	1.001	0.398	0.85	1.243	0.337	0.352	0.327
0.767	0.515	0.759	0.901	0.396	0.815	1.116	0.337	0.349	0.327
0.715	0.522	0.684	0.789	0.396	0.759	0.959	0.337	0.349	0.332
0.63	0.505	0.635	0.654	0.4	0.679	0.818	0.339	0.349	0.327
0.537	0.493	0.549	0.605	0.403	0.62	0.74	0.337	0.349	0.327
0.459	0.493	0.486	0.53	0.405	0.564	0.701	0.332	0.349	0.322
0.435	0.493	0.464	0.452	0.4	0.483	0.649	0.332	0.352	0.327
0.413	0.488	0.449	0.42	0.4	0.417	0.576	0.337	0.347	0.33
0.42	0.486	0.469	0.42	0.403	0.381	0.554	0.342	0.342	0.332
0.42	0.481	0.476	0.435	0.403	0.371	0.496	0.342	0.347	0.332
0.427	0.481	0.479	0.439	0.405	0.371	0.4	0.342	0.349	0.327
0.43	0.486	0.486	0.427	0.408	0.381	0.344	0.342	0.349	0.33
0.41	0.486	0.469	0.41	0.403	0.383	0.334	0.347	0.354	0.332
0.396	0.483	0.444	0.408	0.396	0.376	0.332	0.347	0.347	0.337
0.386	0.483	0.432	0.405	0.396	0.381	0.332	0.347	0.344	0.337
0.383	0.481	0.435	0.408	0.396	0.376	0.337	0.347	0.347	0.327
0.381	0.479	0.427	0.408	0.4	0.371	0.334	0.344	0.354	0.33
0.383	0.479	0.432	0.41	0.4	0.371	0.339	0.344	0.354	0.327
0.386	0.474	0.432	0.403	0.4	0.371	0.339	0.344	0.356	0.33
0.381	0.471	0.43	0.398	0.396	0.371	0.344	0.344	0.349	0.332
0.381	0.471	0.435	0.4	0.396	0.376	0.347	0.349	0.342	0.332
0.381	0.474	0.439	0.396	0.403	0.378	0.339	0.349	0.344	0.334
0.383	0.476	0.439	0.403	0.403	0.381	0.342	0.347	0.347	0.33
0.386	0.479	0.437	0.405	0.403	0.376	0.339	0.342	0.349	0.327
0.386	0.479	0.432	0.405	0.4	0.371	0.342	0.337	0.349	0.33
0.381	0.479	0.43	0.403	0.4	0.376	0.344	0.342	0.349	0.334
0.383	0.479	0.432	0.403	0.403	0.376	0.347	0.342	0.347	0.337
0.381	0.476	0.435	0.408	0.403	0.378	0.344	0.342	0.349	0.334
0.381	0.479	0.435	0.408	0.405	0.381	0.342	0.342	0.349	0.33
0.378	0.479	0.432	0.41	0.403	0.378	0.339	0.339	0.352	0.327
0.378	0.481	0.43	0.41	0.4	0.374	0.344	0.339	0.352	0.33
0.381	0.479	0.432	0.405	0.398	0.371	0.349	0.339	0.347	0.332
0.374	0.479	0.435	0.408	0.4	0.376	0.349	0.339	0.349	0.33
0.376	0.479	0.435	0.408	0.403	0.376	0.344	0.342	0.342	0.33
0.376	0.483	0.437	0.41	0.408	0.378	0.342	0.347	0.349	0.327
0.378	0.486	0.43	0.41	0.405	0.381	0.339	0.347	0.352	0.327
0.381	0.486	0.425	0.408	0.4	0.378	0.342	0.347	0.356	0.33
0.383	0.488	0.427	0.405	0.4	0.381	0.347	0.349	0.354	0.33
0.376	0.483	0.432	0.408	0.405	0.378	0.347	0.354	0.352	0.332
0.374	0.486	0.432	0.41	0.4	0.381	0.347	0.352	0.352	0.33
0.374	0.486	0.432	0.408	0.403	0.381	0.344	0.344	0.349	0.327
0.378	0.486	0.43	0.41	0.403	0.383	0.344	0.347	0.352	0.327
0.381	0.486	0.43	0.405	0.4	0.376	0.344	0.347	0.344	0.325
0.378	0.483	0.435	0.403	0.396	0.376	0.347	0.352	0.337	0.33
0.376	0.481	0.437	0.4	0.396	0.378	0.349	0.354	0.337	0.332
0.374	0.481	0.437	0.4	0.4	0.381	0.347	0.352	0.337	0.33
0.374	0.481	0.435	0.405	0.403	0.381	0.344	0.327	0.339	0.327
0.378	0.483	0.435	0.408	0.408	0.378	0.347	0.344	0.344	0.327
0.381	0.483	0.432	0.408	0.4	0.376	0.349	0.347	0.342	0.33
0.383	0.486	0.435	0.4	0.398	0.378	0.352	0.347	0.339	0.332
0.381	0.479	0.439	0.396	0.4	0.378	0.352	0.349	0.337	0.332
0.381	0.481	0.439	0.393	0.4	0.381	0.349	0.347	0.342	0.327
0.378	0.488	0.439	0.4	0.405	0.381	0.347	0.342	0.342	0.325
0.381	0.491	0.432	0.405	0.405	0.376	0.347	0.413	0.344	0.325
0.386	0.491	0.432	0.405	0.4	0.371	0.349	1.003	0.344	0.327
0.383	0.491	0.43	0.4	0.4	0.374	0.352	1.426	0.339	0.33
0.378	0.486	0.437	0.4	0.4	0.376	0.349	1.436	0.339	0.332
0.378	0.488	0.437	0.405	0.405	0.378	0.347	1.365	0.342	0.334
0.381	0.491	0.437	0.408	0.405	0.376	0.344	1.35	0.347	0.327
0.381	0.493	0.435	0.41	0.405	0.371	0.344	1.331	0.349	0.327
0.381	0.498	0.432	0.41	0.403	0.371	0.344	1.326	0.459	0.322
0.396	0.496	0.432	0.41	0.396	0.371	0.349	1.309	0.771	0.33
0.459	0.493	0.435	0.405	0.396	0.378	0.347	1.306	0.891	0.33
1.238	0.491	0.432	0.41	0.398	0.378	0.349	1.309	0.903	0.33
1.755	0.496	0.432	0.413	0.4	0.376	0.347	1.311	0.916	0.325
1.36	0.496	0.43	0.41	0.4	0.378	0.347	1.313	0.92	0.327
1.094	0.496	0.427	0.41	0.398	0.374	0.347	1.304	0.933	0.332
1.24	0.493	0.43	0.405	0.4	0.371	0.347	1.289	0.945	0.334
1.484	0.488	0.432	0.405	0.403	0.374	0.344	1.213	0.957	0.332
1.492	0.488	0.435	0.408	0.403	0.376	0.342	1.013	0.981	0.371
1.487	0.532	0.437	0.41	0.403	0.376	0.339	0.879	1.011	0.439
1.47	0.586	0.447	0.41	0.403	0.376	0.342	0.82	1.023	1.013
1.377	0.769	0.581	0.41	0.398	0.374	0.342	0.776	1.033	1.467
1.213	1.086	0.937	0.405	0.393	0.374	0.347	0.71	1.016	1.177
1.062	1.111	1.15	0.4	0.396	0.376	0.347	0.662	1.013	0.93
0.942	1.064	1.111	0.4	0.398	0.378	0.347	0.615	1.028	1.035
0.854	1.04	1.106	0.4	0.403	0.376	0.342	0.525	1.035	1.16
0.798	1.062	1.116	0.4	0.398	0.371	0.344	0.471	1.025	1.187
0.72	1.123	1.113	0.398	0.396	0.376	0.352	0.425	0.996	1.194
0.671	1.143	1.111	0.396	0.396	0.378	0.349	0.405	0.937	1.157
0.647	1.174	1.101	0.398	0.42	0.393	0.352	0.369	0.867	1.155
0.605	1.191	1.113	0.425	0.457	0.442	0.354	0.356	0.798	1.145
0.557	1.172	1.106	0.569	0.989	0.557	0.391	0.366	0.698	1.057
0.544	1.182	1.101	1.155	1.697	0.811	0.667	0.349	0.679	0.967
0.542	1.184	1.104	1.16	1.399	0.791	1.409	0.339	0.654	0.85
0.532	1.162	1.101	0.901	1.201	0.754	1.499	0.339	0.579	0.798
0.505	1.133	1.096	0.854	1.216	0.759	1.528	0.344	0.522	0.779
0.479	1.135	1.096	1.099	1.216	0.798	1.597	0.339	0.444	0.647
0.459	1.113	1.06	1.191	1.238	0.803	1.646	0.337	0.396	0.544
0.471	1.077	0.977	1.177	1.216	0.803	1.655	0.334	0.383	0.51
0.457	1.003	0.896	1.123	1.201	0.798	1.663	0.334	0.356	0.469
0.432	0.918	0.781	1.094	1.194	0.791	1.658	0.337	0.347	0.457
0.422	0.881	0.696	1.084	1.189	0.781	1.643	0.337	0.347	0.444
0.427	0.847	0.662	1.072	1.121	0.771	1.621	0.337	0.347	0.42
0.42	0.852	0.571	1.021	0.989	0.752	1.599	0.334	0.352	0.381
0.42	0.857	0.549	0.94	0.879	0.73	1.57	0.332	0.344	0.347
0.43	0.857	0.532	0.916	0.808	0.715	1.504	0.334	0.339	0.332
0.42	0.789	0.52	0.891	0.679	0.686	1.304	0.337	0.337	0.325
0.408	0.725	0.515	0.84	0.571	0.657	1.06	0.337	0.334	0.305
0.403	0.696	0.505	0.798	0.54	0.647	0.906	0.342	0.334	0.305
0.4	0.659	0.457	0.779	0.488	0.63	0.73	0.339	0.339	0.3
0.4	0.598	0.449	0.752	0.454	0.623	0.64	0.334	0.342	0.298
0.403	0.562	0.457	0.693	0.43	0.618	0.503	0.337	0.342	0.295
0.4	0.522	0.444	0.645	0.425	0.562	0.417	0.337	0.337	0.295
0.396	0.486	0.466	0.608	0.425	0.525	0.386	0.339	0.334	0.295
0.393	0.486	0.454	0.579	0.415	0.508	0.361	0.339	0.337	0.293
0.393	0.503	0.439	0.535	0.425	0.488	0.361	0.334	0.337	0.291
0.4	0.488	0.427	0.471	0.422	0.469	0.364	0.33	0.339	0.291
0.403	0.476	0.422	0.449	0.422	0.42	0.369	0.332	0.342	0.293
0.4	0.474	0.43	0.425	0.403	0.405	0.364	0.339	0.337	0.293
0.391	0.476	0.437	0.415	0.4	0.403	0.359	0.342	0.337	0.295
0.393	0.471	0.427	0.415	0.398	0.398	0.361	0.339	0.339	0.293
0.4	0.479	0.42	0.42	0.396	0.396	0.361	0.334	0.337	0.288
0.4	0.471	0.42	0.422	0.396	0.388	0.349	0.334	0.344	0.288
0.4	0.469	0.417	0.415	0.391	0.381	0.344	0.334	0.344	0.291
0.398	0.461	0.42	0.41	0.386	0.391	0.349	0.339	0.342	0.293
0.398	0.466	0.422	0.403	0.391	0.381	0.349	0.342	0.339	0.293
0.393	0.466	0.422	0.403	0.393	0.383	0.347	0.337	0.342	0.291
0.393	0.469	0.425	0.408	0.396	0.383	0.347	0.334	0.344	0.288
0.398	0.474	0.425	0.41	0.393	0.381	0.342	0.332	0.347	0.288
0.398	0.474	0.425	0.41	0.391	0.376	0.344	0.337	0.347	0.293
0.393	0.466	0.425	0.408	0.391	0.386	0.347	0.332	0.342	0.293
0.391	0.464	0.427	0.408	0.393	0.383	0.347	0.332	0.339	0.293
0.391	0.469	0.427	0.408	0.398	0.388	0.344	0.334	0.339	0.293
0.398	0.469	0.427	0.413	0.4	0.388	0.342	0.332	0.344	0.291
0.393	0.476	0.422	0.413	0.4	0.383	0.339	0.334	0.344	0.291
0.398	0.476	0.422	0.408	0.4	0.381	0.347	0.337	0.344	0.291
0.393	0.476	0.422	0.408	0.396	0.383	0.352	0.342	0.342	0.293
0.391	0.476	0.43	0.4	0.391	0.386	0.349	0.347	0.339	0.295
0.386	0.479	0.43	0.403	0.396	0.388	0.347	0.342	0.337	0.295
0.388	0.481	0.427	0.403	0.398	0.388	0.347	0.337	0.342	0.291
0.393	0.483	0.427	0.41	0.393	0.381	0.347	0.337	0.344	0.291
0.393	0.483	0.422	0.41	0.396	0.383	0.349	0.339	0.342	0.293
0.393	0.483	0.427	0.4	0.393	0.383	0.352	0.339	0.342	0.293
0.391	0.481	0.43	0.4	0.398	0.386	0.349	0.344	0.337	0.293
0.391	0.479	0.435	0.403	0.4	0.386	0.347	0.342	0.334	0.291
0.393	0.483	0.435	0.408	0.4	0.386	0.344	0.339	0.339	0.288
0.391	0.479	0.43	0.408	0.398	0.383	0.349	0.337	0.339	0.288
0.391	0.476	0.427	0.405	0.393	0.381	0.349	0.339	0.337	0.291
0.388	0.469	0.427	0.405	0.393	0.381	0.354	0.342	0.334	0.293
0.388	0.457	0.43	0.405	0.396	0.383	0.356	0.344	0.334	0.293
0.386	0.454	0.432	0.408	0.393	0.383	0.354	0.347	0.339	0.291
0.383	0.459	0.432	0.41	0.396	0.386	0.347	0.337	0.342	0.291
0.386	0.461	0.427	0.41	0.396	0.383	0.347	0.332	0.344	0.288
0.388	0.464	0.422	0.408	0.393	0.383	0.347	0.332	0.337	0.295
0.386	0.464	0.43	0.403	0.393	0.381	0.354	0.337	0.337	0.298
0.383	0.461	0.432	0.405	0.391	0.381	0.352	0.342	0.339	0.295
0.383	0.459	0.432	0.405	0.393	0.381	0.352	0.386	0.337	0.295
0.383	0.461	0.43	0.405	0.396	0.383	0.349	0.464	0.339	0.291
0.391	0.466	0.427	0.405	0.396	0.381	0.349	0.564	0.344	0.291
0.391	0.466	0.427	0.408	0.393	0.381	0.352	0.942	0.344	0.293
0.391	0.459	0.43	0.4	0.388	0.381	0.352	1.235	0.339	0.295
0.391	0.457	0.432	0.408	0.391	0.386	0.352	1.304	0.337	0.3
0.391	0.454	0.43	0.413	0.393	0.388	0.352	1.35	0.337	0.293
0.391	0.464	0.43	0.413	0.396	0.386	0.352	1.453	0.339	0.291
0.393	0.466	0.427	0.415	0.393	0.383	0.352	1.462	0.342	0.288
0.396	0.471	0.425	0.413	0.386	0.383	0.352	1.455	0.339	0.293
0.396	0.464	0.422	0.41	0.383	0.386	0.354	1.506	0.337	0.293
0.391	0.459	0.43	0.41	0.386	0.386	0.352	1.577	0.334	0.295
0.391	0.459	0.43	0.41	0.388	0.383	0.347	1.609	0.332	0.293
0.393	0.461	0.427	0.415	0.391	0.383	0.344	1.65	0.337	0.291
0.396	0.464	0.425	0.415	0.391	0.378	0.349	1.663	0.339	0.291
0.405	0.466	0.425	0.415	0.388	0.378	0.352	1.655	0.337	0.291
0.405	0.459	0.425	0.413	0.386	0.376	0.354	1.624	0.334	0.293
0.398	0.457	0.427	0.415	0.386	0.383	0.354	1.45	0.334	0.3
0.393	0.457	0.43	0.417	0.393	0.386	0.347	1.272	0.337	0.291
0.396	0.461	0.43	0.42	0.393	0.386	0.349	1.121	0.337	0.32
0.396	0.461	0.425	0.42	0.391	0.381	0.356	0.952	0.337	0.476
0.398	0.461	0.422	0.415	0.388	0.378	0.356	0.891	0.337	1.365
0.396	0.459	0.425	0.415	0.386	0.378	0.361	0.872	0.334	2.4
0.388	0.457	0.43	0.41	0.386	0.381	0.356	0.83	0.334	1.895
0.388	0.457	0.432	0.415	0.388	0.381	0.354	0.752	0.337	1.707
0.386	0.461	0.43	0.42	0.393	0.383	0.352	0.667	0.337	2.061
0.391	0.461	0.425	0.42	0.391	0.381	0.352	0.645	0.339	2.4
0.393	0.461	0.425	0.42	0.386	0.378	0.356	0.61	0.337	2.488
0.388	0.459	0.43	0.415	0.381	0.378	0.359	0.588	0.334	2.576
0.388	0.459	0.43	0.413	0.381	0.378	0.356	0.542	0.334	2.649
0.386	0.457	0.432	0.413	0.386	0.378	0.354	0.52	0.337	2.7
0.386	0.464	0.43	0.42	0.383	0.378	0.354	0.496	0.339	2.7
0.393	0.464	0.427	0.422	0.383	0.376	0.354	0.488	0.342	2.607
0.393	0.461	0.425	0.417	0.383	0.376	0.356	0.493	0.337	2.417
0.393	0.461	0.427	0.413	0.386	0.376	0.359	0.491	0.337	2.202
0.43	0.461	0.488	0.415	0.388	0.381	0.361	0.471	0.334	1.96
0.449	0.479	0.527	0.417	0.393	0.383	0.359	0.457	0.334	1.68
1.414	0.544	0.725	0.461	0.391	0.381	0.354	0.461	0.342	1.499
2.651	1.946	1.672	0.52	0.391	0.381	0.356	0.444	0.342	1.292
2.38	2.493	1.816	1.05	0.388	0.378	0.359	0.432	0.339	1.113
2.268	2.141	1.553	2.336	0.383	0.374	0.361	0.43	0.337	1.021
2.424	2.029	1.65	2.009	0.381	0.447	0.359	0.432	0.337	0.979
2.598	2.051	1.819	1.775	0.381	0.5	0.398	0.432	0.342	0.911
2.778	2.085	1.926	2.102	0.386	0.762	0.498	0.432	0.396	0.864
3.103	2.126	2.053	2.424	0.383	1.995	0.798	0.425	0.698	0.762
3.254	2.2	2.236	2.5	0.383	1.729	1.743	0.43	3.247	0.637
3.352	2.256	2.314	2.673	0.383	1.558	1.726	0.432	3.154	0.562
3.433	2.314	2.332	2.834	0.386	1.716	1.614	0.43	2.864	0.51
3.472	2.339	2.378	2.935	0.386	1.975	1.736	0.427	3.052	0.486
3.481	2.373	2.358	2.935	0.388	2.073	1.887	0.43	3.315	0.496
3.437	2.383	2.253	2.908	0.386	2.18	2.026	0.425	3.384	0.505
3.286	2.278	2.148	2.786	0.381	2.334	2.153	0.425	3.411	0.476
3.044	2.085	2.009	2.51	0.378	2.432	2.227	0.43	3.44	0.454
2.747	1.968	1.846	2.327	0.381	2.444	2.173	0.43	3.44	0.439
2.385	1.86	1.682	2.183	0.381	2.405	2.18	0.432	3.433	0.427
2.078	1.587	1.553	1.763	0.386	2.322	2.185	0.435	3.306	0.42
1.76	1.309	1.46	1.377	0.383	2.139	2.126	0.54	3.013	0.417
1.467	1.128	1.306	1.133	0.381	1.885	2.063	0.906	2.644	0.413
1.26	1.025	1.138	0.964	0.378	1.704	1.953	3.418	2.446	0.41
1.016	0.925	0.977	0.937	0.381	1.46	1.831	3.008	2.244	0.4
0.92	0.906	0.869	0.894	0.386	1.172	1.721	2.561	1.956	0.4
0.854	0.811	0.808	0.925	0.383	1.028	1.616	2.761	1.516	0.398
0.764	0.752	0.828	0.935	0.386	0.967	1.423	3.02	1.174	0.403
0.691	0.708	0.801	0.886	0.381	0.911	1.294	3.108	0.916	0.4
0.647	0.649	0.737	0.803	0.388	0.872	1.177	3.181	0.842	0.405
0.625	0.598	0.691	0.679	0.413	0.847	1.055	3.254	0.845	0.408
0.583	0.596	0.659	0.637	0.466	0.796	0.957	3.289	0.803	0.405
0.566	0.566	0.61	0.627	0.605	0.725	0.862	3.301	0.715	0.398
0.569	0.527	0.593	0.613	1.536	0.659	0.884	3.323	0.657	0.41
0.562	0.518	0.576	0.635	1.841	0.571	0.857	3.34	0.613	0.41
0.535	0.544	0.576	0.603	1.87	0.552	0.852	3.335	0.566	0.408
0.527	0.518	0.571	0.586	1.934	0.53	0.84	3.311	0.547	0.41
0.525	0.491	0.574	0.608	2.112	0.52	0.742	3.264	0.513	0.408
0.527	0.491	0.559	0.596	2.183	0.498	0.662	3.12	0.515	0.403
0.535	0.498	0.544	0.53	2.271	0.479	0.579	2.859	0.493	0.405
0.535	0.508	0.552	0.508	2.39	0.474	0.547	2.622	0.503	0.405
0.535	0.518	0.576	0.503	2.471	0.476	0.542	2.397	0.505	0.405
0.532	0.515	0.576	0.498	2.5	0.496	0.557	2.124	0.491	0.613
0.532	0.51	0.53	0.505	2.542	0.505	0.537	1.875	0.493	1.521
0.532	0.508	0.51	0.508	2.512	0.461	0.522	1.528	0.493	4.927
0.53	0.505	0.508	0.515	2.458	0.439	0.544	1.072	0.483	3.657
0.535	0.505	0.498	0.513	2.295	0.435	0.552	0.779	0.464	2.908
0.53	0.508	0.5	0.505	2.095	0.437	0.508	0.684	0.459	3.215
0.535	0.505	0.498	0.51	1.943	0.435	0.481	0.647	0.459	3.604
0.537	0.5	0.498	0.508	1.646	0.439	0.476	0.544	0.452	3.74
0.54	0.498	0.5	0.515	1.375	0.442	0.471	0.464	0.452	3.853
0.54	0.5	0.5	0.51	1.172	0.435	0.471	0.4	0.452	3.884
0.544	0.505	0.496	0.513	1.094	0.435	0.476	0.366	0.452	3.918
0.54	0.505	0.498	0.51	0.945	0.435	0.479	0.354	0.449	3.928
0.535	0.505	0.503	0.515	0.857	0.437	0.479	0.354	0.447	3.904
0.54	0.51	0.505	0.515	0.781	0.437	0.474	0.349	0.452	3.889
0.532	0.51	0.5	0.518	0.728	0.439	0.474	0.349	0.454	3.86
0.535	0.513	0.493	0.52	0.669	0.439	0.476	0.347	0.452	3.838
0.535	0.51	0.498	0.518	0.618	0.439	0.471	0.349	0.447	3.687
0.532	0.508	0.5	0.518	0.576	0.439	0.474	0.356	0.444	3.074
0.527	0.505	0.505	0.52	0.571	0.437	0.476	0.354	0.444	2.493
0.527	0.508	0.508	0.522	0.566	0.437	0.474	0.352	0.449	1.943
0.535	0.513	0.503	0.522	0.535	0.439	0.474	0.354	0.449	1.362
0.537	0.515	0.503	0.52	0.503	0.439	0.476	0.352	0.452	1.035
0.537	0.515	0.503	0.518	0.505	0.432	0.479	0.352	0.447	0.884
0.535	0.51	0.505	0.515	0.508	0.435	0.476	0.356	0.449	0.801
0.53	0.505	0.51	0.515	0.476	0.439	0.479	0.356	0.452	0.688
0.532	0.505	0.513	0.52	0.466	0.442	0.476	0.356	0.457	0.562
0.535	0.508	0.513	0.522	0.469	0.447	0.474	0.352	0.457	0.466
0.537	0.51	0.527	0.52	0.464	0.437	0.566	0.352	0.454	0.408
0.535	0.51	0.771	0.515	0.464	0.437	0.84	0.352	0.452	0.361
0.537	0.508	1.858	0.513	0.464	0.435	2.388	0.354	0.496	0.349
0.54	0.505	4.421	0.52	0.469	0.439	3.013	0.356	0.562	0.342
0.537	0.505	3.85	0.518	0.466	0.442	2.017	0.352	2.483	0.334
0.542	0.503	3.464	0.537	0.464	0.447	1.604	0.349	3.389	0.332
0.542	0.51	3.423	0.596	0.457	0.5	1.624	0.349	3.018	0.334
0.61	0.513	3.413	2.622	0.461	0.725	1.709	0.347	2.991	0.332
0.779	0.515	3.403	2.664	0.461	2.974	1.746	0.354	3.142	0.334
1.497	0.505	3.501	1.926	0.461	2.241	1.804	0.356	3.286	0.334
2.563	0.503	3.574	1.736	0.466	1.636	1.851	0.356	3.406	0.332
2.495	0.503	3.577	1.919	0.469	1.504	1.887	0.354	3.552	0.33
2.454	0.505	3.577	2.012	0.466	1.487	1.924	0.354	3.66	0.33
2.473	0.503	3.54	2.024	0.464	1.519	1.943	0.354	3.696	0.332
2.632	0.508	3.506	2.041	0.464	1.528	1.953	0.356	3.652	0.332
2.859	0.5	3.513	2.053	0.469	1.587	1.951	0	3.572	0.334
3.132	0.571	3.538	2.09	0.471	1.626	1.855	0	3.547	0.332
3.274	0.659	3.503	2.114	0.469	1.616	1.619	0	3.555	0.33
3.396	2.395	3.491	2.122	0.464	1.587	1.401	0	3.494	0.33
3.477	3.958	3.413	2.131	0.459	1.543	1.191	0	3.081	0.33
3.496	3.245	2.917	2.112	0.457	1.531	1.069	0	2.627	0.332
3.508	3.225	2.397	2.068	0.457	1.528	0.959	0	2.144	0.332
3.53	3.716	1.924	1.987	0.459	1.511	0.83	0	1.77	0.33
3.367	4.031	1.433	1.838	0.457	1.379	0.745	0	1.24	0.327
2.998	4.209	1.067	1.631	0.461	1.177	0.664	0	0.869	0.325
2.527	4.36	0.872	1.343	0.464	1.021	0.583	0	0.774	0.325
2.075	4.453	0.798	1.179	0.459	0.896	0.535	0	0.676	0.332
1.606	4.561	0.698	1.013	0.464	0.793	0.469	0	0.574	0.334
1.296	4.624	0.601	0.813	0.469	0.647	0.417	0	0.461	0.327
0.996	4.631	0.508	0.713	0.466	0.564	0.378	0	0.413	0.325
0.852	4.419	0.461	0.659	0.466	0.52	0.374	0	0.381	0.33
0.769	4.092	0.43	0.574	0.461	0.493	0.374	0	0.371	0.332
0.708	3.633	0.43	0.483	0.459	0.459	0.376	0	0.361	0.334
0.664	3.13	0.469	0.449	0.459	0.398	0.378	0	0.361	0.334
0.625	2.671	0.442	0.444	0.461	0.378	0.369	0	0.364	0.33
0.559	2.361	0.427	0.442	0.5	0.374	0.364	0	0.364	0.33
0.53	2.036	0.422	0.444	0.62	0.366	0.366	0	0.366	0
0.503	1.675	0.42	0.454	2.395	0.364	0.369	0	0.366	0
0.486	1.333	0.422	0.461	4.202	0.364	0.371	0	0.364	0
0.515	1.064	0.42	0.457	3.552	0.371	0.369	0	0.364	0
0.53	0.906	0.422	0.447	3.381	0.376	0.364	0	0.364	0
0.508	0.798	0.425	0.444	3.774	0.371	0.361	0	0.369	0
0.486	0.652	0.417	0.442	4.021	0.364	0.366	0	0.369	0
0.481	0.537	0.417	0.437	4.011	0.364	0.369	0	0.366	0
0.479	0.486	0.42	0.435	4.106	0.366	0.371	0	0.366	0
0.476	0.449	0.425	0.437	4.204	0.371	0.369	0	0.364	0
0.476	0.439	0.425	0.442	4.292	0.371	0.364	0	0.366	0
0.471	0.437	0.422	0.444	4.373	0.369	0.364	0	0.369	0
0.471	0.449	0.42	0.447	4.407	0.366	0.366	0	0.366	0
0.469	0.437	0.42	0.444	4.299	0.366	0.369	0	0.366	0
0.471	0.427	0.425	0.439	4.185	0.364	0.369	0	0.366	0
0.474	0.432	0.43	0.437	4.041	0.374	0.369	0	0.371	0
0.471	0.439	0.427	0.439	3.889	0.376	0.366	0	0.371	0
0.479	0.437	0.43	0.437	3.823	0.374	0.364	0	0.374	0
0.481	0.437	0.425	0.439	3.408	0.374	0.369	0	0.374	0
0.481	0.437	0.425	0.435	3.062	0.369	0.374	0	0.374	0
0.476	0.435	0.425	0.432	2.781	0.376	0.374	0	0.374	0
0.476	0.437	0.427	0.43	2.424	0.376	0.371	0	0.369	0
0.479	0.435	0.435	0.435	2.034	0.376	0.371	0	0.371	0
0.479	0.432	0.437	0.435	1.621	0.371	0.369	0	0.371	0
0.479	0.435	0.432	0.435	1.052	0.369	0.371	0	0.376	0
0.476	0.435	0.43	0.435	0.925	0.374	0.374	0	0.371	0
0.479	0.432	0.43	0.432	0.801	0.376	0.376	0	0.369	0
0.474	0.432	0.43	0.435	0.681	0.381	0.376	0	0.364	0
0.469	0.435	0.43	0.439	0.54	0.381	0.369	0	0.366	0
0.481	0.435	0.427	0.442	0.464	0.378	0.366	0	0.374	0
0.488	0.437	0.425	0.439	0.41	0.371	0.366	0	0.376	0
0.488	0.435	0.422	0.437	0.396	0.371	0.371	0	0.376	0
0.486	0.435	0.439	0.439	0.396	0.374	0.405	0	0.442	0
0.486	0.432	0.537	0.437	0.391	0.378	0	0	0.669	0
0.488	0.437	0	0.444	0.391	0.381	0	0	2.673	0
0.493	0.439	0	0.444	0.391	0.376	0	0	3.037	0
0.493	0.442	0	0.442	0.386	0	0	0	2.415	0
0.496	0.442	0	0.439	0.386	0	0	0	2.058	0
0.493	0.439	0	0.437	0.383	0	0	0	0	0
0.488	0.432	0	0.439	0.388	0	0	0	0	0
0	0.437	0	0.442	0.393	0	0	0	0	0
0	0.437	0	0.552	0.396	0	0	0	0	0
0	0.439	0	0.947	0.393	0	0	0	0	0
0	0.435	0	2.356	0.388	0	0	0	0	0
0	0.437	0	0	0.388	0	0	0	0	0
0	0.435	0	0	0.388	0	0	0	0	0
0	0	0	0	0.393	0	0	0	0	0
0	0	0	0	0.396	0	0	0	0	0
0	0	0	0	0.393	0	0	0	0	0
0	0	0	0	0.391	0	0	0	0	0
0	0	0	0	0.393	0	0	0	0	0
0	0	0	0	0.4	0	0	0	0	0
0	0	0	0	0.4	0	0	0	0	0
0	0	0	0	0.403	0	0	0	0	0
0	0	0	0	0.398	0	0	0	0	0
0	0	0	0	0.391	0	0	0	0	0
0	0	0	0	0.396	0	0	0	0	0
0	0	0	0	0.396	0	0	0	0	0
0	0	0	0	0.403	0	0	0	0	0
0	0	0	0	0.4	0	0	0	0	0
0	0	0	0	0.398	0	0	0	0	0
0	0	0	0	0.393	0	0	0	0	0
0	0	0	0	0.403	0	0	0	0	0
