0.3	0.305	0.31	0.308	0.308	0.344	0.337	0.325	0.308	0.308
0.33	0.303	0.305	0.303	0.303	0.344	0.344	0.327	0.303	0.303
0.393	0.3	0.317	0.303	0.303	0.352	0.374	0.33	0.303	0.303
0.579	0.291	0.312	0.366	0.366	0.4	0.654	0.347	0.366	0.366
0.63	0.312	0.388	0.442	0.442	0.466	0.728	1.135	0.442	0.442
0.64	0.364	0.461	0.588	0.588	0.549	0.601	1.562	0.588	0.588
0.618	0.378	0.466	0.618	0.618	0.554	0.564	0.771	0.618	0.618
0.586	0.408	0.447	0.605	0.605	0.552	0.579	0.593	0.605	0.605
0.583	0.413	0.425	0.63	0.63	0.559	0.588	0.562	0.63	0.63
0.591	0.413	0.422	0.671	0.671	0.569	0.588	0.605	0.671	0.671
0.601	0.413	0.422	0.693	0.693	0.566	0.591	0.64	0.693	0.693
0.601	0.413	0.417	0.718	0.718	0.557	0.586	0.654	0.718	0.718
0.581	0.42	0.413	0.75	0.75	0.554	0.586	0.659	0.75	0.75
0.518	0.427	0.417	0.732	0.732	0.52	0.552	0.645	0.732	0.732
0.439	0.43	0.413	0.723	0.723	0.439	0.51	0.608	0.723	0.723
0.41	0.43	0.425	0.708	0.708	0.396	0.457	0.581	0.708	0.708
0.386	0.425	0.427	0.659	0.659	0.374	0.405	0.464	0.659	0.659
0.33	0.415	0.417	0.581	0.581	0.381	0.374	0.396	0.581	0.581
0.315	0.469	0.417	0.51	0.51	0.378	0.388	0.383	0.51	0.51
0.322	0.461	0.383	0.459	0.459	0.356	0.361	0.347	0.459	0.459
0.317	0.396	0.361	0.471	0.471	0.352	0.339	0.332	0.471	0.471
0.312	0.354	0.381	0.508	0.508	0.352	0.33	0.33	0.508	0.508
0.31	0.315	0.337	0.505	0.505	0.349	0.325	0.325	0.505	0.505
0.308	0.303	0.317	0.442	0.442	0.347	0.322	0.322	0.442	0.442
0.31	0.305	0.31	0.403	0.403	0.347	0.322	0.322	0.403	0.403
0.312	0.303	0.312	0.359	0.359	0.344	0.325	0.325	0.359	0.359
0.312	0.3	0.31	0.317	0.317	0.352	0.332	0.33	0.317	0.317
0.31	0.298	0.315	0.305	0.305	0.354	0.334	0.332	0.305	0.305
0.31	0.298	0.315	0.308	0.308	0.352	0.332	0.327	0.308	0.308
0.31	0.3	0.312	0.305	0.305	0.347	0.33	0.327	0.305	0.305
0.312	0.303	0.308	0.303	0.303	0.344	0.33	0.327	0.303	0.303
0.315	0.3	0.308	0.3	0.3	0.347	0.332	0.33	0.3	0.3
0.312	0.298	0.31	0.3	0.3	0.349	0.332	0.33	0.3	0.3
0.31	0.298	0.31	0.3	0.3	0.349	0.327	0.33	0.3	0.3
0.305	0.298	0.312	0.303	0.303	0.347	0.332	0.33	0.303	0.303
0.305	0.3	0.305	0.305	0.305	0.344	0.327	0.325	0.305	0.305
0.308	0.303	0.308	0.3	0.3	0.344	0.332	0.325	0.3	0.3
0.308	0.3	0.308	0.298	0.298	0.342	0.33	0.327	0.298	0.298
0.31	0.298	0.308	0.298	0.298	0.347	0.332	0.332	0.298	0.298
0.305	0.295	0.312	0.303	0.303	0.347	0.332	0.33	0.303	0.303
0.308	0.295	0.312	0.305	0.305	0.347	0.327	0.327	0.305	0.305
0.317	0.298	0.312	0.337	0.337	0.342	0.325	0.325	0.337	0.337
0.415	0.3	0.308	0.322	0.322	0.339	0.332	0.325	0.322	0.322
0.442	0.303	0.31	0.327	0.327	0.339	0.42	0.33	0.327	0.327
0.452	0.298	0.312	0.386	0.386	0.347	0.552	0.361	0.386	0.386
0.447	0.3	0.32	0.493	0.493	0.349	0.581	0.911	0.493	0.493
0.437	0.312	0.33	0.591	0.591	0.408	0.586	0.979	0.591	0.591
0.432	0.349	0.327	0.613	0.613	0.452	0.576	0.881	0.613	0.613
0.427	0.413	0.33	0.645	0.645	0.43	0.579	0.823	0.645	0.645
0.432	0.42	0.342	0.72	0.72	0.427	0.591	0.806	0.72	0.72
0.41	0.437	0.386	0.769	0.769	0.42	0.591	0.796	0.769	0.769
0.376	0.432	0.415	0.784	0.784	0.408	0.549	0.767	0.784	0.784
0.359	0.427	0.425	0.762	0.762	0.403	0.471	0.601	0.762	0.762
0.378	0.425	0.422	0.73	0.73	0.396	0.449	0.493	0.73	0.73
0.342	0.43	0.425	0.701	0.701	0.383	0.422	0.435	0.701	0.701
0.31	0.422	0.425	0.64	0.64	0.366	0.393	0.41	0.64	0.64
0.303	0.413	0.439	0.591	0.591	0.369	0.364	0.354	0.591	0.591
0.3	0.378	0.422	0.498	0.498	0.354	0.344	0.337	0.498	0.498
0.3	0.359	0.388	0.415	0.415	0.349	0.349	0.327	0.415	0.415
0.298	0.325	0.352	0.366	0.366	0.344	0.334	0.322	0.366	0.366
0.303	0.31	0.342	0.342	0.342	0.344	0.322	0.325	0.342	0.342
0.305	0.303	0.32	0.334	0.334	0.344	0.325	0.33	0.334	0.334
0.303	0.293	0.312	0.303	0.303	0.349	0.327	0.332	0.303	0.303
0.3	0.291	0.315	0.298	0.298	0.349	0.327	0.332	0.298	0.298
0.298	0.293	0.315	0.295	0.295	0.347	0.325	0.327	0.295	0.295
0.298	0.298	0.312	0.298	0.298	0.344	0.325	0.325	0.298	0.298
0.298	0.3	0.308	0.295	0.295	0.344	0.332	0.327	0.295	0.295
0.303	0.3	0.305	0.293	0.293	0.347	0.33	0.33	0.293	0.293
0.308	0.3	0.312	0.293	0.293	0.347	0.332	0.332	0.293	0.293
0.303	0.298	0.315	0.295	0.295	0.347	0.332	0.332	0.295	0.295
0.303	0.298	0.312	0.3	0.3	0.347	0.327	0.325	0.3	0.3
0.3	0.3	0.312	0.303	0.303	0.342	0.327	0.322	0.303	0.303
0.305	0.303	0.308	0.3	0.3	0.337	0.327	0.325	0.3	0.3
0.308	0.3	0.303	0.298	0.298	0.339	0.325	0.327	0.298	0.298
0.308	0.298	0.31	0.295	0.295	0.342	0.327	0.327	0.295	0.295
0.303	0.295	0.312	0.3	0.3	0.344	0.33	0.327	0.3	0.3
0.3	0.298	0.312	0.303	0.303	0.344	0.327	0.322	0.303	0.303
0.303	0.3	0.312	0.303	0.303	0.344	0.325	0.325	0.303	0.303
0.308	0.3	0.308	0.303	0.303	0.342	0.327	0.325	0.303	0.303
0.308	0.303	0.31	0.3	0.3	0.342	0.33	0.327	0.3	0.3
0.308	0.3	0.312	0.3	0.3	0.344	0.332	0.33	0.3	0.3
0.305	0.295	0.315	0.303	0.303	0.632	0.33	0.33	0.303	0.303
0.303	0.298	0.315	0.308	0.308	0.774	0.33	0.327	0.308	0.308
0.305	0.298	0.315	0.303	0.303	0.547	0.325	0.325	0.303	0.303
0.308	0.303	0.308	0.303	0.303	0.496	0.327	0.364	0.303	0.303
0.31	0.303	0.31	0.298	0.298	0.537	0.33	0.393	0.298	0.298
0.308	0.3	0.315	0.3	0.3	0.576	0.786	0.391	0.3	0.3
0.303	0.295	0.317	0.303	0.303	0.603	1.035	0.383	0.303	0.303
0.303	0.298	0.317	0.305	0.305	0.613	0.667	0.374	0.305	0.305
0.303	0.303	0.312	0.308	0.308	0.605	0.591	0.378	0.308	0.308
0.303	0.305	0.312	0.303	0.303	0.601	0.593	0.376	0.303	0.303
0.308	0.303	0.312	0.3	0.3	0.579	0.62	0.374	0.3	0.3
0.305	0.3	0.317	0.3	0.3	0.532	0.625	0.378	0.3	0.3
0.308	0.298	0.32	0.305	0.305	0.452	0.647	0.376	0.305	0.305
0.303	0.295	0.322	0.308	0.308	0.378	0.679	0.369	0.308	0.308
0.298	0.3	0.32	0.308	0.308	0.354	0.676	0.371	0.308	0.308
0.303	0.3	0.315	0.305	0.305	0.347	0.669	0.371	0.305	0.305
0.305	0.3	0.317	0.303	0.303	0.344	0.654	0.374	0.303	0.303
0.305	0.298	0.317	0.305	0.305	0.347	0.615	0.369	0.305	0.305
0.305	0.515	0.32	0.308	0.308	0.356	0.496	0.352	0.308	0.308
0.3	0.745	0.322	0.31	0.31	0.344	0.391	0.339	0.31	0.31
0.298	0.557	0.322	0.308	0.308	0.339	0.349	0.33	0.308	0.308
0.303	0.51	0.33	0.305	0.305	0.339	0.32	0.33	0.305	0.305
0.303	0.51	0.403	0.303	0.303	0.339	0.315	0.327	0.303	0.303
0.303	0.513	0.381	0.305	0.305	0.344	0.315	0.332	0.305	0.305
0.298	0.515	0.337	0.31	0.31	0.344	0.322	0.33	0.31	0.31
0.295	0.52	0.325	0.31	0.31	0.342	0.322	0.327	0.31	0.31
0.298	0.525	0.32	0.31	0.31	0.339	0.312	0.327	0.31	0.31
0.3	0.522	0.315	0.305	0.305	0.337	0.315	0.327	0.305	0.305
0.305	0.525	0.315	0.303	0.303	0.337	0.315	0.332	0.303	0.303
0.308	0.525	0.32	0.303	0.303	0.344	0.317	0.337	0.303	0.303
0.308	0.515	0.322	0.308	0.308	0.347	0.315	0.332	0.308	0.308
0.3	0.466	0.322	0.308	0.308	0.349	0.312	0.332	0.308	0.308
0.305	0.408	0.32	0.308	0.308	0.344	0.31	0.332	0.308	0.308
0.308	0.366	0.317	0.303	0.303	0.344	0.312	0.332	0.303	0.303
0.31	0.356	0.317	0.303	0.303	0.344	0.315	0.334	0.303	0.303
0.308	0.347	0.32	0.31	0.31	0.344	0.315	0.337	0.31	0.31
0.305	0.347	0.322	0.308	0.308	0.347	0.312	0.337	0.308	0.308
0.298	0.347	0.322	0.308	0.308	0.349	0.31	0.332	0.308	0.308
0.3	0.332	0.317	0.308	0.308	0.344	0.312	0.33	0.308	0.308
0.303	0.312	0.315	0.303	0.303	0.342	0.312	0.332	0.303	0.303
0.305	0.303	0.315	0.298	0.298	0.344	0.312	0.334	0.298	0.298
0.305	0.305	0.317	0.298	0.298	0.352	0.315	0.334	0.298	0.298
0.303	0.303	0.32	0.298	0.298	0.354	0.317	0.332	0.298	0.298
0.298	0.305	0.32	0.3	0.3	0.352	0.312	0.33	0.3	0.3
0.303	0.308	0.317	0.298	0.298	0.349	0.31	0.33	0.298	0.298
0.3	0.31	0.315	0.295	0.295	0.349	0.308	0.33	0.295	0.295
0.308	0.308	0.315	0.298	0.298	0.344	0.31	0.332	0.298	0.298
0.308	0.305	0.32	0.298	0.298	0.352	0.315	0.332	0.298	0.298
0.303	0.3	0.322	0.3	0.3	0.352	0.312	0.33	0.3	0.3
0.303	0.303	0.32	0.303	0.303	0.354	0.31	0.33	0.303	0.303
0.303	0.305	0.315	0.305	0.305	0.349	0.308	0.327	0.305	0.305
0.305	0.305	0.315	0.298	0.298	0.344	0.31	0.327	0.298	0.298
0.308	0.305	0.315	0.3	0.3	0.347	0.31	0.334	0.3	0.3
0.308	0.303	0.317	0.469	0.469	0.347	0.312	0.334	0.469	0.469
0.308	0.303	0.322	0.654	0.654	0.352	0.312	0.337	0.654	0.654
0.303	0.303	0.317	0.481	0.481	0.347	0.308	0.334	0.481	0.481
0.303	0.303	0.315	0.43	0.43	0.347	0.308	0.332	0.43	0.43
0.305	0.308	0.312	0.422	0.422	0.347	0.308	0.33	0.422	0.422
0.305	0.308	0.305	0.444	0.444	0.347	0.31	0.337	0.444	0.444
0.303	0.303	0.315	0.471	0.471	0.347	0.308	0.337	0.471	0.471
0.3	0.3	0.317	0.493	0.493	0.349	0.305	0.337	0.493	0.493
0.3	0.3	0.32	0.515	0.515	0.352	0.305	0.334	0.515	0.515
0.295	0.303	0.315	0.532	0.532	0.349	0.3	0.332	0.532	0.532
0.303	0.305	0.312	0.542	0.542	0.347	0.305	0.334	0.542	0.542
0.303	0.308	0.315	0.527	0.527	0.349	0.312	0.337	0.527	0.527
0.305	0.303	0.315	0.471	0.471	0.352	0.317	0.339	0.471	0.471
0.305	0.3	0.317	0.427	0.427	0.352	0.317	0.339	0.427	0.427
0.305	0.3	0.317	0.376	0.376	0.352	0.312	0.337	0.376	0.376
0.303	0.303	0.315	0.322	0.322	0.347	0.31	0.334	0.322	0.322
0.308	0.305	0.312	0.308	0.308	0.347	0.31	0.339	0.308	0.308
0.308	0.305	0.31	0.305	0.305	0.347	0.315	0.342	0.305	0.305
0.305	0.303	0.315	0.303	0.303	0.352	0.317	0.342	0.303	0.303
0.305	0.3	0.317	0.308	0.308	0.352	0.317	0.339	0.308	0.308
0.3	0.303	0.315	0.308	0.308	0.349	0.315	0.339	0.308	0.308
0.303	0.303	0.315	0.31	0.31	0.347	0.315	0.337	0.31	0.31
0.305	0.305	0.31	0.308	0.308	0.344	0.31	0.339	0.308	0.308
0.308	0.305	0.31	0.308	0.308	0.347	0.32	0.342	0.308	0.308
0.305	0.303	0.31	0.31	0.31	0.349	0.32	0.344	0.31	0.31
0.303	0.3	0.31	0.305	0.305	0.349	0.317	0.347	0.305	0.305
0.295	0.3	0.31	0.308	0.308	0.349	0.315	0.337	0.308	0.308
0.291	0.303	0.308	0.308	0.308	0.347	0.315	0.337	0.308	0.308
0.298	0.305	0.305	0.305	0.305	0.349	0.315	0.339	0.305	0.305
0.303	0.305	0.308	0.303	0.303	0.352	0.317	0.342	0.303	0.303
0.303	0.303	0.312	0.303	0.303	0.352	0.317	0.342	0.303	0.303
0.3	0.3	0.312	0.308	0.308	0.352	0.312	0.339	0.308	0.308
0.303	0.298	0.312	0.31	0.31	0.349	0.315	0.337	0.31	0.31
0.3	0.303	0.31	0.312	0.312	0.342	0.315	0.334	0.312	0.312
0.303	0.305	0.308	0.305	0.305	0.339	0.315	0.334	0.305	0.305
0.303	0.303	0.308	0.305	0.305	0.342	0.315	0.334	0.305	0.305
0.303	0.3	0.312	0.312	0.312	0.349	0.317	0.342	0.312	0.312
0.303	0.3	0.317	0.31	0.31	0.354	0.315	0.339	0.31	0.31
0.298	0.298	0.315	0.312	0.312	0.352	0.312	0.334	0.312	0.312
0.3	0.303	0.312	0.312	0.312	0.344	0.312	0.332	0.312	0.312
0.3	0.305	0.31	0.308	0.308	0.344	0.31	0.332	0.308	0.308
0.303	0.305	0.31	0.308	0.308	0.347	0.315	0.337	0.308	0.308
0.298	0.3	0.312	0.305	0.305	0.352	0.315	0.339	0.305	0.305
0.293	0.3	0.315	0.308	0.308	0.356	0.312	0.342	0.308	0.308
0.295	0.303	0.312	0.31	0.31	0.352	0.312	0.337	0.31	0.31
0.295	0.303	0.31	0.31	0.31	0.349	0.312	0.334	0.31	0.31
0.3	0.305	0.308	0.305	0.305	0.347	0.312	0.339	0.305	0.305
0.303	0.3	0.308	0.303	0.303	0.347	0.32	0.344	0.303	0.303
0.305	0.303	0.31	0.308	0.308	0.352	0.317	0.344	0.308	0.308
0.3	0.298	0.315	0.308	0.308	0.352	0.315	0.339	0.308	0.308
0.298	0.298	0.31	0.312	0.312	0.352	0.312	0.337	0.312	0.312
0.295	0.303	0.31	0.308	0.308	0.352	0.31	0.337	0.308	0.308
0.3	0.303	0.308	0.308	0.308	0.349	0.312	0.339	0.308	0.308
0.303	0.305	0.308	0.305	0.305	0.352	0.312	0.342	0.305	0.305
0.303	0.303	0.312	0.305	0.305	0.354	0.315	0.344	0.305	0.305
0.3	0.3	0.312	0.312	0.312	0.356	0.315	0.344	0.312	0.312
0.298	0.298	0.308	0.315	0.315	0.352	0.31	0.339	0.315	0.315
0.3	0.303	0.31	0.315	0.315	0.352	0.308	0.334	0.315	0.315
0.3	0.303	0.308	0.312	0.312	0.352	0.308	0.337	0.312	0.312
0.303	0.303	0.308	0.31	0.31	0.352	0.312	0.337	0.31	0.31
0.308	0.3	0.312	0.31	0.31	0.356	0.315	0.339	0.31	0.31
0.298	0.298	0.312	0.315	0.315	0.361	0.312	0.337	0.315	0.315
0.298	0.298	0.312	0.317	0.317	0.356	0.31	0.332	0.317	0.317
0.3	0.3	0.312	0.312	0.312	0.352	0.31	0.332	0.312	0.312
0.3	0.303	0.308	0.31	0.31	0.349	0.315	0.334	0.31	0.31
0.305	0.303	0.305	0.308	0.308	0.352	0.312	0.339	0.308	0.308
0.305	0.298	0.31	0.308	0.308	0.354	0.317	0.339	0.308	0.308
0.303	0.298	0.312	0.312	0.312	0.354	0.317	0.337	0.312	0.312
0.298	0.3	0.312	0.312	0.312	0.352	0.315	0.33	0.312	0.312
0.298	0.3	0.31	0.31	0.31	0.352	0.312	0.322	0.31	0.31
0.3	0.303	0.308	0.31	0.31	0.354	0.317	0.325	0.31	0.31
0.303	0.3	0.308	0.305	0.305	0.359	0.317	0.33	0.305	0.305
0.305	0.3	0.312	0.308	0.308	0.359	0.317	0.332	0.308	0.308
0.303	0.295	0.312	0.31	0.31	0.361	0.322	0.334	0.31	0.31
0.3	0.3	0.31	0.31	0.31	0.359	0.32	0.332	0.31	0.31
0.3	0.303	0.308	0.315	0.315	0.356	0.317	0.33	0.315	0.315
0.303	0.305	0.305	0.305	0.305	0.354	0.317	0.332	0.305	0.305
0.305	0.303	0.303	0.303	0.303	0.356	0.317	0.337	0.303	0.303
0.305	0.3	0.31	0.305	0.305	0.356	0.32	0.337	0.305	0.305
0.3	0.298	0.31	0.31	0.31	0.359	0.317	0.339	0.31	0.31
0.3	0.3	0.31	0.312	0.312	0.361	0.315	0.334	0.312	0.312
0.3	0.303	0.308	0.315	0.315	0.354	0.31	0.334	0.315	0.315
0.303	0.305	0.305	0.305	0.305	0.354	0.317	0.332	0.305	0.305
0.303	0.303	0.308	0.305	0.305	0.356	0.315	0.337	0.305	0.305
0.303	0.3	0.31	0.308	0.308	0.359	0.317	0.339	0.308	0.308
0.3	0.298	0.315	0.308	0.308	0.359	0.317	0.334	0.308	0.308
0.298	0.298	0.315	0.31	0.31	0.356	0.312	0.33	0.31	0.31
0.298	0.303	0.31	0.31	0.31	0.352	0.315	0.332	0.31	0.31
0.303	0.303	0.31	0.305	0.305	0.347	0.315	0.334	0.305	0.305
0.305	0.303	0.305	0.305	0.305	0.349	0.317	0.342	0.305	0.305
0.303	0.3	0.31	0.31	0.31	0.352	0.32	0.344	0.31	0.31
0.3	0.298	0.312	0.312	0.312	0.354	0.322	0.339	0.312	0.312
0.298	0.3	0.312	0.315	0.315	0.352	0.315	0.334	0.315	0.315
0.298	0.303	0.305	0.312	0.312	0.347	0.317	0.334	0.312	0.312
0.303	0.305	0.303	0.31	0.31	0.349	0.32	0.334	0.31	0.31
0.305	0.303	0.308	0.308	0.308	0.352	0.325	0.342	0.308	0.308
0.305	0.3	0.308	0.312	0.312	0.356	0.327	0.339	0.312	0.312
0.3	0.298	0.31	0.312	0.312	0.359	0.322	0.339	0.312	0.312
0.298	0.3	0.308	0.315	0.315	0.356	0.317	0.334	0.315	0.315
0.3	0.303	0.303	0.31	0.31	0.356	0.312	0.332	0.31	0.31
0.303	0.305	0.3	0.308	0.308	0.354	0.317	0.334	0.308	0.308
0.305	0.305	0.303	0.308	0.308	0.356	0.325	0.337	0.308	0.308
0.305	0.3	0.305	0.305	0.305	0.361	0.327	0.339	0.305	0.305
0.303	0.3	0.305	0.315	0.315	0.359	0.322	0.339	0.315	0.315
0.3	0.303	0.308	0.317	0.317	0.356	0.317	0.334	0.317	0.317
0.303	0.303	0.305	0.315	0.315	0.356	0.315	0.334	0.315	0.315
0.305	0.305	0.303	0.312	0.312	0.354	0.317	0.342	0.312	0.312
0.31	0.308	0.308	0.312	0.312	0.354	0.32	0.339	0.312	0.312
0.308	0.3	0.308	0.334	0.334	0.359	0.322	0.339	0.334	0.334
0.305	0.298	0.308	0.601	0.601	0.361	0.322	0.337	0.601	0.601
0.303	0.3	0.308	1.643	1.643	0.359	0.317	0.334	1.643	1.643
0.305	0.303	0.305	1.777	1.777	0.356	0.317	0.332	1.777	1.777
0.305	0.305	0.305	1.792	1.792	0.356	0.317	0.371	1.792	1.792
0.308	0.305	0.308	1.809	1.809	0.359	0.32	0.396	1.809	1.809
0.305	0.303	0.31	1.792	1.792	0.359	0.322	2.041	1.792	1.792
0.303	0.3	0.31	1.782	1.782	0.359	0.32	2.625	1.782	1.782
0.298	0.303	0.308	1.797	1.797	0.356	0.32	1.228	1.797	1.797
0.298	0.305	0.305	1.768	1.768	0.354	0.32	0.84	1.768	1.768
0.3	0.305	0.305	1.76	1.76	0.354	0.322	0.771	1.76	1.76
0.305	0.305	0.305	1.741	1.741	0.352	0.325	0.757	1.741	1.741
0.308	0.3	0.31	1.65	1.65	0.352	0.33	0.747	1.65	1.65
0.3	0.298	0.312	1.396	1.396	0.352	0.327	0.737	1.396	1.396
0.298	0.3	0.31	1.033	1.033	0.347	0.322	0.728	1.033	1.033
0.295	0.3	0.31	0.757	0.757	0.347	0.32	0.718	0.757	0.757
0.303	0.305	0.308	0.632	0.632	0.347	0.325	0.625	0.632	0.632
0.305	0.305	0.31	0.496	0.496	0.349	0.325	0.486	0.496	0.496
0.305	0.3	0.31	0.415	0.415	0.352	0.33	0.427	0.415	0.415
0.303	0.298	0.312	0.42	0.42	0.354	0.327	0.42	0.42	0.42
0.298	0.298	0.315	0.371	0.371	0.352	0.322	0.403	0.371	0.371
0.303	0.303	0.312	0.325	0.325	0.349	0.32	0.352	0.325	0.325
0.305	0.305	0.31	0.312	0.312	0.347	0.322	0.337	0.312	0.312
0.305	0.3	0.31	0.308	0.308	0.347	0.325	0.337	0.308	0.308
0.303	0.3	0.312	0.312	0.312	0.354	0.33	0.337	0.312	0.312
0.3	0.298	0.315	0.315	0.315	0.354	0.325	0.332	0.315	0.315
0.3	0.298	0.315	0.325	0.325	0.352	0.322	0.33	0.325	0.325
0.3	0.3	0.312	0.315	0.315	0.349	0.32	0.334	0.315	0.315
0.303	0.3	0.31	0.31	0.31	0.349	0.322	0.334	0.31	0.31
0.305	0.3	0.312	0.308	0.308	0.354	0.327	0.337	0.308	0.308
0.305	0.298	0.315	0.308	0.308	0.356	0.327	0.337	0.308	0.308
0.3	0.298	0.315	0.315	0.315	0.356	0.325	0.334	0.315	0.315
0.3	0.295	0.312	0.317	0.317	0.354	0.322	0.332	0.317	0.317
0.303	0.303	0.308	0.315	0.315	0.347	0.32	0.33	0.315	0.315
0.305	0.305	0.308	0.312	0.312	0.361	0.317	0.327	0.312	0.312
0.305	0.303	0.31	0.31	0.31	0.376	0.325	0.334	0.31	0.31
0.303	0.298	0.312	0.312	0.312	0.5	0.342	0.334	0.312	0.312
0.303	0.298	0.315	0.317	0.317	1.201	0.437	0.33	0.317	0.317
0.3	0.3	0.315	0.317	0.317	1.489	1.782	0.33	0.317	0.317
0.298	0.303	0.312	0.315	0.315	1.501	2.039	0.332	0.315	0.315
0.303	0.305	0.308	0.312	0.312	1.526	1.006	0.334	0.312	0.312
0.305	0.303	0.31	0.31	0.31	1.506	0.74	0.334	0.31	0.31
0.305	0.3	0.312	0.312	0.312	1.497	0.803	0.337	0.312	0.312
0.3	0.295	0.312	0.315	0.315	1.479	1.05	0.337	0.315	0.315
0.298	0.3	0.31	0.315	0.315	1.484	1.094	0.332	0.315	0.315
0.3	0.305	0.31	0.312	0.312	1.479	1.121	0.332	0.312	0.312
0.3	0.308	0.308	0.31	0.31	1.467	1.113	0.334	0.31	0.31
0.303	0.308	0.31	0.31	0.31	1.46	1.096	0.339	0.31	0.31
0.303	0.303	0.312	0.315	0.315	1.423	0.999	0.337	0.315	0.315
0.298	0.303	0.312	0.315	0.315	1.27	0.83	0.339	0.315	0.315
0.298	0.303	0.31	0.31	0.31	1.008	0.667	0.337	0.31	0.31
0.298	0.305	0.308	0.303	0.303	0.789	0.508	0.337	0.303	0.303
0.3	0.308	0.308	0.308	0.308	0.576	0.425	0.339	0.308	0.308
0.3	0.308	0.308	0.308	0.308	0.449	0.391	0.342	0.308	0.308
0.303	0.3	0.325	0.308	0.308	0.437	0.413	0.342	0.308	0.308
0.295	0.298	0.33	0.312	0.312	0.43	0.391	0.337	0.312	0.312
0.295	0.298	0.364	0.312	0.312	0.381	0.361	0.334	0.312	0.312
0.3	0.303	0.483	0.312	0.312	0.359	0.327	0.334	0.312	0.312
0.3	0.303	0.659	0.31	0.31	0.356	0.32	0.339	0.31	0.31
0.303	0.3	0.757	0.31	0.31	0.356	0.317	0.342	0.31	0.31
0.3	0.3	0.818	0.312	0.312	0.361	0.322	0.342	0.312	0.312
0.295	0.3	0.84	0.317	0.317	0.359	0.317	0.337	0.317	0.317
0.295	0.3	0.833	0.317	0.317	0.356	0.317	0.332	0.317	0.317
0.291	0.303	0.837	0.315	0.315	0.352	0.315	0.332	0.315	0.315
0.298	0.303	0.842	0.312	0.312	0.349	0.317	0.332	0.312	0.312
0.303	0.303	0.874	0.31	0.31	0.354	0.32	0.334	0.31	0.31
0.303	0.298	0.884	0.317	0.317	0.352	0.32	0.334	0.317	0.317
0.3	0.298	0.879	0.315	0.315	0.354	0.317	0.332	0.315	0.315
0.298	0.298	0.85	0.317	0.317	0.349	0.315	0.33	0.317	0.317
0.3	0.303	0.837	0.315	0.315	0.349	0.312	0.334	0.315	0.315
0.3	0.303	0.793	0.315	0.315	0.352	0.312	0.337	0.315	0.315
0.303	0.303	0.723	0.31	0.31	0.356	0.312	0.342	0.31	0.31
0.3	0.3	0.635	0.315	0.315	0.359	0.315	0.339	0.315	0.315
0.298	0.298	0.491	0.312	0.312	0.359	0.31	0.334	0.312	0.312
0.295	0.298	0.427	0.315	0.315	0.356	0.312	0.334	0.315	0.315
0.298	0.31	0.403	0.312	0.312	0.354	0.317	0.334	0.312	0.312
0.3	0.322	0.393	0.308	0.308	0.352	0.312	0.337	0.308	0.308
0.3	0.391	0.344	0.308	0.308	0.354	0.315	0.337	0.308	0.308
0.3	0.513	0.322	0.31	0.31	0.356	0.315	0.342	0.31	0.31
0.295	0.635	0.315	0.312	0.312	0.356	0.312	0.334	0.312	0.312
0.295	0.674	0.31	0.312	0.312	0.352	0.315	0.332	0.312	0.312
0.295	0.676	0.312	0.308	0.308	0.349	0.312	0.334	0.308	0.308
0.3	0.671	0.315	0.305	0.305	0.347	0.312	0.337	0.305	0.305
0.305	0.669	0.31	0.305	0.305	0.349	0.317	0.334	0.305	0.305
0.303	0.667	0.315	0.308	0.308	0.352	0.325	0.334	0.308	0.308
0.3	0.657	0.317	0.308	0.308	0.352	0.317	0.332	0.308	0.308
0.298	0.657	0.315	0.31	0.31	0.352	0.315	0.33	0.31	0.31
0.298	0.657	0.312	0.31	0.31	0.347	0.312	0.327	0.31	0.31
0.305	0.649	0.31	0.31	0.31	0.347	0.315	0.332	0.31	0.31
0.305	0.642	0.312	0.308	0.308	0.347	0.317	0.337	0.308	0.308
0.303	0.532	0.312	0.308	0.308	0.352	0.317	0.334	0.308	0.308
0.3	0.439	0.315	0.312	0.312	0.352	0.317	0.334	0.312	0.312
0.295	0.396	0.312	0.315	0.315	0.349	0.31	0.332	0.315	0.315
0.298	0.361	0.31	0.315	0.315	0.347	0.305	0.33	0.315	0.315
0.3	0.317	0.305	0.31	0.31	0.344	0.308	0.334	0.31	0.31
0.303	0.303	0.31	0.308	0.308	0.349	0.315	0.334	0.308	0.308
0.303	0.3	0.312	0.312	0.312	0.347	0.315	0.334	0.312	0.312
0.298	0.295	0.315	0.312	0.312	0.344	0.312	0.332	0.312	0.312
0.298	0.295	0.315	0.315	0.315	0.342	0.33	0.337	0.315	0.315
0.305	0.3	0.31	0.312	0.312	0.342	0.31	0.334	0.312	0.312
0.327	0.303	0.308	0.308	0.308	0.347	0.315	0.354	0.308	0.308
0.432	0.303	0.31	0.308	0.308	0.347	0.32	0.405	0.308	0.308
0.815	0.298	0.312	0.31	0.31	0.349	0.32	0.486	0.31	0.31
1.069	0.298	0.315	0.31	0.31	0.344	0.312	0.493	0.31	0.31
1.055	0.3	0.31	0.308	0.308	0.342	0.312	0.498	0.308	0.308
1.05	0.3	0.31	0.308	0.308	0.337	0.31	0.505	0.308	0.308
1.055	0.303	0.308	0.305	0.305	0.337	0.312	0.51	0.305	0.305
1.052	0.303	0.31	0.303	0.303	0.342	0.315	0.52	0.303	0.303
1.042	0.3	0.312	0.308	0.308	0.344	0.315	0.525	0.308	0.308
1.042	0.298	0.312	0.31	0.31	0.344	0.312	0.518	0.31	0.31
1.021	0.3	0.312	0.31	0.31	0.342	0.312	0.51	0.31	0.31
1.003	0.303	0.31	0.308	0.308	0.339	0.312	0.513	0.308	0.308
0.942	0.303	0.308	0.31	0.31	0.339	0.317	0.513	0.31	0.31
0.906	0.298	0.31	0.31	0.31	0.342	0.32	0.5	0.31	0.31
0.837	0.295	0.315	0.31	0.31	0.347	0.32	0.452	0.31	0.31
0.718	0.295	0.315	0.312	0.312	0.347	0.315	0.408	0.312	0.312
0.569	0.298	0.312	0.315	0.315	0.344	0.312	0.403	0.315	0.315
0.444	0.3	0.308	0.312	0.312	0.344	0.312	0.388	0.312	0.312
0.417	0.3	0.31	0.31	0.31	0.344	0.315	0.371	0.31	0.31
0.342	0.295	0.31	0.308	0.308	0.347	0.315	0.364	0.308	0.308
0.315	0.291	0.31	0.31	0.31	0.349	0.32	0.342	0.31	0.31
0.303	0.291	0.312	0.312	0.312	0.347	0.315	0.337	0.312	0.312
0.303	0.293	0.31	0.315	0.315	0.356	0.315	0.332	0.315	0.315
0.305	0.298	0.308	0.312	0.312	0.344	0.315	0.334	0.312	0.312
0.31	0.298	0.308	0.31	0.31	0.354	0.32	0.332	0.31	0.31
0.31	0.298	0.31	0.31	0.31	0.488	0.33	0.337	0.31	0.31
0.308	0.295	0.312	0.317	0.317	0.769	0.332	0.337	0.317	0.317
0.305	0.295	0.312	0.317	0.317	0.637	0.337	0.332	0.317	0.317
0.303	0.295	0.312	0.483	0.483	0.659	0.347	0.33	0.483	0.483
0.303	0.3	0.31	1.14	1.14	0.737	0.327	0.33	1.14	1.14
0.305	0.3	0.308	0.747	0.747	0.774	0.347	0.334	0.747	0.747
0.308	0.295	0.31	0.596	0.596	0.791	0.525	0.337	0.596	0.596
0.305	0.3	0.31	0.576	0.576	0.82	0.569	0.337	0.576	0.576
0.305	0.3	0.315	0.605	0.605	0.842	0.579	0.332	0.605	0.605
0.3	0.3	0.31	0.645	0.645	0.864	0.598	0.327	0.645	0.645
0.298	0.308	0.308	0.669	0.669	0.889	0.615	0.327	0.669	0.669
0.305	0.308	0.308	0.681	0.681	0.896	0.623	0.332	0.681	0.681
0.305	0.305	0.305	0.713	0.713	0.901	0.627	0.334	0.713	0.713
0.305	0.303	0.31	0.764	0.764	0.806	0.63	0.337	0.764	0.764
0.3	0.3	0.312	0.791	0.791	0.64	0.627	0.332	0.791	0.791
0.298	0.3	0.31	0.703	0.703	0.532	0.625	0.33	0.703	0.703
0.303	0.305	0.308	0.64	0.64	0.5	0.596	0.327	0.64	0.64
0.305	0.308	0.305	0.583	0.583	0.442	0.532	0.334	0.583	0.583
0.31	0.305	0.305	0.542	0.542	0.386	0.461	0.334	0.542	0.542
0.308	0.3	0.31	0.461	0.461	0.364	0.41	0.334	0.461	0.461
0.305	0.303	0.31	0.42	0.42	0.349	0.4	0.33	0.42	0.42
0.305	0.3	0.312	0.4	0.4	0.337	0.381	0.325	0.4	0.4
0.305	0.305	0.308	0.381	0.381	0.327	0.352	0.325	0.381	0.381
0.308	0.308	0.308	0.347	0.347	0.325	0.347	0.327	0.347	0.347
0.31	0.303	0.31	0.322	0.322	0.327	0.337	0.327	0.322	0.322
0.308	0.3	0.312	0.312	0.312	0.332	0.327	0.33	0.312	0.312
0.303	0.3	0.312	0.31	0.31	0.33	0.325	0.33	0.31	0.31
0.303	0.303	0.312	0.31	0.31	0.327	0.317	0.325	0.31	0.31
0.305	0.305	0.308	0.308	0.308	0.325	0.317	0.325	0.308	0.308
0.31	0.308	0.305	0.305	0.305	0.32	0.32	0.33	0.305	0.305
0.31	0.305	0.31	0.308	0.308	0.327	0.322	0.334	0.308	0.308
0.303	0.3	0.312	0.308	0.308	0.33	0.322	0.334	0.308	0.308
0.303	0.303	0.315	0.31	0.31	0.33	0.32	0.33	0.31	0.31
0.303	0.303	0.31	0.31	0.31	0.325	0.315	0.33	0.31	0.31
0.305	0.308	0.308	0.308	0.308	0.325	0.312	0.327	0.308	0.308
0.308	0.308	0.303	0.303	0.303	0.325	0.32	0.332	0.303	0.303
0.31	0.305	0.305	0.3	0.3	0.327	0.322	0.334	0.3	0.3
0.31	0.3	0.31	0.305	0.305	0.33	0.32	0.334	0.305	0.305
0.303	0.3	0.31	0.31	0.31	0.327	0.32	0.332	0.31	0.31
0.303	0.303	0.308	0.31	0.31	0.325	0.317	0.327	0.31	0.31
0.303	0.305	0.305	0.308	0.308	0.322	0.317	0.327	0.308	0.308
0.308	0.305	0.303	0.303	0.303	0.322	0.317	0.33	0.303	0.303
0.308	0.303	0.305	0.303	0.303	0.33	0.322	0.332	0.303	0.303
0.308	0.3	0.31	0.308	0.308	0.33	0.325	0.33	0.308	0.308
0.303	0.298	0.31	0.312	0.312	0.33	0.322	0.327	0.312	0.312
0.3	0.303	0.308	0.31	0.31	0.327	0.317	0.325	0.31	0.31
0.303	0.305	0.305	0.312	0.312	0.325	0.317	0.325	0.312	0.312
0.308	0.305	0.315	0.308	0.308	0.325	0.327	0.327	0.308	0.308
0.308	0.303	0.317	0.308	0.308	0.325	0.327	0.332	0.308	0.308
0.305	0.3	0.347	0.312	0.312	0.33	0.33	0.332	0.312	0.312
0.3	0.298	1.216	0.312	0.312	0.327	0.33	0.33	0.312	0.312
0.3	0.3	1.282	0.315	0.315	0.325	0.327	0.325	0.315	0.315
0.3	0.308	1.143	0.31	0.31	0.317	0.327	0.33	0.31	0.31
0.305	0.308	1.101	0.308	0.308	0.317	0.33	0.332	0.308	0.308
0.305	0.305	1.096	0.308	0.308	0.322	0.33	0.332	0.308	0.308
0.3	0.303	1.116	0.31	0.31	0.325	0.332	0.334	0.31	0.31
0.303	0.3	1.15	0.312	0.312	0.325	0.327	0.33	0.312	0.312
0.305	0.303	1.177	0.31	0.31	0.322	0.325	0.33	0.31	0.31
0.305	0.317	1.201	0.31	0.31	0.322	0.325	0.33	0.31	0.31
0.308	0.334	1.201	0.298	0.298	0.322	0.327	0.33	0.298	0.298
0.312	0.332	1.172	0.31	0.31	0.327	0.327	0.332	0.31	0.31
0.308	0.305	0.996	0.31	0.31	0.33	0.327	0.33	0.31	0.31
0.305	0.312	0.806	0.312	0.312	0.327	0.325	0.327	0.312	0.312
0.305	0.452	0.61	0.31	0.31	0.325	0.322	0.322	0.31	0.31
0.31	0.586	0.535	0.308	0.308	0.322	0.32	0.325	0.308	0.308
0.31	0.647	0.444	0.305	0.305	0.322	0.325	0.33	0.305	0.305
0.31	0.674	0.393	0.303	0.303	0.325	0.327	0.332	0.303	0.303
0.308	0.667	0.337	0.308	0.308	0.33	0.325	0.334	0.308	0.308
0.305	0.669	0.315	0.312	0.312	0.327	0.325	0.33	0.312	0.312
0.305	0.674	0.305	0.312	0.312	0.322	0.32	0.33	0.312	0.312
0.303	0.671	0.303	0.312	0.312	0.317	0.32	0.33	0.312	0.312
0.308	0.669	0.3	0.31	0.31	0.317	0.325	0.334	0.31	0.31
0.31	0.623	0.303	0.312	0.312	0.322	0.327	0.342	0.312	0.312
0.308	0.525	0.305	0.31	0.31	0.325	0.327	0.339	0.31	0.31
0.303	0.444	0.308	0.312	0.312	0.33	0.325	0.337	0.312	0.312
0.305	0.398	0.303	0.315	0.315	0.325	0.32	0.337	0.315	0.315
0.32	0.378	0.3	0.312	0.312	0.325	0.322	0.337	0.312	0.312
0.315	0.369	0.3	0.308	0.308	0.325	0.325	0.339	0.308	0.308
0.396	0.347	0.303	0.308	0.308	0.33	0.327	0.342	0.308	0.308
0.62	0.332	0.303	0.31	0.31	0.332	0.327	0.337	0.31	0.31
0.649	0.312	0.305	0.315	0.315	0.33	0.325	0.334	0.315	0.315
0.706	0.305	0.303	0.315	0.315	0.325	0.317	0.33	0.315	0.315
0.735	0.305	0.3	0.31	0.31	0.322	0.317	0.33	0.31	0.31
0.757	0.305	0.298	0.315	0.315	0.322	0.32	0.332	0.315	0.315
0.779	0.305	0.298	0.31	0.31	0.325	0.325	0.334	0.31	0.31
0.828	0.303	0.303	0.315	0.315	0.327	0.325	0.332	0.315	0.315
0.85	0.295	0.305	0.317	0.317	0.327	0.317	0.327	0.317	0.317
0.859	0.303	0.303	0.315	0.315	0.325	0.315	0.325	0.315	0.315
0.867	0.305	0.295	0.315	0.315	0.325	0.315	0.322	0.315	0.315
0.881	0.305	0.293	0.312	0.312	0.325	0.32	0.327	0.312	0.312
0.854	0.305	0.298	0.315	0.315	0.33	0.325	0.327	0.315	0.315
0.803	0.3	0.305	0.317	0.317	0.332	0.325	0.327	0.317	0.317
0.62	0.3	0.308	0.32	0.32	0.327	0.325	0.356	0.32	0.32
0.461	0.303	0.303	0.312	0.312	0.327	0.32	0.444	0.312	0.312
0.408	0.305	0.3	0.315	0.315	0.325	0.32	0.82	0.315	0.315
0.371	0.305	0.3	0.312	0.312	0.327	0.322	0.937	0.312	0.312
0.369	0.3	0.305	0.312	0.312	0.33	0.322	0.486	0.312	0.312
0.339	0.298	0.305	0.317	0.317	0.332	0.322	0.386	0.317	0.317
0.317	0.298	0.305	0.32	0.32	0.325	0.32	0.396	0.32	0.32
0.308	0.3	0.303	0.32	0.32	0.327	0.317	0.413	0.32	0.32
0.305	0.303	0.298	0.315	0.315	0.325	0.317	0.405	0.315	0.315
0.31	0.305	0.3	0.312	0.312	0.322	0.32	0.439	0.312	0.312
0.31	0.3	0.308	0.315	0.315	0.33	0.325	0.452	0.315	0.315
0.308	0.298	0.308	0.317	0.317	0.33	0.325	0.452	0.317	0.317
0.303	0.298	0.31	0.32	0.32	0.327	0.322	0.457	0.32	0.32
0.3	0.3	0.308	0.322	0.322	0.327	0.317	0.447	0.322	0.322
0.305	0.303	0.3	0.32	0.32	0.325	0.317	0.447	0.32	0.32
0.308	0.303	0.303	0.317	0.317	0.322	0.32	0.437	0.317	0.317
0.305	0.3	0.303	0.315	0.315	0.325	0.322	0.425	0.315	0.315
0.303	0.298	0.308	0.32	0.32	0.325	0.322	0.374	0.32	0.32
0.303	0.298	0.308	0.325	0.325	0.332	0.317	0.361	0.325	0.325
0.3	0.3	0.305	0.325	0.325	0.325	0.315	0.354	0.325	0.325
0.305	0.303	0.3	0.32	0.32	0.32	0.312	0.356	0.32	0.32
0.308	0.308	0.3	0.315	0.315	0.315	0.322	0.352	0.315	0.315
0.308	0.3	0.308	0.317	0.317	0.325	0.325	0.349	0.317	0.317
0.303	0.295	0.308	0.32	0.32	0.33	0.327	0.344	0.32	0.32
0.3	0.295	0.31	0.325	0.325	0.432	0.322	0.325	0.325	0.325
0.298	0.3	0.308	0.32	0.32	0.508	0.317	0.317	0.32	0.32
0.3	0.303	0.305	0.317	0.317	0.667	0.317	0.315	0.317	0.317
0.303	0.305	0.303	0.315	0.315	0.515	0.322	0.32	0.315	0.315
0.305	0.3	0.308	0.315	0.315	0.369	0.325	0.325	0.315	0.315
0.303	0.298	0.31	0.322	0.322	0.337	0.322	0.322	0.322	0.322
0.298	0.295	0.31	0.322	0.322	0.33	0.32	0.32	0.322	0.322
0.3	0.3	0.308	0.315	0.315	0.327	0.315	0.315	0.315	0.315
0.298	0.303	0.305	0.315	0.315	0.325	0.315	0.32	0.315	0.315
0.3	0.303	0.305	0.31	0.31	0.332	0.32	0.32	0.31	0.31
0.3	0.3	0.308	0.31	0.31	0.337	0.322	0.322	0.31	0.31
0.3	0.298	0.31	0.315	0.315	0.339	0.32	0.322	0.315	0.315
0.298	0.295	0.31	0.315	0.315	0.339	0.317	0.32	0.315	0.315
0.298	0.298	0.308	0.32	0.32	0.334	0.317	0.322	0.32	0.32
0.303	0.3	0.305	0.317	0.317	0.337	0.32	0.322	0.317	0.317
0.305	0.303	0.305	0.293	0.293	0.339	0.322	0.327	0.293	0.293
0.303	0.3	0.303	0.315	0.315	0.344	0.322	0.33	0.315	0.315
0.3	0.298	0.31	0.32	0.32	0.352	0.322	0.327	0.32	0.32
0.298	0.298	0.31	0.322	0.322	0.359	0.32	0.32	0.322	0.322
0.291	0.298	0.308	0.32	0.32	0.364	0.32	0.317	0.32	0.32
0.298	0.303	0.308	0.315	0.315	0.371	0.322	0.325	0.315	0.315
0.303	0.3	0.305	0.312	0.312	0.381	0.369	0.327	0.312	0.312
0.303	0.3	0.308	0.315	0.315	0.359	0.481	0.325	0.315	0.315
0.3	0.298	0.31	0.315	0.315	0.354	1.321	0.322	0.315	0.315
0.298	0.295	0.31	0.317	0.317	0.347	0.808	0.32	0.317	0.317
0.3	0.298	0.308	0.315	0.315	0.337	0.432	0.317	0.315	0.315
0.3	0.3	0.305	0.312	0.312	0.327	0.347	0.315	0.312	0.312
0.303	0.3	0.308	0.312	0.312	0.337	0.337	0.322	0.312	0.312
0.305	0.298	0.303	0.312	0.312	0.334	0.337	0.325	0.312	0.312
0.303	0.295	0.308	0.312	0.312	0.332	0.347	0.325	0.312	0.312
0.3	0.298	0.31	0.317	0.317	0.327	0.361	0.317	0.317	0.317
0.298	0.3	0.308	0.317	0.317	0.327	0.361	0.317	0.317	0.317
0.303	0.303	0.305	0.317	0.317	0.322	0.364	0.317	0.317	0.317
0.305	0.3	0.303	0.312	0.312	0.325	0.364	0.322	0.312	0.312
0.308	0.3	0.31	0.315	0.315	0.327	0.366	0.325	0.315	0.315
0.3	0.298	0.31	0.315	0.315	0.332	0.371	0.325	0.315	0.315
0.3	0.295	0.31	0.315	0.315	0.33	0.366	0.32	0.315	0.315
0.3	0.298	0.308	0.317	0.317	0.327	0.361	0.32	0.317	0.317
0.3	0.303	0.303	0.315	0.315	0.325	0.344	0.317	0.315	0.315
0.303	0.3	0.3	0.31	0.31	0.33	0.339	0.322	0.31	0.31
0.303	0.3	0.303	0.312	0.312	0.332	0.354	0.325	0.312	0.312
0.3	0.298	0.303	0.315	0.315	0.332	0.347	0.322	0.315	0.315
0.3	0.298	0.3	0.315	0.315	0.33	0.347	0.322	0.315	0.315
0.298	0.303	0.295	0.312	0.312	0.327	0.334	0.32	0.312	0.312
0.295	0.303	0.293	0.312	0.312	0.327	0.327	0.322	0.312	0.312
0.305	0.303	0.295	0.31	0.31	0.327	0.33	0.33	0.31	0.31
0.305	0.303	0.3	0.308	0.308	0.332	0.332	0.334	0.308	0.308
0.303	0.298	0.303	0.312	0.312	0.334	0.332	0.349	0.312	0.312
0.298	0.298	0.3	0.315	0.315	0.332	0.33	0.464	0.315	0.315
0.3	0.3	0.303	0.317	0.317	0.33	0.327	3.127	0.317	0.317
0.295	0.303	0.298	0.312	0.312	0.33	0.327	2.18	0.312	0.312
0.305	0.303	0.295	0.312	0.312	0.33	0.327	1.287	0.312	0.312
0.305	0.3	0.295	0.31	0.31	0.334	0.332	1.187	0.31	0.31
0.3	0.298	0.298	0.315	0.315	0.334	0.33	1.265	0.315	0.315
0.3	0.3	0.3	0.315	0.315	0.332	0.33	1.343	0.315	0.315
0.3	0.3	0.3	0.315	0.315	0.332	0.327	1.318	0.315	0.315
0.303	0.303	0.298	0.31	0.31	0.332	0.325	1.313	0.31	0.31
0.305	0.303	0.3	0.31	0.31	0.332	0.332	1.318	0.31	0.31
0.305	0.3	0.3	0.312	0.312	0.337	0.332	1.311	0.312	0.312
0.305	0.298	0.303	0.312	0.312	0.337	0.33	1.301	0.312	0.312
0.3	0.3	0.303	0.315	0.315	0.337	0.33	1.299	0.315	0.315
0.303	0.3	0.3	0.315	0.315	0.332	0.325	1.296	0.315	0.315
0.3	0.303	0.3	0.312	0.312	0.33	0.325	1.255	0.312	0.312
0.305	0.303	0.3	0.312	0.312	0.334	0.327	1.155	0.312	0.312
0.305	0.3	0.3	0.312	0.312	0.337	0.332	0.972	0.312	0.312
0.3	0.295	0.3	0.312	0.312	0.337	0.33	0.723	0.312	0.312
0.3	0.298	0.3	0.315	0.315	0.334	0.325	0.642	0.315	0.315
0.3	0.298	0.295	0.312	0.312	0.33	0.325	0.61	0.312	0.312
0.295	0.3	0.298	0.315	0.315	0.33	0.322	0.586	0.315	0.315
0.303	0.303	0.295	0.31	0.31	0.33	0.327	0.554	0.31	0.31
0.308	0.298	0.291	0.312	0.312	0.334	0.33	0.461	0.312	0.312
0.305	0.298	0.3	0.31	0.31	0.334	0.33	0.41	0.31	0.31
0.303	0.295	0.303	0.31	0.31	0.347	0.325	0.366	0.31	0.31
0.303	0.3	0.298	0.31	0.31	0.415	0.325	0.371	0.31	0.31
0.303	0.303	0.295	0.31	0.31	1.042	0.327	0.408	0.31	0.31
0.303	0.303	0.3	0.308	0.308	2.659	0.33	0.435	0.308	0.308
0.303	0.3	0.305	0.312	0.312	1.638	0.332	0.381	0.312	0.312
0.303	0.298	2.048	0.315	0.315	1.113	0.332	0.347	0.315	0.315
0.303	0.295	1.316	0.317	0.317	1.116	0.327	0.332	0.317	0.317
0.303	0.3	0.706	0.315	0.315	1.196	0.325	0.337	0.315	0.315
0.308	0.303	0.579	0.31	0.31	1.228	0.325	0.342	0.31	0.31
0.31	0.305	0.552	0.308	0.308	1.226	0.332	0.349	0.308	0.308
0.308	0.3	0.557	0.308	0.308	1.223	0.332	0.349	0.308	0.308
0.31	0.298	0.627	0.31	0.31	1.23	0.332	0.347	0.31	0.31
0.305	0.3	0.691	0.315	0.315	1.228	0.33	0.344	0.315	0.315
0.308	0.303	0.73	0.317	0.317	1.226	0.327	0.344	0.317	0.317
0.305	0.305	0.759	0.369	0.369	1.201	0.327	0.349	0.369	0.369
0.31	0.305	0.764	1.299	1.299	1.038	0.33	0.347	1.299	1.299
0.31	0.305	0.776	2.065	2.065	0.779	0.33	0.352	2.065	2.065
0.31	0.3	0.784	0.955	0.955	0.623	0.33	0.359	0.955	0.955
0.305	0.415	0.767	0.659	0.659	0.554	0.327	0.359	0.659	0.659
0.305	0.571	0.742	0.737	0.737	0.498	0.325	0	0.737	0.737
0.305	0.457	0.732	0.823	0.823	0.515	0.325	0	0.823	0.823
0.31	0.413	0.71	0.891	0.891	0.52	0.33	0	0.891	0.891
0.31	0.41	0.688	1.011	1.011	0.5	0.33	0	1.011	1.011
0.305	0.444	0.681	1.069	1.069	0.474	0.327	0	1.069	1.069
0.303	0.493	0.669	1.082	1.082	0.444	0.327	0	1.082	1.082
0.303	0.53	0.632	1.079	1.079	0.41	0.327	0	1.079	1.079
0.303	0.552	0.537	1.069	1.069	0.405	0.327	0	1.069	1.069
0.308	0.586	0.471	1.06	1.06	0.364	0.33	0	1.06	1.06
0.308	0.596	0.378	1.055	1.055	0.364	0.332	0	1.055	1.055
0.305	0.601	0.337	1.011	1.011	0.369	0.33	0	1.011	1.011
0.3	0.588	0.317	0.94	0.94	0.374	0.33	0	0.94	0.94
0.303	0.598	0.31	0.869	0.869	0.386	0.327	0	0.869	0.869
0.303	0.596	0.312	0.774	0.774	0.383	0.325	0	0.774	0.774
0.344	0.596	0.31	0.73	0.73	0.359	0.332	0	0.73	0.73
0.972	0.591	0.308	0.725	0.725	0.334	0.334	0	0.725	0.725
0.845	0.593	0.312	0.669	0.669	0.33	0.33	0	0.669	0.669
0.442	0.603	0.31	0.598	0.598	0.332	0.33	0	0.598	0.598
0.339	0.547	0.31	0.469	0.469	0.332	0.33	0	0.469	0.469
0.344	0.452	0.305	0.376	0.376	0.327	0.33	0	0.376	0.376
0.435	0.349	0.303	0.334	0.334	0.332	0.332	0	0.334	0.334
0.525	0.315	0.305	0.334	0.334	0.332	0.334	0	0.334	0.334
0.693	0.312	0.31	0.337	0.337	0.334	0.334	0	0.337	0.337
0.691	0.3	0.303	0.339	0.339	0.337	0.332	0	0.339	0.339
0.669	0.3	0.3	0.322	0.322	0.332	0.354	0	0.322	0.322
0.662	0.303	0.295	0.308	0.308	0.33	0.378	0	0.308	0.308
0.662	0.303	0.295	0.298	0.298	0.332	0.789	0	0.298	0.298
0.681	0.3	0.3	0.298	0.298	0.334	1.406	0	0.298	0.298
0.684	0.298	0.305	0.3	0.3	0.337	0.823	0	0.3	0.3
0.684	0.298	0.305	0.3	0.3	0.337	0.605	0	0.3	0.3
0.686	0.3	0.305	0.303	0.303	0.334	0.674	0	0.303	0.303
0.691	0.3	0.3	0.3	0.3	0.332	0.796	0	0.3	0.3
0.691	0.3	0.3	0.3	0.3	0.332	0.852	0	0.3	0.3
0.691	0.298	0.303	0.303	0.303	0.339	0.879	0	0.303	0.303
0.671	0.298	0.308	0.308	0.308	0.339	0.894	0	0.308	0.308
0.62	0.295	0.308	0.308	0.308	0.332	0.898	0	0.308	0.308
0.596	0.298	0.31	0.305	0.305	0.33	0.913	0	0.305	0.305
0.583	0.3	0.308	0.305	0.305	0.33	0.916	0	0.305	0.305
0.564	0.305	0.308	0.3	0.3	0.334	0.85	0	0.3	0.3
0.503	0.3	0.31	0.3	0.3	0.334	0.728	0	0.3	0.3
0.437	0.295	0.31	0.303	0.303	0.337	0.608	0	0.303	0.303
0.337	0.291	0.312	0.31	0.31	0.334	0.522	0	0.31	0.31
0.322	0.295	0.308	0.31	0.31	0.332	0.491	0	0.31	0.31
0.303	0.303	0.305	0.308	0.308	0.33	0.488	0	0.308	0.308
0.305	0.3	0.308	0.303	0.303	0.33	0.471	0	0.303	0.303
0.305	0.3	0.303	0.303	0.303	0.337	0.442	0	0.303	0.303
0.308	0.3	0.305	0.305	0.305	0	0.435	0	0.305	0.305
0.303	0.3	0.312	0.308	0.308	0	0.4	0	0.308	0.308
0.303	0.305	0.308	0.308	0.308	0	0.356	0	0.308	0.308
0.322	0.305	0.305	0.305	0.305	0	0.339	0	0.305	0.305
0.308	0.308	0.305	0.305	0.305	0	0.332	0	0.305	0.305
0.31	0.305	0.305	0.308	0.308	0	0.364	0	0.308	0.308
0.298	0.3	0.31	0.31	0.31	0	0.376	0	0.31	0.31
0.298	0.3	0.305	0.312	0.312	0	0.381	0	0.312	0.312
0.298	0.303	0.308	0.308	0.308	0	0.381	0	0.308	0.308
0.3	0.305	0.308	0.308	0.308	0	0.366	0	0.308	0.308
0.305	0.303	0.305	0.31	0.31	0	0.347	0	0.31	0.31
0.305	0.303	0.31	0.31	0.31	0	0.339	0	0.31	0.31
0.303	0.3	0.312	0.312	0.312	0	0.334	0	0.312	0.312
0.295	0.303	0.312	0.315	0.315	0	0.332	0	0.315	0.315
0.295	0.305	0.312	0.315	0.315	0	0.33	0	0.315	0.315
0.3	0.315	0.31	0.312	0.312	0	0.33	0	0.312	0.312
0.303	0.41	0.312	0.31	0.31	0	0.334	0	0.31	0.31
0.3	2.056	0.312	0.312	0.312	0	0.334	0	0.312	0.312
0.3	1.88	0.315	0.315	0.315	0	0.334	0	0.315	0.315
0.295	1.316	0.315	0.317	0.317	0	0.33	0	0.317	0.317
0.295	1.335	0.312	0.315	0.315	0	0.327	0	0.315	0.315
0.303	1.528	0.31	0.312	0.312	0	0.327	0	0.312	0.312
0.303	1.633	0.312	0.308	0.308	0	0.33	0	0.308	0.308
0.303	1.663	0.312	0.31	0.31	0	0.332	0	0.31	0.31
0.298	1.66	0.317	0.312	0.312	0	0.33	0	0.312	0.312
0.295	1.667	0.315	0.315	0.315	0	0.327	0	0.315	0.315
0.3	1.67	0.312	0.315	0.315	0	0.325	0	0.315	0.315
0.3	1.692	0.31	0.31	0.31	0	0.327	0	0.31	0.31
0.303	1.714	0.312	0.308	0.308	0	0.327	0	0.308	0.308
0.3	1.67	0.315	0.312	0.312	0	0.33	0	0.312	0.312
0.3	1.541	0.317	0.315	0.315	0	0.33	0	0.315	0.315
0.298	1.406	0.32	0.315	0.315	0	0.325	0	0.315	0.315
0.295	1.245	0.315	0.315	0.315	0	0.325	0	0.315	0.315
0.298	0.979	0.312	0.312	0.312	0	0.327	0	0.312	0.312
0.3	0.74	0.312	0.312	0.312	0	0.332	0	0.312	0.312
0.298	0.547	0.315	0.315	0.315	0	0.332	0	0.315	0.315
0.305	0.474	0.315	0.315	0.315	0	0.33	0	0.315	0.315
0.3	0.481	0.312	0.32	0.32	0	0.32	0	0.32	0.32
0.305	0.476	0.334	0.317	0.317	0	0.317	0	0.317	0.317
0.31	0.459	0.344	0.315	0.315	0	0.322	0	0.315	0.315
0.312	0.435	0.61	0.31	0.31	0	0.325	0	0.31	0.31
0.31	0.403	2.935	0.312	0.312	0	0.325	0	0.312	0.312
0.31	0.366	2.231	0.317	0.317	0	0.325	0	0.317	0.317
0.305	0.312	1.946	0.322	0.322	0	0.322	0	0.322	0.322
0.305	0.298	2.019	0.317	0.317	0	0.32	0	0.317	0.317
0.308	0.32	2.163	0.315	0.315	0	0	0	0.315	0.315
0.31	0.356	2.256	0.317	0.317	0	0	0	0.317	0.317
0.312	0.364	2.405	0.334	0.334	0	0	0	0.334	0.334
0.305	0.364	2.483	0.449	0.449	0	0	0	0.449	0.449
0.303	0.322	2.505	1.218	1.218	0	0	0	1.218	1.218
0.303	0.298	2.49	1.79	1.79	0	0	0	1.79	1.79
0.305	0.295	2.507	1.406	1.406	0	0	0	1.406	1.406
0.31	0.293	2.529	1.316	1.316	0	0	0	1.316	1.316
0.308	0.291	2.454	1.316	1.316	0	0	0	1.316	1.316
0.305	0.286	2.39	1.357	1.357	0	0	0	1.357	1.357
0.303	0.288	2.148	1.379	1.379	0	0	0	1.379	1.379
0.303	0.291	1.86	1.399	1.399	0	0	0	1.399	1.399
0.305	0.291	1.506	1.404	1.404	0	0	0	1.404	1.404
0.31	0.288	1.37	1.401	1.401	0	0	0	1.401	1.401
0.308	0.288	1.169	1.414	1.414	0	0	0	1.414	1.414
0.305	0.283	0.952	1.423	1.423	0	0	0	1.423	1.423
0.303	0.286	0.789	1.426	1.426	0	0	0	1.426	1.426
0.3	0.291	0.679	1.406	1.406	0	0	0	1.406	1.406
0.308	0.291	0.588	1.309	1.309	0	0	0	1.309	1.309
0.308	0.291	0.488	1.05	1.05	0	0	0	1.05	1.05
0.308	0.288	0.444	0.725	0.725	0	0	0	0.725	0.725
0.308	0.286	0.388	0.566	0.566	0	0	0	0.566	0.566
0.305	0.283	0.361	0.513	0.513	0	0	0	0.513	0.513
0.305	0.291	0.347	0.471	0.471	0	0	0	0.471	0.471
0.308	0.291	0.352	0.427	0.427	0	0	0	0.427	0.427
0.31	0.291	0.369	0.41	0.41	0	0	0	0.41	0.41
0.308	0.286	0.369	0.383	0.383	0	0	0	0.383	0.383
0.305	0.283	0.352	0.359	0.359	0	0	0	0.359	0.359
0.305	0.288	0.347	0.315	0.315	0	0	0	0.315	0.315
0.305	0.288	0.344	0.305	0.305	0	0	0	0.305	0.305
0.305	0.293	0.342	0.298	0.298	0	0	0	0.298	0.298
0.308	0.293	0.337	0.305	0.305	0	0	0	0.305	0.305
0.33	0	0.334	0.298	0.298	0	0	0	0.298	0.298
0.305	0	0.339	0.298	0.298	0	0	0	0.298	0.298
0.303	0	0.342	0.298	0.298	0	0	0	0.298	0.298
0.3	0	0.339	0.298	0.298	0	0	0	0.298	0.298
0.308	0	0.337	0.295	0.295	0	0	0	0.295	0.295
0.31	0	0.33	0.293	0.293	0	0	0	0.293	0.293
0.305	0	0	0.295	0.295	0	0	0	0.295	0.295
0.305	0	0	0.298	0.298	0	0	0	0.298	0.298
0.305	0	0	0.298	0.298	0	0	0	0.298	0.298
0.308	0	0	0.293	0.293	0	0	0	0.293	0.293
0.308	0	0	0.291	0.291	0	0	0	0.291	0.291
0.308	0	0	0.288	0.288	0	0	0	0.288	0.288
0.308	0	0	0.288	0.288	0	0	0	0.288	0.288
0.305	0	0	0.295	0.295	0	0	0	0.295	0.295
0.303	0	0	0.3	0.3	0	0	0	0.3	0.3
0.303	0	0	0.298	0.298	0	0	0	0.298	0.298
0.305	0	0	0.295	0.295	0	0	0	0.295	0.295
0.308	0	0	0.291	0.291	0	0	0	0.291	0.291
0.308	0	0	0.293	0.293	0	0	0	0.293	0.293
0.317	0	0	0.295	0.295	0	0	0	0.295	0.295
0.371	0	0	0.298	0.298	0	0	0	0.298	0.298
1.929	0	0	0.298	0.298	0	0	0	0.298	0.298
3.281	0	0	0.295	0.295	0	0	0	0.295	0.295
2.373	0	0	0.298	0.298	0	0	0	0.298	0.298
2.014	0	0	0.298	0.298	0	0	0	0.298	0.298
1.953	0	0	0.3	0.3	0	0	0	0.3	0.3
1.943	0	0	0.303	0.303	0	0	0	0.303	0.303
1.946	0	0	0.303	0.303	0	0	0	0.303	0.303
2.034	0	0	0.298	0.298	0	0	0	0.298	0.298
2.122	0	0	0.3	0.3	0	0	0	0.3	0.3
2.161	0	0	0.298	0.298	0	0	0	0.298	0.298
2.156	0	0	0.305	0.305	0	0	0	0.305	0.305
2.163	0	0	0.303	0.303	0	0	0	0.303	0.303
2.146	0	0	0.303	0.303	0	0	0	0.303	0.303
2.104	0	0	0.298	0.298	0	0	0	0.298	0.298
1.921	0	0	0.295	0.295	0	0	0	0.295	0.295
1.675	0	0	0.298	0.298	0	0	0	0.298	0.298
1.182	0	0	0.3	0.3	0	0	0	0.3	0.3
0.732	0	0	0.3	0.3	0	0	0	0.3	0.3
0.552	0	0	0.3	0.3	0	0	0	0.3	0.3
0.471	0	0	0.298	0.298	0	0	0	0.298	0.298
0.491	0	0	0.295	0.295	0	0	0	0.295	0.295
0.508	0	0	0	0	0	0	0	0	0
0.493	0	0	0	0	0	0	0	0	0
0.479	0	0	0	0	0	0	0	0	0
0.435	0	0	0	0	0	0	0	0	0
0.383	0	0	0	0	0	0	0	0	0
0.371	0	0	0	0	0	0	0	0	0
0.356	0	0	0	0	0	0	0	0	0
0.33	0	0	0	0	0	0	0	0	0
0.298	0	0	0	0	0	0	0	0	0
0.295	0	0	0	0	0	0	0	0	0
0.332	0	0	0	0	0	0	0	0	0
0.344	0	0	0	0	0	0	0	0	0
0.359	0	0	0	0	0	0	0	0	0
0.327	0	0	0	0	0	0	0	0	0
0.3	0	0	0	0	0	0	0	0	0
0.298	0	0	0	0	0	0	0	0	0
0.3	0	0	0	0	0	0	0	0	0
0.303	0	0	0	0	0	0	0	0	0
0.298	0	0	0	0	0	0	0	0	0
0.295	0	0	0	0	0	0	0	0	0
0.293	0	0	0	0	0	0	0	0	0
0.293	0	0	0	0	0	0	0	0	0
0.3	0	0	0	0	0	0	0	0	0
0.298	0	0	0	0	0	0	0	0	0
0.298	0	0	0	0	0	0	0	0	0
0.298	0	0	0	0	0	0	0	0	0
0.298	0	0	0	0	0	0	0	0	0
0.298	0	0	0	0	0	0	0	0	0
0.305	0	0	0	0	0	0	0	0	0
0.305	0	0	0	0	0	0	0	0	0
