0.706	1.584	0.52	0.527	0.779	0.361	0.369	0.398	0.613	0.483
0.879	2.056	0.571	0.54	1.196	0.356	0.374	0.398	1.26	0.496
1.348	1.885	0.576	0.793	1.472	0.356	0.374	0.396	1.624	0.698
1.802	1.829	0.762	1.628	1.56	0.354	0.381	0.393	1.501	1.045
1.934	2.095	0.977	2.104	1.533	0.354	0.393	0.413	1.428	1.465
2.151	2.493	1.147	2.036	1.516	0.356	0.579	0.417	1.66	1.416
2.556	2.769	1.235	2.102	1.482	0.356	1.167	0.64	2.107	1.338
2.693	3.04	1.25	2.529	1.477	0.493	1.936	1.104	2.329	1.394
2.742	3.176	1.465	3.003	1.521	0.928	1.741	1.663	2.461	1.65
2.917	3.323	1.831	3.32	1.553	1.467	1.472	1.75	2.441	1.975
3.135	3.352	2.114	3.452	1.631	1.743	1.646	1.78	2.334	2.08
3.198	3.35	2.168	3.45	1.697	1.919	2.078	2.104	2.354	2.061
3.276	3.303	2.207	3.477	1.772	2.087	2.258	2.776	2.373	2.092
3.318	3.252	2.205	3.469	1.838	2.107	2.393	3.083	2.371	2.144
3.33	3.159	2.2	3.469	1.919	2.163	2.51	3.174	2.463	2.136
3.223	3.064	2.166	3.484	1.936	2.212	2.549	3.225	2.356	2.085
3.167	3.081	2.187	3.472	1.936	2.183	2.551	3.274	2.251	2.129
3.093	3.049	2.202	3.386	1.914	2.187	2.5	3.281	2.141	2.207
2.957	2.935	2.173	3.274	1.846	2.17	2.427	3.252	2.029	2.28
2.8	2.759	2.17	3.157	1.819	2.2	2.322	3.254	1.865	2.278
2.671	2.61	2.166	3.049	1.814	2.271	2.212	3.206	1.687	2.266
2.534	2.375	2.144	2.966	1.775	2.29	2.129	3.093	1.436	2.202
2.334	2.041	2.1	2.817	1.729	2.28	2.083	2.947	1.245	2.107
2.053	1.704	2.017	2.612	1.687	2.246	1.987	2.781	1.128	2.009
1.809	1.484	1.902	2.346	1.624	2.168	1.78	2.573	0.972	1.89
1.65	1.316	1.75	2.012	1.528	2.058	1.577	2.356	1.062	1.77
1.46	1.13	1.582	1.704	1.472	1.892	1.328	2.063	0.999	1.702
1.27	1.018	1.462	1.392	1.311	1.704	1.15	1.814	0.933	1.614
1.169	1.177	1.409	1.174	1.096	1.511	0.962	1.482	0.784	1.465
1.05	1.331	1.204	1.169	0.984	1.257	0.969	1.218	0.876	1.345
0.959	1.423	1.008	0.979	0.825	1.077	0.923	1.04	0.979	1.123
0.886	1.421	1.104	0.969	0.742	0.984	0.967	0.962	1.108	0.945
0.781	1.401	1.104	1.074	0.754	0.977	1.138	0.879	1.355	0.813
0.728	1.428	1.138	1.042	0.74	0.991	1.313	0.815	1.477	0.742
0.681	1.694	1.521	0.984	0.776	0.898	1.519	0.728	1.519	0.676
0.654	1.97	2.026	0.947	1.033	0.842	1.562	0.718	1.582	0.642
0.652	2.122	2.1	0.994	1.182	0.759	1.589	0.728	1.711	0.647
0.654	2.28	1.904	1.14	1.455	0.73	1.614	0.688	1.663	0.708
0.923	2.41	1.714	1.458	1.677	0.72	1.816	0.576	1.631	0.996
1.377	2.441	1.833	1.919	1.772	0.706	1.968	0.706	1.729	1.409
1.987	2.458	2.075	2.187	1.831	0.669	2.063	0.806	1.851	1.672
2.168	2.49	2.312	2.424	1.921	0.53	2.217	1.143	1.938	1.682
2.217	2.512	2.437	2.722	2.068	0.457	2.412	1.611	2.036	1.687
2.217	2.476	2.483	2.913	2.341	0.415	2.563	1.709	2.092	1.738
2.336	2.439	2.595	3.115	2.532	0.42	2.664	1.719	2.085	1.731
2.522	2.38	2.756	3.257	2.578	0.681	2.737	1.829	2.124	1.865
2.578	2.158	2.908	3.313	2.622	0.891	2.773	2.117	2.151	1.965
2.61	1.814	2.998	3.352	2.712	1.182	2.815	2.407	2.17	2.041
2.698	1.641	3.044	3.359	2.822	1.409	2.856	2.603	2.173	2.058
2.729	1.506	2.991	3.335	2.878	1.438	2.812	2.815	2.095	2.136
2.761	1.44	2.854	3.274	2.925	1.44	2.722	2.917	2.053	2.209
2.812	1.436	2.676	3.101	2.905	1.582	2.615	2.974	1.902	2.285
2.844	1.411	2.566	2.822	2.886	1.709	2.456	2.986	1.755	2.334
2.859	1.372	2.561	2.458	2.825	1.875	2.329	2.998	1.587	2.319
2.854	1.284	2.522	2.019	2.756	2.058	2.28	2.996	1.399	2.336
2.786	1.218	2.329	1.689	2.644	2.146	2.192	3.003	1.292	2.341
2.607	1.099	2.158	1.519	2.48	2.307	2.014	3	1.262	2.324
2.415	1.04	1.826	1.333	2.346	2.424	1.655	2.998	1.24	2.327
2.158	1.011	1.624	1.187	2.227	2.478	1.406	2.93	1.206	2.336
1.907	0.957	1.594	1.099	2.004	2.5	1.277	2.793	1.16	2.285
1.75	0.957	1.509	1.035	1.931	2.385	1.213	2.656	1.035	2.219
1.628	0.869	1.428	1.008	1.733	2.249	1.152	2.522	0.891	2.136
1.553	0.723	1.304	0.977	1.448	2.187	1.05	2.439	0.811	1.995
1.433	0.706	1.16	0.952	1.387	2.068	0.898	2.222	0.725	1.831
1.277	0.706	1.055	0.94	1.335	1.887	0.789	1.973	0.664	1.55
1.157	0.652	0.996	0.906	1.179	1.604	0.745	1.738	0.571	1.36
1.084	0.635	0.942	0.813	1.06	1.384	0.701	1.489	0.496	1.309
1.016	0.625	0.823	0.696	0.906	1.228	0.581	1.306	0.452	1.155
0.933	0.623	0.754	0.623	0.784	1.187	0.508	1.15	0.454	1.021
0.84	0.618	0.649	0.588	0.715	1.177	0.437	1.062	0.415	0.947
0.757	0.608	0.564	0.596	0.667	1.16	0.42	0.962	0.378	0.92
0.63	0.615	0.569	0.601	0.588	1.091	0.437	0.845	0.366	0.818
0.63	0.62	0.532	0.542	0.481	1.008	0.403	0.793	0.366	0.718
0.664	0.62	0.496	0.505	0.461	0.881	0.383	0.696	0.369	0.625
0.598	0.618	0.488	0.5	0.496	0.811	0.383	0.596	0.369	0.51
0.576	0.618	0.493	0.496	0.469	0.764	0.381	0.508	0.366	0.525
0.564	0.61	0.493	0.496	0.457	0.737	0.374	0.422	0.366	0.564
0.562	0.618	0.491	0.488	0.444	0.686	0.374	0.41	0.369	0.503
0.569	0.62	0.496	0.486	0.442	0.625	0.376	0.4	0.369	0.479
0.574	0.62	0.5	0.491	0.444	0.503	0.378	0.398	0.371	0.474
0.574	0.618	0.503	0.493	0.449	0.405	0.383	0.398	0.369	0.476
0.571	0.635	0.503	0.5	0.452	0.396	0.383	0.393	0.366	0.479
0.564	0.647	0.493	0.535	0.452	0.4	0.378	0.391	0.364	0.476
0.562	0.908	0.486	0.605	0.449	0.378	0.376	0.391	0.369	0.476
0.566	1.155	0.483	0.815	0.447	0.364	0.381	0.393	0.388	0.474
0.566	1.284	0.486	1.038	0.444	0.356	0.388	0.396	0.515	0.474
0.566	1.323	0.488	1.121	0.444	0.354	0.391	0.391	0.869	0.476
0.564	1.345	0.488	1.169	0.449	0.354	0.598	0.391	1.448	0.474
0.562	1.653	0.491	1.348	0.449	0.354	1.104	0.391	1.597	0.479
0.564	1.987	0.486	1.538	0.449	0.359	1.384	0.391	1.575	0.476
0.566	2.17	0.488	1.572	0.447	0.361	1.245	0.393	1.56	0.474
0.566	2.366	0.488	1.733	0.444	0.359	1.128	0.396	1.653	0.469
0.564	2.6	0.491	2.021	0.444	0.354	1.177	0.393	1.733	0.474
0.564	2.947	0.493	2.234	0.449	0.352	1.394	0.391	1.858	0.474
0.564	3.247	0.483	2.378	0.449	0.356	1.504	0.388	1.948	0.471
0.566	3.437	0.532	2.458	0.442	0.359	1.609	0.388	2.019	0.469
0.579	3.596	0.759	2.488	0.442	0.361	1.746	0.391	2.083	0.466
0.73	3.669	1.028	2.466	0.442	0.359	1.931	0.393	2.124	0.469
0.911	3.696	1.099	2.461	0.444	0.356	2.126	0.393	2.144	0.469
1.135	3.735	1.135	2.466	0.444	0.356	2.339	0.393	2.131	0.474
1.177	3.787	1.147	2.473	0.444	0.359	2.407	0.388	2.163	0.479
1.211	3.792	1.155	2.488	0.493	0.361	2.441	0.391	2.158	0.476
1.257	3.816	1.179	2.502	1.035	0.361	2.415	0.396	2.144	0.476
1.409	3.784	1.34	2.498	1.663	0.359	2.373	0.398	2.156	0.474
1.606	3.74	1.487	2.5	1.604	0.347	2.39	0.396	2.153	0.515
1.716	3.713	1.619	2.478	1.545	0.591	2.427	0.391	2.168	1.426
1.89	3.65	1.738	2.498	1.57	1.868	2.441	0.391	2.18	1.968
2.036	3.489	1.792	2.493	1.572	1.921	2.427	0.391	2.212	1.243
2.104	3.257	1.841	2.471	1.582	1.584	2.424	0.396	2.214	1.057
2.161	2.979	1.86	2.451	1.619	1.572	2.363	0.396	2.217	1.345
2.19	2.703	1.846	2.432	1.721	1.594	2.322	0.615	2.227	1.836
2.209	2.385	1.831	2.385	1.833	1.609	2.183	2.493	2.124	1.96
2.205	2.046	1.841	2.205	1.904	1.814	2.004	2.095	1.833	1.997
2.239	1.733	1.863	1.873	1.921	2.021	1.721	1.394	1.619	2.065
2.263	1.482	1.87	1.631	1.943	2.063	1.448	1.389	1.394	2.144
2.273	1.372	1.873	1.46	1.973	2.053	1.191	1.763	1.216	2.217
2.305	1.279	1.917	1.252	2.019	2.048	1.018	1.99	1.064	2.305
2.285	1.133	1.941	1.116	2.043	2.068	0.913	2.161	0.879	2.339
2.246	0.957	1.917	0.964	2.056	2.102	0.85	2.397	0.747	2.344
2.205	0.842	1.936	0.916	2.078	2.117	0.769	2.566	0.642	2.349
2.124	0.806	1.958	0.754	2.095	2.114	0.623	2.739	0.513	2.354
1.892	0.757	1.965	0.588	2.095	2.09	0.522	2.861	0.447	2.341
1.689	0.642	1.965	0.493	2.095	2.104	0.454	2.954	0.388	2.271
1.506	0.601	1.936	0.466	2.061	2.126	0.388	2.966	0.371	2.219
1.318	0.591	1.665	0.457	2.039	2.18	0.371	2.954	0.364	2.175
1.182	0.603	1.426	0.457	2.009	2.19	0.369	2.949	0.369	2.087
1.038	0.627	1.248	0.476	1.985	2.126	0.371	2.979	0.371	1.948
0.979	0.654	1.069	0.488	1.941	2.002	0.376	2.988	0.371	1.765
0.881	0.654	0.942	0.496	1.912	1.743	0.376	2.993	0.366	1.57
0.752	0.652	0.769	0.496	1.836	1.416	0.374	2.981	0.366	1.455
0.674	0.652	0.698	0.493	1.538	1.25	0.369	2.932	0.366	1.294
0.591	0.654	0.659	0.488	1.318	1.121	0.369	2.722	0.369	1.218
0.571	0.659	0.613	0.486	1.123	0.984	0.371	2.368	0.371	1.106
0.574	0.657	0.593	0.486	0.942	0.881	0.374	1.963	0.371	0.981
0.608	0.657	0.527	0.488	0.82	0.757	0.371	1.65	0.371	0.864
0.61	0.649	0.481	0.488	0.637	0.645	0.371	1.331	0.371	0.762
0.605	0.649	0.466	0.491	0.566	0.559	0.371	1.196	0.369	0.645
0.598	0.649	0.464	0.483	0.525	0.488	0.369	1.13	0.391	0.603
0.603	0.649	0.466	0.483	0.479	0.427	0.371	0.962	0.535	0.564
0.605	0.647	0.486	0.486	0.444	0.364	0.371	0.806	0.645	0.498
0.605	0.652	0.5	0.488	0.442	0.342	0.371	0.657	1.108	0.476
0.601	0.645	0.503	0.491	0.454	0.354	0.371	0.518	1.67	0.474
0.601	0.642	0.498	0.493	0.457	0.349	0.371	0.452	1.843	0.479
0.601	0.642	0.5	0.488	0.464	0.344	0.369	0.396	1.88	0.479
0.605	0.725	0.505	0.491	0.464	0.342	0.369	0.371	1.941	0.474
0.608	0.786	0.51	0.491	0.461	0.342	0.371	0.369	2.048	0.471
0.608	0.872	0.513	0.493	0.459	0.339	0.398	0.374	2.1	0.476
0.608	1.216	0.513	0.493	0.461	0.342	0.535	0.371	2.119	0.476
0.603	1.672	0.5	0.488	0.461	0.344	0.593	0.364	2.246	0.479
0.605	1.97	0.493	0.486	0.461	0.344	0.981	0.361	2.324	0.476
0.608	2.061	0.491	0.483	0.459	0.347	1.675	0.364	2.402	0.471
0.61	2.185	0.496	0.483	0.461	0.339	1.936	0.364	2.473	0.474
0.61	2.339	0.498	0.488	0.464	0.342	1.965	0.361	2.483	0.474
0.605	2.417	0.496	0.491	0.464	0.339	1.963	0.359	2.483	0.474
0.605	2.471	0.498	0.486	0.466	0.342	2.039	0.359	2.48	0.474
0.605	2.627	0.496	0.593	0.466	0.344	2.109	0.359	2.527	0.469
0.608	2.781	0.496	0.635	0.461	0.344	2.161	0.361	2.556	0.469
0.608	2.859	0.496	1.213	0.459	0.339	2.229	0.361	2.578	0.466
0.61	2.893	0.498	2.417	0.461	0.339	2.251	0.364	2.59	0.466
0.601	2.903	0.5	2.271	0.466	0.339	2.268	0.356	2.571	0.466
0.603	2.922	0.496	2.297	0.466	0.342	2.344	0.356	2.563	0.461
0.605	2.944	0.493	2.739	0.464	0.342	2.388	0.356	2.542	0.571
0.608	2.935	0.493	3.223	0.459	0.339	2.405	0.361	2.48	0.632
0.61	2.952	0.496	3.462	0.457	0.334	2.434	0.361	2.341	1.099
0.613	2.969	0.498	3.557	0.459	0.334	2.444	0.359	2.168	1.877
0.605	2.979	0.605	3.716	0.574	0.469	2.439	0.432	1.985	1.865
0.605	2.974	0.637	3.828	0.586	0.547	2.434	0.508	1.775	1.775
0.598	3	1.033	3.887	0.996	1.062	2.429	0.933	1.628	1.794
0.725	3.01	1.799	3.887	1.873	1.687	2.415	1.643	1.528	1.943
0.833	3.005	1.895	3.848	2.327	1.748	2.334	1.807	1.418	2.036
1.357	3	1.846	3.784	2.441	1.724	2.273	1.726	1.235	2.114
2.126	2.937	1.938	3.696	2.91	1.729	2.139	1.743	1.025	2.285
1.987	2.783	2.141	3.53	3.523	1.843	2.034	1.902	0.93	2.427
1.858	2.585	2.271	3.345	3.914	1.956	1.895	2.056	0.908	2.556
2.205	2.41	2.441	3.23	4.26	2.085	1.729	2.146	0.774	2.649
2.507	2.266	2.666	3.071	4.556	2.183	1.614	2.212	0.708	2.712
2.571	2.036	2.788	2.893	4.639	2.275	1.348	2.273	0.525	2.759
2.593	1.897	2.883	2.664	4.673	2.336	1.14	2.339	0.417	2.754
2.666	1.731	2.966	2.512	4.658	2.358	1.03	2.297	0.393	2.764
2.71	1.638	3.044	2.28	4.697	2.417	0.93	2.278	0.391	2.769
2.756	1.436	3.14	2.017	4.722	2.451	0.825	2.275	0.388	2.781
2.827	1.24	3.206	1.738	4.697	2.498	0.657	2.268	0.378	2.759
2.9	1.113	3.254	1.577	4.597	2.529	0.591	2.268	0.371	2.671
2.964	0.913	3.296	1.382	4.426	2.546	0.486	2.261	0.366	2.517
2.949	0.791	3.301	1.155	4.189	2.561	0.415	2.253	0.393	2.354
2.954	0.679	3.308	1.018	3.958	2.563	0.388	2.236	0.437	2.166
2.952	0.642	3.313	0.952	3.672	2.544	0.376	2.168	0.63	1.968
2.961	0.632	3.296	0.83	3.403	2.52	0.378	2.048	1.113	1.765
2.939	0.632	3.252	0.791	3.135	2.527	0.374	1.99	1.196	1.589
2.939	0.635	3.171	0.659	2.876	2.534	0.371	1.877	1.182	1.46
2.9	0.632	3.071	0.557	2.593	2.522	0.369	1.682	1.194	1.399
2.832	0.635	2.961	0.522	2.344	2.483	0.364	1.562	1.211	1.184
2.786	0.637	2.849	0.522	2.068	2.419	0.361	1.477	1.367	1.025
2.717	0.632	2.715	0.515	1.75	2.339	0.361	1.316	1.67	0.959
2.644	0.642	2.524	0.505	1.567	2.28	0.364	1.128	1.799	0.859
2.534	0.649	2.317	0.5	1.355	2.151	0.361	0.986	1.848	0.762
2.417	0.82	2.102	0.496	1.233	2.021	0.359	0.906	1.846	0.742
2.258	0.94	1.877	0.491	1.135	1.904	0.359	0.845	1.824	0.688
2.131	1.187	1.707	0.515	0.945	1.76	0.369	0.798	1.79	0.547
1.98	1.406	1.533	0.632	0.85	1.621	0.386	0.745	1.797	0.498
1.807	1.526	1.411	0.808	0.891	1.426	0.483	0.645	1.777	0.488
1.602	1.616	1.206	1.235	0.811	1.255	0.632	0.576	1.775	0.498
1.384	1.653	1.096	1.426	0.637	1.094	0.864	0.459	1.755	0.483
1.248	1.658	0.999	1.436	0.522	0.991	0.979	0.398	1.755	0.474
1.187	1.653	0.835	1.416	0.496	0.923	1.187	0.378	1.675	0.469
1.057	1.641	0.706	1.509	0.51	0.811	1.301	0.376	1.553	0.464
0.933	1.653	0.576	1.785	0.522	0.613	1.326	0.386	1.433	0.469
0.933	1.653	0.522	1.907	0.532	0.562	1.326	0.371	1.328	0.471
0.862	1.614	0.508	1.907	0.5	0.491	1.331	0.359	1.169	0.469
0.703	1.597	0.5	1.899	0.493	0.405	1.338	0.359	1.067	0.466
0.649	1.599	0.503	1.892	0.476	0.371	1.35	0.359	1.016	0.464
0.632	1.592	0.5	1.885	0.469	0.366	1.345	0.359	0.918	0.466
0.632	1.594	0.496	1.88	0.471	0.364	1.318	0.356	0.83	0.469
0.63	1.584	0.496	1.88	0.474	0.359	1.348	0.359	0.774	0.469
0.615	1.58	0.493	1.865	0.474	0.356	1.367	0.356	0.762	0.469
0.627	1.577	0.488	1.865	0.474	0.349	1.375	0.359	0.718	0.466
0.623	1.562	0.488	1.86	0.469	0.349	1.377	0.361	0.659	0.464
0.623	1.516	0.491	1.858	0.466	0.344	1.392	0.361	0.62	0.466
0.627	1.477	0.493	1.865	0.464	0.342	1.392	0.361	0.581	0.469
0.62	1.396	0.493	1.853	0.474	0.347	1.392	0.369	0.552	0.471
0.618	1.252	0.491	1.809	0.488	0.347	1.387	0.525	0.542	0.469
0.618	1.018	0.486	1.738	0.623	0.347	1.389	0.652	0.542	0.466
0.623	0.847	0.483	1.658	0.793	0.347	1.375	1.016	0.542	0.466
0.625	0.776	0.486	1.611	1.355	0.347	1.35	1.226	0.549	0.466
0.627	0.747	0.491	1.558	1.609	0.342	1.279	1.313	0.552	0.471
0.625	0.715	0.491	1.453	1.746	0.344	1.147	1.343	0.552	0.469
0.625	0.708	0.486	1.272	2.393	0.347	0.977	1.35	0.552	0.469
0.627	0.706	0.483	1.152	2.869	0.349	0.75	1.343	0.557	0.466
0.627	0.669	0.483	0.925	2.917	0.369	0.627	1.367	0.557	0.464
0.63	0.63	0.488	0.759	2.891	0.415	0.576	1.372	0.552	0.466
0.627	0.62	0.491	0.637	2.844	0.544	0.54	1.367	0.547	0.469
0.62	0.613	0.488	0.554	2.769	0.623	0.513	1.326	0.547	0.471
0.618	0.61	0.488	0.544	2.688	0.684	0.479	1.301	0.544	0.474
0.618	0.608	0.486	0.51	2.62	0.796	0.464	1.284	0.552	0.481
0.625	0.613	0.486	0.488	2.549	0.957	0.437	1.284	0.557	0.564
0.627	0.618	0.488	0.479	2.5	1.152	0.427	1.282	0.562	0.645
0.627	0.615	0.491	0.479	2.38	1.26	0.437	1.267	0.562	0.92
0.623	0.615	0.491	0.508	2.048	1.316	0.427	1.25	0.552	1.064
0.623	0.618	0.488	0.481	1.711	1.345	0.42	1.228	0.554	1.238
0.623	0.618	0.486	0.474	1.392	1.338	0.42	1.194	0.559	1.733
0.625	0.618	0.488	0.474	1.128	1.34	0.422	1.152	0.564	1.951
0.623	0.62	0.491	0.476	0.881	1.36	0.432	1.069	0.562	1.982
0.623	0.62	0.488	0.476	0.747	1.36	0.432	0.925	0.566	1.995
0.62	0.615	0.486	0.479	0.688	1.362	0.43	0.757	0.564	2.004
0.63	0.615	0.486	0.479	0.681	1.377	0.425	0.693	0.557	1.968
0.637	0.613	0.483	0.476	0.647	1.389	0.422	0.654	0.559	1.924
0.679	0.618	0.483	0.474	0.581	1.394	0.425	0.608	0.564	1.904
0.818	0.62	0.488	0.476	0.557	1.394	0.427	0.593	0.566	1.885
0.981	0.615	0.493	0.479	0.51	1.406	0.43	0.542	0.566	1.882
1.206	0.613	0.493	0.479	0.481	1.399	0.427	0.527	0.564	1.86
1.282	0.613	0.491	0.476	0.491	1.36	0.425	0.459	0.559	1.802
1.37	0.618	0.488	0.474	0.469	1.323	0.425	0.415	0.559	1.738
1.558	0.62	0.486	0.476	0.459	1.172	0.43	0.405	0.564	1.707
1.682	0.623	0.486	0.479	0.454	0.911	0.435	0.403	0.562	1.665
1.707	0.623	0.488	0.481	0.457	0.696	0.432	0.405	0.569	1.482
1.711	0.618	0.488	0.481	0.457	0.53	0.432	0.396	0.559	1.272
1.721	0.618	0.483	0.481	0.461	0.469	0.43	0.396	0.559	1.082
1.714	0.623	0.522	0.479	0.464	0.427	0.43	0.4	0.562	0.852
1.721	0.625	0.525	0.476	0.464	0.415	0.43	0.403	0.564	0.789
1.724	0.623	0.752	0.481	0.464	0.403	0.43	0.408	0.562	0.659
1.719	0.62	1.482	0.483	0.464	0.4	0.427	0.408	0.559	0.608
1.714	0.618	2.102	0.483	0.461	0.398	0.427	0.4	0.552	0.557
1.721	0.618	2.314	0.481	0.461	0.4	0.427	0.4	0.552	0.54
1.721	0.62	2.334	0.476	0.461	0.403	0.427	0.4	0.552	0.505
1.699	0.623	2.31	0.476	0.459	0.4	0.425	0.405	0.554	0.496
1.509	0.62	2.319	0.479	0.459	0.396	0.43	0.408	0.559	0.496
1.265	0.613	2.317	0.481	0.461	0.396	0.43	0.408	0.635	0.5
1.064	0.615	2.312	0.483	0.461	0.396	0.425	0.408	0.684	0.505
0.898	0.618	2.305	0.479	0.461	0.4	0.422	0.405	0.811	0.503
0.82	0.62	2.305	0.476	0.464	0.403	0.417	0.408	0.911	0.505
0.789	0.623	2.329	0.479	0.457	0.403	0.42	0.413	1.035	0.503
0.742	0.62	2.341	0.476	0.457	0.4	0.42	0.41	1.216	0.508
0.74	0.618	2.324	0.508	0.461	0.4	0.422	0.413	1.274	0.505
0.708	0.62	2.275	0.481	0.459	0.4	0.422	0.408	1.279	0.503
0.698	0.62	2.158	0.479	0.457	0.403	0.42	0.405	1.326	0.5
0.71	0.625	2.034	0.476	0.457	0.403	0.422	0.41	1.389	0.5
0.679	0.625	1.938	0.479	0.457	0.403	0.422	0.41	1.436	0.503
0.64	0.625	1.675	0.479	0.449	0.4	0.43	0.413	1.458	0.503
0.627	0.62	1.389	0.481	0.452	0.403	0.432	0.405	1.472	0.508
0.625	0.618	1.145	0.483	0.454	0.398	0.43	0.405	1.453	0.508
0.623	0.618	0.957	0.481	0.454	0.403	0.432	0.408	1.494	0.505
0.62	0.623	0.771	0.479	0.459	0.405	0.427	0.41	1.543	0.503
0.625	0.625	0.652	0.476	0.457	0.41	0.43	0.415	1.531	0.503
0.627	0.625	0.632	0.479	0.452	0.405	0.43	0.415	1.499	0.505
0.627	0.625	0.591	0.481	0.449	0.403	0.43	0.41	1.475	0.508
0.623	0.62	0.552	0.483	0.454	0.403	0.432	0.41	1.443	0.513
0.623	0.615	0.537	0.481	0.457	0.408	0.43	0.41	1.443	0.51
0.63	0.62	0.496	0.476	0.454	0.413	0.427	0.41	1.453	0.505
0.63	0.623	0.496	0.479	0.452	0.405	0.427	0.41	1.46	0.5
0.632	0.623	0.474	0.479	0.449	0.41	0.432	0.41	1.44	0.503
0.63	0.645	0.479	0.483	0.447	0.408	0.432	0.408	1.406	0.503
0.627	0.742	0.469	0.483	0.452	0.41	0.432	0.405	1.379	0.503
0.625	1.013	0.454	0.476	0.454	0.415	0.427	0.405	1.353	0.5
0.62	1.431	0.452	0.479	0.454	0.417	0.425	0.405	1.313	0.5
0.618	1.562	0.454	0.476	0.449	0.417	0.427	0.41	1.279	0.5
0.623	1.658	0.457	0.479	0.447	0.42	0.43	0.413	1.221	0.503
0.618	1.936	0.454	0.479	0.449	0.415	0.43	0.41	1.138	0.505
0.615	2.515	0.457	0.471	0.452	0.413	0.425	0.408	1.062	0.508
0.618	2.903	0.454	0.474	0.457	0.417	0.422	0.408	1.05	0.505
0.618	3.03	0.452	0.469	0.459	0.42	0.425	0.408	1.055	0.503
0.618	3.074	0.457	0.474	0.457	0.42	0.442	0.408	0.947	0.5
0.623	3.083	0.454	0.479	0.457	0.417	0.776	0.41	0.823	0.498
0.623	3.137	0.457	0.486	0.457	0.415	2.175	0.41	0.669	0.5
0.62	3.13	0.459	0.649	0.461	0.415	2.539	0.474	0.603	0.5
0.618	3.12	0.457	0.823	0.461	0.417	2.9	0.53	0.559	0.5
0.62	3.115	0.454	1.711	0.461	0.422	3.115	0.564	0.544	0.5
0.623	3.137	0.452	2.168	0.454	0.42	3.223	0.72	0.547	0.498
0.623	3.218	0.457	2.078	0.452	0.42	3.337	0.972	0.537	0.5
0.625	3.364	0.461	2.031	0.454	0.417	3.45	1.309	0.664	0.503
0.62	3.494	0.461	2.229	0.454	0.415	3.511	1.746	0.776	0.503
0.615	3.496	0.459	2.556	0.459	0.417	3.547	1.907	0.903	0.5
0.615	3.484	0.457	2.776	0.459	0.422	3.594	1.956	0.955	0.503
0.62	3.445	0.454	2.91	0.457	0.42	3.65	1.98	0.955	0.5
0.623	3.354	0.457	2.988	0.454	0.42	3.723	2.009	0.955	0.503
0.623	3.186	0.457	3.042	0.452	0.415	3.787	2.065	0.991	0.508
0.623	3	0.457	3.042	0.452	0.415	3.787	2.168	1.001	0.508
0.62	2.751	0.457	3.027	0.454	0.42	3.767	2.28	1.021	0.508
0.623	2.439	0.454	3.018	0.457	0.422	3.789	2.361	1.106	0.498
0.623	2.114	0.454	3.042	0.452	0.422	3.735	2.456	1.208	0.5
0.625	1.853	0.457	3.042	0.449	0.417	3.616	2.483	1.299	0.503
0.623	1.65	0.461	3.02	0.449	0.417	3.428	2.483	1.326	0.5
0.62	1.406	0.461	3.03	0.452	0.417	3.396	2.502	1.34	0.498
0.615	1.248	0.459	2.869	0.452	0.437	3.057	2.5	1.343	0.503
0.613	1.104	0.457	2.627	0.452	0.457	2.7	2.498	1.375	0.549
0.615	0.955	0.454	2.439	0.449	0.525	2.463	2.517	1.389	0.93
0.62	0.884	0.457	2.31	0.449	0.664	2.283	2.524	1.404	1.694
0.618	0.806	0.459	2.175	0.449	0.894	2.073	2.407	1.406	1.741
0.615	0.732	0.461	1.897	0.452	1.077	1.882	2.275	1.392	1.685
0.618	0.679	0.459	1.78	0.454	1.123	1.655	2.153	1.365	1.758
0.615	0.676	0.457	1.541	0.454	1.169	1.489	2.002	1.309	2.075
0.62	0.64	0.457	1.387	0.449	1.343	1.309	1.794	1.267	2.7
0.62	0.605	0.459	1.316	0.449	1.865	1.182	1.687	1.182	3.12
0.618	0.574	0.461	1.235	0.449	2.087	1.038	1.641	1.06	3.206
0.615	0.571	0.459	1.133	0.452	2.136	0.957	1.418	0.969	3.098
0.613	0.569	0.459	0.974	0.452	2.166	0.818	1.199	0.889	2.917
0.613	0.576	0.454	0.874	0.454	2.185	0.752	1.082	0.823	2.9
0.615	0.576	0.454	0.813	0.457	2.241	0.713	0.986	0.784	2.708
0.615	0.564	0.454	0.776	0.457	2.302	0.664	0.828	0.769	2.686
0.615	0.559	0.459	0.701	0.457	2.334	0.61	0.693	0.745	2.585
0.615	0.557	0.457	0.647	0.457	2.334	0.554	0.615	0.72	2.393
0.613	0.557	0.457	0.652	0.457	2.354	0.515	0.547	0.698	2.156
0.61	0.562	0.454	0.679	0.459	2.375	0.493	0.522	0.654	1.958
0.615	0.566	0.454	0.632	0.459	2.39	0.466	0.51	0.613	1.843
0.688	0.566	0.457	0.557	0.457	2.407	0.464	0.493	0.564	1.682
0.742	0.564	0.461	0.522	0.457	2.393	0.459	0.471	0.54	1.494
0.823	0.559	0.459	0.518	0.464	2.38	0.454	0.483	0.52	1.331
0.933	0.552	0.457	0.513	0.466	2.375	0.435	0.596	0.518	1.165
1.106	0.564	0.457	0.508	0.466	2.38	0.422	0.718	0.527	1.003
1.511	0.571	0.454	0.559	0.464	2.278	0.427	0.886	0.532	0.911
1.616	0.576	0.459	0.64	0.461	2.107	0.427	1.162	0.515	0.85
1.658	0.569	0.461	0.671	0.461	1.86	0.427	1.343	0.481	0.723
1.819	0.569	0.461	0.642	0.466	1.606	0.425	1.382	0.476	0.642
1.924	0.566	0.457	0.764	0.469	1.309	0.422	1.389	0.474	0.586
2.112	0.571	0.457	0.972	0.474	1.196	0.42	1.504	0.479	0.562
2.41	0.574	0.457	1.299	0.466	1.096	0.417	1.755	0.479	0.552
2.551	0.576	0.457	1.501	0.464	1.011	0.422	1.904	0.483	0.535
2.588	0.576	0.459	1.572	0.461	0.903	0.42	1.985	0.479	0.515
2.625	0.576	0.459	1.592	0.466	0.762	0.42	2.051	0.474	0.505
2.566	0.576	0.459	1.606	0.466	0.632	0.415	2.175	0.471	0.505
2.507	0.579	0.491	1.816	0.466	0.549	0.415	2.207	0.479	0.503
2.358	0.579	0.508	1.89	0.461	0.496	0.417	2.229	0.479	0.503
2.224	0.579	0.603	1.929	0.459	0.461	0.417	2.241	0.481	0.498
2.134	0.576	0.972	2.014	0.461	0.503	0.422	2.209	0.476	0.503
2.102	0.574	1.499	2.156	0.476	0.608	0.491	2.18	0.474	0.535
2.08	0.574	1.497	2.224	0.503	0.635	0.562	2.156	0.476	0.537
2.073	0.581	1.731	2.271	0.5	0.73	0.762	2.139	0.479	0.642
1.997	0.583	2.397	2.285	0.479	0.947	1.68	2.122	0.479	0.864
1.821	0.583	2.705	2.312	0.532	1.167	2.056	2.048	0.476	1.165
1.675	0.605	2.827	2.329	0.869	1.24	1.838	1.851	0.476	1.57
1.497	0.823	2.942	2.327	1.79	1.265	1.797	1.57	0.476	1.67
1.362	2.622	2.959	2.322	2.07	1.274	2.039	1.318	0.474	1.697
1.289	3.564	3.013	2.175	2.3	1.282	2.29	1.082	0.476	1.75
1.24	3.135	3.032	2.009	2.632	1.406	2.407	0.957	0.479	2.012
1.213	3.147	3.269	1.816	2.886	1.572	2.551	0.903	0.481	2.461
1.135	3.679	3.406	1.536	2.905	1.672	2.651	0.784	0	2.825
0.957	4.143	3.364	1.34	2.944	1.809	2.703	0.669	0	3.171
0.837	4.465	3.308	1.265	3	1.858	2.673	0.593	0	3.447
0.769	5.002	3.281	1.213	3.259	1.877	2.632	0.557	0	3.625
0.718	5.439	3.281	1.199	3.511	1.868	2.593	0.508	0	3.694
0.679	5.637	3.157	1.025	3.589	1.863	2.585	0.454	0	3.755
0.664	5.681	2.969	0.918	3.628	1.848	2.529	0.437	0	3.774
0.642	5.825	2.72	0.85	3.628	1.836	2.498	0.437	0	3.647
0.645	6.028	2.485	0.798	3.64	1.826	2.456	0.413	0	3.379
0.627	6.05	2.166	0.725	3.64	1.833	2.288	0.378	0	3.003
0.64	5.913	1.921	0.615	3.65	1.826	2.019	0.369	0	2.576
0.649	5.449	1.672	0.54	3.65	1.816	1.714	0.369	0	2.17
0.654	4.998	1.406	0.52	3.564	1.76	1.606	0.369	0	2.039
0.662	4.734	1.316	0.537	3.425	1.523	1.482	0.364	0	1.902
0.657	4.353	1.221	0.518	3.411	1.34	1.23	0.364	0	1.714
0.659	3.843	1.106	0.464	3.323	1.216	1.006	0.364	0	1.414
0.662	3.184	1.018	0.449	3.081	1.072	0.881	0.366	0	1.194
0.664	2.512	0.969	0.444	2.791	0.981	0.774	0.366	0	1.072
0.676	2.024	0.83	0.447	2.539	0.908	0.681	0.366	0	0.947
0.696	1.633	0.723	0.447	2.219	0.837	0.603	0.364	0	0.903
0.74	1.353	0.664	0.444	1.892	0.732	0.583	0.361	0	0.803
0.962	1.089	0.61	0.442	1.562	0.623	0.508	0.364	0	0.688
1.101	0.896	0.581	0.442	1.274	0.522	0.425	0.364	0	0.586
1.165	0.823	0.581	0.439	1.069	0.461	0.398	0.361	0	0.557
1.196	0.708	0.544	0.444	0.935	0.444	0.396	0.361	0	0.532
1.238	0.603	0.53	0.444	0.825	0.437	0.403	0.359	0	0.52
1.345	0.62	0.527	0.444	0.737	0.442	0.371	0.359	0	0.51
1.479	0.605	0.53	0.444	0.664	0.437	0.366	0.356	0	0.481
1.572	0.549	0.532	0.444	0.62	0.386	0.354	0.361	0	0.476
1.619	0.522	0.544	0.444	0.571	0.369	0.354	0.361	0	0.474
1.77	0.503	0.544	0.447	0.508	0.364	0.356	0.361	0	0.471
1.924	0.493	0.542	0.449	0.464	0.361	0.352	0	0	0.474
2	0.491	0.54	0.447	0.457	0.369	0.349	0	0	0.474
2.053	0.496	0.532	0	0.442	0.371	0.349	0	0	0.469
2.124	0.498	0.544	0	0.43	0.369	0.352	0	0	0.469
2.195	0.498	0.54	0	0.408	0.369	0.354	0	0	0.469
2.234	0.496	0.54	0	0.413	0.366	0.349	0	0	0.471
2.209	0.493	0.549	0	0.425	0.364	0.349	0	0	0.469
2.134	0.493	0.554	0	0.425	0.364	0.344	0	0	0.466
2.029	0.493	0.557	0	0.422	0.366	0.344	0	0	0.464
1.926	0.496	0.559	0	0.422	0.366	0.347	0	0	0.466
1.895	0.493	0.564	0	0.425	0.366	0.352	0	0	0.469
1.67	0.491	0.569	0	0.427	0.361	0.352	0	0	0.469
1.45	0.488	0.571	0	0.427	0.361	0.352	0	0	0.471
1.228	0.486	0.566	0	0.432	0.366	0.349	0	0	0.469
1.145	0.491	0.566	0	0.435	0.366	0.349	0	0	0.466
1.096	0.491	0.593	0	0.432	0.366	0.349	0	0	0.466
1.06	0.488	0.615	0	0.432	0.364	0.352	0	0	0.471
0.996	0.488	0.955	0	0.435	0.361	0.352	0	0	0.474
0.928	0.486	1.985	0	0.437	0.361	0.354	0	0	0.474
0.869	0.488	2.458	0	0.439	0.364	0.349	0	0	0.474
0.791	0.491	2.004	0	0.464	0.366	0.349	0	0	0.471
0.688	0.491	1.851	0	0.681	0.366	0.349	0	0	0.471
0.659	0.488	2.017	0	1.326	0.364	0.352	0	0	0.474
0.654	0.488	2.202	0	1.785	0.364	0.352	0	0	0.476
0.627	0.486	2.39	0	1.79	0.361	0.352	0	0	0.474
0.63	0.488	2.542	0	1.763	0.361	0.349	0	0	0.474
0.625	0.488	2.607	0	1.829	0.364	0.349	0	0	0.469
0.62	0.491	2.646	0	1.963	0.366	0.352	0	0	0.471
0.618	0.493	2.695	0	2.056	0.364	0.352	0	0	0.476
0.615	0.491	2.749	0	2.236	0.366	0.354	0	0	0.476
0.61	0.491	2.769	0	2.317	0.432	0.354	0	0	0.479
0.608	0.491	2.754	0	2.368	0	0.349	0	0	0
0.613	0.493	2.725	0	2.427	0	0.349	0	0	0
0.62	0.5	2.576	0	2.463	0	0.354	0	0	0
0.625	0.5	2.4	0	2.417	0	0.354	0	0	0
0.625	0	2.112	0	2.256	0	0.356	0	0	0
0.625	0	1.914	0	2.124	0	0.356	0	0	0
0.625	0	1.636	0	2.041	0	0.352	0	0	0
0.625	0	1.387	0	1.912	0	0.352	0	0	0
0.63	0	1.157	0	1.782	0	0.352	0	0	0
0.63	0	1.05	0	1.577	0	0.356	0	0	0
0.623	0	0.952	0	1.262	0	0.356	0	0	0
0.618	0	0.82	0	1.091	0	0.349	0	0	0
0.618	0	0.725	0	1.038	0	0.347	0	0	0
0.623	0	0.671	0	0.984	0	0.347	0	0	0
0.625	0	0.554	0	0.867	0	0.349	0	0	0
0.63	0	0.505	0	0.718	0	0.352	0	0	0
0.63	0	0.486	0	0.581	0	0.352	0	0	0
0.63	0	0.503	0	0.474	0	0.352	0	0	0
0.63	0	0.54	0	0.398	0	0	0	0	0
0.625	0	0.496	0	0.381	0	0	0	0	0
0.623	0	0.486	0	0.378	0	0	0	0	0
0.625	0	0.474	0	0.371	0	0	0	0	0
0.623	0	0.471	0	0.364	0	0	0	0	0
0.62	0	0.471	0	0.364	0	0	0	0	0
0.613	0	0.469	0	0.366	0	0	0	0	0
0.615	0	0.469	0	0.369	0	0	0	0	0
0.62	0	0.466	0	0.364	0	0	0	0	0
0.627	0	0.469	0	0.369	0	0	0	0	0
0.63	0	0.471	0	0.366	0	0	0	0	0
0.625	0	0.471	0	0.371	0	0	0	0	0
0	0	0.471	0	0.371	0	0	0	0	0
0	0	0.469	0	0.369	0	0	0	0	0
0	0	0.469	0	0.369	0	0	0	0	0
0	0	0.474	0	0.366	0	0	0	0	0
0	0	0.471	0	0.366	0	0	0	0	0
0	0	0.474	0	0.369	0	0	0	0	0
0	0	0.471	0	0.369	0	0	0	0	0
0	0	0.469	0	0.369	0	0	0	0	0
0	0	0.469	0	0.364	0	0	0	0	0
0	0	0.464	0	0.364	0	0	0	0	0
0	0	0.469	0	0.371	0	0	0	0	0
0	0	0.474	0	0.369	0	0	0	0	0
0	0	0.466	0	0.369	0	0	0	0	0
0	0	0.466	0	0.369	0	0	0	0	0
0	0	0.466	0	0.369	0	0	0	0	0
0	0	0.471	0	0.366	0	0	0	0	0
0	0	0.474	0	0.366	0	0	0	0	0
0	0	0.476	0	0.371	0	0	0	0	0
0	0	0.474	0	0	0	0	0	0	0
0	0	0.471	0	0	0	0	0	0	0
0	0	0.469	0	0	0	0	0	0	0
0	0	0.471	0	0	0	0	0	0	0
0	0	0.471	0	0	0	0	0	0	0
0	0	0.471	0	0	0	0	0	0	0
0	0	0.469	0	0	0	0	0	0	0
0	0	0.469	0	0	0	0	0	0	0
0	0	0.469	0	0	0	0	0	0	0
0	0	0.471	0	0	0	0	0	0	0
0	0	0.471	0	0	0	0	0	0	0
0	0	0.471	0	0	0	0	0	0	0
0	0	0.471	0	0	0	0	0	0	0
0	0	0.466	0	0	0	0	0	0	0
