0.093	0.159	0.159	0.168	0.166	0.149	0.051	0.247	0.159	0.151
0.095	0.156	0.161	0.217	0.161	0.149	0.105	0.623	0.161	0.149
0.188	0.154	0.164	1.343	0.161	0.146	2.368	1.038	0.164	0.149
0.674	0.154	0.164	3.574	0.161	0.159	4.348	1.084	0.266	0.156
1.143	0.156	0.171	3.274	0.168	0.317	2.236	1.067	0.911	0.349
0.867	0.166	0.271	2.981	0.388	1.208	1.301	1.05	1.489	1.165
0.657	0.298	0.474	2.952	2.458	1.514	1.267	1.042	1.016	1.389
0.613	0.605	0.791	3.142	2.722	0.947	1.44	1.042	0.752	1.099
0.681	0.813	0.879	3.242	2.17	0.698	1.506	1.05	0.75	0.925
0.735	0.874	0.857	3.262	1.953	0.662	1.553	1.04	0.771	0.889
0.789	0.852	0.808	3.311	1.904	0.803	1.575	1.021	0.791	0.874
0.818	0.818	0.815	3.315	1.875	0.889	1.545	0.999	0.808	0.894
0.818	0.815	0.808	3.289	1.877	0.935	1.57	0.994	0.818	0.898
0.813	0.808	0.818	3.254	1.873	0.935	1.545	0.979	0.828	0.879
0.811	0.811	0.801	3.247	1.868	0.928	1.414	0.957	0.823	0.857
0.779	0.806	0.789	3.198	1.87	0.913	1.235	0.842	0.786	0.82
0.676	0.818	0.762	2.903	1.846	0.84	0.996	0.701	0.723	0.776
0.583	0.818	0.708	2.432	1.829	0.723	0.747	0.559	0.632	0.635
0.481	0.818	0.64	1.855	1.792	0.642	0.632	0.503	0.459	0.532
0.349	0.813	0.598	1.174	1.731	0.571	0.579	0.408	0.391	0.496
0.269	0.815	0.566	0.708	1.562	0.476	0.547	0.298	0.369	0.364
0.266	0.769	0.515	0.452	1.172	0.522	0.461	0.293	0.295	0.308
0.19	0.657	0.371	0.332	0.811	0.51	0.354	0.281	0.234	0.269
0.12	0.535	0.281	0.291	0.564	0.425	0.222	0.183	0.166	0.19
0.098	0.393	0.208	0.225	0.408	0.332	0.105	0.159	0.151	0.159
0.093	0.295	0.171	0.178	0.261	0.222	0.066	0.154	0.149	0.154
0.09	0.286	0.164	0.171	0.21	0.164	0.056	0.151	0.146	0.161
0.095	0.21	0.166	0.168	0.176	0.156	0.059	0.146	0.144	0.154
0.093	0.168	0.164	0.168	0.181	0.156	0.049	0.144	0.144	0.146
0.093	0.161	0.159	0.164	0.168	0.161	0.051	0.146	0.144	0.146
0.09	0.159	0.159	0.164	0.166	0.156	0.051	0.149	0.146	0.149
0.088	0.154	0.161	0.164	0.164	0.156	0.054	0.151	0.146	0.146
0.088	0.154	0.164	0.166	0.161	0.156	0.056	0.151	0.144	0.146
0.093	0.154	0.164	0.168	0.161	0.156	0.054	0.149	0.144	0.142
0.085	0.156	0.164	0.166	0.161	0.159	0.051	0.146	0.144	0.142
0.085	0.156	0.161	0.164	0.166	0.159	0.049	0.146	0.146	0.146
0.085	0.156	0.159	0.164	0.166	0.156	0.051	0.146	0.146	0.146
0.088	0.154	0.161	0.166	0.161	0.154	0.054	0.151	0.149	0.146
0.085	0.154	0.161	0.166	0.161	0.154	0.056	0.151	0.146	0.144
0.088	0.154	0.164	0.168	0.164	0.156	0.056	0.149	0.142	0.144
0.088	0.154	0.164	0.166	0.164	0.159	0.051	0.146	0.142	0.144
0.085	0.156	0.161	0.166	0.164	0.159	0.049	0.142	0.142	0.144
0.083	0.154	0.161	0.164	0.166	0.156	0.051	0.149	0.142	0.146
0.085	0.154	0.161	0.164	0.164	0.154	0.054	0.151	0.146	0.144
0.085	0.151	0.164	0.166	0.161	0.156	0.056	0.151	0.146	0.142
0.085	0.154	0.164	0.166	0.161	0.154	0.054	0.149	0.142	0.142
0.09	0.154	0.164	0.164	0.164	0.156	0.051	0.146	0.139	0.144
0.09	0.156	0.161	0.164	0.164	0.154	0.051	0.146	0.139	0.146
0.129	0.156	0.159	0.164	0.166	0.151	0.051	0.149	0.144	0.144
0.181	0.154	0.161	0.164	0.164	0.151	0.054	0.151	0.146	0.144
0.896	0.151	0.164	0.166	0.161	0.151	0.056	0.151	0.164	0.139
1.56	0.151	0.164	0.166	0.159	0.151	0.063	0.149	0.234	0.139
1.575	0.154	0.159	0.166	0.164	0.154	0.1	0.149	0.364	0.137
1.56	0.156	0.159	0.164	0.166	0.154	0.193	0.183	0.764	0.139
1.545	0.156	0.159	0.164	0.164	0.154	1.809	1.985	0.896	0.142
1.558	0.154	0.159	0.183	0.161	0.151	2.241	4.905	0.811	0.156
1.575	0.149	0.164	0.234	0.161	0.173	2.058	3.445	0.789	0.2
1.602	0.154	0.188	1.946	0.159	0.198	2.034	2.732	0.793	0.381
1.609	0.154	0.21	4.216	0.183	1.458	2.046	2.588	0.798	1.523
1.602	0.156	0.579	3.723	0.242	2.766	2.029	2.593	0.806	2.104
1.602	0.159	1.953	3.54	0.347	2.239	2.021	2.642	0.811	1.819
1.58	0.193	2.056	3.55	1.426	1.968	2.019	2.659	0.811	1.697
1.57	0.339	2.002	3.567	1.753	1.948	2.019	2.651	0.811	1.692
1.497	3.013	1.997	3.582	1.802	1.965	2.007	2.634	0.786	1.719
1.235	3.433	2.002	3.586	1.821	1.96	2	2.605	0.754	1.738
0.984	2.815	1.973	3.569	1.814	1.958	1.946	2.585	0.701	1.748
0.645	2.61	1.958	3.547	1.816	1.943	1.782	2.539	0.615	1.741
0.449	2.583	1.895	3.528	1.812	1.931	1.272	2.334	0.503	1.729
0.283	2.576	1.816	3.469	1.807	1.907	0.876	1.677	0.403	1.711
0.19	2.561	1.646	3.291	1.792	1.892	0.581	1.074	0.308	1.57
0.151	2.537	1.353	2.908	1.76	1.841	0.327	0.703	0.242	1.262
0.107	2.483	0.937	2.153	1.714	1.553	0.242	0.52	0.232	0.984
0.137	2.419	0.652	1.565	1.558	1.133	0.195	0.427	0.183	0.696
0.107	2.368	0.483	1.104	1.265	0.894	0.139	0.361	0.193	0.452
0.098	2.222	0.339	0.806	1.011	0.659	0.088	0.332	0.193	0.295
0.09	1.826	0.337	0.557	0.796	0.476	0.095	0.229	0.154	0.273
0.083	1.367	0.293	0.408	0.588	0.396	0.066	0.173	0.144	0.217
0.088	1.018	0.208	0.339	0.447	0.344	0.054	0.166	0.144	0.176
0.076	0.776	0.188	0.254	0.361	0.291	0.054	0.159	0.146	0.154
0.078	0.569	0.176	0.203	0.303	0.188	0.056	0.156	0.146	0.146
0.081	0.4	0.171	0.215	0.208	0.198	0.056	0.154	0.144	0.142
0.083	0.344	0.166	0.178	0.183	0.176	0.059	0.149	0.142	0.142
0.083	0.254	0.164	0.168	0.168	0.159	0.054	0.146	0.142	0.144
0.083	0.181	0.159	0.166	0.166	0.154	0.051	0.146	0.142	0.144
0.078	0.164	0.159	0.164	0.166	0.149	0.054	0.149	0.146	0.146
0.083	0.161	0.159	0.166	0.161	0.149	0.054	0.151	0.146	0.146
0.088	0.161	0.164	0.166	0.159	0.144	0.054	0.151	0.146	0.142
0.09	0.156	0.164	0.168	0.159	0.144	0.056	0.149	0.144	0.142
0.088	0.159	0.161	0.166	0.161	0.146	0.051	0.146	0.144	0.142
0.088	0.161	0.159	0.166	0.164	0.149	0.051	0.146	0.144	0.144
0.088	0.159	0.159	0.164	0.164	0.146	0.054	0.149	0.146	0.146
0.09	0.159	0.161	0.164	0.161	0.149	0.056	0.151	0.146	0.146
0.093	0.159	0.164	0.166	0.159	0.146	0.056	0.151	0.142	0.142
0.088	0.156	0.164	0.171	0.159	0.149	0.056	0.149	0.144	0.142
0.085	0.159	0.164	0.166	0.161	0.151	0.051	0.146	0.142	0.144
0.083	0.161	0.159	0.164	0.164	0.151	0.051	0.146	0.144	0.144
0.081	0.161	0.159	0.164	0.164	0.151	0.051	0.149	0.146	0.146
0.078	0.156	0.159	0.164	0.161	0.149	0.054	0.149	0.146	0.144
0.078	0.156	0.164	0.166	0.159	0.146	0.056	0.149	0.146	0.142
0.076	0.159	0.164	0.166	0.161	0.149	0.054	0.149	0.144	0.137
0.071	0.09	0.164	0.164	0.161	0.151	0.054	0.146	0.142	0.137
0.068	0.063	0.161	0.164	0.164	0.154	0.051	0.144	0.144	0.144
0.085	0.061	0.159	0.164	0.164	0.149	0.054	0.146	0.146	0.146
0.083	0.068	0.161	0.164	0.161	0.149	0.056	0.149	0.146	0.144
0.076	0.071	0.161	0.164	0.159	0.146	0.059	0.151	0.146	0.139
0.076	0.076	0.161	0.166	0.159	0.149	0.056	0.146	0.142	0.142
0.076	0.095	0.161	0.164	0.161	0.151	0.054	0.144	0.144	0.142
0.073	0.1	0.159	0.164	0.164	0.151	0.054	0.146	0.142	0.144
0.076	0.1	0.159	0.164	0.164	0.149	0.054	0.149	0.146	0.144
0.1	0.1	0.164	0.164	0.161	0.146	0.056	0.151	0.168	0.142
0.3	0.1	0.164	0.166	0.159	0.146	0.059	0.151	1.733	0.139
1.101	0.095	0.164	0.166	0.161	0.149	0.054	0.146	2.175	0.139
1.108	0.098	0.164	0.168	0.161	0.149	0.054	0.146	0.952	0.144
0.95	0.1	0.161	0.164	0.164	0.151	0.051	0.146	0.735	0.144
0.894	0.098	0.159	0.164	0.164	0.149	0.054	0.293	0.999	0.144
0.874	0.09	0.171	0.164	0.164	0.146	0.056	3.123	1.189	0.142
0.884	0.09	0.415	0.166	0.161	0.146	0.056	1.401	1.226	0.142
0.896	0.093	3.066	0.239	0.161	0.149	0.054	0.881	1.255	0.139
0.879	0.098	2.185	1.106	0.161	0.186	0.051	1.028	1.26	0.205
0.874	0.251	1.733	2.339	0.166	1.707	0.051	1.311	1.243	2.239
0.906	3.591	1.619	1.587	0.171	2.205	0.054	1.528	1.064	1.67
0.918	1.619	1.614	1.445	4.768	0.881	0.056	1.672	0.903	1.089
0.916	0.786	1.653	1.44	3.323	0.623	0.056	1.748	0.73	1.147
0.908	1.204	1.682	1.431	1.223	0.891	0.054	1.77	0.605	1.382
0.798	1.533	1.714	1.406	1.14	1.123	0.996	1.785	0.522	1.472
0.535	1.633	1.726	1.399	1.487	1.143	3.416	1.77	0.437	1.567
0.391	1.785	1.729	1.394	1.733	1.147	1.66	1.76	0.337	1.663
0.344	1.926	1.731	1.382	1.917	1.145	1.138	1.66	0.254	1.697
0.339	1.968	1.729	1.396	2.131	1.101	1.072	1.36	0.171	1.687
0.281	1.941	1.709	1.396	2.297	1.079	1.086	0.913	0.149	1.677
0.21	1.831	1.411	1.113	2.329	0.94	1.099	0.574	0.146	1.653
0.112	1.572	0.916	0.679	2.185	0.745	1.082	0.444	0.154	1.394
0.103	1.294	0.554	0.476	1.982	0.552	1.106	0.364	0.151	0.94
0.093	0.979	0.435	0.425	1.782	0.51	1.133	0.293	0.149	0.645
0.078	0.654	0.386	0.374	1.433	0.496	1.147	0.242	0.144	0.5
0.085	0.476	0.312	0.295	1.033	0.422	1.099	0.168	0.142	0.396
0.078	0.413	0.203	0.21	0.701	0.32	0.884	0.154	0.142	0.237
0.073	0.381	0.168	0.173	0.466	0.227	0.562	0.146	0.144	0.171
0.076	0.305	0.161	0.164	0.41	0.171	0.413	0.149	0.146	0.154
0.081	0.215	0.161	0.166	0.369	0.154	0.342	0.149	0.146	0.149
0.081	0.168	0.164	0.166	0.31	0.146	0.261	0.149	0.144	0.142
0.081	0.159	0.164	0.168	0.256	0.146	0.232	0.146	0.142	0.139
0.081	0.117	0.164	0.166	0.186	0.149	0.183	0.144	0.144	0.142
0.083	0.105	0.161	0.164	0.171	0.151	0.154	0.144	0.144	0.144
0.078	0.1	0.159	0.161	0.166	0.149	0.081	0.149	0.146	0.146
0.078	0.1	0.161	0.164	0.168	0.144	0.061	0.149	0.149	0.146
0.081	0.1	0.164	0.166	0.164	0.144	0.059	0.149	0.146	0.142
0.083	0.103	0.164	0.166	0.161	0.146	0.056	0.146	0.144	0.142
0.083	0.1	0.164	0.166	0.164	0.149	0.051	0.146	0.144	0.142
0.078	0.103	0.161	0.164	0.164	0.149	0.054	0.144	0.144	0.144
0.081	0.103	0.159	0.164	0.166	0.146	0.054	0.146	0.146	0.144
0.088	0.1	0.161	0.164	0.164	0.144	0.054	0.149	0.146	0.146
0.098	0.098	0.166	0.166	0.161	0.144	0.059	0.149	0.146	0.142
0.095	0.107	0.164	0.168	0.161	0.146	0.054	0.146	0.144	0.142
0.088	0.112	0.164	0.166	0.161	0.171	0.054	0.144	0.144	0.142
0.083	0.115	0.159	0.164	0.166	0.151	0.054	0.144	0.146	0.144
0.088	0.112	0.159	0.164	0.166	0.146	0.054	0.146	0.146	0.146
0.083	0.103	0.159	0.164	0.161	0.146	0.056	0.146	0.146	0.146
0.085	0.1	0.161	0.166	0.159	0.144	0.056	0.149	0.146	0.142
0.081	0.095	0.161	0.168	0.161	0.146	0.054	0.146	0.142	0.139
0.078	0.095	0.164	0.166	0.161	0.149	0.054	0.144	0.142	0.139
0.076	0.098	0.161	0.164	0.164	0.154	0.049	0.144	0.144	0.142
0.078	0.1	0.159	0.164	0.164	0.151	0.054	0.146	0.146	0.144
0.078	0.093	0.161	0.164	0.161	0.149	0.056	0.149	0.149	0.144
0.081	0.081	0.164	0.166	0.159	0.149	0.056	0.149	0.146	0.142
0.088	0.078	0.166	0.168	0.161	0.149	0.056	0.146	0.142	0.139
0.083	0.081	0.161	0.166	0.161	0.151	0.054	0.144	0.142	0.139
0.085	0.083	0.161	0.164	0.164	0.149	0.049	0.144	0.144	0.144
0.083	0.081	0.159	0.164	0.164	0.151	0.051	0.146	0.146	0.146
0.085	0.078	0.161	0.164	0.161	0.149	0.054	0.149	0.149	0.144
0.088	0.078	0.164	0.166	0.159	0.149	0.056	0.151	0.144	0.142
0.088	0.078	0.164	0.168	0.159	0.151	0.054	0.146	0.144	0.142
0.09	0.083	0.164	0.166	0.161	0.154	0.054	0.146	0.146	0.146
0.083	0.083	0.159	0.164	0.164	0.154	0.049	0.146	0.144	0.144
0.083	0.083	0.159	0.164	0.164	0.151	0.054	0.149	0.146	0.146
0.083	0.078	0.161	0.166	0.159	0.149	0.056	0.149	0.146	0.146
0.083	0.081	0.164	0.166	0.156	0.146	0.056	0.149	0.149	0.142
0.083	0.083	0.164	0.168	0.159	0.149	0.056	0.146	0.154	0.139
0.083	0.09	0.161	0.166	0.161	0.154	0.054	0.144	0.317	0.142
0.083	0.095	0.159	0.166	0.164	0.154	0.051	0.146	2.039	0.144
0.078	0.125	0.159	0.161	0.164	0.151	0.051	0.149	1.682	0.146
0.081	0.132	0.161	0.166	0.161	0.149	0.056	0.149	1.023	0.144
0.081	0.129	0.164	0.166	0.159	0.149	0.056	0.149	0.911	0.142
0.081	0.132	0.164	0.168	0.156	0.149	0.056	0.146	0.962	0.139
0.078	0.132	0.164	0.166	0.164	0.151	0.051	0.144	1.035	0.142
0.078	0.134	0.161	0.164	0.164	0.154	0.051	0.144	1.05	0.144
0.076	0.134	0.159	0.164	0.166	0.149	0.051	0.146	1.101	0.146
0.078	0.129	0.161	0.168	0.161	0.146	0.056	0.149	1.16	0.144
0.083	0.129	0.164	0.176	0.159	0.149	0.054	0.149	1.216	0.139
0.085	0.132	0.164	0.286	0.159	0.146	0.056	0.146	1.257	0.139
0.156	0.134	0.164	1.353	0.161	0.151	0.054	0.144	1.274	0.142
0.378	0.134	0.159	1.399	0.164	0.161	0.051	0.144	1.277	0.144
0.918	0.134	0.161	0.889	0.164	0.181	0.051	0.137	1.228	0.144
0.92	0.144	0.161	0.857	0.161	0.635	0.056	0.149	1.118	0.144
0.725	0.146	0.164	1.047	0.161	2.187	0.056	0.151	0.952	0.139
0.671	0.151	0.164	1.121	0.159	1.492	0.056	0.171	0.793	0.139
0.82	0.151	0.164	1.13	0.161	1.021	0.051	0.188	0.75	0.142
0.952	0.156	0.159	1.143	0.164	1.121	0.051	0.269	0.75	0.146
0.984	0.151	0.159	1.24	0.164	1.226	0.056	0.61	0.593	0.151
1.023	0.142	0.161	1.287	0.161	1.213	0.056	0.906	0.437	0.237
1.038	0.137	0.164	1.333	0.159	1.172	0.056	0.881	0.312	1.836
1.042	0.137	0.166	1.345	0.159	1.206	0.054	0.886	0.291	2.446
1.023	0.139	0.164	1.343	0.161	1.194	0.054	0.942	0.234	1.494
1.003	0.186	0.159	1.348	0.166	1.196	0.051	1.038	0.186	1.267
1.011	0.264	0.161	1.309	0.164	1.184	0.051	1.074	0.156	1.414
0.945	0.298	0.161	1.213	0.161	1.165	0.054	1.077	0.149	1.479
0.825	0.383	0.164	1.104	0.159	1.177	0.056	1.072	0.146	1.438
0.72	0.393	0.164	0.959	0.159	1.165	0.056	1.057	0.142	1.436
0.659	0.396	0.164	0.818	0.161	1.074	0.051	1.05	0.142	1.465
0.588	0.42	0.183	0.732	0.164	0.945	0.051	1.03	0.144	1.44
0.483	0.591	0.31	0.696	0.164	0.781	0.054	0.964	0.146	1.404
0.488	0.647	0.571	0.669	0.161	0.652	0.056	0.825	0.149	1.34
0.374	0.649	0.867	0.652	0.159	0.627	0.056	0.774	0.144	1.196
0.281	0.671	0.908	0.476	0.159	0.522	0.056	0.676	0.144	1.038
0.222	0.706	0.886	0.359	0.161	0.454	0.054	0.574	0.144	0.898
0.183	0.732	0.92	0.32	0.164	0.369	0.051	0.508	0.144	0.813
0.146	0.728	0.935	0.247	0.164	0.327	0.051	0.439	0.146	0.771
0.11	0.728	0.93	0.19	0.161	0.291	0.054	0.344	0.146	0.632
0.11	0.72	0.969	0.176	0.159	0.232	0.056	0.281	0.144	0.51
0.107	0.696	1.021	0.171	0.156	0.176	0.054	0.283	0.142	0.361
0.105	0.627	0.994	0.168	0.161	0.164	0.054	0.266	0.139	0.298
0.1	0.593	0.977	0.164	0.164	0.159	0.051	0.229	0.142	0.31
0.098	0.547	0.962	0.164	0.164	0.154	0.054	0.19	0.144	0.266
0.098	0.515	0.952	0.164	0.161	0.154	0.056	0.159	0.146	0.208
0.098	0.469	0.959	0.166	0.159	0.151	0.056	0.149	0.142	0.168
0.098	0.439	0.969	0.166	0.161	0.154	0.056	0.146	0.139	0.149
0.093	0.415	0.952	0.166	0.161	0.156	0.051	0.144	0.142	0.144
0.09	0.342	0.847	0.164	0.164	0.154	0.046	0.144	0.144	0.146
0.078	0.266	0.754	0.161	0.164	0.154	0.054	0.146	0.146	0.149
0.076	0.286	0.759	0.164	0.159	0.151	0.054	0.149	0.146	0.144
0.078	0.249	0.669	0.166	0.159	0.154	0.056	0.149	0.144	0.142
0.078	0.215	0.566	0.168	0.159	0.154	0.056	0.146	0.142	0.139
0.073	0.181	0.542	0.166	0.161	0.159	0.054	0.144	0.142	0.139
0.073	0.149	0.479	0.164	0.164	0.159	0.051	0.144	0.142	0.144
0.073	0.139	0.361	0.164	0.164	0.156	0.051	0.146	0.144	0.142
0.071	0.134	0.312	0.164	0.164	0.154	0.056	0.149	0.146	0.142
0.076	0.127	0.256	0.159	0.159	0.151	0.056	0.149	0.144	0.139
0.083	0.132	0.203	0.166	0.159	0.154	0.054	0.146	0.142	0.139
0.088	0.137	0.176	0.164	0.164	0.159	0.054	0.144	0.142	0.139
0.09	0.137	0.164	0.164	0.164	0.159	0.051	0.146	0.142	0.142
0.1	0.122	0.161	0.161	0.164	0.156	0.054	0.146	0.144	0.144
0.098	0.107	0.161	0.164	0.161	0.154	0.056	0.149	0.146	0.144
0.103	0.083	0.176	0.166	0.159	0.154	0.056	0.149	0.142	0.142
0.103	0.083	0.188	0.166	0.159	0.154	0.054	0.146	0.142	0.142
0.098	0.085	0.168	0.166	0.164	0.156	0.054	0.144	0.142	0.142
0.098	0.085	0.164	0.164	0.161	0.156	0.049	0.144	0.142	0.146
0.098	0.078	0.161	0.161	0.164	0.156	0.051	0.146	0.144	0.146
0.098	0.076	0.164	0.164	0.161	0.154	0.056	0.149	0.144	0.144
0.098	0.073	0.164	0.164	0.159	0.154	0.056	0.151	0.142	0.142
0.095	0.066	0.164	0.166	0.159	0.154	0.054	0.146	0.139	0.142
0.095	0.076	0.161	0.164	0.161	0.156	0.051	0.144	0.142	0.144
0.093	0.085	0.161	0.164	0.164	0.159	0.051	0.144	0.142	0.146
0.09	0.103	0.161	0.161	0.164	0.156	0.054	0.146	0.144	0.149
0.093	0.105	0.161	0.164	0.161	0.151	0.056	0.149	0.144	0.146
0.095	0.093	0.164	0.164	0.159	0.154	0.056	0.149	0.142	0.142
0.098	0.103	0.166	0.166	0.161	0.154	0.054	0.146	0.139	0.139
0.093	0.11	0.164	0.166	0.161	0.156	0.054	0.144	0.139	0.142
0.088	0.112	0.161	0.164	0.176	0.156	0.051	0.144	0.144	0.144
0.085	0.115	0.161	0.159	0.269	0.154	0.059	0.149	0.144	0.144
0.088	0.11	0.164	0.164	1.265	0.151	0.132	0.149	0.144	0.144
0.09	0.107	0.164	0.166	1.873	0.151	2.976	0.149	0.144	0.142
0.09	0.107	0.166	0.168	1.252	0.151	3.171	0.146	0.142	0.139
0.09	0.112	0.164	0.164	1.111	0.154	1.626	0.144	0.142	0.142
0.09	0.112	0.164	0.164	1.233	0.156	1.228	0.144	0.144	0.144
0.081	0.107	0.161	0.161	1.316	0.156	1.768	0.146	0.144	0.149
0.078	0.107	0.164	0.164	1.296	0.154	1.943	0.149	0.146	0.144
0.083	0.105	0.164	0.166	1.309	0.151	2.041	0.149	0.144	0.139
0.081	0.107	0.166	0.166	1.372	0.154	2.363	0.146	0.142	0.139
0.081	0.093	0.164	0.166	1.436	0.156	2.644	0.142	0.144	0.142
0.105	0.088	0.161	0.161	1.443	0.156	2.668	0.144	0.144	0.144
0.127	0.081	0.161	0.164	1.418	0.154	2.627	0.146	0.146	0.146
0.134	0.083	0.164	0.164	1.401	0.151	2.522	0.151	0.149	0.144
0.139	0.11	0.164	0.166	1.399	0.151	2.229	0.149	0.146	0.142
0.142	0.112	0.164	0.164	1.414	0.154	1.968	0.146	0.144	0.139
0.139	0.11	0.164	0.166	1.384	0.156	1.641	0.146	0.142	0.142
0.132	0.115	0.161	0.161	1.282	0.156	1.348	0.144	0.144	0.144
0.129	0.12	0.161	0.166	1.179	0.154	1.104	0.149	0.146	0.144
0.112	0.117	0.161	0.164	0.991	0.151	0.957	0.151	0.21	0.144
0.098	0.115	0.164	0.164	0.828	0.151	0.842	0.151	1.118	0.139
0.09	0.105	0.166	0.166	0.835	0.154	0.635	0.149	4.15	0.139
0.088	0.11	0.164	0.164	0.798	0.159	0.437	0.146	1.87	0.142
0.081	0.107	0.161	0.161	0.684	0.156	0.349	0.146	0.94	0.144
0.078	0.103	0.161	0.161	0.52	0.156	0.364	0.149	1.323	0.146
0.081	0.095	0.164	0.164	0.378	0.151	0.249	0.151	1.646	0.144
0.083	0.09	0.164	0.166	0.339	0.151	0.129	0.151	1.704	0.139
0.083	0.088	0.164	0.166	0.251	0.154	0.071	0.149	1.726	0.139
0.081	0.1	0.164	0.164	0.198	0.156	0.059	0.146	1.736	0.139
0.076	0.093	0.161	0.161	0.176	0.156	0.051	0.146	1.758	0.144
0.083	0.095	0.161	0.161	0.166	0.154	0.054	0.149	1.755	0.146
0.1	0.093	0.164	0.164	0.161	0.154	0.056	0.151	1.597	0.144
0.1	0.085	0.164	0.164	0.159	0.151	0.056	0.149	1.35	0.142
0.095	0.088	0.164	0.166	0.159	0.154	0.054	0.149	1.155	0.142
0.083	0.09	0.164	0.164	0.161	0.156	0.054	0.146	0.864	0.142
0.083	0.098	0.161	0.161	0.164	0.159	0.051	0.146	0.74	0.142
0.081	0.1	0.161	0.161	0.164	0.154	0.051	0.149	0.652	0.144
0.081	0.098	0.161	0.164	0.161	0.151	0.056	0.151	0.493	0.146
0.088	0.095	0.166	0.166	0.159	0.151	0.056	0.151	0.369	0.142
0.444	0.098	0.164	0.166	0.161	0.154	0.054	0.149	0.308	0.139
1.66	0.098	0.164	0.164	0.164	0.154	0.051	0.146	0.2	0.139
1.306	0.107	0.161	0.161	0.166	0.156	0.051	0.144	0.159	0.142
0.854	0.103	0.161	0.161	0.164	0.154	0.051	0.146	0.149	0.144
0.771	0.107	0.198	0.161	0.161	0.149	0.056	0.149	0.146	0.144
0.835	0.107	0.85	0.164	0.159	0.146	0.056	0.149	0.144	0.139
0.874	0.112	1.934	0.164	0.161	0.149	0.056	0.146	0.144	0.137
0.879	0.117	1.699	0.164	0.161	0.151	0.051	0.144	0.144	0.139
0.859	0.117	1.582	0.161	0.166	0.203	0.051	0.239	0.144	0.146
0.859	0.117	1.575	0.159	0.164	0.459	0.054	2.666	0.146	0.151
0.869	0.115	1.577	0.161	0.164	4.773	0.056	3.337	0.146	0.149
0.823	0.11	1.57	0.164	0.161	2.573	0.056	1.543	0.146	0.144
0.764	0.11	1.592	0.164	0.161	1.13	0.056	1.118	0.142	0.144
0.598	0.229	1.594	0.164	0.161	1.499	0.054	1.355	0.142	0.144
0.505	0.952	1.589	0.161	0.164	1.98	0.049	1.58	0.144	0.149
0.417	1.218	1.572	0.159	0.164	2.136	0.054	1.667	0.146	0.151
0.33	1.074	1.558	0.161	0.161	2.124	0.056	1.721	0.149	0.151
0.217	1.045	1.443	0.161	0.159	2.197	0.056	1.802	0.144	0.146
0.164	1.064	1.14	0.166	0.161	2.236	0.054	1.816	0.142	0.142
0.117	1.077	0.854	0.161	0.161	2.268	0.051	1.777	0.142	0.144
0.1	1.079	0.645	0.176	0.164	2.261	0.051	1.599	0.144	0.149
0.088	1.077	0.564	0.579	0.164	2.002	0.054	1.311	0.146	0.146
0.083	1.052	0.439	1.931	0.161	1.533	0.056	0.94	0.146	0.144
0.083	1.028	0.291	1.738	0.159	1.152	0.056	0.698	0.144	0.144
0.085	0.977	0.247	1.619	0.159	0.828	0.054	0.574	0.144	0.146
0.083	0.808	0.215	1.655	0.161	0.789	0.051	0.469	0.144	0.149
0.078	0.581	0.176	1.721	0.166	0.583	0.051	0.349	0.146	0.149
0.073	0.442	0.168	1.731	0.164	0.498	0.054	0.283	0.146	0.154
0.073	0.371	0.164	1.731	0.164	0.356	0.056	0.21	0.149	0.149
0.078	0.281	0.166	1.724	0.161	0.276	0.056	0.164	0.146	0.146
0.076	0.193	0.166	1.724	0.161	0.203	0.056	0.151	0.144	0.144
0.076	0.176	0.164	1.724	0.161	0.2	0.051	0.144	0.144	0.146
0.076	0.12	0.164	1.682	0.164	0.203	0.051	0.149	0.146	0.149
0.078	0.093	0.161	1.541	0.164	0.198	0.054	0.176	0.149	0.149
0.085	0.088	0.164	1.326	0.161	0.193	0.054	0.178	0.146	0.149
0.093	0.093	0.166	0.989	0.161	0.186	0.054	0.178	0.146	0.146
0.093	0.095	0.166	0.737	0.161	0.188	0.056	0.178	0.144	0.144
0.09	0.088	0.164	0.63	0.166	0.188	0.078	0.176	0.142	0.146
0.09	0.083	0.161	0.537	0.166	0.188	0.051	0.176	0.146	0.146
0.093	0.081	0.159	0.432	0.164	0.186	0.054	0.176	0.146	0.146
0.093	0.078	0.164	0.398	0.164	0.183	0.056	0.181	0.146	0.146
0.095	0.078	0.164	0.283	0.159	0.178	0.056	0.173	0.146	0.144
0.1	0.088	0.164	0.256	0.161	0.181	0.056	0.151	0.144	0.142
0.098	0.09	0.164	0.205	0.164	0.183	0.054	0.146	0.144	0.144
0.095	0.095	0.161	0.171	0.166	0.186	0.051	0.146	0.144	0.146
0.085	0.09	0.164	0.164	0.164	0.186	0.051	0.146	0.146	0.144
0.088	0.09	0.164	0.164	0.161	0.181	0.056	0.149	0.149	0.144
0.095	0.09	0.166	0.164	0.159	0.178	0.056	0.149	0.146	0.142
0.1	0.09	0.166	0.164	0.161	0.181	0.054	0.146	0.146	0.142
0.1	0.095	0.164	0.164	0.164	0.178	0.051	0.142	0.144	0.142
0.095	0.098	0.161	0.161	0.164	0.176	0.051	0.144	0.146	0.144
0.1	0.093	0.161	0.161	0.164	0.173	0.054	0.146	0.149	0.149
0.103	0.09	0.164	0.164	0.161	0.173	0.056	0.149	0.149	0.291
0.11	0.085	0.166	0.164	0.161	0.173	0.059	0.149	0.146	0.649
0.112	0.088	0.166	0.166	0.183	0.173	0.056	0.146	0.144	1.626
0.107	0.088	0.164	0.164	0.305	0.178	0.051	0.144	0.146	1.165
0.1	0.085	0.164	0.159	3.857	0.178	0.051	0.144	0.146	0.879
0.098	0.076	0.161	0.161	2.788	0.178	0.054	0.146	0.146	0.82
0.093	0.081	0.164	0.161	1.121	0.176	0.056	0.151	0.146	0.85
0.095	0.081	0.166	0.164	0.894	0.173	0.056	0.146	0.144	0.869
0.095	0.081	0.166	0.166	1.619	0.176	0.056	0.144	0.144	0.872
0.09	0.083	0.164	0.166	1.885	0.181	0.054	0.144	0.142	0.872
0.088	0.085	0.161	0.164	1.958	0.178	0.054	0.144	0.146	0.884
0.09	0.081	0.161	0.161	1.97	0.178	0.051	0.146	0.149	0.881
0.083	0.078	0.166	0.164	2.021	0.176	0.061	0.146	0.149	0.874
0.083	0.076	0.166	0.166	2.034	0.178	0.232	0.149	0.149	0.818
0.081	0.076	0.166	0.164	2.009	0.181	1.958	0.146	0.144	0.662
0.085	0.073	0.166	0.166	1.858	0.181	2.581	0.142	0.144	0.544
0.085	0.081	0.164	0.161	1.567	0.183	1.233	0.144	0.146	0.474
0.085	0.083	0.164	0.161	1.235	0.178	0.93	0.146	0.149	0.405
0.093	0.073	0.164	0.161	0.828	0.181	0.996	0.149	0.149	0.31
0.095	0.076	0.166	0.164	0.652	0.183	1.152	0.149	0.146	0.225
0.09	0.068	0.166	0.164	0.527	0.186	1.226	0.146	0.144	0.168
0.085	0.078	0.164	0.164	0.364	0.188	1.277	0.144	0.142	0.156
0.083	0.103	0.164	0.161	0.312	0.186	1.299	0.144	0.146	0.149
0.078	0.107	0.164	0.161	0.22	0.186	1.311	0.146	0.146	0.149
0.085	0.11	0.164	0.161	0.178	0.183	1.321	0.149	0.149	0.149
0.088	0.112	0.166	0.164	0.168	0.181	1.165	0.149	0.146	0.144
0.093	0.112	0.166	0.164	0.164	0.183	0.918	0.144	0.142	0.142
0.09	0.1	0.164	0.164	0.166	0.186	0.684	0.142	0.142	0.144
0.081	0.095	0.164	0.161	0.168	0.188	0.527	0.144	0.146	0.146
0.081	0.095	0.161	0.161	0.164	0.186	0.378	0.146	0.146	0.149
0.081	0.098	0.164	0.161	0.166	0.183	0.261	0.139	0.149	0.146
0.083	0.093	0.164	0.164	0.161	0.183	0.178	0.146	0.146	0.144
0.083	0.09	0.166	0.164	0.161	0.183	0.112	0.144	0.144	0.144
0.078	0.098	0.164	0.164	0.164	0.186	0.083	0.142	0.144	0.142
0.078	0.1	0.164	0.161	0.164	0.186	0.061	0.144	0.144	0.149
0.083	0.1	0.161	0.161	0.166	0.183	0.056	0.144	0.146	0.149
0.095	0.095	0.166	0.161	0.164	0.181	0.066	0.146	0.149	0.146
0.1	0.09	0.166	0.164	0.161	0.181	0.081	0.146	0.146	0.146
0.1	0.088	0.166	0.168	0.161	0.181	0.081	0.142	0.146	0.144
0.095	0.09	0.166	0.164	0.164	0.183	0.081	0.142	0.144	0.144
0.088	0.093	0.164	0.161	0.168	0.181	0.076	0.142	0.146	0.146
0.085	0.093	0.164	0.164	0.166	0.178	0.073	0.144	0.149	0.149
0.085	0.093	0.164	0.164	0.164	0.176	0.066	0.146	0.183	0.146
0.09	0.09	0.166	0.164	0.159	0.176	0.059	0.146	1.362	0.144
0.095	0.088	0.166	0.164	0.164	0.178	0.056	0.144	2.07	0.144
0.095	0.088	0.164	0.164	0.164	0.183	0.054	0.142	1.406	0.146
0.09	0.088	0.164	0.161	0.166	0.183	0.054	0.142	1.262	0.149
0.09	0.088	0.164	0.161	0.166	0.181	0.054	0.144	1.438	0.149
0.09	0.083	0.164	0.161	0.164	0.178	0.056	0.146	1.597	0.144
0.09	0.085	0.161	0.164	0.164	0.178	0.056	0.149	1.741	0.144
0.093	0.078	0.166	0.166	0.166	0.181	0.056	0.144	1.914	0.144
0.093	0.081	0.164	0.161	0.166	0.181	0.054	0.144	1.997	0.146
0.09	0.081	0.164	0.164	0.112	0.181	0.051	0.142	2.046	0.146
0.09	0.078	0.164	0.161	0.166	0.178	0.054	0.144	2.075	0.149
0.09	0.076	0.166	0.164	0.164	0.176	0.056	0.149	2.053	0.146
0.093	0.071	0.166	0.166	0.164	0.176	0.056	0.146	1.997	0.144
0.09	0.078	0.166	0.166	0.161	0.181	0.056	0.22	1.755	0.146
0.088	0.095	0.164	0.166	0.164	0.181	0.054	0.298	1.538	0.146
0.088	0.095	0.164	0.164	0.166	0.181	0.054	0.608	1.15	0.149
0.088	0.098	0.164	0.161	0.166	0.178	0.056	1.201	0.793	0.149
0.09	0.095	0.164	0.164	0.164	0.178	0.056	1.023	0.562	0.146
0.088	0.095	0.166	0.164	0.161	0.188	0.056	0.942	0.386	0.144
0.129	0.134	0.166	0.164	0.161	0.305	0.056	1.013	0.273	0.144
0.22	0.149	0.166	0.164	0.164	1.934	0.051	1.074	0.205	0.146
0.388	0.222	0.161	0.164	0.166	1.711	0.051	1.15	0.186	0.146
0.818	0.288	0.164	0.161	0.166	1.172	0.054	1.333	0.161	0.149
0.808	0.342	0.2	0.164	0.164	1.06	0.056	1.555	0.151	0.149
0.752	0.381	0.286	0.166	0.164	1.05	0.056	1.636	0.151	0.144
0.735	0.437	0.725	0.166	0.164	1.128	0.056	1.677	0.149	0.144
0.757	0.457	1.26	0.166	0.166	1.238	0.054	1.677	0.149	0.144
0.842	0.466	1.226	0.164	0.166	1.421	0.051	1.636	0.149	0.149
0.869	0.481	1.165	0.161	0.164	1.592	0.054	1.36	0.149	0.149
0.867	0.505	1.216	0.161	0.166	1.643	0.056	1.082	0.151	0.146
0.891	0.518	1.23	0.164	0.164	1.626	0.056	0.771	0.146	0.144
0.889	0.527	1.257	0.166	0.164	1.648	0.056	0.593	0.146	0.144
0.876	0.525	1.392	0.164	0.166	1.636	0.054	0.508	0.146	0.146
0.825	0.505	1.462	0.166	0.166	1.475	0.054	0.447	0.146	0.149
0.713	0.505	1.465	0.21	0.166	1.169	0.054	0.369	0.149	0.149
0.667	0.5	1.482	0.403	0.164	0.818	0.056	0.222	0.151	0.146
0.481	0.481	1.455	2.004	0.164	0.581	0.059	0.166	0.149	0.139
0.366	0.444	1.467	1.609	0.164	0.442	0.054	0.149	0.146	0.139
0.225	0.425	1.328	1.089	0.166	0.303	0.054	0.154	0.146	0.139
0.142	0.369	1.077	1.033	0.166	0.237	0.051	0.159	0.146	0.144
0.103	0.327	0.73	1.125	0.166	0.193	0.054	0.151	0.149	0.146
0.09	0.273	0.635	1.177	0.164	0.142	0.056	0.149	0.151	0.144
0.085	0.225	0.532	1.157	0.161	0.127	0.056	0.149	0.149	0.142
0.081	0.186	0.466	1.182	0.164	0.093	0.056	0.146	0.146	0.142
0.081	0.139	0.376	1.206	0.166	0.085	0.054	0.144	0.146	0.144
0.078	0.12	0.247	1.167	0.166	0.083	0.051	0.144	0.146	0.146
0.076	0.112	0.183	1.118	0.166	0.081	0.056	0.146	0.151	0.146
0.081	0.117	0.176	1.04	0.164	0.078	0.056	0.149	0.149	0.144
0.078	0.115	0.171	0.962	0.161	0.081	0.059	0.149	0.146	0.144
0.083	0.112	0.166	0.803	0.164	0.083	0.056	0.146	0.146	0.142
0.083	0.115	0.164	0.659	0.166	0.083	0.054	0.144	0.146	0.144
0.081	0.117	0.161	0.559	0.166	0.083	0.054	0.146	0.146	0.146
0.081	0.115	0.161	0.461	0.166	0.081	0.054	0.146	0.149	0.146
0.083	0.112	0.164	0.43	0.164	0.081	0.056	0.149	0.149	0.144
0.085	0.11	0.166	0.361	0.164	0.078	0.056	0.149	0.146	0.144
0.088	0.112	0.166	0.281	0.164	0.078	0.056	0.146	0.146	0.142
0.083	0.115	0.166	0.203	0.166	0.081	0.054	0.144	0.144	0.144
0.081	0.115	0.164	0.178	0.166	0.081	0.051	0.144	0.146	0.144
0.078	0.11	0.164	0.166	0.161	0.078	0.054	0.146	0.149	0.146
0.083	0.11	0.166	0.164	0.164	0.078	0.056	0.149	0.146	0.144
0.088	0.112	0.166	0.164	0.164	0.078	0.056	0.149	0.146	0.142
0.083	0.11	0.168	0.164	0.164	0.083	0.054	0.146	0.144	0.139
0.085	0.117	0.166	0.164	0.166	0.083	0.054	0.142	0.146	0.142
0.081	0.117	0.161	0.161	0.166	0.083	0.051	0.144	0.146	0.144
0.083	0.117	0.166	0.159	0.166	0.081	0.054	0.146	0.149	0.146
0.078	0.117	0.164	0.161	0.164	0.081	0.056	0.149	0.151	0.144
0.083	0.112	0.166	0.164	0.161	0.081	0.056	0.149	0.149	0.144
0.081	0.11	0.166	0.166	0.164	0.081	0.051	0.144	0.146	0.186
0.078	0.112	0.164	0.164	0.164	0.083	0.054	0.142	0.146	0.308
0.078	0.112	0.164	0.161	0.166	0.081	0.051	0.144	0.159	0.859
0.078	0.11	0.164	0.161	0.166	0.078	0.054	0.146	2.771	1.191
0.085	0.107	0.164	0.164	0.164	0.076	0.059	0.146	2.563	0.881
0.093	0.112	0.166	0.164	0.164	0.076	0.059	0.146	1.372	0.745
0.088	0.112	0.166	0.166	0.164	0.078	0.056	0.144	1.084	0.803
0.088	0.117	0.164	0.164	0.166	0.078	0.054	0.142	1.228	0.862
0.083	0.12	0.164	0.161	0.168	0.081	0.051	0.146	1.387	0.874
0.078	0.117	0.161	0.159	0.166	0.081	0.054	0.146	1.462	0.869
0.078	0.115	0.164	0.161	0.164	0.076	0.056	0.146	1.516	0.889
0.081	0.112	0.166	0.164	0.161	0.078	0.056	0.146	1.543	0.869
0.081	0.112	0.166	0.166	0.164	0.081	0.054	0.144	1.531	0.798
0.078	0.115	0.166	0.164	0.164	0.083	0.051	0.144	1.497	0.715
0.076	0.12	0.164	0.161	0.168	0.083	0.056	0.146	1.355	0.652
0.076	0.117	0.164	0.164	0.166	0.083	0.132	0.146	1.133	0.525
0.11	0.117	0.166	0.161	0.164	0.081	0.283	0.151	0.879	0.449
0.132	0.117	0.166	0.164	0.164	0.198	0.937	0.774	0.513	0.415
3.101	0.12	0.166	0.164	0.171	0.469	1.545	3.425	0.327	0.344
2.295	0.122	0.166	0.164	0.532	5.2	1.519	2.041	0.33	0.22
0.964	0.125	0.161	0.161	2.471	2.537	1.497	1.377	0.298	0.168
0.603	0.122	0.164	0.161	2.043	1.262	1.472	1.328	0.278	0.159
0.701	0.12	0.161	0.164	1.604	1.157	1.45	1.389	0.259	0.154
0.913	0.112	0.166	0.166	1.672	1.523	1.443	1.406	0.183	0.149
0.989	0.117	0.166	0.164	1.877	1.699	1.47	1.404	0.164	0.146
1.018	0.125	0.166	0.164	1.936	1.797	1.506	1.404	0.161	0.149
1.033	0.125	0.164	0.164	1.941	1.848	1.489	1.384	0.161	0.154
1.045	0.122	0.164	0.161	2.014	1.887	1.467	1.379	0.156	0.151
1.038	0.122	0.166	0.164	2.07	1.895	1.44	1.362	0.156	0.149
1.016	0.117	0.188	0.164	2.087	1.887	1.287	1.338	0.151	0.146
0.964	0.12	0.225	0.166	2.09	1.892	0.967	1.309	0.149	0.144
0.774	0.122	0.935	0.166	2.095	1.843	0.63	1.248	0.146	0.149
0.554	0.122	2.896	2.869	1.992	1.453	0.396	1.108	0.149	0.151
0.366	0.122	1.982	2.476	1.753	1.016	0.344	0.684	0.154	0.154
0.293	0.12	1.394	1.108	1.382	0.693	0.271	0.437	0.151	0.149
0.276	0.117	1.428	0.767	0.911	0.466	0.183	0.415	0.151	0.146
0.254	0.12	1.548	0.842	0.522	0.308	0.095	0.364	0.149	0.146
0.227	0.115	1.599	0.869	0.398	0.249	0.063	0.352	0.149	0.149
0.127	0.149	1.663	0.874	0.276	0.234	0.056	0.33	0.151	0.151
0.107	1.77	1.694	0.889	0.208	0.183	0.056	0.242	0.154	0.149
0.112	2.62	1.697	0.898	0.176	0.093	0.059	0.166	0.154	0.149
0.12	1.55	1.694	0.889	0.166	0.061	0.059	0.164	0.151	0.146
0.12	1.194	1.653	0.872	0.164	0.054	0.054	0.168	0.149	0.146
0.11	1.194	1.614	0.857	0.166	0.056	0.054	0.146	0.149	0.149
0.09	1.243	1.511	0.833	0.168	0.056	0.051	0.142	0.151	0.149
0.093	1.294	1.262	0.693	0.166	0.054	0.054	0.144	0.154	0.151
0.095	1.321	0.879	0.376	0.166	0.054	0.056	0.142	0.151	0.151
0.098	1.323	0.515	0.327	0.161	0.059	0.056	0.142	0.149	0.146
0.095	1.318	0.532	0.347	0.164	0.061	0.054	0.139	0.149	0.146
0.085	1.304	0.544	0.354	0.166	0.063	0.054	0.139	0.151	0.149
0.083	1.299	0.508	0.288	0.168	0.056	0.051	0.139	0.151	0.149
0.1	1.257	0.422	0.193	0.168	0.054	0.054	0.142	0.151	0.151
0.1	1.028	0.264	0.222	0.164	0.049	0.056	0.144	0.151	0.149
0.1	0.522	0.217	0.247	0.164	0.049	0.059	0.144	0.149	0.149
0.098	0.449	0.222	0.198	0.164	0.051	0.056	0.142	0.149	0.146
0.093	0.564	0.181	0.168	0.166	0.054	0.054	0.139	0.146	0.149
0.09	0.574	0.166	0.159	0.171	0.054	0.056	0.139	0.151	0.151
0.095	0.508	0.166	0.154	0.166	0.051	0.054	0.139	0.151	0.151
0.098	0.291	0.164	0.151	0.166	0.051	0.056	0.142	0.156	0.149
0.095	0.19	0.166	0.156	0.164	0.051	0.059	0.139	0.151	0.149
0.095	0.171	0.166	0.156	0.164	0.051	0.059	0.137	0.149	0.146
0.09	0.159	0.164	0.151	0.166	0.051	0.051	0.137	0.146	0.151
0.09	0.161	0.164	0.146	0.166	0.054	0.051	0.139	0.149	0.151
0.093	0.159	0.164	0.151	0.166	0.051	0.054	0.139	0.151	0.154
0.093	0.159	0.164	0.154	0.164	0.049	0.056	0.142	0.151	0.151
0.095	0.159	0.166	0.159	0.164	0.049	0.059	0.142	0.149	0.149
0.098	0.159	0.166	0.161	0.164	0.051	0.056	0.137	0.146	0.149
0.095	0.159	0.166	0.159	0.166	0.054	0.054	0.137	0.146	0.149
0.09	0.161	0.164	0.156	0.168	0.054	0.051	0.137	0.151	0.151
0.093	0.161	0.166	0.154	0.166	0.051	0.056	0.144	0.151	0.154
0.09	0.159	0.164	0.159	0.164	0.049	0.056	0.144	0.151	0.151
0.098	0.156	0.168	0.161	0.164	0.051	0.059	0.142	0.151	0.149
0.098	0.156	0.166	0.161	0.164	0.054	0.056	0.139	0.149	0.149
0.095	0.161	0.164	0.156	0.166	0.051	0.051	0.137	0.149	0.149
0.093	0.161	0.164	0.156	0.166	0.054	0.054	0.137	0.151	0.154
0.095	0.161	0.164	0.156	0.168	0.054	0.054	0.139	0.151	0.154
0.098	0.156	0.166	0.164	0.164	0.051	0.056	0.142	0.151	0.149
0.095	0.156	0.166	0.166	0.164	0.049	0.059	0.142	0.149	0.149
0.095	0.159	0.166	0.166	0.164	0.051	0.056	0.142	0.149	0.146
0.1	0.161	0.166	0.166	0.166	0.054	0.054	0.142	0.149	0.149
0.098	0.161	0.164	0.164	0.166	0.054	0.054	0.139	0.149	0.151
0.098	0.159	0.164	0.161	0.166	0.051	0.056	0.142	0.151	0.151
0	0.159	0.164	0.164	0.166	0.051	0.056	0.142	0.151	0.151
0	0.159	0.166	0.166	0.164	0.049	0.059	0.142	0.093	0.149
0	0.159	0.168	0.166	0.164	0.054	0.073	0.142	0.061	0.195
0	0.161	0.166	0.166	0.166	0.054	3.32	0.137	0.054	0.281
0	0.161	0.164	0.164	0.166	0.054	2.595	0.139	0.054	2.864
0	0.159	0.164	0.161	0.166	0.051	0.818	0.139	0.056	2.451
0	0.159	0.166	0.164	0.164	0.049	0.459	0.139	0.056	1.841
0	0.156	0.166	0.166	0.161	0.049	1.128	0.139	0.117	1.765
0	0.159	0.168	0.166	0.164	0.051	1.316	0.134	0.137	1.982
0	0.159	0.164	0.166	0.166	0.054	1.338	0.134	0.144	2.161
0	0	0.161	0.164	0.168	0.054	1.36	0.142	0.146	2.258
0	0	0.161	0.164	0.168	0.049	1.355	0.227	0.149	2.356
0	0	0	0	0.164	0.051	1.338	0	0.149	2.375
0	0	0	0	0.164	0.051	1.267	0	0.146	2.366
0	0	0	0	0.164	0.051	1.228	0	0.144	2.351
0	0	0	0	0.166	0	1.179	0	0.144	2.346
0	0	0	0	0.168	0	0.996	0	0.146	2.3
0	0	0	0	0.215	0	0.745	0	0.151	1.902
0	0	0	0	2.554	0	0.437	0	0	1.392
0	0	0	0	4.507	0	0.364	0	0	0.842
0	0	0	0	1.492	0	0.344	0	0	0.571
0	0	0	0	0.645	0	0.273	0	0	0.4
0	0	0	0	0.806	0	0.237	0	0	0.334
0	0	0	0	0.886	0	0.19	0	0	0.291
0	0	0	0	0.928	0	0.159	0	0	0.215
0	0	0	0	0.969	0	0.171	0	0	0.166
0	0	0	0	0.999	0	0.156	0	0	0.151
0	0	0	0	1.03	0	0.142	0	0	0.151
0	0	0	0	1.052	0	0.142	0	0	0.151
0	0	0	0	1.05	0	0.142	0	0	0.151
0	0	0	0	1.028	0	0.144	0	0	0.149
0	0	0	0	0.984	0	0.146	0	0	0.139
0	0	0	0	0.786	0	0.144	0	0	0.142
0	0	0	0	0.469	0	0.142	0	0	0.146
0	0	0	0	0.369	0	0.142	0	0	0.151
0	0	0	0	0.503	0	0.127	0	0	0.151
0	0	0	0	0.562	0	0.142	0	0	0.149
0	0	0	0	0.508	0	0.144	0	0	0.146
0	0	0	0	0.417	0	0.144	0	0	0.146
0	0	0	0	0.254	0	0.142	0	0	0.149
0	0	0	0	0.186	0	0.142	0	0	0.151
0	0	0	0	0.171	0	0.146	0	0	0.151
0	0	0	0	0.168	0	0.146	0	0	0.151
0	0	0	0	0.161	0	0.122	0	0	0.146
0	0	0	0	0.154	0	0.071	0	0	0.149
0	0	0	0	0.134	0	0.056	0	0	0.146
0	0	0	0	0.146	0	0.054	0	0	0.142
0	0	0	0	0.154	0	0.073	0	0	0.144
0	0	0	0	0.151	0	0.125	0	0	0.146
0	0	0	0	0.151	0	0.134	0	0	0.146
0	0	0	0	0.156	0	0.142	0	0	0.146
0	0	0	0	0.156	0	0.142	0	0	0.149
0	0	0	0	0.159	0	0.144	0	0	0.149
0	0	0	0	0.156	0	0.146	0	0	0.149
0	0	0	0	0.151	0	0.149	0	0	0.146
0	0	0	0	0.151	0	0.149	0	0	0.142
0	0	0	0	0.151	0	0.146	0	0	0.139
0	0	0	0	0.151	0	0.146	0	0	0.134
0	0	0	0	0.154	0	0.144	0	0	0.139
0	0	0	0	0.156	0	0.146	0	0	0.142
0	0	0	0	0.151	0	0.149	0	0	0.137
0	0	0	0	0.151	0	0.149	0	0	0.137
0	0	0	0	0.151	0	0	0	0	0.137
0	0	0	0	0.154	0	0	0	0	0.139
0	0	0	0	0.159	0	0	0	0	0.139
0	0	0	0	0.156	0	0	0	0	0.137
0	0	0	0	0.154	0	0	0	0	0.132
0	0	0	0	0.151	0	0	0	0	0.129
0	0	0	0	0.154	0	0	0	0	0.132
0	0	0	0	0.156	0	0	0	0	0.132
0	0	0	0	0.161	0	0	0	0	0.134
0	0	0	0	0.156	0	0	0	0	0.134
0	0	0	0	0.154	0	0	0	0	0.132
0	0	0	0	0.151	0	0	0	0	0.127
0	0	0	0	0.154	0	0	0	0	0.127
0	0	0	0	0.154	0	0	0	0	0.127
0	0	0	0	0.156	0	0	0	0	0.132
0	0	0	0	0.156	0	0	0	0	0.129
0	0	0	0	0.154	0	0	0	0	0.125
0	0	0	0	0.151	0	0	0	0	0.127
0	0	0	0	0.151	0	0	0	0	0.125
0	0	0	0	0.154	0	0	0	0	0.122
0	0	0	0	0.154	0	0	0	0	0.125
0	0	0	0	0.154	0	0	0	0	0.105
0	0	0	0	0.151	0	0	0	0	0.103
0	0	0	0	0.146	0	0	0	0	0.103
0	0	0	0	0.154	0	0	0	0	0.103
0	0	0	0	0.154	0	0	0	0	0.105
0	0	0	0	0.154	0	0	0	0	0.107
0	0	0	0	0.151	0	0	0	0	0.11
0	0	0	0	0.154	0	0	0	0	0.103
0	0	0	0	0.151	0	0	0	0	0.103
0	0	0	0	0.154	0	0	0	0	0.105
0	0	0	0	0.156	0	0	0	0	0.105
0	0	0	0	0.156	0	0	0	0	0
0	0	0	0	0.156	0	0	0	0	0
0	0	0	0	0.154	0	0	0	0	0
0	0	0	0	0.154	0	0	0	0	0
0	0	0	0	0.151	0	0	0	0	0
0	0	0	0	0.151	0	0	0	0	0
0	0	0	0	0.151	0	0	0	0	0
0	0	0	0	0.156	0	0	0	0	0
0	0	0	0	0.146	0	0	0	0	0
