0.334	0.361	0.366	0.366	0.378	0.376	0.388	0.369	0.376	0.383
0.349	0.364	0.364	0.364	0.386	0.376	0.43	0.369	0.371	0.383
0.381	0.369	0.366	0.371	0.391	0.381	0.481	0.371	0.374	0.388
0.508	0.391	0.369	0.398	0.393	0.393	0.547	0.374	0.376	0.417
0.574	0.388	0.369	0.393	0.391	0.432	0.566	0.371	0.4	0.417
0.591	0.427	0.369	0.371	0.386	0.449	0.557	0.376	0.41	0.496
0.601	0.498	0.371	0.413	0.403	0.471	0.547	0.369	0.442	0.613
0.647	0.471	0.396	0.464	0.403	0.493	0.588	0.371	0.505	0.623
0.654	0.469	0.391	0.493	0.391	0.505	0.635	0.371	0.581	0.667
0.645	0.518	0.466	0.486	0.383	0.527	0.647	0.374	0.596	0.74
0.696	0.562	0.54	0.459	0.41	0.522	0.706	0.371	0.615	0.776
0.757	0.569	0.596	0.522	0.437	0.549	0.745	0.386	0.649	0.798
0.808	0.547	0.61	0.576	0.496	0.559	0.754	0.388	0.654	0.776
0.837	0.537	0.576	0.596	0.503	0.564	0.767	0.405	0.615	0.745
0.825	0.588	0.586	0.576	0.476	0.564	0.747	0.479	0.586	0.75
0.823	0.61	0.613	0.564	0.515	0.576	0.73	0.486	0.615	0.701
0.811	0.605	0.623	0.53	0.583	0.591	0.735	0.503	0.571	0.664
0.82	0.613	0.63	0.535	0.61	0.596	0.757	0.513	0.542	0.679
0.811	0.623	0.642	0.54	0.605	0.615	0.762	0.522	0.51	0.703
0.801	0.64	0.652	0.552	0.576	0.64	0.771	0.527	0.508	0.706
0.808	0.659	0.669	0.557	0.542	0.64	0.762	0.547	0.508	0.735
0.82	0.671	0.671	0.564	0.518	0.647	0.74	0.547	0.505	0.75
0.803	0.679	0.659	0.559	0.515	0.642	0.735	0.537	0.503	0.75
0.796	0.657	0.652	0.547	0.51	0.642	0.737	0.527	0.479	0.752
0.774	0.642	0.647	0.54	0.508	0.698	0.757	0.518	0.466	0.759
0.737	0.635	0.647	0.535	0.508	0.72	0.754	0.53	0.459	0.762
0.715	0.652	0.647	0.525	0.505	0.745	0.735	0.603	0.457	0.764
0.684	0.654	0.647	0.53	0.508	0.811	0.701	0.657	0.461	0.759
0.659	0.659	0.649	0.53	0.513	0.859	0.698	0.657	0.466	0.767
0.627	0.662	0.652	0.574	0.515	0.854	0.684	0.654	0.479	0.757
0.549	0.649	0.647	0.593	0.515	0.825	0.693	0.635	0.476	0.75
0.505	0.662	0.637	0.623	0.513	0.806	0.688	0.605	0.479	0.73
0.488	0.652	0.632	0.679	0.51	0.789	0.671	0.601	0.479	0.708
0.491	0.596	0.627	0.679	0.513	0.808	0.691	0.608	0.469	0.684
0.466	0.559	0.615	0.691	0.508	0.806	0.706	0.613	0.457	0.632
0.43	0.532	0.586	0.703	0.51	0.793	0.691	0.64	0.466	0.588
0.405	0.498	0.579	0.73	0.518	0.762	0.679	0.62	0.474	0.52
0.408	0.496	0.574	0.737	0.52	0.75	0.657	0.608	0.481	0.461
0.42	0.51	0.576	0.735	0.52	0.706	0.64	0.588	0.459	0.43
0.425	0.522	0.574	0.686	0.513	0.679	0.613	0.574	0.454	0.422
0.413	0.466	0.569	0.64	0.508	0.684	0.588	0.518	0.444	0.425
0.41	0.435	0.554	0.625	0.51	0.667	0.564	0.479	0.449	0.437
0.403	0.43	0.552	0.598	0.498	0.61	0.554	0.466	0.447	0.435
0.403	0.43	0.53	0.569	0.51	0.566	0.527	0.452	0.444	0.432
0.41	0.435	0.51	0.547	0.491	0.535	0.491	0.442	0.447	0.43
0.413	0.442	0.51	0.518	0.471	0.503	0.471	0.427	0.452	0.435
0.417	0.444	0.513	0.54	0.471	0.488	0.427	0.405	0.452	0.43
0.42	0.439	0.513	0.52	0.466	0.486	0.388	0.388	0.452	0.435
0.417	0.439	0.471	0.513	0.442	0.444	0.383	0.393	0.449	0.439
0.42	0.442	0.444	0.51	0.435	0.461	0.378	0.43	0.469	0.444
0.417	0.442	0.4	0.522	0.43	0.471	0.378	0.442	0.476	0.449
0.427	0.444	0.376	0.542	0.435	0.454	0.376	0.457	0.474	0.444
0.427	0.444	0.371	0.53	0.447	0.442	0.374	0.466	0.474	0.437
0.43	0.444	0.366	0.522	0.454	0.427	0.378	0.461	0.459	0.444
0.427	0.444	0.364	0.505	0.461	0.422	0.381	0.469	0.454	0.452
0.427	0.444	0.364	0.498	0.461	0.425	0.381	0.476	0.454	0.459
0.425	0.449	0.366	0.493	0.466	0.43	0.376	0.479	0.454	0.464
0.427	0.449	0.366	0.503	0.466	0.427	0.371	0.481	0.454	0.466
0.43	0.449	0.371	0.496	0.476	0.427	0.369	0.481	0.454	0.469
0.43	0.444	0.369	0.488	0.479	0.425	0.371	0.491	0.461	0.461
0.427	0.439	0.364	0.486	0.481	0.427	0.371	0.488	0.457	0.461
0.425	0.437	0.364	0.493	0.488	0.435	0.371	0.488	0.457	0.464
0.43	0.442	0.369	0.498	0.486	0.435	0.369	0.496	0.459	0.471
0.432	0.447	0.366	0.498	0.483	0.432	0.369	0.503	0.459	0.474
0.432	0.444	0.369	0.493	0.498	0.435	0.366	0.503	0.457	0.471
0.43	0.442	0.371	0.491	0.508	0.432	0.371	0.498	0.454	0.469
0.425	0.439	0.391	0.491	0.513	0.435	0.371	0.498	0.449	0.464
0.422	0.435	0.388	0.493	0.513	0.435	0.371	0.498	0.449	0.466
0.425	0.442	0.413	0.496	0.505	0.437	0.371	0.503	0.449	0.466
0.427	0.444	0.422	0.498	0.5	0.437	0.366	0.515	0.454	0.469
0.427	0.447	0.427	0.496	0.488	0.435	0.366	0.532	0.447	0.471
0.422	0.444	0.43	0.496	0.491	0.432	0.391	0.535	0.447	0.466
0.43	0.444	0.43	0.491	0.496	0.432	0.408	0.547	0.444	0.466
0.417	0.444	0.43	0.5	0.496	0.437	0.41	0.547	0.452	0.469
0.417	0.447	0.435	0.503	0.493	0.437	0.415	0.54	0.459	0.479
0.413	0.449	0.457	0.505	0.493	0.442	0.42	0.54	0.464	0.481
0.393	0.447	0.471	0.5	0.493	0.435	0.432	0.544	0.464	0.471
0.378	0.447	0.479	0.498	0.498	0.435	0.437	0.54	0.461	0.474
0.359	0.444	0.476	0.496	0.5	0.43	0.444	0.532	0.459	0.449
0.347	0.442	0.474	0.5	0.498	0.435	0.454	0.52	0.461	0.444
0.337	0.447	0.481	0.503	0.496	0.437	0.454	0.505	0.461	0.447
0.334	0.447	0.488	0.498	0.491	0.439	0.452	0.498	0.459	0.439
0.332	0.447	0.488	0.498	0.496	0.442	0.457	0.496	0.461	0.427
0.33	0.442	0.488	0.479	0.498	0.435	0.457	0.488	0.459	0.405
0.327	0.439	0.483	0.466	0.5	0.435	0.461	0.481	0.454	0.383
0.322	0.437	0.479	0.461	0.5	0.437	0.461	0.479	0.457	0.378
0.327	0.439	0.479	0.452	0.498	0.439	0.459	0.474	0.461	0.388
0.342	0.447	0.488	0.444	0.5	0.439	0.457	0.476	0.459	0.4
0.347	0.444	0.491	0.422	0.5	0.439	0.439	0.505	0.457	0.396
0.332	0.444	0.491	0.435	0.503	0.435	0.437	0.505	0.439	0.383
0.327	0.437	0.488	0.42	0.503	0.437	0.437	0.491	0.422	0.378
0.325	0.439	0.479	0.417	0.5	0.439	0.437	0.479	0.398	0.381
0.322	0.437	0.471	0.4	0.5	0.439	0.435	0.474	0.388	0.381
0.325	0.42	0.461	0.378	0.498	0.439	0.432	0.461	0.383	0.386
0.327	0.4	0.439	0.374	0.5	0.437	0.432	0.452	0.388	0.383
0.327	0.378	0.43	0.369	0.505	0.435	0.432	0.442	0.381	0.381
0.327	0.369	0.422	0.366	0.513	0.432	0.437	0.41	0.378	0.378
0.325	0.364	0.42	0.371	0.508	0.435	0.437	0.391	0.378	0.378
0.325	0.366	0.42	0.371	0.496	0.439	0.435	0.378	0.391	0.383
0.327	0.366	0.425	0.374	0.508	0.437	0.432	0.376	0.386	0.383
0.33	0.371	0.427	0.371	0.518	0.427	0.444	0.374	0.383	0.383
0.33	0.364	0.454	0.364	0.5	0.41	0.469	0.369	0.376	0.376
0.325	0.359	0.454	0.364	0.488	0.388	0.447	0.369	0.376	0.374
0.325	0.361	0.432	0.364	0.464	0.391	0.439	0.369	0.376	0.376
0.325	0.364	0.427	0.366	0.452	0.396	0.43	0.381	0.378	0.378
0.327	0.366	0.427	0.364	0.417	0.398	0.422	0.378	0.381	0.381
0.33	0.361	0.41	0.361	0.383	0.396	0.4	0.374	0.381	0.383
0.33	0.361	0.378	0.359	0.381	0.391	0.381	0.371	0.378	0.376
0.327	0.356	0.376	0.361	0.378	0.388	0.386	0.366	0.376	0.376
0.325	0.359	0.374	0.361	0.381	0.391	0.383	0.369	0.378	0.378
0.327	0.361	0.381	0.366	0.388	0.391	0.383	0.374	0.378	0.381
0.33	0.361	0.381	0.364	0.391	0.383	0.381	0.376	0.381	0.381
0.33	0.359	0.381	0.364	0.393	0.381	0.378	0.378	0.383	0.381
0.33	0.359	0.378	0.361	0.396	0.376	0.381	0.374	0.378	0.378
0.325	0.356	0.376	0.361	0.396	0.376	0.378	0.371	0.376	0.376
0.322	0.356	0.374	0.364	0.398	0.376	0.388	0.374	0.376	0.376
0.33	0.361	0.376	0.369	0.378	0.381	0.386	0.371	0.376	0.381
0.327	0.364	0.381	0.366	0.374	0.381	0.381	0.374	0.381	0.381
0.33	0.364	0.374	0.366	0.374	0.383	0.374	0.374	0.381	0.381
0.327	0.359	0.371	0.364	0.376	0.376	0.374	0.371	0.378	0.378
0.325	0.359	0.366	0.364	0.376	0.378	0.374	0.371	0.374	0.378
0.325	0.359	0.366	0.364	0.376	0.378	0.374	0.374	0.374	0.376
0.325	0.361	0.364	0.366	0.374	0.381	0.371	0.374	0.371	0.381
0.33	0.364	0.366	0.364	0.369	0.381	0.369	0.378	0.376	0.383
0.33	0.361	0.366	0.364	0.374	0.378	0.366	0.376	0.378	0.383
0.327	0.359	0.369	0.361	0.376	0.376	0.366	0.374	0.376	0.378
0.325	0.356	0.361	0.361	0.378	0.374	0.371	0.371	0.374	0.376
0.325	0.359	0.361	0.366	0.376	0.378	0.374	0.374	0.376	0.378
0.327	0.364	0.361	0.366	0.371	0.381	0.369	0.374	0.376	0.427
0.33	0.364	0.364	0.366	0.369	0.381	0.366	0.378	0.381	0.435
0.33	0.361	0.366	0.364	0.374	0.378	0.366	0.376	0.378	0.439
0.33	0.359	0.364	0.361	0.376	0.376	0.369	0.374	0.376	0.442
0.325	0.356	0.364	0.361	0.376	0.374	0.371	0.371	0.374	0.442
0.322	0.359	0.361	0.361	0.374	0.378	0.374	0.374	0.376	0.439
0.325	0.361	0.366	0.366	0.374	0.381	0.371	0.374	0.376	0.439
0.327	0.364	0.369	0.366	0.371	0.378	0.369	0.374	0.381	0.437
0.33	0.366	0.366	0.364	0.376	0.381	0.366	0.371	0.383	0.432
0.325	0.359	0.369	0.361	0.376	0.378	0.369	0.366	0.398	0.43
0.325	0.359	0.364	0.364	0.376	0.376	0.371	0.366	0.4	0.427
0.325	0.359	0.361	0.364	0.376	0.378	0.374	0.366	0.41	0.417
0.325	0.361	0.364	0.366	0.374	0.381	0.369	0.374	0.391	0.41
0.327	0.364	0.369	0.364	0.371	0.381	0.366	0.374	0.383	0.42
0.33	0.364	0.371	0.361	0.374	0.378	0.369	0.371	0.378	0.447
0.33	0.361	0.369	0.359	0.376	0.376	0.371	0.369	0.381	0.452
0.325	0.359	0.364	0.359	0.376	0.376	0.371	0.366	0.396	0.43
0.325	0.359	0.364	0.361	0.374	0.378	0.374	0.369	0.396	0.403
0.325	0.361	0.366	0.364	0.371	0.381	0.369	0.371	0.393	0.386
0.33	0.374	0.369	0.364	0.369	0.383	0.366	0.391	0.415	0.386
0.33	0.403	0.369	0.361	0.371	0.381	0.366	0.4	0.425	0.383
0.33	0.391	0.364	0.359	0.371	0.378	0.371	0.391	0.427	0.381
0.327	0.391	0.364	0.361	0.376	0.378	0.376	0.374	0.43	0.378
0.325	0.383	0.364	0.376	0.374	0.376	0.376	0.374	0.459	0.381
0.325	0.383	0.366	0.393	0.371	0.381	0.374	0.393	0.491	0.383
0.327	0.381	0.371	0.391	0.369	0.381	0.371	0.41	0.481	0.386
0.332	0.396	0.369	0.396	0.369	0.381	0.371	0.398	0.457	0.383
0.327	0.432	0.369	0.403	0.374	0.376	0.371	0.386	0.42	0.381
0.327	0.439	0.366	0.415	0.376	0.376	0.376	0.405	0.405	0.378
0.327	0.42	0.364	0.425	0.374	0.378	0.374	0.41	0.398	0.381
0.327	0.398	0.366	0.437	0.371	0.381	0.371	0.398	0.403	0.383
0.33	0.391	0.369	0.425	0.371	0.383	0.369	0.42	0.405	0.383
0.332	0.391	0.371	0.4	0.374	0.381	0.369	0.42	0.393	0.383
0.33	0.383	0.369	0.393	0.374	0.378	0.371	0.413	0.388	0.378
0.332	0.381	0.364	0.374	0.376	0.378	0.374	0.403	0.381	0.378
0.332	0.374	0.361	0.366	0.376	0.378	0.374	0.4	0.376	0.378
0.334	0.376	0.361	0.364	0.371	0.381	0.371	0.398	0.378	0.381
0.354	0.383	0.366	0.364	0.371	0.386	0.369	0.4	0.381	0.383
0.366	0.383	0.369	0.359	0.374	0.378	0.369	0.4	0.381	0.383
0.374	0.376	0.366	0.359	0.381	0.378	0.371	0.4	0.376	0.381
0.366	0.376	0.381	0.359	0.388	0.376	0.374	0.396	0.374	0.378
0.354	0.381	0.4	0.361	0.388	0.378	0.378	0.403	0.374	0.378
0.337	0.388	0.41	0.364	0.4	0.381	0.374	0.405	0.376	0.383
0.337	0.371	0.403	0.364	0.381	0.381	0.371	0.405	0.381	0.386
0.337	0.364	0.396	0.361	0.376	0.381	0.369	0.403	0.381	0.386
0.332	0.359	0.396	0.356	0.376	0.378	0.374	0.386	0.374	0.381
0.332	0.356	0.393	0.356	0.376	0.376	0.376	0.371	0.374	0.378
0.33	0.359	0.396	0.376	0.376	0.378	0.374	0.371	0.374	0.378
0.33	0.361	0.405	0.366	0.371	0.383	0.374	0.371	0.371	0.386
0.334	0.364	0.417	0.361	0.369	0.381	0.369	0.374	0.376	0.386
0.339	0.364	0.42	0.359	0.369	0.391	0.369	0.374	0.378	0.383
0.337	0.361	0.422	0.359	0.374	0.383	0.369	0.369	0.376	0.381
0.337	0.361	0.422	0.356	0.378	0.393	0.371	0.369	0.371	0.381
0.334	0.361	0.42	0.359	0.374	0.388	0.371	0.371	0.371	0.378
0.334	0.364	0.413	0.364	0.371	0.383	0.369	0.371	0.374	0.386
0.339	0.366	0.415	0.364	0.371	0.383	0.369	0.374	0.378	0.386
0.332	0.366	0.408	0.359	0.371	0.381	0.366	0.374	0.378	0.381
0.33	0.361	0.396	0.356	0.374	0.383	0.369	0.369	0.376	0.381
0.327	0.359	0.383	0.356	0.376	0.383	0.371	0.369	0.371	0.378
0.327	0.361	0.371	0.359	0.374	0.393	0.371	0.371	0.374	0.381
0.332	0.361	0.369	0.361	0.374	0.413	0.374	0.374	0.374	0.383
0.332	0.364	0.369	0.361	0.371	0.42	0.366	0.374	0.376	0.386
0.332	0.366	0.371	0.364	0.371	0.417	0.366	0.374	0.376	0.383
0.332	0.359	0.374	0.364	0.376	0.417	0.369	0.371	0.371	0.381
0.327	0.359	0.366	0.361	0.376	0.417	0.371	0.369	0.369	0.381
0.327	0.361	0.364	0.364	0.376	0.422	0.371	0.366	0.369	0.378
0.325	0.364	0.361	0.366	0.374	0.427	0.371	0.369	0.374	0.383
0.33	0.364	0.369	0.366	0.371	0.425	0.366	0.371	0.376	0.386
0.332	0.366	0.369	0.364	0.371	0.417	0.361	0.366	0.376	0.381
0.332	0.361	0.366	0.359	0.376	0.415	0.369	0.366	0.374	0.381
0.327	0.359	0.364	0.359	0.378	0.415	0.374	0.366	0.369	0.381
0.325	0.359	0.361	0.361	0.378	0.405	0.374	0.369	0.369	0.386
0.325	0.364	0.364	0.364	0.374	0.391	0.371	0.371	0.374	0.386
0.33	0.366	0.366	0.361	0.371	0.386	0.366	0.371	0.376	0.386
0.332	0.366	0.369	0.359	0.374	0.378	0.366	0.371	0.374	0.383
0.33	0.361	0.369	0.359	0.376	0.376	0.369	0.369	0.374	0.381
0.327	0.359	0.366	0.359	0.376	0.374	0.374	0.364	0.369	0.381
0.325	0.361	0.361	0.364	0.378	0.376	0.352	0.366	0.371	0.381
0.325	0.364	0.364	0.364	0.374	0.381	0.371	0.369	0.371	0.383
0.33	0.364	0.369	0.364	0.374	0.378	0.366	0.371	0.376	0.386
0.332	0.361	0.369	0.361	0.374	0.376	0.369	0.371	0.374	0.383
0.33	0.359	0.366	0.359	0.376	0.376	0.371	0.366	0.371	0.381
0.327	0.356	0.364	0.354	0.376	0.376	0.374	0.361	0.369	0.378
0.327	0.359	0.361	0.361	0.376	0.378	0.376	0.364	0.369	0.381
0.327	0.361	0.366	0.366	0.371	0.378	0.369	0.369	0.374	0.383
0.332	0.361	0.366	0.366	0.369	0.381	0.369	0.371	0.376	0.386
0.334	0.359	0.369	0.361	0.369	0.378	0.366	0.371	0.369	0.386
0.332	0.356	0.369	0.361	0.374	0.376	0.371	0.366	0.369	0.381
0.33	0.356	0.366	0.359	0.374	0.376	0.376	0.366	0.369	0.378
0.327	0.359	0.364	0.359	0.374	0.376	0.396	0.369	0.374	0.383
0.327	0.361	0.366	0.366	0.371	0.381	0.408	0.371	0.374	0.383
0.332	0.364	0.369	0.361	0.369	0.381	0.41	0.374	0.376	0.386
0.332	0.361	0.369	0.361	0.371	0.378	0.417	0.369	0.376	0.383
0.332	0.359	0.366	0.359	0.374	0.376	0.43	0.369	0.383	0.381
0.33	0.356	0.364	0.359	0.374	0.374	0.439	0.364	0.371	0.378
0.33	0.356	0.364	0.361	0.374	0.378	0.454	0.366	0.371	0.378
0.33	0.359	0.366	0.361	0.371	0.378	0.461	0.369	0.371	0.383
0.332	0.364	0.371	0.364	0.366	0.381	0.457	0.371	0.376	0.386
0.334	0.361	0.371	0.359	0.369	0.378	0.459	0.374	0.376	0.383
0.334	0.359	0.366	0.359	0.371	0.374	0.466	0.371	0.374	0.381
0.327	0.359	0.366	0.356	0.374	0.374	0.469	0.371	0.371	0.381
0.327	0.361	0.364	0.361	0.371	0.376	0.469	0.369	0.374	0.383
0.327	0.361	0.366	0.364	0.369	0.378	0.447	0.371	0.376	0.386
0.33	0.364	0.371	0.361	0.359	0.381	0.43	0.374	0.378	0.388
0.332	0.361	0.371	0.361	0.356	0.381	0.427	0.371	0.376	0.386
0.332	0.359	0.371	0.359	0.359	0.376	0.408	0.366	0.374	0.383
0.327	0.356	0.366	0.359	0.361	0.374	0.396	0.366	0.371	0.381
0.327	0.359	0.366	0.364	0.364	0.378	0.388	0.366	0.371	0.383
0.327	0.361	0.366	0.364	0.364	0.381	0.381	0.371	0.374	0.386
0.332	0.364	0.369	0.369	0.361	0.381	0.371	0.371	0.376	0.388
0.332	0.361	0.371	0.364	0.361	0.378	0.369	0.369	0.378	0.386
0.33	0.359	0.371	0.361	0.364	0.376	0.371	0.369	0.374	0.383
0.327	0.356	0.366	0.361	0.364	0.374	0.374	0.366	0.371	0.383
0.327	0.356	0.364	0.364	0.364	0.378	0.376	0.369	0.374	0.381
0.33	0.361	0.366	0.366	0.361	0.378	0.374	0.369	0.376	0.386
0.332	0.376	0.369	0.364	0.361	0.376	0.369	0.371	0.378	0.386
0.332	0.361	0.371	0.361	0.364	0.378	0.374	0.371	0.376	0.388
0.334	0.359	0.366	0.359	0.366	0.376	0.371	0.369	0.376	0.381
0.33	0.354	0.366	0.359	0.369	0.374	0.374	0.366	0.371	0.383
0.33	0.356	0.364	0.361	0.364	0.376	0.376	0.366	0.369	0.376
0.325	0.361	0.366	0.364	0.361	0.378	0.371	0.371	0.376	0.386
0.332	0.361	0.369	0.364	0.359	0.381	0.369	0.374	0.378	0.386
0.334	0.359	0.371	0.364	0.364	0.378	0.369	0.371	0.376	0.386
0.332	0.356	0.364	0.361	0.364	0.376	0.371	0.371	0.374	0.383
0.332	0.356	0.366	0.361	0.366	0.376	0.376	0.371	0.371	0.381
0.33	0.356	0.361	0.361	0.366	0.376	0.378	0.374	0.371	0.383
0.33	0.359	0.366	0.366	0.361	0.381	0.376	0.374	0.374	0.386
0.332	0.359	0.366	0.369	0.359	0.383	0.371	0.374	0.381	0.388
0.332	0.359	0.369	0.361	0.361	0.378	0.371	0.371	0.376	0.388
0.332	0.356	0.366	0.361	0.364	0.376	0.374	0.371	0.371	0.383
0.33	0.356	0.364	0.356	0.366	0.374	0.376	0.369	0.369	0.381
0.325	0.359	0.364	0.361	0.364	0.376	0.378	0.366	0.374	0.383
0.332	0.361	0.366	0.364	0.361	0.381	0.376	0.371	0.376	0.386
0.332	0.361	0.369	0.366	0.361	0.381	0.374	0.376	0.378	0.386
0.337	0.361	0.369	0.361	0.361	0.378	0.371	0.376	0.374	0.383
0.337	0.359	0.366	0.359	0.364	0.376	0.374	0.374	0.374	0.381
0.33	0.356	0.364	0.359	0.366	0.376	0.376	0.371	0.371	0.378
0.327	0.359	0.364	0.361	0.364	0.376	0.376	0.374	0.371	0.383
0.327	0.361	0.364	0.364	0.361	0.381	0.376	0.376	0.374	0.383
0.332	0.364	0.366	0.364	0.361	0.381	0.371	0.378	0.376	0.386
0.332	0.366	0.371	0.364	0.361	0.378	0.371	0.376	0.376	0.386
0.332	0.359	0.366	0.359	0.366	0.376	0.376	0.374	0.374	0.381
0.327	0.356	0.364	0.359	0.366	0.376	0.378	0.371	0.371	0.378
0.327	0.356	0.361	0.361	0.364	0.376	0.378	0.374	0.371	0.378
0.327	0.361	0.364	0.364	0.361	0.381	0.376	0.376	0.374	0.383
0.332	0.364	0.369	0.364	0.361	0.381	0.371	0.378	0.376	0.383
0.334	0.364	0.369	0.364	0.361	0.378	0.371	0.378	0.374	0.381
0.334	0.356	0.369	0.364	0.364	0.376	0.371	0.374	0.374	0.381
0.332	0.359	0.364	0.364	0.366	0.374	0.376	0.371	0.371	0.381
0.33	0.356	0.364	0.364	0.361	0.378	0.376	0.374	0.374	0.381
0.327	0.361	0.364	0.369	0.361	0.381	0.374	0.374	0.374	0.383
0.332	0.361	0.369	0.378	0.359	0.381	0.371	0.374	0.378	0.383
0.332	0.361	0.369	0.388	0.361	0.381	0.366	0.374	0.376	0.381
0.334	0.359	0.366	0.403	0.366	0.378	0.376	0.371	0.376	0.378
0.33	0.356	0.364	0.386	0.369	0.371	0.376	0.371	0.371	0.376
0.327	0.359	0.361	0.471	0.366	0.381	0.376	0.371	0.403	0.383
0.327	0.361	0.364	0.552	0.361	0.381	0.374	0.374	0.417	0.381
0.332	0.364	0.366	0.591	0.361	0.383	0.371	0.376	0.4	0.386
0.334	0.364	0.369	0.593	0.361	0.378	0.369	0.371	0.437	0.381
0.337	0.361	0.366	0.603	0.364	0.378	0.371	0.371	0.437	0.378
0.332	0.359	0.364	0.627	0.366	0.376	0.374	0.371	0.479	0.378
0.33	0.361	0.361	0.654	0.366	0.376	0.374	0.374	0.53	0.381
0.332	0.364	0.364	0.691	0.364	0.381	0.371	0.374	0.547	0.383
0.334	0.378	0.369	0.706	0.361	0.378	0.369	0.374	0.598	0.383
0.334	0.393	0.369	0.691	0.364	0.383	0.371	0.371	0.679	0.386
0.33	0.369	0.366	0.688	0.364	0.376	0.374	0.374	0.686	0.383
0.33	0.359	0.361	0.698	0.364	0.376	0.376	0.371	0.713	0.381
0.33	0.359	0.361	0.713	0.361	0.378	0.378	0.366	0.737	0.383
0.332	0.364	0.364	0.732	0.359	0.383	0.371	0.371	0.781	0.386
0.332	0.361	0.366	0.747	0.356	0.383	0.369	0.374	0.801	0.388
0.337	0.359	0.369	0.752	0.352	0.378	0.371	0.374	0.811	0.388
0.334	0.361	0.366	0.757	0.361	0.378	0.371	0.371	0.828	0.383
0.332	0.361	0.364	0.791	0.364	0.376	0.376	0.369	0.842	0.4
0.33	0.449	0.364	0.803	0.359	0.378	0.376	0.371	0.891	0.41
0.33	0.566	0.364	0.808	0.359	0.383	0.371	0.374	0.928	0.417
0.332	0.569	0.369	0.813	0.356	0.388	0.369	0.376	0.935	0.437
0.334	0.581	0.371	0.803	0.359	0.388	0.371	0.376	0.957	0.461
0.332	0.593	0.366	0.789	0.364	0.381	0.371	0.371	0.964	0.486
0.332	0.601	0.364	0.781	0.366	0.376	0.374	0.371	0.979	0.542
0.33	0.637	0.364	0.774	0.361	0.391	0.374	0.374	0.991	0.613
0.33	0.701	0.364	0.779	0.361	0.41	0.369	0.361	0.999	0.635
0.334	0.764	0.369	0.781	0.359	0.41	0.369	0.376	0.991	0.72
0.334	0.803	0.369	0.774	0.359	0.518	0.371	0.378	0.994	0.73
0.334	0.828	0.369	0.774	0.364	0.598	0.371	0.371	0.999	0.828
0.33	0.835	0.366	0.776	0.366	0.64	0.374	0.371	1.001	0.879
0.33	0.857	0.364	0.776	0.364	0.635	0.378	0.371	1.013	0.93
0.332	0.874	0.364	0.764	0.361	0.64	0.374	0.376	1.021	0.947
0.332	0.884	0.366	0.742	0.356	0.647	0.366	0.376	1.018	0.94
0.334	0.881	0.369	0.693	0.361	0.669	0.369	0.374	1.001	0.952
0.334	0.881	0.369	0.676	0.361	0.654	0.369	0.371	0.984	0.952
0.33	0.889	0.364	0.664	0.359	0.649	0.374	0.369	0.962	0.994
0.33	0.879	0.364	0.618	0.364	0.657	0.374	0.369	0.942	1.116
0.33	0.901	0.366	0.54	0.364	0.652	0.371	0.374	0.896	1.235
0.334	0.911	0.366	0.51	0.366	0.649	0.369	0.374	0.837	1.304
0.337	0.918	0.369	0.527	0.391	0.657	0.369	0.374	0.767	1.362
0.334	0.898	0.378	0.513	0.41	0.662	0.369	0.371	0.667	1.401
0.332	0.896	0.378	0.5	0.42	0.662	0.371	0.371	0.62	1.406
0.33	0.894	0.396	0.527	0.405	0.664	0.374	0.383	0.574	1.433
0.332	0.884	0.398	0.537	0.4	0.662	0.364	0.396	0.562	1.458
0.332	0.879	0.374	0.496	0.449	0.654	0.369	0.488	0.576	1.465
0.334	0.881	0.369	0.427	0.498	0.645	0.366	0.564	0.583	1.45
0.334	0.901	0.366	0.427	0.535	0.647	0.371	0.574	0.605	1.428
0.332	0.889	0.43	0.422	0.552	0.654	0.371	0.579	0.627	1.406
0.33	0.857	0.508	0.415	0.574	0.632	0.371	0.591	0.618	1.396
0.327	0.857	0.535	0.405	0.571	0.63	0.371	0.586	0.571	1.392
0.334	0.811	0.581	0.388	0.603	0.664	0.366	0.608	0.515	1.362
0.332	0.703	0.605	0.374	0.632	0.698	0.369	0.62	0.471	1.313
0.334	0.63	0.64	0.376	0.635	0.696	0.371	0.625	0.459	1.267
0.332	0.605	0.637	0.376	0.654	0.703	0.371	0.625	0.425	1.226
0.332	0.598	0.659	0.378	0.659	0.703	0.371	0.632	0.396	1.162
0.332	0.571	0.718	0.378	0.654	0.715	0.371	0.635	0.391	1.099
0.334	0.579	0.769	0.371	0.664	0.693	0.366	0.64	0.388	1.033
0.337	0.608	0.789	0.366	0.686	0.684	0.364	0.642	0.386	0.979
0.337	0.564	0.801	0.366	0.71	0.659	0.369	0.654	0.381	0.896
0.33	0.527	0.813	0.366	0.728	0.623	0.374	0.662	0.378	0.811
0.33	0.532	0.813	0.369	0.75	0.596	0.371	0.659	0.378	0.691
0.33	0.532	0.789	0.371	0.779	0.591	0.371	0.637	0.381	0.632
0.332	0.505	0.803	0.374	0.784	0.53	0.366	0.623	0.383	0.613
0.334	0.461	0.813	0.366	0.771	0.488	0.366	0.632	0.383	0.632
0.334	0.425	0.806	0.376	0.801	0.515	0.371	0.645	0.381	0.603
0.332	0.417	0.818	0.364	0.813	0.532	0.374	0.647	0.378	0.566
0.33	0.4	0.818	0.369	0.798	0.513	0.369	0.642	0.381	0.547
0.33	0.391	0.825	0.371	0.791	0.525	0.386	0.652	0.383	0.476
0.334	0.381	0.835	0.371	0.791	0.493	0.435	0.637	0.386	0.439
0.337	0.376	0.845	0.366	0.786	0.454	0.42	0.627	0.383	0.408
0.339	0.378	0.862	0.364	0.786	0.469	0.449	0.63	0.381	0.4
0.337	0.364	0.852	0.364	0.774	0.444	0.513	0.625	0.381	0.386
0.339	0.354	0.837	0.369	0.767	0.439	0.554	0.625	0.381	0.391
0.344	0.366	0.828	0.374	0.757	0.432	0.601	0.63	0.383	0.403
0.349	0.366	0.813	0.371	0.75	0.408	0.618	0.62	0.386	0.405
0.349	0.374	0.796	0.369	0.754	0.4	0.754	0.608	0.386	0.403
0.347	0.366	0.801	0.366	0.745	0.383	0.781	0.593	0.381	0.383
0.344	0.361	0.808	0.366	0.74	0.383	0.813	0.598	0.378	0.378
0.344	0.356	0.757	0.366	0.75	0.386	0.813	0.608	0.378	0.381
0.344	0.361	0.701	0.371	0.708	0.396	0.798	0.61	0.383	0.383
0.347	0.364	0.659	0.371	0.662	0.386	0.803	0.581	0.383	0.383
0.349	0.361	0.596	0.366	0.635	0.381	0.801	0.527	0.383	0.378
0.352	0.364	0.559	0.364	0.61	0.376	0.798	0.508	0.381	0.378
0.347	0.366	0.54	0.366	0.562	0.376	0.789	0.554	0.378	0.378
0.344	0.364	0.483	0.371	0.544	0.376	0.742	0.574	0.381	0.376
0.347	0.369	0.476	0.361	0.527	0.381	0.715	0.559	0.381	0.383
0.347	0.371	0.435	0.371	0.491	0.383	0.72	0.562	0.383	0.386
0.349	0.369	0.417	0.369	0.491	0.378	0.693	0.52	0.383	0.383
0.344	0.366	0.393	0.366	0.481	0.376	0.706	0.486	0.383	0.378
0.332	0.364	0.383	0.366	0.457	0.374	0.693	0.432	0.381	0.381
0.33	0.364	0.386	0.366	0.422	0.378	0.569	0.408	0.381	0.383
0.332	0.369	0.369	0.369	0.41	0.381	0.503	0.396	0.383	0.386
0.332	0.371	0.371	0.369	0.381	0.381	0.466	0.4	0.386	0.388
0.334	0.371	0.366	0.366	0.378	0.378	0.474	0.388	0.386	0.386
0.332	0.366	0.366	0.364	0.378	0.376	0.417	0.374	0.381	0.383
0.332	0.364	0.364	0.366	0.378	0.376	0.422	0.371	0.378	0.381
0.33	0.361	0.361	0.366	0.371	0.378	0.408	0.371	0.381	0.383
0.33	0.361	0.364	0.369	0.361	0.381	0.386	0.374	0.383	0.386
0.334	0.366	0.369	0.371	0.356	0.381	0.376	0.376	0.386	0.386
0.337	0.366	0.369	0.369	0.356	0.376	0.386	0.376	0.386	0.386
0.334	0.364	0.366	0.366	0.361	0.374	0.381	0.371	0.381	0.383
0.332	0.361	0.361	0.369	0.364	0.376	0.376	0.369	0.378	0.381
0.33	0.364	0.359	0.366	0.364	0.374	0.376	0.369	0.381	0.383
0.332	0.366	0.364	0.369	0.359	0.378	0.371	0.376	0.383	0.383
0.334	0.369	0.366	0.366	0.359	0.378	0.369	0.376	0.383	0.386
0.334	0.369	0.366	0.366	0.361	0.376	0.369	0.374	0.386	0.386
0.334	0.364	0.364	0.366	0.366	0.374	0.371	0.369	0.383	0.383
0.332	0.361	0.364	0.364	0.369	0.374	0.374	0.369	0.381	0.383
0.33	0.364	0.364	0.366	0.369	0.376	0.374	0.374	0.383	0.383
0.33	0.366	0.364	0.369	0.364	0.378	0.371	0.371	0.383	0.386
0.334	0.366	0.366	0.369	0.364	0.378	0.366	0.374	0.386	0.386
0.337	0.366	0.369	0.366	0.366	0.376	0.369	0.374	0.388	0.383
0.332	0.364	0.369	0.364	0.366	0.374	0.371	0.371	0.383	0.381
0.332	0.361	0.364	0.366	0.369	0.371	0.371	0.369	0.381	0.381
0.327	0.361	0.361	0.369	0.366	0.376	0.371	0.369	0.381	0.381
0.33	0.366	0.364	0.371	0.364	0.378	0.369	0.374	0.383	0.383
0.334	0.369	0.366	0.371	0.366	0.378	0.369	0.374	0.386	0.381
0.334	0.366	0.366	0.369	0.364	0.376	0.371	0.371	0.386	0.383
0.332	0.364	0.364	0.366	0.369	0.374	0.371	0.369	0.383	0.381
0.332	0.361	0.364	0.371	0.371	0.374	0.374	0.369	0.381	0.378
0.33	0.364	0.361	0.369	0.369	0.376	0.371	0.371	0.383	0.381
0.33	0.366	0.364	0.371	0.366	0.378	0.369	0.371	0.383	0.386
0.334	0.366	0.369	0.371	0.366	0.378	0.366	0.374	0.386	0.388
0.334	0.366	0.369	0.369	0.369	0.376	0.366	0.374	0.386	0.386
0.334	0.364	0.369	0.369	0.371	0.374	0.371	0.369	0.383	0.383
0.332	0.361	0.364	0.369	0.371	0.371	0.371	0.369	0.381	0.381
0.332	0.364	0.361	0.371	0.371	0.374	0.371	0.369	0.381	0.383
0.33	0.369	0.361	0.371	0.366	0.378	0.371	0.371	0.383	0.386
0.332	0.369	0.366	0.374	0.361	0.378	0.366	0.374	0.386	0.388
0.334	0.366	0.366	0.366	0.364	0.376	0.369	0.371	0.383	0.386
0.334	0.364	0.366	0.364	0.369	0.374	0.371	0.371	0.383	0.383
0.332	0.361	0.361	0.364	0.371	0.378	0.371	0.369	0.381	0.381
0.33	0.364	0.359	0.369	0.369	0.376	0.374	0.371	0.381	0.386
0.332	0.366	0.356	0.371	0.364	0.376	0.369	0.374	0.383	0.386
0.332	0.4	0.364	0.369	0.361	0.378	0.366	0.376	0.386	0.388
0.337	0.452	0.366	0.369	0.364	0.374	0.366	0.374	0.386	0.383
0.334	0.469	0.364	0.366	0.366	0.374	0.371	0.371	0.383	0.383
0.332	0.471	0.359	0.364	0.369	0.371	0.371	0.369	0.388	0.381
0.332	0.476	0.359	0.366	0.366	0.376	0.371	0.374	0.43	0.381
0.33	0.479	0.361	0.371	0.364	0.376	0.371	0.376	0.452	0.386
0.334	0.481	0.364	0.369	0.361	0.378	0.366	0.376	0.459	0.386
0.334	0.481	0.366	0.369	0.364	0.376	0.369	0.376	0.464	0.386
0.334	0.479	0.364	0.366	0.366	0.374	0.369	0.374	0.457	0.383
0.332	0.479	0.361	0.366	0.366	0.371	0.374	0.371	0.457	0.381
0.33	0.481	0.359	0.366	0.369	0.374	0.371	0.371	0.469	0.383
0.33	0.486	0.361	0.369	0.366	0.376	0.371	0.376	0.491	0.383
0.332	0.493	0.364	0.369	0.364	0.376	0.369	0.376	0.498	0.386
0.334	0.488	0.364	0.366	0.369	0.374	0.369	0.376	0.498	0.386
0.33	0.479	0.361	0.366	0.371	0.374	0.371	0.374	0.488	0.383
0.332	0.471	0.364	0.366	0.371	0.371	0.371	0.369	0.481	0.381
0.327	0.474	0.361	0.369	0.369	0.376	0.371	0.371	0.479	0.381
0.33	0.474	0.364	0.371	0.369	0.378	0.369	0.374	0.481	0.386
0.334	0.474	0.369	0.369	0.366	0.376	0.369	0.376	0.488	0.386
0.337	0.471	0.369	0.364	0.366	0.376	0.369	0.376	0.488	0.388
0.337	0.464	0.366	0.364	0.369	0.371	0.374	0.374	0.474	0.383
0.332	0.464	0.361	0.364	0.371	0.371	0.374	0.371	0.471	0.381
0.33	0.454	0.359	0.366	0.369	0.371	0.376	0.371	0.471	0.378
0.332	0.444	0.361	0.369	0.369	0.374	0.374	0.374	0.469	0.386
0.332	0.444	0.364	0.366	0.366	0.374	0.369	0.376	0.471	0.386
0.334	0.43	0.366	0.366	0.369	0.376	0.366	0.381	0.471	0.386
0.337	0.422	0.366	0.364	0.371	0.371	0.371	0.374	0.459	0.383
0.342	0.388	0.364	0.364	0.371	0.371	0.374	0.371	0.457	0.381
0.339	0.369	0.361	0.366	0.41	0.378	0.371	0.371	0.457	0.383
0.339	0.366	0.361	0.369	0.437	0.391	0.371	0.374	0.459	0.386
0.344	0.369	0.405	0.369	0.444	0.417	0.369	0.376	0.466	0.388
0.339	0.364	0.435	0.364	0.459	0.422	0.364	0.376	0.464	0.403
0.349	0.361	0.449	0.361	0.469	0.427	0.369	0.374	0.444	0.437
0.391	0.361	0.449	0.361	0.469	0.43	0.376	0.371	0.437	0.513
0.474	0.361	0.452	0.366	0.464	0.432	0.378	0.374	0.427	0.562
0.503	0.364	0.454	0.369	0.461	0.442	0.371	0.374	0.396	0.576
0.53	0.366	0.459	0.369	0.461	0.452	0.371	0.376	0.388	0.669
0.579	0.369	0.464	0.369	0.471	0.454	0.369	0.376	0.386	0.728
0.61	0.366	0.469	0.366	0.469	0.459	0.374	0.371	0.386	0.779
0.637	0.361	0.471	0.369	0.469	0.457	0.374	0.371	0.381	0.808
0.684	0.364	0.459	0.371	0.464	0.461	0.376	0.371	0.383	0.896
0.693	0.366	0.457	0.374	0.457	0.461	0.371	0.374	0.383	0.986
0.735	0.371	0.457	0.366	0.461	0.461	0.369	0.376	0.386	1.067
0.771	0.364	0.461	0.364	0.464	0.459	0.366	0.374	0.383	1.096
0.808	0.364	0.459	0.364	0.466	0.447	0.371	0.371	0.383	1.128
0.796	0.364	0.459	0.366	0.469	0.442	0.374	0.369	0.381	1.172
0.796	0.366	0.461	0.369	0.469	0.447	0.371	0.371	0.383	1.162
0.793	0.366	0.466	0.369	0.466	0.447	0.366	0.374	0.386	1.174
0.789	0.369	0.469	0.366	0.464	0.449	0.366	0.376	0.386	1.177
0.798	0.369	0.466	0.366	0.464	0.449	0.366	0.374	0.386	1.187
0.801	0.364	0.464	0.359	0.466	0.454	0.369	0.371	0.383	1.169
0.798	0.364	0.459	0.356	0.466	0.447	0.371	0.366	0.381	1.116
0.798	0.364	0.454	0.361	0.452	0.449	0.371	0.371	0.381	1.067
0.803	0.366	0.444	0.364	0.444	0.449	0.369	0.371	0.383	1.055
0.811	0.369	0.439	0.366	0.442	0.454	0.369	0.374	0.388	1.018
0.803	0.366	0.425	0.364	0.435	0.452	0.369	0.371	0.388	0.991
0.779	0.366	0.415	0.359	0.444	0.449	0.371	0.369	0.383	0.974
0.764	0.364	0.386	0.361	0.432	0.444	0.374	0.366	0.381	0.884
0.752	0.366	0.364	0.364	0.427	0.449	0.374	0.369	0.383	0.764
0.713	0.366	0.364	0.366	0.422	0.444	0.371	0.371	0.383	0.669
0.669	0.369	0.366	0.366	0.417	0.442	0.369	0.374	0.386	0.579
0.642	0.369	0.366	0.364	0.396	0.432	0.366	0.371	0.383	0.505
0.598	0.364	0.359	0.361	0.378	0.42	0.371	0.371	0.383	0.466
0.552	0.364	0.364	0.361	0.374	0.427	0.371	0.369	0.381	0.459
0.537	0.364	0.359	0.364	0.369	0.41	0.374	0.371	0.381	0.437
0.542	0.369	0.364	0.366	0.369	0.386	0.371	0.371	0.386	0.439
0.459	0.369	0.366	0.366	0.366	0.381	0.369	0.374	0.386	0.439
0.435	0.369	0.369	0.361	0.369	0.378	0.366	0.376	0.383	0.435
0.435	0.366	0.364	0.361	0.369	0.374	0.371	0.376	0.383	0.452
0.422	0.361	0.361	0.361	0.369	0.371	0.371	0.369	0.381	0.425
0.396	0.361	0.359	0.364	0.369	0.376	0.374	0.366	0.386	0.398
0.376	0.366	0.361	0.366	0.366	0.378	0.371	0.371	0.383	0.393
0.356	0.369	0.364	0.366	0.364	0.378	0.366	0.403	0.386	0.393
0.359	0.366	0.366	0.364	0.366	0.376	0.366	0.417	0.386	0.391
0.349	0.364	0.364	0.361	0.364	0.374	0.369	0.442	0.383	0.388
0.347	0.359	0.361	0.361	0.366	0.371	0.371	0.459	0.381	0.388
0.332	0.361	0.361	0.361	0.364	0.374	0.374	0.479	0.381	0.386
0.327	0.366	0.361	0.366	0.364	0.378	0.369	0.488	0.386	0.391
0.334	0.369	0.366	0.366	0.361	0.378	0.366	0.508	0.388	0.393
0.337	0.366	0.366	0.364	0.364	0.376	0.366	0.513	0.386	0.393
0.334	0.364	0.364	0.359	0.366	0.376	0.371	0.5	0.383	0.391
0.332	0.359	0.359	0.359	0.369	0.376	0.374	0.513	0.381	0.388
0.332	0.361	0.356	0.364	0.369	0.376	0.374	0.527	0.383	0.391
0.334	0.364	0.359	0.366	0.364	0.378	0.369	0.54	0.383	0.396
0.334	0.364	0.369	0.369	0.361	0.381	0.366	0.566	0.386	0.393
0.337	0.361	0.366	0.364	0.361	0.378	0.366	0.593	0.388	0.393
0.332	0.361	0.364	0.361	0.366	0.376	0.369	0.623	0.383	0.391
0.332	0.359	0.361	0.364	0.369	0.374	0.371	0.637	0.381	0.391
0.33	0.361	0.361	0.371	0.369	0.376	0.371	0.654	0.383	0.393
0.334	0.361	0.361	0.369	0.364	0.381	0.369	0.669	0.386	0.396
0.334	0.364	0.366	0.371	0.364	0.383	0.366	0.669	0.386	0.396
0.334	0.366	0.366	0.366	0.366	0.378	0.366	0.642	0.388	0.396
0.334	0.359	0.371	0.364	0.371	0.376	0.369	0.618	0.383	0.391
0.33	0.356	0.364	0.364	0.374	0.376	0.369	0.61	0.381	0.391
0.33	0.356	0.361	0.366	0.374	0.378	0.371	0.596	0.381	0.393
0.332	0.361	0.364	0.369	0.371	0.381	0.369	0.566	0.383	0.396
0.337	0.366	0.366	0.369	0.369	0.383	0.366	0.52	0.386	0.396
0.334	0.364	0.371	0.366	0.374	0.378	0.364	0.483	0.386	0.396
0.334	0.361	0.366	0.369	0.376	0.374	0.369	0.447	0.383	0.393
0.334	0.356	0.364	0.41	0.378	0.374	0.371	0.408	0.381	0.391
0.332	0.356	0.361	0.425	0.376	0.376	0.371	0.376	0.383	0.393
0.332	0.361	0.361	0.432	0.376	0.381	0.369	0.386	0.383	0.398
0.337	0.364	0.364	0.432	0.374	0.381	0.366	0.405	0.386	0.4
0.337	0.356	0.366	0.432	0.374	0.376	0.364	0.4	0.386	0.393
0.337	0.356	0.366	0.432	0.376	0.376	0.369	0.391	0.386	0.393
0.332	0.356	0.361	0.427	0.376	0.374	0.371	0.425	0.381	0.393
0.332	0.359	0.361	0.43	0.374	0.378	0.371	0.413	0.381	0.396
0.337	0.361	0.364	0.432	0.374	0.381	0.371	0.381	0.383	0.396
0.337	0.361	0.364	0.432	0.371	0.378	0.369	0.374	0.386	0.398
0.337	0.361	0.364	0.432	0.371	0.378	0.369	0.371	0.383	0.396
0.334	0.359	0.364	0.432	0.376	0.376	0.369	0.366	0.381	0.391
0.332	0.356	0.361	0.43	0.376	0.376	0.371	0.366	0.378	0.388
0.332	0.356	0.356	0.435	0.374	0.376	0.374	0.366	0.381	0.393
0.332	0.361	0.354	0.435	0.371	0.381	0.371	0.371	0.383	0.396
0.337	0.364	0.361	0.43	0.371	0.383	0.366	0.371	0.386	0.393
0.337	0.359	0.364	0.425	0.374	0.381	0.374	0.374	0.386	0.4
0.337	0.359	0.361	0.42	0.376	0.376	0.413	0.369	0.383	0.391
0.332	0.356	0.359	0.415	0.376	0.376	0.452	0.369	0.381	0.391
0.332	0.356	0.356	0.408	0.378	0.378	0.469	0.366	0.383	0.393
0.334	0.361	0.361	0.41	0.371	0.381	0.459	0.371	0.383	0.396
0.337	0.364	0.361	0.413	0.371	0.381	0.459	0.374	0.386	0.396
0.337	0.364	0.364	0.381	0.369	0.381	0.464	0.374	0.386	0.396
0.339	0.356	0.354	0.364	0.376	0.376	0.479	0.369	0.383	0.391
0.334	0.354	0.356	0.364	0.378	0.376	0.491	0.366	0.381	0.388
0.332	0.356	0.356	0.364	0.376	0.376	0.476	0.369	0.383	0.391
0.334	0.359	0.359	0.366	0.374	0.381	0.474	0.371	0.383	0.393
0.334	0.359	0.364	0.366	0.371	0.383	0.469	0.374	0.388	0.396
0.337	0.361	0.364	0.361	0.374	0.378	0.469	0.374	0.388	0.391
0.339	0.356	0.364	0.359	0.376	0.376	0.486	0.371	0.383	0.393
0.334	0.354	0.356	0.356	0.378	0.376	0.496	0.369	0.381	0.391
0.332	0.354	0.354	0.361	0.376	0.376	0.483	0.371	0.381	0.398
0.334	0.359	0.356	0.364	0.374	0.381	0.461	0.371	0.383	0.396
0.337	0.361	0.361	0.369	0.374	0.381	0.447	0.374	0.386	0.4
0.339	0.361	0.361	0.359	0.374	0.378	0.439	0.366	0.386	0.393
0.334	0.359	0.359	0.356	0.374	0.376	0.435	0.369	0.383	0.396
0.334	0.356	0.356	0.359	0.378	0.376	0.442	0.366	0.381	0.393
0.334	0.359	0.356	0.361	0.376	0.378	0.442	0.371	0.378	0.396
0.337	0.361	0.356	0.364	0.374	0.381	0.432	0.369	0.383	0.396
0.339	0.381	0.361	0.364	0.371	0.381	0.43	0.371	0.386	0.398
0.339	0.42	0.364	0.364	0.371	0.378	0.435	0.369	0.388	0.398
0.337	0.43	0.364	0.361	0.376	0.376	0.452	0.369	0.383	0.393
0.337	0.43	0.359	0.359	0.376	0.374	0.447	0.366	0.381	0.393
0.334	0.413	0.356	0.364	0.381	0.381	0.435	0.369	0.381	0.391
0.334	0.415	0.356	0.366	0.371	0.378	0.432	0.371	0.381	0.398
0.339	0.415	0.359	0.366	0.371	0.381	0.413	0.374	0.383	0.4
0.339	0.41	0.361	0.364	0.371	0.378	0.381	0.369	0.42	0.4
0.337	0.408	0.359	0.361	0.376	0.376	0.376	0.369	0.444	0.393
0.334	0.449	0.356	0.361	0.376	0.376	0.376	0.366	0.43	0.391
0.332	0.486	0.356	0.366	0.376	0.378	0.378	0.369	0.422	0.393
0.337	0.513	0.359	0.369	0.371	0.381	0.374	0.371	0.422	0.396
0.337	0.535	0.361	0.369	0.371	0.386	0.371	0.371	0.425	0.398
0.339	0.537	0.376	0.364	0.374	0.381	0.371	0.371	0.413	0.396
0.339	0.537	0.383	0.361	0.374	0.378	0.374	0.369	0.388	0.396
0.334	0.532	0.388	0.361	0.376	0.374	0.376	0.369	0.381	0.393
0.332	0.53	0.391	0.366	0.374	0.378	0.376	0.369	0.381	0.393
0.332	0.537	0.388	0.369	0.374	0.381	0.374	0.371	0.396	0.396
0.337	0.544	0.41	0.366	0.371	0.383	0.371	0.374	0.422	0.396
0.337	0.571	0.43	0.366	0.371	0.381	0.371	0.374	0.425	0.396
0.337	0.581	0.442	0.361	0.376	0.376	0.371	0.371	0.427	0.391
0.334	0.596	0.464	0.361	0.376	0.378	0.374	0.371	0.427	0.391
0.332	0.605	0.471	0.364	0.376	0.381	0.374	0.374	0.427	0.391
0.332	0.608	0.476	0.369	0.371	0.381	0.374	0.374	0.435	0.398
0.334	0.608	0.491	0.369	0.371	0.383	0.371	0.374	0.442	0.398
0.337	0.608	0.5	0.364	0.371	0.381	0.371	0.374	0.432	0.396
0.332	0.593	0.5	0.364	0.374	0.376	0.371	0.371	0.449	0.393
0.334	0.586	0.488	0.364	0.376	0.374	0.376	0.371	0.466	0.391
0.332	0.583	0.471	0.364	0.376	0.378	0.374	0.371	0.503	0.393
0.334	0.586	0.459	0.369	0.371	0.381	0.371	0.376	0.552	0.396
0.337	0.593	0.444	0.366	0.371	0.381	0.371	0.376	0.566	0.4
0.337	0.579	0.43	0.366	0.371	0.378	0.371	0.374	0.562	0.396
0.334	0.571	0.415	0.361	0.396	0.376	0.374	0.374	0.557	0.393
0.332	0.566	0.41	0.361	0.408	0.376	0.376	0.374	0.547	0.391
0.33	0.571	0.391	0.366	0.396	0.378	0.376	0.376	0.547	0.393
0.332	0.574	0.391	0.366	0.391	0.381	0.371	0.378	0.542	0.396
0.334	0.574	0.391	0.366	0.403	0.386	0.371	0.376	0.54	0.4
0.334	0.557	0.393	0.364	0.413	0.381	0.366	0.374	0.537	0.396
0.334	0.542	0.391	0.361	0.437	0.376	0.374	0.371	0.535	0.391
0.33	0.535	0.393	0.364	0.435	0.376	0.374	0.369	0.532	0.391
0.327	0.53	0.388	0.366	0.425	0.381	0.381	0.371	0.515	0.393
0.327	0.53	0.388	0.366	0.437	0.383	0.374	0.371	0.496	0.396
0.332	0.525	0.391	0.369	0.449	0.381	0.371	0.374	0.488	0.398
0.332	0.52	0.393	0.364	0.452	0.378	0.371	0.369	0.439	0.415
0.332	0.505	0.386	0.361	0.454	0.376	0.371	0.369	0.417	0.459
0.33	0.486	0.386	0.361	0.454	0.376	0.376	0.369	0.408	0.461
0.327	0.442	0.383	0.361	0.452	0.378	0.376	0.371	0.417	0.5
0.33	0.42	0.388	0.364	0.449	0.383	0.371	0.371	0.425	0.583
0.332	0.417	0.4	0.366	0.439	0.381	0.369	0.374	0.4	0.698
0.337	0.413	0.408	0.366	0.432	0.378	0.366	0.371	0.388	0.764
0.334	0.41	0.405	0.369	0.447	0.376	0.371	0.369	0.388	0.708
0.334	0.391	0.4	0.364	0.449	0.369	0.374	0.371	0.386	0.686
0.334	0.378	0.393	0.364	0.449	0.378	0.374	0.371	0.381	0.715
0.342	0.381	0.391	0.366	0.437	0.381	0.369	0.371	0.383	0.757
0.342	0.378	0.374	0.366	0.417	0.381	0.366	0.376	0.386	0.789
0.339	0.366	0.371	0.364	0.417	0.383	0.366	0.374	0.386	0.806
0.334	0.361	0.366	0.361	0.415	0.378	0.366	0.371	0.383	0.833
0.33	0.361	0.364	0.364	0.408	0.376	0.371	0.369	0.381	0.823
0.327	0.361	0.364	0.364	0.408	0.378	0.371	0.374	0.383	0.83
0.33	0.364	0.369	0.369	0.408	0.381	0.371	0.376	0.386	0.837
0.33	0.366	0.371	0.371	0.405	0.381	0.366	0.378	0.386	0.791
0.334	0.366	0.369	0.364	0.403	0.381	0.366	0.371	0.386	0.75
0.334	0.364	0.371	0.359	0.381	0.376	0.369	0.374	0.383	0.728
0.332	0.361	0.369	0.361	0.376	0.374	0.371	0.371	0.381	0.679
0.334	0.359	0.366	0.366	0.374	0.376	0.371	0.378	0.381	0.586
0.337	0.364	0.369	0.369	0.369	0.381	0.371	0.376	0.383	0.513
0.342	0.366	0.369	0.366	0.366	0.378	0.366	0.378	0.386	0.452
0.342	0.364	0.376	0.364	0.371	0.378	0.366	0.376	0.386	0.435
0.342	0.364	0.369	0.361	0.371	0.378	0.369	0.374	0.381	0.415
0.347	0.361	0.366	0.361	0.374	0.386	0.371	0.374	0.381	0.41
0.364	0.359	0.361	0.364	0.371	0.381	0.371	0.374	0.383	0.408
0.374	0.364	0.361	0.366	0.366	0.378	0.369	0.378	0.386	0.41
0.383	0.366	0.366	0.366	0.366	0.381	0.369	0.376	0.386	0.422
0.386	0.364	0.366	0.361	0.366	0.386	0.369	0.374	0.388	0.447
0.383	0.361	0.364	0.361	0.371	0.396	0.371	0.374	0.383	0.447
0.376	0.361	0.361	0.359	0.374	0.408	0.374	0.371	0.381	0.449
0.374	0.361	0.361	0.364	0.374	0.42	0.374	0.369	0.381	0.452
0.369	0.361	0.364	0.369	0.369	0.427	0.369	0.374	0.383	0.437
0.349	0.364	0.366	0.369	0.366	0.432	0.366	0.376	0.386	0.4
0.344	0.361	0.366	0.364	0.369	0.449	0.366	0.378	0.386	0.386
0.342	0.361	0.369	0.364	0.371	0.454	0.371	0.371	0.383	0.381
0.342	0.359	0.364	0.364	0.374	0.452	0.371	0.369	0.378	0.378
0.339	0.359	0.354	0.366	0.371	0.444	0.371	0.369	0.381	0.381
0.342	0.361	0.361	0.366	0.369	0.43	0.369	0.374	0.383	0.383
0.344	0.361	0.364	0.366	0.364	0.422	0.369	0.376	0.386	0.383
0.344	0.361	0.366	0.364	0.366	0.405	0.366	0.371	0.386	0.383
0.342	0.359	0.364	0.359	0.369	0.393	0.369	0.371	0.381	0.378
0.339	0.359	0.361	0.361	0.371	0.391	0.371	0.371	0.378	0.378
0.337	0.361	0.361	0.371	0.369	0.391	0.371	0.374	0.378	0.381
0.337	0.361	0.361	0.447	0.364	0.396	0.369	0.374	0.383	0.383
0.339	0.364	0.364	0.5	0.364	0.396	0.364	0.374	0.386	0.383
0.342	0.361	0.366	0.588	0.366	0.391	0.366	0.369	0.388	0.376
0.339	0.359	0.361	0.623	0.371	0.383	0.371	0.369	0.383	0.378
0.337	0.359	0.361	0.598	0.371	0.381	0.371	0.369	0.381	0.376
0.334	0.359	0.361	0.537	0.369	0.376	0.369	0.366	0.378	0.376
0.337	0.361	0.364	0.603	0.366	0.393	0.366	0.374	0.386	0.383
0.339	0.364	0.366	0.627	0.364	0.398	0.366	0.374	0.388	0.383
0.342	0.361	0.369	0.61	0.366	0.4	0.366	0.376	0.386	0.381
0.342	0.337	0.366	0.635	0.369	0.391	0.366	0.371	0.383	0.378
0.339	0.359	0.361	0.662	0.371	0.376	0.371	0.369	0.381	0.378
0.337	0.361	0.361	0.686	0.366	0.378	0.371	0.371	0.381	0.378
0.339	0.361	0.364	0.693	0.364	0.391	0.369	0.371	0.386	0.381
0.339	0.364	0.366	0.698	0.361	0.393	0.366	0.374	0.388	0.383
0.344	0.361	0.366	0.684	0.364	0.376	0.364	0.374	0.388	0.383
0.342	0.359	0.366	0.659	0.366	0.374	0.369	0.369	0.383	0.378
0.342	0.359	0.361	0.637	0.369	0.371	0.374	0.366	0.383	0.378
0.339	0.359	0.361	0.632	0.369	0.376	0.371	0.374	0.383	0.378
0.339	0.361	0.361	0.632	0.364	0.376	0.371	0.371	0.388	0.381
0.347	0.364	0.366	0.615	0.364	0.378	0.366	0.374	0.391	0.381
0.347	0.366	0.366	0.627	0.366	0.376	0.366	0.374	0.391	0.383
0.347	0.361	0.366	0.623	0.369	0.371	0.371	0.369	0.388	0.381
0.342	0.359	0.364	0.615	0.369	0.374	0.371	0.369	0.383	0.378
0.342	0.361	0.361	0.593	0.366	0.376	0.371	0.369	0.386	0.383
0.344	0.364	0.364	0.569	0.364	0.378	0.369	0.371	0.388	0.386
0.347	0.366	0.369	0.535	0.364	0.381	0.366	0.371	0.391	0.388
0.349	0.364	0.369	0.525	0.366	0.376	0.369	0.369	0.391	0.388
0.347	0.361	0.361	0.525	0.369	0.374	0.371	0.369	0.386	0.383
0.344	0.361	0.364	0.518	0.371	0.369	0.371	0.366	0.386	0.381
0.342	0.361	0.364	0.52	0.371	0.374	0.374	0.369	0.386	0.386
0.342	0.364	0.364	0.52	0.366	0.378	0.369	0.371	0.388	0.386
0.344	0.366	0.366	0.52	0.366	0.378	0.366	0.371	0.393	0.388
0.347	0.359	0.366	0.505	0.369	0.378	0.366	0.371	0.393	0.388
0.347	0.361	0.366	0.496	0.371	0.374	0.371	0.366	0.388	0.383
0.342	0.361	0.361	0.5	0.374	0.374	0.371	0.366	0.383	0.381
0.342	0.361	0.361	0.493	0.369	0.376	0.374	0.366	0.386	0.388
0.342	0.364	0.364	0.493	0.366	0.378	0.371	0.369	0.388	0.388
0.347	0.364	0.364	0.488	0.366	0.381	0.369	0.371	0.391	0.388
0.349	0.364	0.366	0.474	0.369	0.378	0.366	0.371	0.391	0.386
0.349	0.361	0.364	0.461	0.371	0.376	0.371	0.371	0.388	0.383
0.347	0.359	0.364	0.461	0.374	0.376	0.374	0.369	0.386	0.381
0.347	0.359	0.361	0.432	0.369	0.378	0.374	0.371	0.386	0.383
0.347	0.364	0.366	0.417	0.366	0.381	0.371	0.374	0.388	0.386
0.349	0.366	0.366	0.43	0.366	0.381	0.366	0.376	0.388	0.388
0.352	0.366	0.366	0.435	0.366	0.378	0.369	0.378	0.391	0.386
0.352	0.361	0.366	0.413	0.371	0.376	0.369	0.374	0.388	0.383
0.347	0.359	0.361	0.378	0.371	0.376	0.371	0.369	0.386	0.383
0.344	0.361	0.361	0.378	0.371	0.378	0.374	0.371	0.386	0.381
0.347	0.366	0.364	0.383	0.366	0.381	0.369	0.374	0.386	0.388
0.349	0.366	0.366	0.376	0.366	0.383	0.366	0.376	0.388	0.386
0.352	0.364	0.366	0.369	0.366	0.381	0.366	0.374	0.388	0.386
0.352	0.361	0.361	0.366	0.369	0.378	0.369	0.371	0.386	0.383
0.349	0.364	0.361	0.366	0.374	0.376	0.374	0.369	0.386	0.383
0.347	0.391	0.361	0.369	0.369	0.378	0.371	0.369	0.386	0.388
0.349	0.415	0.361	0.374	0.366	0.381	0.371	0.374	0.388	0.388
0.352	0.43	0.366	0.371	0.366	0.383	0.366	0.374	0.391	0.391
0.352	0.405	0.369	0.371	0.369	0.378	0.366	0.371	0.391	0.388
0.349	0.393	0.369	0.369	0.371	0.376	0.369	0.369	0.388	0.383
0.349	0.439	0.364	0.369	0.374	0.376	0.371	0.369	0.386	0.381
0.347	0.493	0.364	0.374	0.371	0.376	0.371	0.371	0.386	0.383
0.344	0.522	0.361	0.376	0.369	0.381	0.369	0.376	0.391	0.386
0.349	0.544	0.366	0.371	0.366	0.383	0.366	0.376	0.391	0.388
0.349	0.564	0.366	0.371	0.369	0.383	0.366	0.376	0.391	0.386
0.349	0.571	0.364	0.369	0.369	0.376	0.371	0.371	0.388	0.381
0.347	0.574	0.364	0.366	0.369	0.374	0.371	0.371	0.383	0.378
0.347	0.576	0.364	0.371	0.369	0.378	0.371	0.374	0.386	0.383
0.347	0.583	0.364	0.374	0.366	0.383	0.369	0.376	0.391	0.383
0.349	0.579	0.369	0.371	0.366	0.381	0.366	0.378	0.391	0.383
0.352	0.579	0.369	0.371	0.369	0.381	0.366	0.374	0.391	0.383
0.352	0.574	0.364	0.371	0.366	0.376	0.371	0.371	0.374	0.381
0.349	0.569	0.398	0.371	0.371	0.374	0.378	0.369	0.386	0.378
0.347	0.566	0.417	0.374	0.371	0.376	0.376	0.374	0.383	0.381
0.347	0.569	0.454	0.374	0.366	0.381	0.366	0.376	0.386	0.388
0.352	0.566	0.471	0.374	0.366	0.378	0.381	0.378	0.388	0.388
0.354	0.557	0.486	0.371	0.364	0.378	0.381	0.378	0.383	0.386
0.352	0.549	0.491	0.369	0.369	0.376	0.4	0.374	0.383	0.383
0.352	0.542	0.491	0.371	0.369	0.371	0.427	0.371	0.383	0.383
0.349	0.549	0.491	0.371	0.371	0.376	0.435	0.371	0.383	0.386
0.349	0.562	0.491	0.374	0.366	0.398	0.493	0.378	0.432	0.386
0.354	0.564	0.481	0.371	0.366	0.381	0.498	0.378	0.479	0.388
0.354	0.562	0.483	0.369	0.366	0.378	0.513	0.378	0.5	0.388
0.352	0.557	0.486	0.366	0.369	0.376	0.503	0.374	0.505	0.381
0.349	0.547	0.503	0.369	0.371	0.376	0.491	0.371	0.5	0.378
0.347	0.537	0.508	0.371	0.371	0.376	0.496	0.371	0.496	0.383
0.347	0.535	0.522	0.374	0.366	0.381	0.479	0.376	0.5	0.383
0.371	0.513	0.535	0.374	0.366	0.381	0.461	0.378	0.503	0.386
0.432	0.503	0.537	0.369	0.369	0.378	0.466	0.378	0.508	0.386
0.41	0.474	0.569	0.366	0.369	0.376	0.476	0.378	0.522	0.383
0.383	0.432	0.581	0.369	0.371	0.374	0.483	0.376	0.557	0.381
0.376	0.386	0.583	0.371	0.366	0.376	0.481	0.376	0.598	0.378
0.391	0.376	0.579	0.374	0.366	0.381	0.476	0.376	0.64	0.388
0.386	0.374	0.571	0.374	0.369	0.376	0.476	0.378	0.698	0.383
0.388	0.376	0.566	0.369	0.376	0.378	0.479	0.376	0.74	0.388
0.391	0.378	0.552	0.364	0.388	0.378	0.481	0.371	0.786	0.383
0.378	0.374	0.527	0.369	0.413	0.376	0.481	0.374	0.818	0.381
0.374	0.366	0.51	0.374	0.405	0.376	0.471	0.376	0.842	0.378
0.408	0.371	0.488	0.374	0.435	0.381	0.437	0.376	0.864	0.386
0.43	0.371	0.479	0.374	0.452	0.383	0.435	0.378	0.894	0.386
0.439	0.371	0.479	0.371	0.464	0.378	0.437	0.378	0.901	0.383
0.439	0.366	0.454	0.366	0.464	0.376	0.439	0.374	0.906	0.381
0.442	0.366	0.43	0.369	0.464	0.376	0.442	0.371	0.901	0.381
0.442	0.371	0.42	0.371	0.461	0.378	0.435	0.371	0.884	0.381
0.444	0.369	0.435	0.371	0.464	0.381	0.425	0.376	0.85	0.383
0.444	0.371	0.417	0.371	0.493	0.383	0.413	0.376	0.806	0.386
0.447	0.374	0.396	0.369	0.498	0.378	0.42	0.376	0.769	0.383
0.452	0.366	0.383	0.369	0.513	0.378	0.42	0.374	0.713	0.381
0.459	0.366	0.376	0.371	0.518	0.374	0.413	0.369	0.657	0.378
0.454	0.366	0.374	0.374	0.505	0.378	0.386	0.376	0.625	0.381
0.449	0.369	0.366	0.376	0.498	0.381	0.374	0.376	0.557	0.383
0.442	0.371	0.366	0.376	0.493	0.381	0.371	0.378	0.532	0.386
0.42	0.369	0.364	0.376	0.493	0.376	0.371	0.378	0.52	0.386
0.41	0.369	0.361	0.374	0.496	0.376	0.374	0.374	0.513	0.381
0.408	0.366	0.359	0.371	0.5	0.374	0.376	0.371	0.496	0.381
0.41	0.366	0.356	0.374	0.498	0.376	0.376	0.374	0.483	0.381
0.417	0.371	0.359	0.376	0.496	0.378	0.371	0.376	0.483	0.43
0.417	0.371	0.361	0.376	0.496	0.381	0.369	0.398	0.469	0.476
0.396	0.369	0.359	0.374	0.496	0.378	0.374	0.41	0.42	0.466
0.383	0.369	0.361	0.369	0.496	0.376	0.378	0.408	0.393	0.457
0.376	0.366	0.356	0.371	0.496	0.374	0.378	0.386	0.386	0.488
0.381	0.366	0.354	0.376	0.486	0.378	0.381	0.408	0.386	0.496
0.378	0.369	0.356	0.378	0.481	0.381	0.374	0.41	0.386	0.532
0.374	0.371	0.361	0.378	0.479	0.381	0.374	0.425	0.388	0.557
0.359	0.371	0.359	0.376	0.479	0.378	0.374	0.425	0.386	0.583
0.354	0.364	0.359	0.374	0.483	0.376	0.378	0.427	0.391	0.635
0.349	0.364	0.356	0.376	0.488	0.374	0.383	0.427	0.393	0.676
0.349	0.361	0.356	0.378	0.488	0.376	0.383	0.43	0.388	0.723
0.349	0.366	0.361	0.381	0.483	0.381	0.378	0.425	0.383	0.74
0.354	0.371	0.359	0.381	0.476	0.381	0.374	0.41	0.386	0.754
0.356	0.369	0.359	0.376	0.479	0.378	0.374	0.427	0.383	0.769
0.352	0.366	0.356	0.374	0.476	0.376	0.376	0.503	0.381	0.779
0.347	0.364	0.352	0.374	0.479	0.376	0.378	0.569	0.381	0.796
0.347	0.364	0.352	0.378	0.454	0.378	0.378	0.591	0.378	0.801
0.344	0.369	0.354	0.378	0.408	0.381	0.374	0.581	0.383	0.793
0.349	0.371	0.356	0.378	0.391	0.381	0.371	0.576	0.386	0.779
0.349	0.369	0.359	0.376	0.376	0.378	0.371	0.588	0.386	0.774
0.349	0.366	0.354	0.376	0.374	0.376	0.374	0.591	0.383	0.75
0.344	0.364	0.352	0.376	0.376	0.374	0.376	0.588	0.383	0.725
0.342	0.369	0.347	0.378	0.374	0.376	0.376	0.596	0.383	0.698
0.344	0.371	0.356	0.381	0.369	0.378	0.374	0.603	0.386	0.679
0.347	0.374	0.359	0.378	0.371	0.376	0.371	0.63	0.388	0.627
0.352	0.371	0.359	0.376	0.371	0.383	0.374	0.632	0.388	0.596
0.349	0.369	0.356	0.374	0.371	0.376	0.374	0.598	0.386	0.564
0.347	0.366	0.354	0.374	0.378	0.417	0.376	0.547	0.381	0.554
0.344	0.369	0.354	0.378	0.383	0.452	0.376	0.522	0.386	0.547
0.344	0.371	0.359	0.393	0.383	0.476	0.376	0.525	0.388	0.54
0.347	0.374	0.361	0.464	0.383	0.508	0.371	0.464	0.388	0.542
0.349	0.374	0.364	0.51	0.388	0.496	0.374	0.432	0.393	0.525
0.349	0.369	0.359	0.542	0.391	0.479	0.376	0.405	0.383	0.505
0.347	0.369	0.356	0.566	0.391	0.493	0.378	0.391	0.383	0.491
0.342	0.371	0.359	0.571	0.374	0.518	0.376	0.391	0.383	0.488
0.342	0.374	0.359	0.579	0.369	0.52	0.374	0.398	0.386	0.488
0.347	0.374	0.361	0.588	0.366	0.483	0.371	0.398	0.388	0.481
0.349	0.374	0.361	0.598	0.369	0.491	0.371	0.391	0.388	0.461
0.349	0.371	0.359	0.613	0.371	0.527	0.376	0.396	0.386	0.422
0.344	0.369	0.356	0.625	0.374	0.54	0.378	0.4	0.383	0.391
0.344	0.371	0.354	0.63	0.371	0.542	0.376	0.405	0.383	0.383
0.342	0.374	0.359	0.618	0.369	0.547	0.374	0.41	0.388	0.383
0.349	0.374	0.359	0.61	0.369	0.544	0.371	0.417	0.391	0.383
0.352	0.371	0.361	0.596	0.369	0.549	0.371	0.425	0.386	0.381
0.352	0.369	0.354	0.593	0.374	0.547	0.376	0.415	0.386	0.378
0.347	0.366	0.356	0.603	0.374	0.552	0.378	0.405	0.381	0.378
0.347	0.369	0.354	0.63	0.371	0.552	0.378	0.4	0.383	0.378
0.347	0.371	0.356	0.615	0.369	0.549	0.376	0.398	0.386	0.381
0.349	0.374	0.364	0.62	0.369	0.547	0.374	0.43	0.388	0.383
0.352	0.371	0.364	0.601	0.369	0.537	0.374	0.417	0.386	0.383
0.349	0.369	0.361	0.559	0.374	0.544	0.376	0.408	0.388	0.378
0.349	0.369	0.356	0.562	0.376	0.544	0.378	0.383	0.383	0.376
0.344	0.366	0.356	0.564	0.376	0.544	0.378	0.378	0.383	0.378
0.347	0.371	0.359	0.566	0.371	0.53	0.376	0.378	0.388	0.383
0.349	0.371	0.359	0.562	0.371	0.525	0.371	0.381	0.388	0.386
0.349	0.371	0.356	0.544	0.371	0.513	0.374	0.386	0.388	0.383
0.354	0.369	0.356	0.542	0.376	0.498	0.376	0.376	0.383	0.378
0.344	0.364	0.352	0.53	0.376	0.481	0.378	0.374	0.383	0.376
0.347	0.364	0.352	0.532	0.376	0.476	0.381	0.378	0.386	0.378
0.349	0.366	0.356	0.527	0.371	0.488	0.374	0.381	0.388	0.383
0.349	0.366	0.359	0.513	0.369	0.483	0.374	0.381	0.396	0.386
0.349	0.366	0.359	0.51	0.369	0.469	0.374	0.378	0.4	0.381
0.349	0.364	0.354	0.508	0.374	0.476	0.378	0.376	0.393	0.378
0.347	0.364	0.354	0.505	0.376	0.466	0.378	0.376	0.386	0.376
0.347	0.364	0.354	0.486	0.371	0.459	0.378	0.378	0.383	0.381
0.347	0.366	0.356	0.483	0.369	0.413	0.374	0.381	0.388	0.383
0.349	0.371	0.359	0.481	0.369	0.381	0.374	0.381	0.391	0.383
0.352	0.369	0.359	0.476	0.371	0.374	0.376	0.381	0.4	0.356
0.352	0.366	0.356	0.461	0.374	0.369	0.376	0.376	0.405	0.378
0.349	0.366	0.354	0.452	0.376	0.364	0.378	0.376	0.4	0.378
0.344	0.366	0.369	0.437	0.378	0.371	0.376	0.378	0.393	0.383
0.349	0.366	0.371	0.417	0.371	0.371	0.378	0.378	0	0.388
0.349	0.371	0.383	0.408	0.371	0.374	0.371	0.381	0	0.388
0.349	0.369	0.366	0.4	0.371	0.371	0.378	0.378	0	0.386
0.349	0.366	0.378	0.391	0.376	0.366	0.378	0.376	0	0.383
0.349	0.366	0.381	0.381	0.376	0.366	0.378	0.376	0	0.381
0.344	0.364	0.369	0.381	0.374	0.369	0.378	0.376	0	0.386
0.347	0.371	0.374	0.381	0.371	0.371	0.376	0.378	0	0.388
0.349	0.371	0	0.381	0.371	0.378	0.374	0.378	0	0.386
0.352	0.369	0	0.378	0.374	0.371	0.371	0.378	0	0.386
0.347	0.364	0	0.378	0.376	0.369	0.376	0.374	0	0.383
0.347	0.364	0	0.376	0.378	0.369	0.378	0.374	0	0.383
0.344	0.364	0	0.381	0.374	0.369	0.381	0.376	0	0.381
0.347	0.369	0	0.381	0.371	0.371	0.376	0.378	0	0.386
0.347	0.371	0	0.378	0.369	0.374	0.374	0.378	0	0.386
0.349	0.369	0	0.378	0.371	0.371	0.374	0.378	0	0.383
0.347	0.366	0	0.374	0.374	0.366	0.376	0.374	0	0.381
0.347	0.364	0	0.376	0.376	0.361	0.378	0.376	0	0.381
0.342	0.366	0	0.381	0.374	0.369	0.378	0.378	0	0.383
0.337	0.366	0	0.383	0.371	0.371	0.378	0.381	0	0.388
0.344	0.369	0	0.378	0.371	0.371	0.374	0.383	0	0.388
0.381	0.371	0	0.378	0.374	0.371	0.374	0.381	0	0.388
0.417	0.366	0	0.374	0.378	0.366	0.413	0.378	0	0.383
0.466	0.364	0	0.383	0.378	0.369	0.427	0.378	0	0.381
0.503	0.364	0	0.383	0.378	0.366	0.486	0.378	0	0.381
0.532	0.366	0	0.381	0.369	0.371	0.5	0.381	0	0.383
0.542	0.369	0	0.376	0.371	0.371	0.513	0.381	0	0.388
0.547	0.366	0	0.376	0.371	0.369	0.522	0.381	0	0.383
0.547	0.364	0	0.376	0.376	0.369	0.537	0.376	0	0.381
0.547	0.361	0	0.381	0.378	0.366	0.552	0.374	0	0.381
0.542	0.361	0	0.378	0.376	0.369	0.583	0.378	0	0.376
0.544	0.366	0	0.381	0.374	0.369	0.596	0.381	0	0.386
0.557	0.369	0	0.381	0.374	0.369	0.618	0.378	0	0.383
0.549	0.366	0	0.378	0.376	0.369	0.64	0.378	0	0.386
0.552	0.364	0	0.374	0.378	0.364	0.647	0.376	0	0.381
0.559	0.361	0	0.376	0.381	0.364	0.652	0.374	0	0.378
0.591	0.361	0	0.378	0.386	0.364	0.642	0.374	0	0.381
0.569	0.366	0	0.381	0.378	0.369	0.63	0.376	0	0.386
0.557	0.366	0	0.381	0.374	0.369	0.596	0.381	0	0.386
0.544	0.361	0	0.378	0.381	0.366	0.549	0.378	0	0.386
0.542	0.361	0	0.374	0.378	0.366	0.54	0.376	0	0.381
0.53	0.361	0	0.374	0.391	0.366	0.535	0.374	0	0.378
0.52	0.361	0	0.376	0.413	0.366	0.535	0.378	0	0.381
0.518	0.364	0	0.378	0.454	0.371	0.532	0.381	0	0.383
0.52	0.364	0	0.378	0.461	0.369	0.527	0.383	0	0.386
0.52	0.366	0	0.376	0.457	0.366	0.525	0.381	0	0.381
0.518	0.364	0	0.374	0	0.364	0.518	0.378	0	0.381
0.522	0.364	0	0.376	0	0.364	0.522	0.376	0	0.378
0.518	0.364	0	0.378	0	0.364	0.52	0.381	0	0.378
0.515	0.369	0	0.381	0	0.366	0.51	0.383	0	0.383
0.52	0.371	0	0.378	0	0.369	0.486	0.381	0	0.381
0.522	0.369	0	0.376	0	0.366	0.469	0.381	0	0.381
0.522	0.366	0	0.374	0	0.364	0.439	0.376	0	0.381
0.525	0.364	0	0.376	0	0.361	0.435	0.371	0	0.378
0.508	0.366	0	0.378	0	0.364	0.41	0.378	0	0.383
0.5	0.369	0	0.381	0	0.369	0.381	0.378	0	0.386
0.508	0.371	0	0.381	0	0.371	0.374	0.381	0	0.386
0.488	0.369	0	0.378	0	0.366	0.374	0.381	0	0.383
0.459	0.366	0	0.376	0	0.364	0.376	0.378	0	0.381
0.391	0.364	0	0.376	0	0.364	0.383	0.374	0	0.378
0.369	0.369	0	0.378	0	0.364	0.383	0.374	0	0.383
0.356	0.371	0	0.381	0	0.366	0.376	0.378	0	0.383
0.356	0.371	0	0.383	0	0.369	0.374	0.381	0	0.383
0.356	0.371	0	0.376	0	0.366	0.371	0.378	0	0.378
0.361	0.369	0	0.376	0	0.364	0.376	0.378	0	0.378
0.359	0.366	0	0.376	0	0.361	0.378	0.376	0	0.378
0.356	0.371	0	0.381	0	0.366	0.376	0.378	0	0.383
0.356	0.374	0	0.381	0	0.369	0.374	0.381	0	0.386
0.356	0.376	0	0.383	0	0.369	0.374	0.381	0	0.386
0.352	0.376	0	0.378	0	0.369	0.374	0.378	0	0.383
0.352	0.369	0	0.376	0	0.366	0.378	0.376	0	0.381
0.344	0.369	0	0.376	0	0.366	0.381	0.376	0	0.381
0.344	0.371	0	0.378	0	0.369	0.381	0.378	0	0.383
0.344	0.374	0	0.381	0	0.371	0.378	0.378	0	0.386
0.349	0.374	0	0.383	0	0.383	0.376	0.378	0	0.388
0.352	0.371	0	0.376	0	0.378	0.376	0.378	0	0.381
0.349	0.371	0	0.374	0	0.371	0.378	0.376	0	0.378
0.347	0.366	0	0.376	0	0	0.381	0.376	0	0.376
0.347	0.366	0	0.376	0	0	0.378	0.376	0	0.381
0.344	0.371	0	0.378	0	0	0.376	0.381	0	0.381
0.349	0.371	0	0.378	0	0	0.378	0.381	0	0.383
0.352	0.371	0	0.376	0	0	0.376	0.376	0	0.383
0.347	0.369	0	0.374	0	0	0.378	0.376	0	0.383
0.344	0.364	0	0.374	0	0	0.381	0.378	0	0.378
0.342	0.366	0	0.378	0	0	0.381	0.388	0	0.386
0.344	0.371	0	0.381	0	0	0.378	0.386	0	0.386
0.349	0.371	0	0.378	0	0	0.374	0.388	0	0.388
0.352	0.371	0	0.378	0	0	0.376	0.381	0	0.383
0.347	0.371	0	0.374	0	0	0.381	0.376	0	0.383
0.347	0.369	0	0.376	0	0	0.383	0.374	0	0.383
0.344	0.369	0	0.378	0	0	0.381	0.371	0	0.383
0.344	0.374	0	0.381	0	0	0.381	0.396	0	0.393
0.349	0.374	0	0.381	0	0	0.376	0.457	0	0.393
0.349	0.374	0	0.376	0	0	0.376	0.481	0	0.398
0.347	0.369	0	0.376	0	0	0.381	0.496	0	0.388
0.347	0.364	0	0.376	0	0	0.381	0.5	0	0
0.344	0.364	0	0.378	0	0	0.378	0.513	0	0
0.344	0.366	0	0.381	0	0	0.376	0.52	0	0
0.347	0.366	0	0.381	0	0	0.378	0.532	0	0
0.347	0.371	0	0.378	0	0	0.378	0.544	0	0
0.349	0.366	0	0.376	0	0	0.381	0.564	0	0
0.347	0.366	0	0.374	0	0	0.383	0.564	0	0
0.344	0.366	0	0.378	0	0	0.383	0.554	0	0
0.344	0.371	0	0.381	0	0	0.378	0.542	0	0
0.349	0.376	0	0.381	0	0	0.376	0.547	0	0
0.349	0.381	0	0.374	0	0	0.376	0.544	0	0
0.354	0.403	0	0.369	0	0	0.378	0.542	0	0
0.349	0.396	0	0.374	0	0	0.381	0.542	0	0
0.347	0.396	0	0.374	0	0	0.378	0.549	0	0
0.347	0.417	0	0.378	0	0	0.378	0.562	0	0
0.349	0.405	0	0.376	0	0	0.374	0.569	0	0
0.352	0	0	0.381	0	0	0.374	0.574	0	0
0.352	0	0	0.388	0	0	0.374	0.571	0	0
0.349	0	0	0.383	0	0	0.378	0.571	0	0
0.349	0	0	0.383	0	0	0.378	0.571	0	0
0.352	0	0	0.396	0	0	0.376	0.571	0	0
0.352	0	0	0.398	0	0	0.374	0.571	0	0
0.354	0	0	0.383	0	0	0.374	0.562	0	0
0.354	0	0	0	0	0	0.376	0.554	0	0
0.352	0	0	0	0	0	0.376	0.537	0	0
0.349	0	0	0	0	0	0.371	0.52	0	0
0.352	0	0	0	0	0	0.371	0.508	0	0
0.354	0	0	0	0	0	0.374	0.503	0	0
0.352	0	0	0	0	0	0.374	0.496	0	0
0.354	0	0	0	0	0	0.371	0.488	0	0
0.349	0	0	0	0	0	0.378	0.486	0	0
0.347	0	0	0	0	0	0.376	0.476	0	0
0.347	0	0	0	0	0	0.376	0.466	0	0
0.352	0	0	0	0	0	0.374	0.449	0	0
0.354	0	0	0	0	0	0.371	0.432	0	0
0.354	0	0	0	0	0	0.376	0.396	0	0
0.354	0	0	0	0	0	0.378	0.381	0	0
0.352	0	0	0	0	0	0.376	0.374	0	0
0.349	0	0	0	0	0	0.374	0.378	0	0
0.354	0	0	0	0	0	0.374	0.378	0	0
0.356	0	0	0	0	0	0.371	0.376	0	0
0.356	0	0	0	0	0	0.376	0.374	0	0
0.354	0	0	0	0	0	0.381	0.371	0	0
0.352	0	0	0	0	0	0.381	0.376	0	0
0.354	0	0	0	0	0	0.374	0.376	0	0
0.354	0	0	0	0	0	0.374	0.381	0	0
0.356	0	0	0	0	0	0.374	0.376	0	0
0.354	0	0	0	0	0	0.378	0.374	0	0
0.352	0	0	0	0	0	0.378	0.371	0	0
0.349	0	0	0	0	0	0.381	0.374	0	0
0.352	0	0	0	0	0	0.376	0.378	0	0
0.352	0	0	0	0	0	0.371	0.378	0	0
0.354	0	0	0	0	0	0.376	0.383	0	0
0.352	0	0	0	0	0	0.376	0.374	0	0
0.352	0	0	0	0	0	0.378	0.371	0	0
0.349	0	0	0	0	0	0.378	0.374	0	0
0.349	0	0	0	0	0	0.376	0.376	0	0
0.354	0	0	0	0	0	0.42	0.376	0	0
0.356	0	0	0	0	0	0.437	0.376	0	0
0.354	0	0	0	0	0	0	0.374	0	0
0.349	0	0	0	0	0	0	0.371	0	0
0.349	0	0	0	0	0	0	0.376	0	0
0.349	0	0	0	0	0	0	0.378	0	0
0.354	0	0	0	0	0	0	0.378	0	0
0.354	0	0	0	0	0	0	0.376	0	0
0.354	0	0	0	0	0	0	0.374	0	0
0.352	0	0	0	0	0	0	0.371	0	0
0.349	0	0	0	0	0	0	0.374	0	0
0.349	0	0	0	0	0	0	0.378	0	0
0.352	0	0	0	0	0	0	0.381	0	0
0.354	0	0	0	0	0	0	0.383	0	0
0.354	0	0	0	0	0	0	0.374	0	0
0.354	0	0	0	0	0	0	0.371	0	0
0.354	0	0	0	0	0	0	0.374	0	0
0.356	0	0	0	0	0	0	0.374	0	0
0.371	0	0	0	0	0	0	0.376	0	0
0.391	0	0	0	0	0	0	0.371	0	0
0.396	0	0	0	0	0	0	0.371	0	0
0.378	0	0	0	0	0	0	0.369	0	0
0.376	0	0	0	0	0	0	0.371	0	0
0.383	0	0	0	0	0	0	0.374	0	0
0.4	0	0	0	0	0	0	0.378	0	0
0	0	0	0	0	0	0	0.378	0	0
0	0	0	0	0	0	0	0.374	0	0
0	0	0	0	0	0	0	0.374	0	0
0	0	0	0	0	0	0	0.366	0	0
0	0	0	0	0	0	0	0.376	0	0
0	0	0	0	0	0	0	0.376	0	0
0	0	0	0	0	0	0	0.376	0	0
0	0	0	0	0	0	0	0.374	0	0
0	0	0	0	0	0	0	0.371	0	0
0	0	0	0	0	0	0	0.374	0	0
0	0	0	0	0	0	0	0.376	0	0
0	0	0	0	0	0	0	0.376	0	0
0	0	0	0	0	0	0	0.374	0	0
0	0	0	0	0	0	0	0.371	0	0
0	0	0	0	0	0	0	0.371	0	0
0	0	0	0	0	0	0	0.374	0	0
0	0	0	0	0	0	0	0.376	0	0
0	0	0	0	0	0	0	0.378	0	0
0	0	0	0	0	0	0	0.376	0	0
0	0	0	0	0	0	0	0.371	0	0
0	0	0	0	0	0	0	0.371	0	0
0	0	0	0	0	0	0	0.374	0	0
0	0	0	0	0	0	0	0.376	0	0
0	0	0	0	0	0	0	0.376	0	0
0	0	0	0	0	0	0	0.378	0	0
0	0	0	0	0	0	0	0.374	0	0
0	0	0	0	0	0	0	0.371	0	0
0	0	0	0	0	0	0	0.374	0	0
0	0	0	0	0	0	0	0.378	0	0
0	0	0	0	0	0	0	0.376	0	0
0	0	0	0	0	0	0	0.374	0	0
0	0	0	0	0	0	0	0.391	0	0
0	0	0	0	0	0	0	0.422	0	0
0	0	0	0	0	0	0	0.435	0	0
0	0	0	0	0	0	0	0.425	0	0
