0.347	1.602	0.337	0.344	0.413	0.449	0.364	0.361	3.145	0.469
0.396	1.575	0.337	1.279	2.261	1.062	0.366	0.361	1.804	2.603
2.073	1.26	0.356	2.388	2.063	1.418	0.366	0.361	1.494	2.061
2.739	1.157	0.51	1.243	1.15	1.028	0.364	0.364	1.533	0.986
1.641	1.128	1.292	0.945	0.894	0.864	0.466	0.369	1.565	0.818
1.277	1.145	1.724	0.898	0.862	0.83	2.246	0.391	1.626	1.213
1.213	1.16	1.06	0.891	0.889	0.83	1.292	0.515	1.733	1.467
1.223	1.133	0.757	0.898	0.903	0.874	0.73	1.589	1.741	1.455
1.24	1.096	0.684	0.933	0.906	0.901	0.581	1.353	1.726	1.438
1.248	1.077	0.71	0.962	0.898	0.894	0.557	0.945	1.699	1.445
1.235	1.086	0.72	0.972	0.896	0.867	0.554	0.813	1.655	1.445
1.223	1.077	0.718	0.964	0.894	0.862	0.552	0.786	1.606	1.414
1.226	1.069	0.723	0.955	0.879	0.837	0.559	0.793	1.526	1.316
1.206	1.057	0.718	0.94	0.837	0.791	0.554	0.808	1.345	1.245
1.189	0.991	0.681	0.933	0.759	0.688	0.557	0.833	1.011	1.15
1.174	0.85	0.649	0.901	0.637	0.552	0.554	0.864	0.798	1.028
1.104	0.659	0.566	0.789	0.525	0.469	0.547	0.874	0.752	0.798
0.937	0.525	0.454	0.698	0.425	0.427	0.554	0.84	0.588	0.669
0.708	0.444	0.452	0.61	0.398	0.396	0.557	0.818	0.481	0.613
0.505	0.393	0.425	0.496	0.376	0.366	0.544	0.815	0.447	0.63
0.427	0.364	0.396	0.469	0.369	0.369	0.498	0.818	0.396	0.623
0.391	0.361	0.381	0.427	0.347	0.359	0.505	0.828	0.374	0.591
0.371	0.356	0.361	0.4	0.339	0.374	0.474	0.789	0.366	0.527
0.359	0.364	0.349	0.356	0.334	0.376	0.4	0.669	0.366	0.43
0.361	0.356	0.339	0.342	0.344	0.364	0.41	0.525	0.364	0.388
0.364	0.349	0.342	0.337	0.342	0.352	0.391	0.466	0.364	0.376
0.352	0.347	0.344	0.339	0.337	0.352	0.366	0.444	0.361	0.381
0.344	0.347	0.337	0.337	0.334	0.347	0.356	0.413	0.356	0.378
0.342	0.349	0.339	0.342	0.334	0.347	0.349	0.437	0.356	0.374
0.337	0.352	0.334	0.334	0.334	0.344	0.344	0.417	0.356	0.364
0.337	0.349	0.337	0.332	0.334	0.342	0.352	0.388	0.354	0.361
0.344	0.347	0.339	0.334	0.337	0.347	0.354	0.396	0.359	0.359
0.347	0.344	0.339	0.337	0.337	0.352	0.354	0.398	0.361	0.361
0.347	0.344	0.337	0.342	0.332	0.342	0.352	0.396	0.361	0.364
0.342	0.349	0.334	0.339	0.327	0.344	0.349	0.391	0.359	0.364
0.339	0.349	0.332	0.334	0.327	0.344	0.352	0.376	0.356	0.361
0.342	0.352	0.334	0.334	0.33	0.344	0.354	0.366	0.354	0.359
0.344	0.347	0.332	0.337	0.332	0.347	0.359	0.364	0.359	0.359
0.347	0.344	0.334	0.339	0.332	0.349	0.356	0.364	0.361	0.361
0.344	0.344	0.332	0.342	0.327	0.342	0.352	0.366	0.359	0.364
0.339	0.347	0.334	0.339	0.325	0.344	0.349	0.369	0.356	0.361
0.337	0.349	0.33	0.337	0.327	0.347	0.349	0.369	0.354	0.361
0.342	0.349	0.332	0.337	0.33	0.347	0.354	0.366	0.354	0.359
0.344	0.347	0.337	0.339	0.332	0.354	0.354	0.364	0.359	0.359
0.344	0.347	0.339	0.366	0.332	0.354	0.361	0.364	0.361	0.359
0.342	0.347	3.904	0.449	0.327	0.356	0.352	0.361	0.359	0.364
0.342	0.349	2.5	1.57	0.325	0.347	0.349	0.369	0.354	0.361
0.342	0.352	1.104	1.221	0.325	0.342	0.352	0.369	0.354	0.361
0.344	0.352	0.806	0.774	0.327	0.344	0.352	0.366	0.354	0.359
0.347	0.347	0.852	0.679	0.332	0.347	0.354	0.378	0.359	0.359
0.349	0.347	0.952	0.818	0.33	0.349	0.354	0.564	0.359	0.361
1.943	0.347	1.04	1.057	0.327	0.352	0.349	2.361	0.359	0.361
2.812	0.349	1.145	1.125	0.327	0.344	0.352	1.875	0.356	0.364
1.504	0.352	1.218	1.189	0.94	0.344	0.354	1.292	0.354	0.361
1.082	0.352	1.23	1.206	3.962	0.742	0.356	1.194	0.359	0.359
1.03	0.349	1.235	1.211	1.963	3.813	0.359	1.299	0.359	0.359
1.089	0.347	1.243	1.211	1.411	1.689	0.376	1.426	0.359	0.359
1.143	0.347	1.233	1.226	1.519	1.045	0.823	1.531	0.359	0.364
1.155	0.352	1.196	1.226	1.702	1.162	2.207	1.658	0.359	0.364
1.15	0.354	1.143	1.155	1.802	1.35	1.331	1.699	0.388	0.361
1.147	0.354	1.086	1.086	2.012	1.394	0.837	1.707	0.591	0.359
1.16	0.349	1.011	0.996	2.202	1.462	0.74	1.689	1.782	0.359
1.169	0.349	0.935	0.935	2.297	1.567	0.889	1.702	1.321	0.359
1.177	0.447	0.891	0.776	2.344	1.599	0.972	1.707	1.045	0.532
1.184	3.145	0.82	0.696	2.356	1.599	1.011	1.704	0.984	3.479
1.172	1.897	0.71	0.627	2.354	1.594	1.045	1.675	0.984	1.958
1.167	1.035	0.647	0.549	2.354	1.606	1.033	1.572	0.989	1.13
1.162	0.811	0.53	0.5	2.356	1.606	1.021	1.389	0.994	1.001
1.108	0.771	0.515	0.474	2.285	1.597	1.001	1.174	0.989	1.077
1.04	0.767	0.469	0.454	2.068	1.541	0.945	0.928	0.981	1.121
0.986	0.752	0.444	0.403	1.792	1.443	0.896	0.798	0.991	1.23
0.911	0.745	0.408	0.359	1.594	1.252	0.776	0.725	0.977	1.343
0.801	0.737	0.376	0.342	1.355	1.101	0.693	0.615	0.933	1.409
0.764	0.728	0.342	0.344	1.069	0.994	0.64	0.559	0.793	1.438
0.701	0.708	0.334	0.344	0.835	0.806	0.562	0.503	0.608	1.445
0.601	0.654	0.332	0.347	0.664	0.735	0.51	0.452	0.515	1.448
0.527	0.593	0.327	0.342	0.532	0.64	0.466	0.405	0.417	1.44
0.454	0.579	0.327	0.339	0.505	0.535	0.452	0.376	0.42	1.44
0.427	0.535	0.325	0.337	0.486	0.515	0.415	0.364	0.43	1.426
0.383	0.498	0.33	0.344	0.452	0.488	0.374	0.361	0.403	1.396
0.352	0.393	0.332	0.347	0.391	0.461	0.361	0.361	0.369	1.267
0.344	0.352	0.332	0.344	0.347	0.391	0.354	0.364	0.359	1.108
0.342	0.349	0.33	0.344	0.334	0.354	0.352	0.366	0.356	0.916
0.339	0.352	0.33	0.339	0.332	0.344	0.352	0.366	0.354	0.779
0.339	0.349	0.33	0.337	0.337	0.347	0.359	0.361	0.354	0.679
0.347	0.352	0.33	0.339	0.337	0.347	0.359	0.361	0.354	0.576
0.349	0.347	0.334	0.342	0.337	0.349	0.361	0.359	0.356	0.53
0.344	0.349	0.334	0.347	0.334	0.344	0.356	0.361	0.359	0.557
0.344	0.352	0.332	0.342	0.33	0.347	0.356	0.364	0.356	0.503
0.342	0.352	0.33	0.337	0.33	0.342	0.356	0.364	0.354	0.449
0.344	0.354	0.33	0.337	0.337	0.347	0.361	0.361	0.354	0.383
0.347	0.352	0.332	0.337	0.337	0.349	0.359	0.359	0.359	0.361
0.349	0.347	0.334	0.344	0.332	0.349	0.359	0.371	0.361	0.359
0.352	0.352	0.332	0.347	0.33	0.349	0.354	0.374	0.359	0.359
0.347	0.354	0.33	0.342	0.325	0.344	0.352	1.846	0.356	0.359
0.344	0.354	0.327	0.339	0.327	0.344	0.374	1.309	0.356	0.359
0.342	0.354	0.327	0.337	0.327	0.347	0.356	0.625	0.359	0.352
0.349	0.352	0.33	0.339	0.33	0.347	0.359	0.481	0.359	0.354
0.352	0.347	0.334	0.344	0.33	0.349	0.359	0.474	0.361	0.356
0.349	0.347	0.33	0.347	0.327	0.347	0.356	0.513	0.364	0.359
0.347	0.352	0.33	1.66	0.325	0.342	0.354	0.532	0.359	0.359
0.344	0.352	0.327	1.697	0.325	0.342	0.354	0.547	0.354	0.359
0.349	0.354	0.322	0.691	0.33	0.347	0.359	0.581	0.354	0.356
0.347	0.349	0.33	0.496	0.332	0.349	0.359	0.598	0.356	0.349
0.349	0.347	0.33	0.459	0.332	0.352	0.359	0.593	0.359	0.359
0.347	0.347	0.332	0.449	0.33	0.344	0.356	0.566	0.359	0.361
0.347	0.352	0.33	0.442	0.325	0.342	0.354	0.535	0.354	0.366
0.344	0.354	0.325	0.442	0.325	0.342	0.352	0.515	0.352	0.366
0.347	0.354	0.325	0.439	0.371	0.344	0.359	0.508	0.356	0.359
0.349	0.347	0.327	0.444	3.101	0.347	0.361	0.474	0.359	0.356
0.349	0.347	0.33	0.449	1.233	0.347	0.359	0.439	0.361	0.359
0.349	0.347	0.332	0.449	0.613	0.347	0.356	0.432	0.361	0.361
0.347	0.352	0.327	0.444	0.471	0.344	0.352	0.43	0.354	0.364
0.342	0.354	0.327	0.437	0.464	0.342	0.352	0.403	0.352	0.359
0.347	0.352	0.327	0.444	0.527	0.344	0.364	0.381	0.356	0.359
0.349	0.352	0.332	0.442	0.544	0.356	1.826	0.369	0.359	0.359
0.349	0.349	0.334	0.439	0.535	2.019	2.239	0.364	0.359	0.356
0.347	0.349	0.334	0.427	0.532	1.887	0.808	0.364	0.359	0.361
0.347	0.352	0.332	0.415	0.532	0.779	0.491	0.366	0.356	0.364
0.344	0.354	0.33	0.442	0.535	0.549	0.417	0.369	0.359	0.364
0.347	0.356	0.33	0.396	0.527	0.51	0.417	0.364	0.488	0.432
0.349	0.349	0.332	0.371	0.51	0.496	0.437	0.359	1.926	2.686
0.352	0.347	0.332	0.359	0.498	0.479	0.442	0.359	0.828	1.077
0.352	0.342	0.327	0.356	0.493	0.474	0.444	0.361	0.491	0.598
0.347	0.359	0.327	0.369	0.454	0.466	0.449	0.366	0.43	0.483
0.344	1.611	0.327	0.359	0.425	0.457	0.452	0.366	0.457	0.452
0.347	1.16	0.327	0.352	0.427	0.459	0.452	0.361	0.498	0.464
0.352	0.637	0.332	0.356	0.41	0.461	0.452	0.359	0.527	0.479
0.352	0.522	0.337	0.356	0.432	0.469	0.459	0.359	0.576	0.498
0.349	0.503	0.342	0.356	0.457	0.476	0.452	0.364	0.605	0.51
0.344	0.51	3.274	0.354	0.442	0.474	0.435	0.366	0.615	0.52
0.344	0.537	2.383	0.354	0.381	0.447	0.4	0.369	0.61	0.518
0.347	0.571	0.847	0.352	0.347	0.427	0.398	0.364	0.579	0.518
0.361	0.598	0.505	0.356	0.339	0.41	0.43	0.359	0.54	0.513
1.917	0.618	0.479	0.354	0.337	0.4	0.452	0.359	0.474	0.505
1.323	0.61	0.493	0.354	0.332	0.422	0.447	0.361	0.41	0.479
0.637	0.588	0.513	0.354	0.33	0.393	0.422	0.364	0.391	0.457
0.476	0.532	0.518	0.352	0.33	0.388	0.374	0.364	0.396	0.452
0.449	0.464	0.527	0.349	0.334	0.417	0.359	0.359	0.388	0.427
0.471	0.449	0.522	0.352	0.334	0.388	0.356	0.361	0.398	0.422
0.488	0.425	0.525	0.354	0.334	0.374	0.352	0.361	0.383	0.396
0.498	0.396	0.508	0.354	0.332	0.356	0.354	0.364	0.383	0.376
0.488	0.386	0.493	0.352	0.33	0.347	0.347	0.364	0.366	0.361
0.488	0.374	0.479	0.352	0.327	0.347	0.347	0.366	0.359	0.354
0.491	0.393	0.447	0.349	0.332	0.347	0.354	0.364	0.356	0.352
0.476	0.403	0.466	0.352	0.334	0.349	0.359	0.359	0.361	0.356
0.474	0.376	0.437	0.354	0.332	0.352	0.356	0.359	0.361	0.354
0.457	0.352	0.398	0.356	0.332	0.349	0.356	0.364	0.361	0.356
0.447	0.347	0.388	0.349	0.33	0.344	0.354	0.364	0.356	0.356
0.43	0.349	0.374	0.349	0.327	0.342	0.359	0.364	0.354	0.359
0.403	0.347	0.383	0.349	0.332	0.344	0.359	0.361	0.356	0.354
0.381	0.349	0.386	0.349	0.334	0.347	0.364	0.359	0.361	0.352
0.376	0.342	0.376	0.354	0.332	0.349	0.359	0.359	0.364	0.359
0.364	0.342	0.356	0.354	0.33	0.347	0.359	0.361	0.361	0.361
0.369	0.347	0.349	0.354	0.33	0.342	0.359	0.364	0.356	0.361
0.356	0.349	0.344	0.349	0.33	0.342	0.361	0.361	0.354	0.356
0.344	0.352	0.349	0.349	0.334	0.344	0.361	0.359	0.356	0.354
0.347	0.349	0.354	0.352	0.337	0.347	0.361	0.359	0.361	0.349
0.347	0.344	0.354	0.354	0.334	0.344	0.361	0.359	0.361	0.352
0.344	0.344	0.349	0.352	0.334	0.347	0.356	0.361	0.361	0.356
0.344	0.347	0.349	0.352	0.33	0.342	0.352	0.364	0.356	0.359
0.342	0.349	0.347	0.349	0.33	0.342	0.356	0.364	0.354	0.356
0.342	0.344	0.347	0.347	0.332	0.344	0.356	0.359	0.352	0.356
0.344	0.344	0.349	0.349	0.332	0.347	0.359	0.356	0.359	0.352
0.347	0.342	0.349	0.352	0.334	0.347	0.356	0.356	0.359	0.359
0.344	0.344	0.349	0.356	0.332	0.344	0.354	0.361	0.356	0.361
0.342	0.349	0.349	0.349	0.327	0.344	0.354	0.364	0.356	0.364
0.344	0.352	0.347	0.344	0.327	0.342	0.354	0.359	0.354	0.356
0.347	0.352	0.344	0.342	0.332	0.349	0.359	0.361	0.356	0.356
0.347	0.352	0.347	0.344	0.337	0.347	0.359	0.356	0.359	0.354
0.349	0.349	0.349	0.347	0.337	0.347	0.359	0.356	0.359	0.356
0.349	0.347	0.352	0.344	0.334	0.344	0.356	0.361	0.361	0.359
0.344	0.349	0.344	0.349	0.332	0.342	0.356	0.364	0.356	0.359
0.342	0.349	0.342	0.344	0.332	0.342	0.359	0.361	0.354	0.359
0.342	0.352	0.342	0.344	0.337	0.342	0.361	0.361	0.356	0.354
0.347	0.352	0.349	0.347	0.339	0.344	0.364	0.359	0.359	0.356
0.349	0.347	0.349	0.347	0.337	0.347	0.361	0.356	0.361	0.356
0.349	0.349	0.347	0.349	0.334	0.339	0.354	0.359	0.361	0.361
0.344	0.354	0.344	0.344	0.332	0.342	0.354	0.364	0.354	0.359
0.342	0.354	0.339	0.342	0.332	0.339	0.354	0.366	0.352	0.359
0.344	0.354	0.344	0.342	0.334	0.342	0.359	0.361	0.354	0.354
0.347	0.352	0.344	0.344	0.337	0.347	0.361	0.359	0.359	0.352
0.349	0.347	0.349	0.347	0.339	0.349	0.361	0.361	0.356	0.356
0.349	0.349	0.347	0.349	0.337	0.342	0.356	0.364	0.359	0.359
0.344	0.354	0.344	0.347	0.332	0.342	0.354	0.366	0.356	0.359
0.342	0.354	0.344	0.344	0.334	0.339	0.356	0.366	0.354	0.356
0.344	0.354	0.344	0.344	0.337	0.342	0.359	0.361	0.352	0.354
0.332	0.349	0.349	0.349	0.337	0.347	0.361	0.359	0.356	0.354
0.349	0.347	0.352	0.349	0.334	0.347	0.364	0.361	0.359	0.356
0.347	0.344	0.349	0.349	0.332	0.344	0.356	0.364	0.359	0.361
0.344	0.352	0.349	0.349	0.327	0.339	0.356	0.366	0.356	0.359
0.344	0.354	0.352	0.347	0.327	0.334	0.354	0.366	0.354	0.359
0.344	0.352	0.352	0.347	0.33	0.337	0.359	0.359	0.356	0.354
0.347	0.349	0.354	0.349	0.334	0.339	0.361	0.359	0.361	0.354
0.352	0.347	0.354	0.349	0.334	0.342	0.359	0.356	0.361	0.359
0.349	0.347	0.354	0.349	0.33	0.342	0.356	0.361	0.359	0.354
0.349	0.352	0.352	0.349	0.327	0.339	0.354	0.364	0.354	0.359
0.347	0.352	0.349	0.347	0.332	0.342	0.356	0.364	0.352	0.359
0.347	0.352	0.349	0.347	0.332	0.339	0.359	0.361	0.354	0.354
0.352	0.349	0.354	0.349	0.334	0.342	0.361	0.361	0.359	0.354
0.352	0.347	0.354	0.352	0.332	0.344	0.359	0.361	0.359	0.356
0.352	0.347	0.356	0.354	0.33	0.342	0.356	0.364	0.356	0.359
0.347	0.349	0.352	0.352	0.327	0.339	0.354	0.366	0.354	0.359
0.342	0.352	0.349	0.347	0.332	0.339	0.354	0.364	0.356	0.354
0.347	0.352	0.352	0.347	0.334	0.342	0.359	0.361	0.356	0.354
0.347	0.349	0.354	0.349	0.334	0.347	0.361	0.361	0.359	0.352
0.349	0.347	0.354	0.352	0.332	0.347	0.359	0.361	0.361	0.354
0.349	0.349	0.356	0.347	0.33	0.344	0.356	0.361	0.356	0.359
0.344	0.349	0.354	0.344	0.33	0.342	0.354	0.361	0.356	0.359
0.342	0.352	0.352	0.339	0.327	0.339	0.356	0.359	0.356	0.354
0.342	0.356	0.354	0.342	0.332	0.339	0.359	0.356	0.359	0.352
0.347	0.347	0.356	0.344	0.334	0.344	0.361	0.356	0.361	0.349
0.349	0.344	0.359	0.347	0.337	0.347	0.359	0.356	0.361	0.352
0.352	0.347	0.356	0.347	0.332	0.344	0.354	0.359	0.364	0.356
0.344	0.352	0.354	0.347	0.33	0.342	0.352	0.364	0.356	0.354
0.342	0.354	0.352	0.344	0.327	0.342	0.356	0.361	0.356	0.352
0.344	0.354	0.354	0.342	0.332	0.344	0.359	0.359	0.359	0.349
0.347	0.349	0.356	0.339	0.334	0.347	0.361	0.359	0.361	0.347
0.347	0.347	0.359	0.347	0.332	0.347	0.361	0.356	0.356	0.352
0.344	0.347	0.356	0.342	0.33	0.342	0.356	0.361	0.354	0.356
0.342	0.349	0.354	0.344	0.327	0.342	0.354	0.364	0.352	0.354
0.342	0.352	0.349	0.339	0.356	0.337	0.356	0.364	0.349	0.369
0.344	0.349	0.352	0.339	0.635	0.344	0.359	0.361	0.354	0.352
0.347	0.349	0.356	0.344	4.57	0.347	0.361	0.356	0.359	0.344
0.349	0.349	0.356	0.347	2.891	0.347	0.361	0.356	0.361	0.352
0.347	0.349	0.354	0.347	1.636	0.344	0.356	0.361	0.359	0.356
0.344	0.352	0.354	0.344	1.516	0.342	0.356	0.366	0.356	0.352
0.344	0.354	0.352	0.344	1.753	0.342	0.356	0.364	0.356	0.354
0.344	0.352	0.356	0.342	1.843	0.342	0.359	0.361	0.359	0.349
0.347	0.349	0.356	0.344	1.865	0.347	0.361	0.359	0.361	0.352
0.347	0.347	0.359	0.344	1.88	0.349	0.359	0.361	0.364	0.354
0.344	0.349	0.356	0.344	1.87	0.347	0.354	0.366	0.359	0.356
0.344	0.352	0.349	0.344	1.833	0.342	0.352	0.366	0.359	0.354
0.342	0.354	0.349	0.342	1.777	0.342	0.354	0.364	0.356	0.349
0.342	0.352	0.347	0.339	1.697	0.344	0.359	0.361	0.359	0.347
0.347	0.349	0.352	0.344	1.494	0.347	0.359	0.361	0.361	0.347
0.347	0.349	0.352	0.347	1.216	0.364	0.359	0.378	0.364	0.354
0.344	0.347	0.349	0.349	0.942	0.52	0.354	0.364	0.361	0.359
0.344	0.352	0.347	0.344	0.815	3.601	0.354	0.366	0.359	0.359
0.342	0.356	0.349	0.342	0.745	2.676	0.352	0.371	0.361	0.354
0.344	0.356	0.352	0.342	0.618	1.279	0.356	0.398	0.4	0.352
0.347	0.352	0.356	0.342	0.598	1.016	0.356	0.95	0.737	0.352
0.347	0.349	0.356	0.347	0.508	1.118	0.356	2.803	2.534	0.354
0.344	0.349	0.354	0.347	0.454	1.37	0.354	1.443	1.494	0.356
0.344	0.352	0.352	0.354	0.396	1.418	0.354	0.967	1.067	0.354
0.344	0.354	0.352	0.471	0.376	1.426	0.359	0.869	1.042	0.356
0.347	0.354	0.352	3.186	0.386	1.389	0.356	1.057	1.24	0.352
0.347	0.352	0.356	3.279	0.388	1.267	0.359	1.13	1.377	0.349
0.349	0.349	0.361	1.526	0.398	1.155	0.356	1.15	1.416	0.352
0.349	0.352	0.356	1.011	0.388	1.057	0.354	1.165	1.484	0.356
0.344	0.352	0.352	0.994	0.352	0.952	0.354	1.162	1.548	0.356
0.342	0.354	0.349	1.26	0.339	0.886	0.361	1.135	1.592	0.359
0.344	0.352	0.352	1.37	0.337	0.796	0.359	1.099	1.626	0.356
0.347	0.349	0.352	1.431	0.339	0.745	0.359	1.033	1.643	0.352
0.347	0.347	0.354	1.431	0.339	0.703	0.356	0.994	1.663	0.356
0.342	0.347	0.354	1.406	0.337	0.591	0.354	0.94	1.65	0.361
0.342	0.352	0.352	1.348	0.334	0.627	0.352	0.864	1.621	0.361
0.342	0.371	0.352	1.274	0.337	0.53	0.352	0.723	1.523	0.359
0.344	0.474	0.347	1.199	0.337	0.513	0.359	0.669	1.411	0.356
0.347	1.804	0.352	1.165	0.342	0.483	0.356	0.71	1.421	0.354
0.349	2.468	0.354	1.089	0.334	0.413	0.356	0.642	1.267	0.359
0.349	1.345	0.352	0.989	0.334	0.374	0.354	0.544	1.145	0.364
0.342	1.062	0.349	0.879	0.334	0.369	0.352	0.488	1.018	0.361
0.342	1.021	0.347	0.757	0.334	0.398	0.354	0.427	0.847	0.359
0.344	1.038	0.349	0.61	0.337	0.417	0.356	0.435	0.662	0.359
0.347	1.035	0.352	0.608	0.337	0.417	0.359	0.42	0.601	0.356
0.347	1.047	0.352	0.525	0.339	0.422	0.354	0.41	0.576	0.359
0.347	1.055	0.352	0.444	0.334	0.388	0.354	0.408	0.581	0.364
0.344	1.05	0.349	0.381	0.332	0.352	0.354	0.408	0.513	0.364
0.342	1.038	0.347	0.381	0.339	0.344	0.359	0.393	0.422	0.356
0.347	1.033	0.347	0.403	0.339	0.347	0.359	0.366	0.386	0.356
0.347	1.023	0.354	0.42	0.339	0.349	0.361	0.361	0.381	0.364
0.347	1.025	0.356	0.417	0.337	0.352	0.361	0.359	0.381	0.359
0.347	0.984	0.354	0.393	0.332	0.347	0.356	0.361	0.376	0.361
0.344	0.886	0.352	0.354	0.334	0.344	0.356	0.361	0.361	0.361
0.342	0.74	0.352	0.347	0.332	0.344	0.359	0.361	0.359	0.361
0.342	0.681	0.352	0.344	0.337	0.349	0.359	0.359	0.361	0.356
0.344	0.554	0.354	0.349	0.337	0.349	0.361	0.356	0.364	0.359
0.366	0.435	0.354	0.349	0.334	0.352	0.359	0.356	0.361	0.356
0.386	0.4	0.354	0.349	0.332	0.347	0.356	0.361	0.361	0.359
0.532	0.378	0.352	0.344	0.33	0.344	0.356	0.364	0.356	0.361
1.118	0.376	0.349	0.344	0.334	0.344	0.356	0.364	0.354	0.359
1.516	0.361	0.349	0.344	0.334	0.347	0.359	0.359	0.356	0.356
1.438	0.352	0.349	0.344	0.337	0.349	0.361	0.359	0.361	0.354
1.421	0.347	0.354	0.352	0.337	0.349	0.359	0.356	0.361	0.359
1.379	0.342	0.352	0.349	0.332	0.342	0.356	0.364	0.364	0.361
1.365	0.352	0.349	0.347	0.332	0.344	0.354	0.366	0.356	0.361
1.467	0.354	0.349	0.344	0.334	0.342	0.359	0.364	0.354	0.352
1.638	0.354	0.349	0.337	0.337	0.342	0.359	0.361	0.354	0.354
1.733	0.352	0.356	0.344	0.337	0.347	0.361	0.359	0.359	0.352
1.775	0.349	0.356	0.349	0.344	0.349	0.359	0.356	0.359	0.359
1.755	0.347	0.352	0.349	0.334	0.344	0.356	0.361	0.359	0.361
1.746	0.354	0.349	0.347	0.332	0.344	0.356	0.366	0.356	0.361
1.746	0.356	0.344	0.344	0.332	0.342	0.356	0.369	0.354	0.359
1.743	0.352	0.344	0.344	0.337	0.347	0.359	0.359	0.356	0.356
1.733	0.352	0.349	0.347	0.339	0.349	0.359	0.359	0.359	0.356
1.733	0.349	0.352	0.349	0.339	0.349	0.354	0.361	0.361	0.361
1.716	0.352	0.354	0.349	0.334	0.347	0.354	0.361	0.359	0.361
1.636	0.354	0.352	0.342	0.334	0.342	0.356	0.364	0.356	0.359
1.433	0.356	0.352	0.352	0.334	0.342	0.359	0.364	0.356	0.354
1.26	0.356	0.354	0.339	0.339	0.344	0.361	0.359	0.359	0.352
1.079	0.352	0.352	0.342	0.339	0.347	0.364	0.356	0.361	0.354
0.854	0.349	0.352	0.344	0.339	0.349	0.359	0.361	0.361	0.354
0.771	0.347	0.356	0.342	0.334	0.347	0.356	0.361	0.359	0.361
0.676	0.354	0.354	0.339	0.334	0.342	0.356	0.364	0.356	0.361
0.535	0.356	0.352	0.337	0.334	0.344	0.356	0.361	0.354	0.359
0.432	0.354	0.352	0.337	0.337	0.344	0.359	0.359	0.356	0.356
0.398	0.352	0.356	0.342	0.342	0.347	0.361	0.356	0.361	0.359
0.374	0.349	0.359	0.344	0.339	0.344	0.359	0.359	0.359	0.361
0.364	0.354	0.356	0.344	0.334	0.344	0.356	0.361	0.361	0.364
0.354	0.354	0.352	0.339	0.334	0.339	0.354	0.366	0.356	0.364
0.344	0.356	0.349	0.337	0.332	0.337	0.356	0.361	0.354	0.359
0.344	0.354	0.349	0.339	0.337	0.344	0.361	0.359	0.359	0.359
0.349	0.352	0.354	0.342	0.339	0.344	0.364	0.356	0.361	0.359
0.347	0.352	0.356	0.344	0.339	0.344	0.361	0.356	0.361	0.361
0.344	0.352	0.356	0.347	0.334	0.342	0.359	0.361	0.359	0.366
0.344	0.354	0.352	0.344	0.332	0.342	0.356	0.364	0.356	0.396
0.344	0.356	0.349	0.339	0.332	0.339	0.356	0.364	0.359	0.486
0.344	0.354	0.352	0.342	0.337	0.342	0.361	0.361	0.359	1.34
0.347	0.354	0.354	0.342	0.339	0.347	0.361	0.359	0.361	2.058
0.352	0.352	0.356	0.347	0.339	0.344	0.364	0.361	0.361	1.267
0.349	0.352	0.352	0.349	0.334	0.344	0.359	0.364	0.359	1.013
0.344	0.354	0.349	0.342	0.332	0.342	0.356	0.364	0.359	0.999
0.344	0.356	0.352	0.339	0.334	0.339	0.361	0.369	0.356	1.064
0.347	0.356	0.352	0.337	0.337	0.344	0.361	0.359	0.356	1.101
0.349	0.352	0.354	0.339	0.337	0.347	0.361	0.359	0.364	1.091
0.349	0.352	0.354	0.342	0.337	0.347	0.361	0.361	0.364	1.118
0.347	0.352	0.354	0.342	0.332	0.339	0.359	0.361	0.361	1.15
0.347	0.354	0.352	0.339	0.33	0.339	0.356	0.366	0.359	1.174
0.342	0.356	0.349	0.337	0.334	0.344	0.359	0.359	0.356	1.179
0.344	0.354	0.352	0.339	0.337	0.339	0.361	0.361	0.359	1.191
0.349	0.352	0.356	0.342	0.339	0.344	0.361	0.359	0.361	1.179
0.347	0.349	0.359	0.347	0.334	0.347	0.361	0.361	0.364	1.108
0.347	0.352	0.356	0.347	0.334	0.344	0.359	0.366	0.364	0.984
0.342	0.352	0.352	0.342	0.332	0.342	0.354	0.366	0.359	0.894
0.342	0.354	0.347	0.339	0.334	0.342	0.356	0.366	0.354	0.798
0.347	0.344	0.349	0.337	0.337	0.344	0.361	0.361	0.359	0.703
0.349	0.344	0.352	0.342	0.339	0.347	0.366	0.359	0.361	0.686
0.349	0.344	0.354	0.342	0.339	0.344	0.356	0.364	0.361	0.679
0.347	0.344	0.352	0.344	0.334	0.342	0.356	0.364	0.364	0.576
0.344	0.344	0.352	0.342	0.332	0.339	0.354	0.366	0.356	0.54
0.344	0.349	0.349	0.344	0.332	0.337	0.354	0.364	0.356	0.471
0.347	0.344	0.352	0.339	0.337	0.339	0.356	0.361	0.356	0.398
0.347	0.347	0.354	0.347	0.339	0.342	0.359	0.361	0.361	0.403
0.349	0.344	0.354	0.347	0.339	0.344	0.354	0.359	0.364	0.381
0.352	0.342	0.354	0.347	0.334	0.342	0.352	0.364	0.361	0.388
0.344	0.347	0.352	0.344	0.334	0.339	0.352	0.364	0.359	0.396
0.342	0.352	0.349	0.342	0.337	0.334	0.354	0.366	0.356	0.371
0.347	0.354	0.349	0.339	0.337	0.339	0.356	0.361	0.359	0.361
0.349	0.349	0.352	0.339	0.339	0.344	0.359	0.359	0.361	0.359
0.349	0.347	0.354	0.339	0.339	0.347	0.359	0.359	0.361	0.361
0.349	0.347	0.354	0.344	0.334	0.342	0.354	0.364	0.361	0.366
0.347	0.352	0.352	0.339	0.332	0.339	0.354	0.366	0.359	0.364
0.344	0.352	0.352	0.337	0.332	0.339	0.352	0.366	0.356	0.361
0.347	0.352	0.352	0.334	0.337	0.349	0.359	0.361	0.359	0.359
0.347	0.349	0.349	0.339	0.337	0.347	0.359	0.361	0.361	0.359
0.352	0.347	0.349	0.344	0.337	0.349	0.359	0.361	0.364	0.364
0.347	0.344	0.347	0.344	0.332	0.344	0.354	0.366	0.361	0.366
0.344	0.349	0.349	0.339	0.332	0.342	0.352	0.366	0.356	0.364
0.344	0.352	0.349	0.337	0.334	0.342	0.356	0.364	0.356	0.364
0.342	0.352	0.344	0.337	0.337	0.342	0.359	0.361	0.361	0.361
0.349	0.347	0.354	0.337	0.337	0.347	0.359	0.359	0.364	0.359
0.347	0.347	0.356	0.339	0.334	0.347	0.356	0.361	0.364	0.361
0.349	0.347	0.354	0.339	0.334	0.342	0.354	0.366	0.361	0.364
0.347	0.349	0.349	0.334	0.33	0.339	0.352	0.366	0.359	0.364
0.347	0.352	0.349	0.332	0.334	0.339	0.359	0.366	0.359	0.361
0.349	0.352	0.349	0.332	0.337	0.344	0.359	0.361	0.359	0.359
0.352	0.347	0.349	0.332	0.339	0.347	0.359	0.359	0.364	0.361
0.352	0.347	0.352	0.334	0.339	0.342	0.354	0.361	0.364	0.361
0.349	0.347	0.349	0.337	0.376	0.342	0.354	0.366	0.364	0.364
0.347	0.352	0.347	0.337	0.63	0.342	0.354	0.366	0.359	0.364
0.344	0.352	0.344	0.332	1.436	0.342	0.356	0.366	0.356	0.361
0.344	0.352	0.342	0.332	1.252	0.347	0.359	0.361	0.361	0.359
0.349	0.352	0.349	0.334	1.138	0.347	0.359	0.361	0.361	0.359
0.349	0.352	0.352	0.337	1.106	0.347	0.354	0.364	0.364	0.364
0.347	0.349	0.352	0.334	1.096	0.342	0.354	0.364	0.361	0.364
0.342	0.354	0.349	0.334	1.094	0.342	0.354	0.366	0.356	0.364
0.342	0.354	0.347	0.33	1.108	0.344	0.356	0.371	0.356	0.361
0.344	0.356	0.352	0.332	1.113	0.347	0.359	0.361	0.359	0.356
0.347	0.352	0.354	0.334	1.101	0.347	0.359	0.361	0.361	0.359
0.349	0.349	0.352	0.337	1.091	0.349	0.356	0.361	0.361	0.361
0.349	0.349	0.352	0.339	1.072	0.344	0.354	0.364	0.361	0.364
0.344	0.352	0.347	0.334	1.025	0.339	0.437	0.364	0.359	0.361
0.344	0.354	0.344	0.332	0.962	0.342	1.487	0.364	0.356	0.359
0.344	0.349	0.344	0.332	0.898	0.344	4.612	0.361	0.359	0.354
0.349	0.349	0.352	0.334	0.767	0.347	2.139	0.359	0.361	0.349
0.352	0.349	0.352	0.337	0.652	0.342	1.16	0.364	0.361	0.354
0.349	0.349	0.352	0.334	0.537	0.344	1.003	0.366	0.361	0.359
0.344	0.352	0.349	0.33	0.435	0.339	1.057	0.369	0.356	0.359
0.344	0.352	0.349	0.33	0.371	0.342	1.016	0.369	0.359	0.356
0.344	0.352	0.347	0.33	0.354	0.396	0.991	0.361	0.359	0.356
0.349	0.349	0.352	0.334	0.339	0.991	0.981	0.361	0.361	0.359
0.349	0.349	0.352	0.337	0.337	1.748	0.959	0.435	0.364	0.359
0.347	0.352	0.349	0.337	0.332	1.35	0.95	2.734	0.361	0.361
0.344	0.352	0.347	0.332	0.332	1.108	0.959	1.807	0.359	0.364
0.347	0.354	0.344	0.33	0.334	1.079	0.881	0.979	0.359	0.361
0.347	0.352	0.347	0.33	0.337	1.096	0.84	0.83	0.361	0.356
0.349	0.349	0.349	0.334	0.337	1.145	0.82	0.876	0.361	0.356
0.352	0.349	0.349	0.337	0.334	1.277	0.786	0.923	0.361	0.361
0.347	0.347	0.344	0.337	0.332	1.416	0.728	0.962	0.361	0.364
0.344	0.352	0.339	0.334	0.332	1.479	0.623	0.977	0.356	0.361
0.344	0.354	0.339	0.33	0.334	1.499	0.598	0.999	0.354	0.356
0.344	0.354	0.342	0.33	0.339	1.499	0.576	1.001	0.361	0.356
0.349	0.349	0.347	0.332	0.339	1.504	0.503	0.994	0.361	0.356
0.352	0.347	0.352	0.337	0.337	1.528	0.417	0.894	0.359	0.361
0.349	0.347	0.347	0.33	0.332	1.458	0.386	0.796	0.361	0.364
0.347	0.347	0.342	0.332	0.332	1.313	0.376	0.754	0.356	0.359
0.342	0.349	0.342	0.33	0.332	0.894	0.398	0.657	0.356	0.356
0.347	0.352	0.334	0.327	0.337	0.637	0.408	0.527	0.361	0.356
0.349	0.347	0.344	0.332	0.339	0.54	0.413	0.457	0.364	0.359
0.349	0.347	0.349	0.337	0.332	0.498	0.415	0.4	0.364	0.361
0.349	0.347	0.349	0.332	0.332	0.479	0.42	0.388	0.361	0.364
0.344	0.349	0.347	0.33	0.337	0.413	0.374	0.378	0.359	0.364
0.344	0.352	0.344	0.325	0.334	0.364	0.359	0.369	0.364	0.359
0.347	0.352	0.344	0.327	0.339	0.364	0.359	0.356	0.361	0.356
0.349	0.349	0.378	0.327	0.342	0.369	0.356	0.356	0.364	0.359
0.349	0.347	0.447	0.332	0.339	0.364	0.354	0.359	0.364	0.356
0.347	0.349	3.132	0.332	0.334	0.359	0.352	0.361	0.361	0.354
0.344	0.349	3.066	0.371	0.332	0.344	0.352	0.366	0.359	0.354
0.344	0.354	1.27	3.215	0.332	0.342	0.354	0.366	0.359	0.349
0.347	0.354	0.803	2.251	0.334	0.344	0.356	0.361	0.359	0.349
0.347	0.349	0.791	1.357	0.349	0.349	0.356	0.361	0.361	0.354
0.349	0.347	0.886	1.155	0.339	0.349	0.354	0.361	0.369	0.352
0.349	0.349	0.93	1.194	0.334	0.347	0.352	0.366	0.359	0.356
0.344	0.352	0.92	1.233	0.334	0.344	0.352	0.364	0.359	0.359
0.342	0.354	0.894	1.257	0.334	0.347	0.354	0.366	0.354	0.356
0.344	0.352	0.894	1.289	0.337	0.347	0.356	0.361	0.359	0.354
0.352	0.349	0.884	1.309	0.337	0.352	0.359	0.361	0.361	0.354
0.349	0.347	0.857	1.318	0.337	0.349	0.356	0.361	0.364	0.359
0.347	0.344	0.842	1.313	0.334	0.347	0.352	0.364	0.359	0.361
0.344	0.352	0.842	1.304	0.334	0.344	0.352	0.366	0.354	0.361
0.342	0.352	0.818	1.284	0.332	0.342	0.356	0.364	0.354	0.359
0.344	0.349	0.708	1.243	0.339	0.344	0.359	0.359	0.359	0.356
0.347	0.347	0.63	1.018	0.339	0.347	0.359	0.361	0.359	0.352
0.349	0.342	0.562	0.735	0.337	0.347	0.356	0.361	0.361	0.359
0.347	0.337	0.547	0.618	0.334	0.342	0.354	0.364	0.359	0.364
0.344	0.349	0.505	0.5	0.334	0.342	0.354	0.366	0.356	0.361
0.342	0.352	0.449	0.437	0.334	0.342	0.352	0.366	0.356	0.359
0.344	0.349	0.4	0.374	0.339	0.344	0.359	0.361	0.356	0.356
0.347	0.349	0.371	0.356	0.339	0.349	0.359	0.361	0.361	0.359
0.349	0.347	0.354	0.347	0.337	0.349	0.352	0.361	0.361	0.361
0.347	0.349	0.359	0.352	0.334	0.344	0.352	0.366	0.359	0.364
0.344	0.349	0.366	0.332	0.334	0.342	0.352	0.366	0.356	0.361
0.344	0.354	0.393	0.327	0.334	0.344	0.356	0.364	0.356	0.359
0.344	0.352	0.388	0.332	0.337	0.344	0.356	0.361	0.359	0.356
0.347	0.349	0.356	0.334	0.342	0.349	0.356	0.356	0.361	0.359
0.349	0.344	0.354	0.339	0.337	0.347	0.356	0.361	0.364	0.361
0.347	0.349	0.352	0.342	0.334	0.344	0.354	0.364	0.356	0.364
0.342	0.349	0.344	0.337	0.334	0.342	0.352	0.366	0.359	0.366
0.342	0.352	0.342	0.337	0.337	0.342	0.352	0.361	0.359	0.359
0.344	0.352	0.339	0.337	0.339	0.347	0.354	0.361	0.359	0.356
0.347	0.349	0.344	0.342	0.342	0.347	0.356	0.361	0.364	0.356
0.347	0.349	0.349	0.342	0.337	0.349	0.352	0.361	0.364	0.359
0.344	0.347	0.347	0.339	0.334	0.344	0.347	0.366	0.361	0.366
0.344	0.352	0.342	0.339	0.332	0.342	0.349	0.366	0.356	0.364
0.344	0.352	0.344	0.337	0.337	0.347	0.354	0.366	0.356	0.361
0.344	0.352	0.347	0.339	0.339	0.342	0.359	0.364	0.359	0.356
0.349	0.349	0.347	0.344	0.342	0.349	0.359	0.361	0.364	0.359
0.349	0.347	0.349	0.347	0.337	0.352	0.356	0.359	0.359	0.361
0.349	0.347	0.342	0.352	0.334	0.347	0.354	0.364	0.361	0.364
0.344	0.352	0.342	0.349	0.334	0.342	0.354	0.369	0.359	0.364
0.344	0.354	0.334	0.347	0.337	0.342	0.359	0.364	0.356	0.359
0.344	0.352	0.337	0.344	0.342	0.344	0.359	0.364	0.359	0.359
0.349	0.349	0.342	0.349	0.339	0.349	0.361	0.359	0.364	0.359
0.349	0.344	0.344	0.349	0.337	0.347	0.356	0.364	0.364	0.359
0.352	0.347	0.339	0.352	0.334	0.344	0.354	0.366	0.364	0.364
0.344	0.349	0.339	0.347	0.334	0.342	0.354	0.366	0.359	0.359
0.342	0.352	0.337	0.347	0.337	0.339	0.356	0.364	0.359	0.359
0.344	0.352	0.339	0.347	0.339	0.344	0.359	0.361	0.361	0.356
0.344	0.349	0.339	0.352	0.339	0.349	0.361	0.361	0.364	0.359
0.347	0.347	0.344	0.354	0.334	0.352	0.359	0.361	0.361	0.361
0.344	0.349	0.334	0.352	0.334	0.344	0.356	0.364	0.364	0.361
0.342	0.352	0.334	0.349	0.337	0.344	0.359	0.366	0.359	0.359
0.339	0.354	0.332	0.347	0.337	0.344	0.356	0.364	0.352	0.356
0.342	0.354	0.332	0.347	0.339	0.347	0.356	0.359	0.356	0.356
0.347	0.349	0.337	0.352	0.342	0.349	0.359	0.359	0.361	0.356
0.344	0.344	0.337	0.354	0.337	0.349	0.354	0.361	0.361	0.361
0.339	0.347	0.339	0.349	0.337	0.344	0.352	0.364	0.361	0.361
0.339	0.352	0.334	0.349	0.334	0.344	0.347	0.361	0.356	0.361
0.339	0.354	0.332	0.347	0.337	0.347	0.352	0.361	0.356	0.359
0.342	0.352	0.334	0.349	0.339	0.347	0.354	0.359	0.361	0.356
0.347	0.349	0.337	0.349	0.339	0.349	0.356	0.359	0.364	0.356
0.349	0.347	0.339	0.352	0.339	0.347	0.354	0.364	0.364	0.361
0.347	0.349	0.334	0.347	0.337	0.347	0.349	0.366	0.361	0.364
0.342	0.352	0.334	0.349	0.334	0.344	0.347	0.369	0.359	0.366
0.342	0.354	0.332	0.344	0.334	0.344	0.349	0.366	0.356	0.359
0.344	0.354	0.33	0.347	0.342	0.347	0.352	0.361	0.359	0.359
0.349	0.349	0.334	0.352	0.339	0.352	0.352	0.361	0.361	0.359
0.352	0.347	0.339	0.366	0.339	0.349	0.352	0.364	0.364	0.361
0.347	0.349	0.334	0.352	0.337	0.347	0.349	0.366	0.364	0.364
0.344	0.352	0.332	0.349	0.339	0.344	0.352	0.366	0.359	0.361
0.342	0.354	0.33	0.347	0.486	0.347	0.354	0.364	0.356	0.359
0.344	0.352	0.332	0.349	0.583	0.347	0.359	0.361	0.361	0.356
0.347	0.349	0.334	0.352	1.223	0.352	0.359	0.359	0.359	0.359
0.349	0.342	0.337	0.354	1.135	0.347	0.359	0.361	0.361	0.361
0.344	0.347	0.334	0.352	0.833	0.344	0.354	0.366	0.359	0.361
0.342	0.349	0.332	0.349	0.769	0.342	0.354	0.361	0.356	0.361
0.342	0.347	0.332	0.347	0.737	0.344	0.356	0.366	0.354	0.359
0.344	0.347	0.332	0.347	0.728	0.347	0.356	0.361	0.354	0.359
0.349	0.344	0.337	0.352	0.72	0.349	0.361	0.361	0.359	0.356
0.352	0.344	0.334	0.354	0.732	0.347	0.354	0.364	0.359	0.361
0.349	0.347	0.332	0.349	0.742	0.349	0.354	0.364	0.356	0.383
0.344	0.349	0.332	0.347	0.75	0.344	0.354	0.366	0.354	3.455
0.344	0.352	0.332	0.347	0.75	0.344	0.356	0.364	0.352	2.925
0.344	0.347	0.334	0.344	0.745	0.349	0.359	0.361	0.354	1.404
0.349	0.339	0.337	0.349	0.747	0.349	0.356	0.359	0.359	1.255
0.349	0.339	0.334	0.352	0.703	0.349	0.356	0.361	0.361	1.555
0.347	0.342	0.332	0.352	0.508	0.347	0.354	0.364	0.42	1.658
0.344	0.327	0.332	0.347	0.459	0.344	0.354	0.366	1.748	1.677
0.344	0.327	0.332	0.347	0.427	0.342	0.356	0.361	1.702	1.675
0.396	0.327	0.334	0.349	0.405	0.347	0.359	0.359	0.994	1.702
0.771	0.325	0.339	0.349	0.366	0.349	0.356	0.359	0.825	1.731
0.928	0.332	0.342	0.349	0.347	0.349	0.356	0.388	0.774	1.748
0.701	0.344	0.339	0.349	0.339	0.347	0.354	0.493	0.784	1.716
0.676	0.349	0.337	0.347	0.337	0.344	0.354	0.937	0.789	1.597
0.645	0.352	0.334	0.347	0.339	0.344	0.356	0.798	0.781	1.335
0.657	0.354	0.334	0.347	0.342	0.347	0.359	0.715	0.784	1.05
0.664	0.347	0.339	0.347	0.342	0.349	0.359	0.71	0.784	0.852
0.669	0.347	0.344	0.352	0.337	0.352	0.352	0.718	0.781	0.642
0.664	0.347	0.339	0.349	0.334	0.347	0.354	0.725	0.754	0.554
0.642	0.352	0.334	0.347	0.334	0.344	0.354	0.732	0.713	0.481
0.605	0.354	0.344	0.347	0.337	0.344	0.356	0.732	0.632	0.439
0.562	0.347	0.334	0.342	0.342	0.347	0.359	0.728	0.566	0.43
0.515	0.349	0.339	0.349	0.342	0.349	0.359	0.735	0.547	0.422
0.496	0.347	0.337	0.352	0.334	0.349	0.354	0.728	0.508	0.425
0.469	0.352	0.337	0.349	0.337	0.344	0.354	0.732	0.461	0.408
0.457	0.352	0.332	0.349	0.337	0.342	0.354	0.737	0.398	0.396
0.432	0.354	0.33	0.347	0.337	0.342	0.354	0.735	0.364	0.388
0.388	0.354	0.334	0.347	0.342	0.347	0.359	0.674	0.359	0.378
0.364	0.347	0.337	0.352	0.342	0.349	0.356	0.532	0.354	0.374
0.354	0.344	0.337	0.352	0.339	0.347	0.352	0.43	0.354	0.378
0.354	0.347	0.334	0.354	0.337	0.344	0.352	0.417	0.349	0.378
0.344	0.349	0.33	0.349	0.334	0.344	0.352	0.41	0.347	0.376
0.342	0.352	0.33	0.347	0.339	0.342	0.356	0.378	0.349	0.371
0.342	0.352	0.33	0.349	0.339	0.347	0.356	0.366	0.352	0.371
0.347	0.352	0.334	0.352	0.337	0.352	0.354	0.364	0.354	0.369
0.347	0.352	0.337	0.352	0.339	0.352	0.356	0.361	0.354	0.374
0.347	0.349	0.332	0.349	0.334	0.369	0.354	0.366	0.349	0.369
0.342	0.354	0.33	0.347	0.337	0.444	0.352	0.364	0.347	0.366
0.342	0.356	0.33	0.347	0.332	0.696	0.356	0.366	0.349	0.369
0.344	0.354	0.33	0.349	0.339	0.952	0.359	0.364	0.352	0.364
0.347	0.352	0.332	0.352	0.339	0.596	0.364	0.361	0.354	0.364
0.349	0.352	0.334	0.352	0.339	0.505	0.356	0.361	0.354	0.366
0.349	0.349	0.332	0.352	0.334	0.527	0.352	0.366	0.352	0.366
0.344	0.356	0.327	0.352	0.334	0.544	0.352	0.366	0.349	0.369
0.344	0.359	0.33	0.349	0.339	0.542	0.356	0.364	0.354	0.366
0.347	0.359	0.332	0.352	0.339	0.535	0.359	0.364	0.352	0.361
0.349	0.354	0.339	0.352	0.342	0.542	0.356	0.364	0.354	0.364
0.352	0.352	0.337	0.354	0.339	0.554	0.354	0.366	0.354	0.366
0.347	0.352	0.332	0.354	0.334	0.576	0.352	0.369	0.356	0.366
0.347	0.356	0.332	0.349	0.334	0.579	0.352	0.371	0.352	0.359
0.344	0.359	0.332	0.347	0.339	0.571	0.386	0.369	0.349	0.349
0.344	0.359	0.334	0.352	0.342	0.566	2.888	0.366	0.352	0.344
0.352	0.354	0.337	0.352	0.342	0.505	2.214	0.361	0.354	0.342
0.349	0.352	0.337	0.354	0.339	0.447	1.326	0.366	0.356	0.349
0.349	0.354	0.334	0.354	0.337	0.466	1.199	0.369	0.352	0.349
0.347	0.356	0.33	0.352	0.337	0.466	1.13	0.371	0.349	0.349
0.347	0.361	0.33	0.347	0.339	0.464	1.155	0.366	0.349	0.347
0.349	0.356	0.332	0.347	0.342	0.432	1.167	0.364	0.352	0.344
0.349	0.354	0.337	0.352	0.344	0.405	1.189	0.364	0.354	0.344
0.349	0.354	0.334	0.354	0.342	0.393	1.206	0.366	0.352	0.349
0.349	0.393	0.33	0.354	0.337	0.369	1.213	0.364	0.349	0.352
0.347	2.466	0.33	0.352	0.337	0.352	1.213	0.364	0.344	0.352
0.344	1.885	0.327	0.349	0.339	0.349	1.208	0.361	0.344	0.347
0.356	1.125	0.334	0.349	0.342	0.349	1.194	0.361	0.347	0.347
0.352	0.903	0.334	0.352	0.342	0.352	1.079	0.359	0.352	0.344
0.354	0.857	0.334	0.356	0.342	0.349	0.852	0.361	0.349	0.347
0.352	0.857	0.337	0.354	0.337	0.347	0.632	0.366	0.349	0.349
0.347	0.872	0.332	0.352	0.337	0.344	0.486	0.366	0.347	0.347
0.344	0.842	0.332	0.349	0.339	0.344	0.452	0.364	0.347	0.344
0.349	0.823	0.33	0.354	0.342	0.349	0.415	0.356	0.352	0.342
0.349	0.803	0.337	0.352	0.342	0.352	0.376	0.361	0.352	0.344
0.352	0.801	0.337	0.354	0.339	0.349	0.359	0.359	0.352	0.344
0.349	0.786	0.332	0.354	0.337	0.347	0.352	0.361	0.349	0.349
0.347	0.735	0.33	0.349	0.4	0.344	0.352	0.366	0.347	0.344
0.344	0.664	0.33	0.347	2.908	0.344	0.359	0.361	0.349	0.342
0.347	0.64	0.332	0.349	2.375	0.349	0.364	0.361	0.354	0.342
0.349	0.557	0.334	0.352	1.47	0.352	0.364	0.356	0.354	0.342
0.349	0.505	0.334	0.354	1.267	0.352	0.361	0.356	0.354	0.347
0.344	0.432	0.332	0.354	1.24	0.349	0.359	0.359	0.352	0.349
0.347	0.408	0.33	0.349	1.245	0.344	0.359	0.361	0.349	0.349
0.347	0.388	0.33	0.398	1.274	0.347	0.364	0.361	0.349	0.347
0.347	0.383	0.33	0.635	1.309	0.347	0.366	0.356	0.352	0.344
0.349	0.383	0.334	2.207	1.321	0.349	0.366	0.356	0.354	0.344
0.352	0.391	0.334	1.277	1.323	0.344	0.361	0.361	0.356	0.347
0.344	0.396	0.334	0.845	1.328	0.344	0.359	0.366	0.352	0.347
0.344	0.4	0.327	0.764	1.318	0.342	0.361	0.369	0.347	0.344
0.344	0.4	0.327	0.737	1.167	0.342	0.364	0.366	0.349	0.342
0.344	0.393	0.327	0.728	0.896	0.347	0.364	0.361	0.347	0.342
0.349	0.388	0.332	0.737	0.713	0.349	0.366	0.359	0.352	0.342
0.349	0.378	0.332	0.723	0.601	0.344	0.361	0.364	0.354	0.347
0.349	0.374	0.33	0.718	0.53	0.344	0.359	0.366	0.352	0.347
0.347	0.378	0.327	0.715	0.505	0.344	0.359	0.371	0.349	0.349
0.344	0.376	0.327	0.72	0.481	0.347	0.364	0.366	0.344	0.344
0.347	0.376	0.33	0.723	0.442	0.347	0.366	0.359	0.349	0.342
0.352	0.374	0.334	0.728	0.366	0.347	0.364	0.391	0.352	0.339
0.349	0.374	0.334	0.723	0.339	0.347	0.369	3.306	0.352	0.344
0.347	0.376	0.337	0.701	0.33	0.342	0.361	3.684	0.349	0.347
0.347	0.381	0.332	0.659	0.332	0.342	0.359	2.19	0.347	0.347
0.347	0.383	0.33	0.483	0.332	0.342	0.364	1.819	0.347	0.342
0.347	0.381	0.332	0.425	0.334	0.349	0.366	1.755	0.349	0.342
0.349	0.376	0.337	0.405	0.334	0.347	0.366	1.772	0.352	0.342
0.354	0.376	0.337	0.403	0.33	0.347	0.359	1.787	0.349	0.344
0.344	0.381	0.354	0.396	0.322	0.344	0.359	1.836	0.352	0.347
0.342	0.381	1.34	0.364	0.317	0.342	0.361	1.853	0.347	0.344
0.344	0.381	2.056	0.352	0.327	0.339	0.364	1.855	0.344	0.342
0.347	0.381	1.362	0.354	0.332	0.344	0.366	1.848	0.349	0.342
0.349	0.374	0.967	0.356	0.334	0.347	0.366	1.877	0.352	0.339
0.349	0.374	0.874	0.356	0.33	0.347	0.361	1.863	0.354	0.344
0.347	0.378	0.879	0.359	0.33	0.342	0.359	1.67	0.352	0.347
0.344	0.378	0.886	0.352	0.325	0.339	0.364	1.484	0.347	0.344
0.342	0.378	0.908	0.349	0.332	0.339	0.364	1.104	0.342	0.342
0.344	0.378	0.935	0.352	0.33	0.344	0.366	0.825	0.349	0.339
0.347	0.374	0.947	0.352	0.33	0.344	0.366	0.72	0.352	0.342
0.349	0.374	0.959	0.354	0.327	0.344	0.361	0.679	0.352	0.342
0.349	0.374	0.957	0.352	0.325	0.339	0.361	0.623	0.352	0.344
0.342	0.378	0.95	0.349	0.325	0.339	0.361	0.557	0.352	0.337
0.342	0.381	0.947	0.347	0.327	0.342	0.364	0.474	0.349	0.332
0.347	0.381	0.92	0.344	0.332	0.344	0.366	0.4	0.354	0.332
0.352	0.378	0.806	0.354	0.332	0.347	0.366	0.369	0.356	0.33
0.356	0.376	0.574	0.354	0.33	0.344	0.361	0.361	0.356	0.334
0.349	0.376	0.437	0.352	0.327	0.342	0.361	0.364	0.354	0.339
0.347	0.378	0.388	0.349	0.325	0.339	0.361	0.364	0.349	0.339
0.349	0.381	0.371	0.347	0.33	0.342	0.364	0.361	0.352	0.339
0.352	0.381	0.356	0.349	0.33	0.344	0.366	0.356	0.352	0.334
0.352	0.378	0.349	0.352	0.33	0.347	0.369	0.356	0.352	0.334
0.354	0.376	0.359	0.354	0.327	0.344	0.361	0.359	0.354	0.337
0.352	0.374	0.361	0.354	0.327	0.344	0.359	0.361	0.352	0.337
0.347	0.381	0.356	0.349	0.327	0.342	0.359	0.359	0.352	0.342
0.347	0.381	0.356	0.349	0.327	0.342	0.359	0.361	0.352	0.408
0.349	0.381	0.359	0.349	0.332	0.344	0.361	0.354	0.354	0.483
0.352	0.376	0.352	0.354	0.332	0.347	0.361	0.356	0.356	0.703
0.354	0.374	0.347	0.356	0.327	0.347	0.356	0.361	0.359	1.187
0.359	0.374	0.337	0.356	0.327	0.342	0.354	0.361	0.354	0.742
0.352	0.378	0.332	0.352	0.325	0.339	0.356	0.364	0.352	0.596
0.349	0.381	0.339	0.352	0.332	0.342	0.359	0.364	0.352	0.571
0.352	0.378	0.339	0.349	0.334	0.344	0.364	0.359	0.354	0.569
0.354	0.378	0.344	0.352	0.334	0.347	0.364	0.361	0.356	0.571
0.354	0.376	0.349	0.352	0.332	0.344	0.364	0.361	0.354	0.601
0.352	0.376	0.344	0.352	0.33	0.342	0.361	0.366	0.352	0.581
0.347	0.378	0.342	0.349	0.33	0.342	0.361	0.364	0.352	0.591
0.347	0.381	0.339	0.347	0.332	0.342	0.364	0.364	0.352	0.61
0.347	0.383	0.342	0.352	0.334	0.344	0.369	0.356	0.354	0.62
0.352	0.376	0.347	0.352	0.332	0.347	0.361	0.352	0.356	0.62
0.354	0.374	0.344	0.356	0.332	0.347	0.361	0.356	0.354	0.625
0.352	0.376	0.339	0.354	0.327	0.342	0.361	0.376	0.352	0.618
0.347	0.378	0.339	0.349	0	0.339	0.359	0.364	0.349	0.618
0.349	0.381	0.339	0.347	0	0.344	0.364	0.361	0.352	0.608
0.349	0.378	0.344	0.349	0	0.344	0.366	0.359	0.354	0.476
0.349	0.376	0.344	0.354	0	0.344	0.366	0.359	0.354	0.4
0.349	0.376	0.347	0.354	0	0.349	0.364	0.369	0.354	0.388
0.347	0.376	0.344	0.354	0	0.344	0.364	0.388	0.354	0.386
0.347	0.381	0.342	0.352	0	0.342	0.359	1.355	0.352	0.371
0.344	0.383	0.342	0.347	0	0.347	0.366	2.698	0.352	0.354
0.349	0.383	0.347	0.347	0	0.347	0.366	1.729	0.352	0.347
0.349	0.376	0.349	0.354	0	0.349	0.366	1.477	0.356	0.347
0.352	0.376	0.347	0.364	0	0.349	0.361	1.382	0.354	0.349
0.349	0.376	0.347	0.42	0	0.344	0.361	1.409	0.352	0.347
0.347	0.378	0.342	2.178	0	0.344	0.359	1.421	0.349	0.339
0.344	0.378	0.342	1.965	0	0.344	0.364	1.37	0.349	0.337
0.344	0.378	0.347	1.289	0	0.347	0.366	1.411	0.352	0.337
0.347	0.374	0.354	1.189	0	0.349	0.366	1.421	0.354	0.339
0.352	0.371	0.349	1.187	0	0.349	0.361	1.443	0.354	0.339
0.347	0.371	0.344	1.174	0	0.344	0.359	1.428	0.352	0.342
0.342	0.376	0.344	1.191	0	0.344	0.361	1.421	0.381	0.342
0.344	0.378	0.342	1.211	0	0.339	0.364	1.392	0.396	0.337
0.347	0.378	0.344	1.196	0	0.344	0.366	0	0.562	0.334
0.352	0.376	0.352	1.199	0	0.347	0.366	0	1.416	0.337
0.352	0.374	0.352	1.194	0	0.347	0.361	0	1.055	0.339
0.347	0.374	0.347	1.162	0	0.342	0.361	0	0.837	0.342
0.347	0.376	0.344	1.016	0	0.339	0.364	0	0.806	0.342
0.344	0.378	0.342	0.833	0	0.337	0.364	0	0.845	0.337
0.349	0.378	0.342	0.693	0	0.344	0.369	0	0.867	0.337
0.352	0.374	0.347	0.605	0	0.349	0.369	0	0.879	0.337
0.347	0.374	0.347	0.571	0	0.344	0.364	0	0.913	0.339
0.349	0.376	0.347	0.54	0	0.344	0.361	0	0.952	0.339
0.347	0.378	0.342	0.486	0	0.342	0.364	0	0.972	0.339
0.349	0.381	0.344	0.442	0	0.342	0.366	0	0.984	0.337
0.352	0.383	0.344	0.378	0	0.347	0.366	0	0.989	0.334
0.354	0.376	0.347	0.366	0	0.347	0.369	0	0.994	0.339
0.356	0.376	0.349	0.361	0	0.342	0.364	0	0.981	0.342
0.349	0.378	0.349	0.359	0	0.344	0.361	0	0.935	0.347
0.352	0.378	0.344	0.356	0	0.347	0.361	0	0.652	0.347
0.349	0.381	0.342	0.354	0	0.347	0.366	0	0.461	0.342
0.349	0.378	0.344	0.356	0	0.349	0.369	0	0.4	0.342
0.354	0.378	0.347	0.359	0	0.352	0.369	0	0.374	0.342
0.356	0.376	0.349	0.361	0	0.349	0.364	0	0.356	0.347
0.354	0.381	0.347	0.359	0	0.347	0.361	0	0.349	0.349
0.349	0.381	0.342	0.356	0	0.344	0.361	0	0.347	0.347
0.349	0.381	0.342	0.354	0	0.344	0.366	0	0.344	0.344
0.352	0.381	0.344	0.356	0	0.349	0.369	0	0.352	0.344
0.354	0.378	0.349	0.359	0	0.349	0.386	0	0.354	0.344
0.354	0.374	0.352	0.361	0	0.349	0.405	0	0.352	0.347
0.352	0.378	0.347	0.361	0	0.344	0.474	0	0.352	0.349
0.349	0.381	0.342	0.356	0	0.342	0.615	0	0.349	0.349
0.347	0.383	0.342	0.354	0	0.347	0.598	0	0.349	0.342
0.349	0.381	0.342	0.356	0	0.347	0.562	0	0.352	0.342
0.354	0.378	0.347	0.359	0	0.349	0.54	0	0.356	0.349
0.354	0.378	0.349	0.359	0	0.347	0.522	0	0.356	0.427
0.349	0.381	0.352	0.361	0	0.342	0.522	0	0.352	2.712
0.352	0.383	0.347	0.354	0	0.337	0.52	0	0.349	1.375
0.349	0.383	0.347	0.354	0	0.344	0.513	0	0.352	0.771
0.349	0.386	0.352	0.354	0	0.347	0.513	0	0.354	0.671
0.352	0.378	0.352	0.356	0	0.349	0.488	0	0.356	0.715
0.352	0.376	0.352	0.356	0	0.349	0.417	0	0.356	0.737
0.354	0.378	0.352	0.359	0	0.344	0.398	0	0.354	0.764
0.347	0.378	0.347	0.354	0	0.344	0.4	0	0.352	0.771
0.347	0.383	0.349	0.354	0	0.344	0.393	0	0.354	0.774
0.349	0.381	0.349	0.356	0	0.349	0.381	0	0.356	0.779
0.352	0.378	0.354	0.356	0	0.349	0.376	0	0.359	0.784
0.352	0.381	0.352	0.359	0	0.347	0.366	0	0.359	0.793
0.349	0.378	0.352	0.359	0	0.347	0.361	0	0.354	0.801
0.347	0.383	0.349	0	0	0.347	0.366	0	0.352	0.735
0.344	0.383	0.344	0	0	0.349	0.366	0	0.356	0.603
0.349	0.378	0.349	0	0	0.352	0.366	0	0.356	0.586
0.352	0.376	0.352	0	0	0.352	0.366	0	0.356	0.581
0.354	0.376	0.349	0	0	0.349	0.364	0	0.356	0.552
0.352	0.376	0.347	0	0	0.347	0.361	0	0.354	0.493
0.359	0.381	0.344	0	0	0.344	0.361	0	0.352	0.432
0.359	0.381	0.347	0	0	0.347	0.366	0	0.352	0.352
1.255	0.378	0.352	0	0	0.349	0.366	0	0.354	0.332
1.663	0.374	0.352	0	0	0.352	0.361	0	0.356	0.332
1.064	0.374	0.352	0	0	0.352	0.361	0	0.354	0.334
0.908	0.376	0.349	0	0	0.349	0.359	0	0.354	0.332
0.876	0.376	0.349	0	0	0.347	0.361	0	0.352	0.327
0.864	0.378	0.347	0	0	0.347	0.364	0	0.352	0.332
0.864	0.378	0.349	0	0	0.352	0.366	0	0.356	0.332
0.911	0.376	0.352	0	0	0.352	0.364	0	0.359	0.332
0.928	0.376	0.352	0	0	0.352	0.361	0	0.359	0.332
0.93	0.376	0.352	0	0	0.347	0.359	0	0.354	0.332
0.928	0.378	0.347	0	0	0.347	0.361	0	0.352	0.334
0.935	0.381	0.347	0	0	0.347	0.364	0	0.352	0.332
0.937	0.378	0.349	0	0	0.352	0.366	0	0.356	0.33
0.947	0.376	0.352	0	0	0.352	0.364	0	0.359	0.332
0.935	0.376	0.354	0	0	0.352	0.361	0	0.359	0.334
0.867	0.376	0.349	0	0	0.347	0.359	0	0.356	0.334
0.664	0.381	0.349	0	0	0.347	0.361	0	0.354	0.327
0.5	0.381	0.347	0	0	0.349	0.364	0	0.356	0.325
0.435	0.376	0.352	0	0	0.352	0.366	0	0.388	0.322
0.41	0.376	0.352	0	0	0.354	0.364	0	3.765	0.317
0.383	0.376	0.352	0	0	0.352	0.361	0	2.695	0.322
0.381	0.374	0.347	0	0	0.347	0.359	0	1.157	0.325
0.381	0.381	0.344	0	0	0.349	0.356	0	0.84	0.325
0.381	0.381	0.344	0	0	0.349	0.361	0	0.942	0.317
0.378	0.378	0.344	0	0	0.352	0.364	0	1.035	0.317
0.381	0.376	0.347	0	0	0.352	0.361	0	1.089	0.322
0.381	0.376	0.344	0	0	0.347	0.359	0	1.099	0.325
0.381	0.378	0.344	0	0	0.349	0.359	0	1.096	0.33
0.374	0.381	0.342	0	0	0.347	0.359	0	1.096	0.327
0.371	0.383	0.344	0	0	0.347	0.364	0	1.079	0.327
0.374	0.381	0.347	0	0	0.352	0.364	0	1.077	0.327
0.378	0.376	0.347	0	0	0.354	0.364	0	1.064	0.327
0.378	0.376	0.349	0	0	0.347	0.361	0	1.057	0.327
0.376	0.381	0.347	0	0	0.349	0.359	0	1.001	0.334
0.371	0.381	0.347	0	0	0.344	0.361	0	0.813	0.391
0.371	0.383	0.344	0	0	0.349	0.361	0	0.671	0
0.364	0.378	0.352	0	0	0.352	0.364	0	0.618	0
0.381	0.378	0.349	0	0	0.354	0.361	0	0.603	0
0.381	0.376	0.347	0	0	0.352	0.359	0	0.549	0
0.378	0.378	0.344	0	0	0.349	0.359	0	0.52	0
0.376	0.381	0.344	0	0	0.347	0.356	0	0.498	0
0.376	0.378	0.342	0	0	0.349	0.361	0	0.435	0
0.376	0.378	0.347	0	0	0.352	0.386	0	0.391	0
0.381	0.376	0.349	0	0	0.352	0.378	0	0.381	0
0.378	0.374	0.349	0	0	0.349	0.859	0	0.376	0
0.376	0.42	0.347	0	0	0.347	3.423	0	0.374	0
0.376	0.645	0.347	0	0	0.344	1.606	0	0.359	0
0.374	2.126	0.344	0	0	0.349	0.984	0	0.359	0
0.378	1.113	0.349	0	0	0.352	1.133	0	0.361	0
0.381	0.757	0.452	0	0	0.354	1.292	0	0.361	0
0.383	0.691	2.258	0	0	0.352	1.448	0	0.364	0
0.381	0.732	2.119	0	0	0.349	1.592	0	0.359	0
0.381	0.747	0.864	0	0	0.349	1.721	0	0.354	0
0.381	0.706	0.547	0	0	0.352	1.782	0	0.354	0
0.378	0.703	0.493	0	0	0.354	1.768	0	0.359	0
0.383	0.718	0.488	0	0	0.354	1.599	0	0.361	0
0.381	0.723	0.479	0	0	0.352	1.523	0	0.354	0
0.378	0.725	0.474	0	0	0.349	1.443	0	0.359	0
0.376	0.732	0.488	0	0	0.347	1.404	0	0.356	0
0.374	0.735	0.491	0	0	0.349	1.292	0	0.354	0
0.374	0.725	0.486	0	0	0.352	1.016	0	0.361	0
0.378	0.703	0.488	0	0	0.354	0.786	0	0.359	0
0.376	0.632	0.476	0	0	0.352	0.625	0	0.361	0
0.376	0.483	0.459	0	0	0.349	0.574	0	0.356	0
0.376	0.459	0.449	0	0	0.349	0.557	0	0.356	0
0.376	0.432	0.43	0	0	0.349	0.532	0	0.354	0
0.376	0.396	0.439	0	0	0.354	0.508	0	0.361	0
0.378	0.381	0.439	0	0	0.354	0.476	0	0.361	0
0.376	0.381	0.413	0	0	0.352	0.408	0	0.359	0
0.376	0.378	0.386	0	0	0.371	0.388	0	0.356	0
0.376	0.381	0.369	0	0	0.364	0.383	0	0.352	0
0.376	0.393	0.366	0	0	1.062	0.383	0	0.354	0
0.378	0.398	0.364	0	0	1.641	0.386	0	0.356	0
0.383	0.396	0.366	0	0	0.842	0.383	0	0.359	0
0.386	0.391	0.364	0	0	0.588	0.383	0	0.359	0
0.383	0.398	0.376	0	0	0.552	0.378	0	0.356	0
0.383	0.405	0.381	0	0	0.576	0.376	0	0.352	0
0.386	0.408	0.381	0	0	0.593	0.376	0	0.354	0
0.386	0.41	0.386	0	0	0.576	0.371	0	0.356	0
0.388	0.403	0.393	0	0	0.581	0.359	0	0.359	0
0.405	0.403	0.396	0	0	0.586	0.361	0	0	0
0.92	0.405	0.396	0	0	0.583	0.361	0	0	0
3.765	0.41	0.393	0	0	0.576	0.364	0	0	0
2.122	0.415	0.388	0	0	0.576	0.364	0	0	0
1.558	0.413	0.393	0	0	0.576	0.366	0	0	0
1.523	0.41	0.393	0	0	0.571	0.366	0	0	0
1.555	0.408	0.393	0	0	0.564	0.361	0	0	0
1.587	0.408	0.391	0	0	0.547	0.359	0	0	0
1.66	0.41	0.383	0	0	0.513	0.364	0	0	0
1.697	0.415	0.386	0	0	0.454	0.364	0	0	0
1.704	0.417	0.388	0	0	0.41	0.366	0	0	0
1.699	0.41	0.391	0	0	0.369	0.366	0	0	0
1.667	0.408	0.393	0	0	0.354	0.359	0	0	0
1.655	0.408	0.386	0	0	0.352	0.361	0	0	0
1.641	0.41	0.386	0	0	0.347	0.361	0	0	0
1.562	0.41	0.386	0	0	0.352	0.366	0	0	0
1.375	0.408	0.388	0	0	0.354	0.366	0	0	0
1.155	0.405	0.391	0	0	0.356	0.364	0	0	0
0.867	0.405	0.393	0	0	0.352	0.361	0	0	0
0.735	0.41	0.391	0	0	0.349	0.359	0	0	0
0.657	0.41	0.388	0	0	0.347	0.361	0	0	0
0.591	0.408	0.386	0	0	0.347	0.364	0	0	0
0.51	0.405	0.391	0	0	0.352	0.366	0	0	0
0.459	0.405	0.393	0	0	0.352	0.366	0	0	0
0.396	0.405	0.391	0	0	0.352	0.364	0	0	0
0.371	0.41	0.391	0	0	0.347	0.361	0	0	0
0.361	0.41	0.388	0	0	0.347	0.361	0	0	0
0.354	0.41	0.388	0	0	0.352	0	0	0	0
0.364	0.408	0.388	0	0	0.349	0	0	0	0
0.366	0.405	0.393	0	0	0.349	0	0	0	0
0.364	0.403	0.393	0	0	0.349	0	0	0	0
0.364	0.403	0.388	0	0	0.344	0	0	0	0
0.361	0.408	0.388	0	0	0.344	0	0	0	0
0.356	0.408	0.391	0	0	0.349	0	0	0	0
0.359	0.41	0.391	0	0	0.349	0	0	0	0
0.361	0.442	0.396	0	0	0.352	0	0	0	0
0.361	3.616	0.398	0	0	0.347	0	0	0	0
0.364	2.546	0.393	0	0	0.344	0	0	0	0
0.361	1.082	0.388	0	0	0.344	0	0	0	0
0.361	0.833	0.388	0	0	0.349	0	0	0	0
0.364	1.018	0.396	0	0	0.349	0	0	0	0
0.364	1.091	0.398	0	0	0.349	0	0	0	0
0.366	1.099	0.398	0	0	0.349	0	0	0	0
0.361	1.084	0.393	0	0	0	0	0	0	0
0.356	1.074	0.391	0	0	0	0	0	0	0
0.359	1.079	0.391	0	0	0	0	0	0	0
0.359	1.062	0.391	0	0	0	0	0	0	0
0.364	1.013	0.391	0	0	0	0	0	0	0
0.364	0.962	0.393	0	0	0	0	0	0	0
0.356	0.925	0.391	0	0	0	0	0	0	0
0.354	0.908	0.386	0	0	0	0	0	0	0
0.356	0.75	0.386	0	0	0	0	0	0	0
0.356	0.688	0.388	0	0	0	0	0	0	0
0.364	0.635	0.391	0	0	0	0	0	0	0
0.366	0.566	0.388	0	0	0	0	0	0	0
0.364	0.5	0.391	0	0	0	0	0	0	0
0.359	0.464	0.388	0	0	0	0	0	0	0
0.359	0.425	0.386	0	0	0	0	0	0	0
0.359	0.388	0.391	0	0	0	0	0	0	0
0.366	0.376	0.391	0	0	0	0	0	0	0
0.369	0.371	0.391	0	0	0	0	0	0	0
0.366	0.371	0.388	0	0	0	0	0	0	0
0.361	0.376	0.386	0	0	0	0	0	0	0
0.361	0.376	0.388	0	0	0	0	0	0	0
0.364	0.369	0.391	0	0	0	0	0	0	0
0.366	0.356	0.393	0	0	0	0	0	0	0
0.369	0.359	0.393	0	0	0	0	0	0	0
0.366	0.364	0.388	0	0	0	0	0	0	0
0.364	0.364	0.391	0	0	0	0	0	0	0
0.361	0.366	0.439	0	0	0	0	0	0	0
0.366	0.356	3.452	0	0	0	0	0	0	0
0.369	0.359	3.574	0	0	0	0	0	0	0
0.366	0.364	2.339	0	0	0	0	0	0	0
0.366	0.371	2.053	0	0	0	0	0	0	0
0.364	0.371	2.012	0	0	0	0	0	0	0
0.366	0.366	2.029	0	0	0	0	0	0	0
0.364	0.369	2.031	0	0	0	0	0	0	0
0.366	0.366	2.026	0	0	0	0	0	0	0
0.369	0.364	2.036	0	0	0	0	0	0	0
0.369	0.366	2.009	0	0	0	0	0	0	0
0.364	0.369	1.982	0	0	0	0	0	0	0
0.361	0.371	1.978	0	0	0	0	0	0	0
0	0.371	1.958	0	0	0	0	0	0	0
0	0.366	1.931	0	0	0	0	0	0	0
0	0.366	1.875	0	0	0	0	0	0	0
0	0.366	1.448	0	0	0	0	0	0	0
0	0.371	0.952	0	0	0	0	0	0	0
0	0.374	0.754	0	0	0	0	0	0	0
0	0.369	0.671	0	0	0	0	0	0	0
0	0.366	0.603	0	0	0	0	0	0	0
0	0.366	0.532	0	0	0	0	0	0	0
0	0.366	0.476	0	0	0	0	0	0	0
0	0.371	0.417	0	0	0	0	0	0	0
0	0.371	0.381	0	0	0	0	0	0	0
0	0.369	0.376	0	0	0	0	0	0	0
0	0.371	0.374	0	0	0	0	0	0	0
0	0.366	0.378	0	0	0	0	0	0	0
0	0.366	0.376	0	0	0	0	0	0	0
0	0.371	0.371	0	0	0	0	0	0	0
0	0.371	0.371	0	0	0	0	0	0	0
0	0.376	0.371	0	0	0	0	0	0	0
0	0.369	0.376	0	0	0	0	0	0	0
0	0.369	0.371	0	0	0	0	0	0	0
0	0.366	0.371	0	0	0	0	0	0	0
0	0.369	0.366	0	0	0	0	0	0	0
0	0.371	0.364	0	0	0	0	0	0	0
0	0.371	0.369	0	0	0	0	0	0	0
0	0.366	0.374	0	0	0	0	0	0	0
0	0.364	0.369	0	0	0	0	0	0	0
0	0.364	0.369	0	0	0	0	0	0	0
0	0.366	0.366	0	0	0	0	0	0	0
0	0.369	0.364	0	0	0	0	0	0	0
0	0.364	0.364	0	0	0	0	0	0	0
0	0	0.369	0	0	0	0	0	0	0
0	0	0.374	0	0	0	0	0	0	0
0	0	0.371	0	0	0	0	0	0	0
0	0	0.366	0	0	0	0	0	0	0
0	0	0.366	0	0	0	0	0	0	0
0	0	0.369	0	0	0	0	0	0	0
0	0	0.371	0	0	0	0	0	0	0
0	0	0.374	0	0	0	0	0	0	0
0	0	0.369	0	0	0	0	0	0	0
0	0	0.366	0	0	0	0	0	0	0
0	0	0.366	0	0	0	0	0	0	0
0	0	0.366	0	0	0	0	0	0	0
0	0	0.369	0	0	0	0	0	0	0
0	0	0.369	0	0	0	0	0	0	0
0	0	0.366	0	0	0	0	0	0	0
0	0	0.364	0	0	0	0	0	0	0
0	0	0.364	0	0	0	0	0	0	0
0	0	0.366	0	0	0	0	0	0	0
0	0	0.369	0	0	0	0	0	0	0
0	0	0.369	0	0	0	0	0	0	0
0	0	0.364	0	0	0	0	0	0	0
0	0	0.361	0	0	0	0	0	0	0
0	0	0.361	0	0	0	0	0	0	0
0	0	0.366	0	0	0	0	0	0	0
0	0	0.366	0	0	0	0	0	0	0
0	0	0.369	0	0	0	0	0	0	0
0	0	0.364	0	0	0	0	0	0	0
0	0	0.361	0	0	0	0	0	0	0
0	0	0.361	0	0	0	0	0	0	0
0	0	0.364	0	0	0	0	0	0	0
0	0	0.366	0	0	0	0	0	0	0
0	0	0.364	0	0	0	0	0	0	0
0	0	0.359	0	0	0	0	0	0	0
0	0	0.354	0	0	0	0	0	0	0
0	0	0.356	0	0	0	0	0	0	0
0	0	0.359	0	0	0	0	0	0	0
0	0	0.361	0	0	0	0	0	0	0
