0.579	0.515	0.525	0.52	0.52	0.449	0.398	0.398	0.393	0.398
0.581	0.52	0.525	0.518	0.52	0.452	0.396	0.405	0.391	0.403
0.588	0.525	0.527	0.515	0.513	0.454	0.4	0.403	0.391	0.396
0.583	0.525	0.527	0.513	0.51	0.454	0.408	0.405	0.393	0.396
0.581	0.525	0.53	0.515	0.513	0.454	0.405	0.403	0.396	0.4
0.579	0.52	0.527	0.52	0.513	0.459	0.405	0.403	0.4	0.403
0.583	0.515	0.52	0.52	0.518	0.454	0.403	0.398	0.393	0.403
0.588	0.518	0.52	0.52	0.52	0.457	0.4	0.403	0.391	0.403
0.588	0.525	0.527	0.525	0.52	0.459	0.4	0.4	0.388	0.393
0.586	0.525	0.527	0.522	0.518	0.461	0.41	0.405	0.393	0.396
0.586	0.522	0.527	0.525	0.515	0.461	0.405	0.403	0.398	0.398
0.583	0.52	0.525	0.522	0.515	0.461	0.405	0.4	0.398	0.403
0.586	0.515	0.522	0.522	0.52	0.457	0.403	0.398	0.393	0.4
0.593	0.518	0.522	0.518	0.52	0.454	0.4	0.4	0.391	0.4
0.588	0.525	0.53	0.52	0.52	0.457	0.403	0.4	0.388	0.396
0.586	0.522	0.53	0.515	0.522	0.457	0.41	0.405	0.393	0.396
0.581	0.522	0.527	0.52	0.518	0.454	0.405	0.405	0.4	0.4
0.581	0.52	0.525	0.522	0.52	0.454	0.405	0.403	0.391	0.4
0.588	0.515	0.522	0.525	0.522	0.447	0.4	0.4	0.393	0.405
0.601	0.52	0.525	0.52	0.522	0.454	0.4	0.398	0.391	0.398
0.601	0.522	0.53	0.513	0.52	0.457	0.403	0.4	0.388	0.396
0.601	0.527	0.53	0.508	0.522	0.457	0.408	0.405	0.393	0.398
0.598	0.522	0.525	0.513	0.518	0.457	0.408	0.405	0.403	0.398
0.596	0.518	0.525	0.515	0.52	0.459	0.405	0.4	0.4	0.4
0.598	0.518	0.522	0.549	0.525	0.454	0.4	0.4	0.393	0.41
0.603	0.522	0.515	0.547	0.527	0.457	0.396	0.396	0.391	0.4
0.596	0.522	0.579	0.549	0.522	0.459	0.403	0.398	0.388	0.42
0.588	0.522	0.608	0.559	0.525	0.459	0.408	0.403	0.393	0.466
0.586	0.522	0.627	0.562	0.53	0.459	0.4	0.449	0.403	0.452
0.583	0.518	0.635	0.562	0.588	0.457	0.403	0.432	0.413	0.469
0.586	0.515	0.618	0.557	0.681	0.466	0.422	0.422	0.479	0.444
0.623	0.522	0.686	0.552	0.752	0.5	0.432	0.41	0.559	0.425
0.649	0.525	0.813	0.542	0.784	0.491	0.427	0.408	0.679	0.415
0.718	0.525	0.947	0.537	0.791	0.486	0.417	0.408	0.769	0.42
0.823	0.537	1.057	0.535	0.806	0.483	0.449	0.437	0.845	0.452
0.911	0.557	1.123	0.532	0.967	0.469	0.481	0.466	0.906	0.476
0.952	0.586	1.152	0.535	1.045	0.5	0.508	0.496	0.945	0.496
1.069	0.618	1.169	0.53	1.096	0.53	0.554	0.527	0.977	0.503
1.213	0.647	1.174	0.525	1.152	0.562	0.64	0.547	0.996	0.513
1.296	0.688	1.172	0.527	1.204	0.583	0.72	0.557	1.028	0.527
1.318	0.725	1.16	0.527	1.26	0.601	0.791	0.569	1.069	0.537
1.306	0.747	1.15	0.535	1.338	0.63	0.845	0.571	1.094	0.54
1.304	0.769	1.14	0.554	1.372	0.64	0.864	0.579	1.104	0.547
1.318	0.798	1.135	0.569	1.296	0.647	0.881	0.579	1.111	0.542
1.326	0.808	1.123	0.562	1.245	0.654	0.894	0.583	1.125	0.542
1.331	0.823	1.111	0.583	1.248	0.664	0.896	0.586	1.14	0.549
1.323	0.84	1.094	0.62	1.299	0.667	0.894	0.588	1.15	0.559
1.292	0.852	1.047	0.657	1.411	0.659	0.889	0.588	1.147	0.566
1.267	0.867	0.994	0.676	1.489	0.657	0.874	0.583	1.138	0.574
1.248	0.869	0.952	0.735	1.545	0.664	0.867	0.574	1.096	0.564
1.248	0.862	0.903	0.857	1.587	0.664	0.864	0.518	1.057	0.564
1.287	0.825	0.793	0.991	1.594	0.669	0.862	0.544	1.038	0.566
1.365	0.759	0.696	1.074	1.597	0.688	0.867	0.564	0.994	0.571
1.328	0.73	0.635	1.172	1.609	0.706	0.854	0.615	0.925	0.605
1.248	0.725	0.652	1.204	1.624	0.742	0.847	0.593	0.872	0.659
1.201	0.723	0.645	1.326	1.631	0.742	0.842	0.544	0.825	0.706
1.174	0.713	0.64	1.318	1.631	0.798	0.83	0.5	0.774	0.745
1.16	0.698	0.623	1.304	1.594	0.95	0.803	0.481	0.723	0.774
1.155	0.691	0.593	1.35	1.519	1.035	0.745	0.476	0.671	0.798
1.143	0.681	0.554	1.384	1.421	1.106	0.659	0.493	0.654	0.811
1.084	0.625	0.552	1.45	1.338	1.101	0.586	0.464	0.647	0.781
1.013	0.583	0.613	1.531	1.23	0.989	0.522	0.442	0.63	0.857
0.974	0.564	0.75	1.636	1.064	0.979	0.5	0.437	0.635	1.047
0.896	0.552	0.818	1.729	0.979	1.035	0.498	0.459	0.637	1.26
0.776	0.537	0.818	1.797	0.942	1.079	0.579	0.469	0.732	1.411
0.684	0.53	0.811	1.865	0.903	1.086	0.752	0.471	0.774	1.55
0.637	0.53	0.818	1.895	0.833	1.067	0.913	0.454	0.798	1.643
0.613	0.525	0.828	1.909	0.781	1.028	0.984	0.679	0.786	1.726
0.596	0.527	0.879	1.953	0.715	0.989	1.042	0.886	0.791	1.75
0.62	0.527	0.933	1.992	0.708	0.952	1.077	1.028	0.798	1.799
0.625	0.525	0.969	2.029	0.811	0.923	1.152	1.118	0.806	1.829
0.642	0.522	0.994	2.061	0.901	0.933	1.169	1.191	0.811	1.873
0.635	0.525	1.013	2.051	0.991	0.937	1.211	1.167	0.813	1.917
0.649	0.527	1.028	2.029	1.04	0.947	1.27	1.077	0.825	1.941
0.667	0.537	1.04	1.982	1.057	0.984	1.326	1.03	0.837	1.946
0.654	0.542	1.057	1.934	1.028	1.047	1.375	1.033	0.852	1.924
0.623	0.542	1.067	1.836	1.001	1.067	1.406	1.035	0.842	1.887
0.625	0.54	1.072	1.719	0.984	1.072	1.428	1.038	0.825	1.846
0.667	0.542	1.077	1.658	0.986	1.074	1.458	1.011	0.825	1.821
0.713	0.542	1.074	1.619	0.981	1.079	1.492	0.984	0.83	1.799
0.779	0.579	1.074	1.558	0.974	1.082	1.514	0.952	0.842	1.743
0.825	0.667	1.082	1.438	0.974	1.086	1.516	0.937	0.85	1.636
0.864	0.75	1.082	1.355	0.967	1.074	1.526	0.928	0.857	1.548
0.928	0.811	1.072	1.238	0.972	1.072	1.528	0.913	0.847	1.489
0.972	0.85	1.055	1.187	0.991	1.067	1.526	0.891	0.842	1.414
1.006	0.874	1.035	1.13	1.023	1.079	1.521	0.874	0.84	1.333
1.025	0.898	1.03	1.025	1.013	1.084	1.492	0.859	0.835	1.25
1.04	0.925	1.028	0.942	0.964	1.018	1.472	0.869	0.808	1.152
1.062	0.942	1.011	0.869	0.959	0.935	1.433	0.925	0.791	1.079
1.072	0.969	0.945	0.803	0.964	0.837	1.36	0.984	0.742	0.984
1.072	0.984	0.955	0.713	0.959	0.767	1.265	0.947	0.73	0.947
1.079	1.001	0.935	0.637	0.92	0.735	1.165	0.859	0.693	0.908
1.086	1.011	0.869	0.591	0.808	0.667	1.101	0.835	0.615	0.754
1.084	1.025	0.801	0.564	0.693	0.588	1.06	0.879	0.571	0.654
1.089	1.03	0.767	0.549	0.623	0.518	1.021	0.928	0.513	0.593
1.096	1.038	0.691	0.544	0.581	0.471	0.981	0.898	0.474	0.54
1.091	1.042	0.625	0.54	0.559	0.444	0.918	0.818	0.442	0.505
1.062	1.038	0.579	0.532	0.547	0.43	0.857	0.718	0.427	0.466
1.038	1.042	0.554	0.525	0.532	0.427	0.779	0.62	0.42	0.439
1.028	1.042	0.54	0.522	0.525	0.42	0.669	0.552	0.41	0.427
1.023	1.04	0.525	0.522	0.52	0.413	0.571	0.503	0.41	0.427
0.986	1.04	0.518	0.527	0.522	0.405	0.508	0.461	0.405	0.42
0.935	1.038	0.513	0.525	0.527	0.403	0.469	0.437	0.4	0.413
0.874	1.013	0.51	0.518	0.53	0.403	0.437	0.422	0.393	0.408
0.779	0.989	0.51	0.515	0.525	0.41	0.425	0.417	0.393	0.403
0.693	0.955	0.513	0.513	0.52	0.41	0.417	0.415	0.396	0.403
0.635	0.879	0.508	0.518	0.513	0.403	0.415	0.413	0.398	0.41
0.598	0.786	0.508	0.525	0.518	0.4	0.408	0.405	0.398	0.408
0.579	0.701	0.5	0.52	0.52	0.396	0.408	0.4	0.393	0.405
0.566	0.635	0.5	0.518	0.515	0.396	0.4	0.4	0.391	0.4
0.557	0.596	0.503	0.515	0.508	0.405	0.403	0.403	0.388	0.396
0.547	0.571	0.505	0.51	0.503	0.403	0.408	0.405	0.391	0.4
0.542	0.549	0.508	0.515	0.503	0.396	0.408	0.405	0.393	0.405
0.54	0.54	0.51	0.525	0.505	0.393	0.405	0.403	0.393	0.405
0.54	0.53	0.496	0.525	0.513	0.391	0.405	0.396	0.388	0.405
0.542	0.527	0.498	0.513	0.51	0.396	0.396	0.391	0.388	0.4
0.54	0.527	0.5	0.508	0.505	0.403	0.4	0.4	0.383	0.398
0.54	0.53	0.503	0.508	0.503	0.4	0.403	0.408	0.386	0.403
0.54	0.53	0.503	0.513	0.503	0.396	0.403	0.405	0.391	0.405
0.535	0.525	0.503	0.52	0.51	0.393	0.403	0.4	0.393	0.408
0.532	0.52	0.498	0.518	0.52	0.391	0.403	0.396	0.386	0.408
0.537	0.522	0.503	0.518	0.52	0.393	0.396	0.396	0.388	0.4
0.535	0.525	0.503	0.513	0.515	0.4	0.4	0.4	0.383	0.398
0.532	0.527	0.508	0.515	0.51	0.4	0.403	0.41	0.388	0.403
0.532	0.527	0.505	0.52	0.5	0.396	0.405	0.403	0.391	0.403
0.527	0.522	0.508	0.52	0.503	0.391	0.403	0.4	0.391	0.405
0.532	0.52	0.498	0.52	0.505	0.398	0.403	0.396	0.388	0.403
0.537	0.52	0.5	0.513	0.508	0.398	0.396	0.393	0.388	0.4
0.537	0.522	0.503	0.508	0.503	0.403	0.4	0.398	0.381	0.396
0.537	0.525	0.505	0.505	0.5	0.403	0.403	0.405	0.386	0.405
0.537	0.527	0.505	0.513	0.498	0.4	0.405	0.403	0.391	0.405
0.532	0.52	0.5	0.515	0.505	0.396	0.403	0.398	0.388	0.405
0.535	0.52	0.496	0.515	0.51	0.396	0.4	0.393	0.388	0.405
0.54	0.518	0.498	0.515	0.508	0.4	0.398	0.393	0.388	0.4
0.54	0.52	0.5	0.513	0.503	0.403	0.4	0.398	0.386	0.4
0.537	0.522	0.503	0.51	0.5	0.403	0.403	0.405	0.386	0.405
0.535	0.527	0.505	0.515	0.498	0.4	0.405	0.4	0.391	0.403
0.532	0.52	0.5	0.554	0.505	0.396	0.405	0.398	0.393	0.41
0.535	0.52	0.5	0.725	0.508	0.396	0.396	0.417	0.388	0.405
0.537	0.518	0.498	0.957	0.503	0.43	0.396	0.476	0.386	0.4
0.535	0.522	0.5	1.072	0.505	0.505	0.398	0.84	0.383	0.4
0.535	0.525	0.508	1.165	0.503	0.657	0.403	1.228	0.388	0.415
0.527	0.527	0.51	1.257	0.498	0.881	0.403	1.479	0.393	0.439
0.527	0.52	0.5	1.309	0.5	1.042	0.405	1.599	0.393	0.479
0.532	0.518	0.496	1.323	0.503	1.15	0.398	1.68	0.393	0.576
0.535	0.522	0.496	1.309	0.503	1.187	0.398	1.733	0.386	0.686
0.537	0.52	0.498	1.296	0.498	1.206	0.4	1.768	0.386	0.737
0.54	0.525	0.5	1.287	0.496	1.313	0.405	1.79	0.391	0.767
0.53	0.527	0.503	1.274	0.503	1.426	0.454	1.812	0.43	0.82
0.53	0.52	0.496	1.252	0.505	1.548	0.591	1.819	0.549	0.859
0.532	0.518	0.491	1.233	0.51	1.689	0.862	1.802	0.703	0.903
0.535	0.515	0.496	1.211	0.513	1.812	1.113	1.792	0.806	0.964
0.532	0.522	0.5	1.187	0.51	1.87	1.26	1.763	0.903	1.035
0.535	0.525	0.505	1.155	0.505	1.78	1.328	1.653	1.001	1.099
0.527	0.522	0.508	1.145	0.505	1.562	1.379	1.492	1.057	1.145
0.54	0.52	0.52	1.118	0.515	1.416	1.438	1.267	1.118	1.201
0.596	0.515	0.593	1.13	0.527	1.274	1.465	1.042	1.216	1.23
0.754	0.518	0.718	1.177	0.588	1.135	1.479	0.852	1.306	1.255
0.928	0.522	0.928	1.233	0.657	0.942	1.567	0.701	1.365	1.274
1.16	0.527	1.062	1.133	0.767	0.781	1.638	0.588	1.362	1.301
1.211	0.522	1.108	0.996	0.933	0.659	1.672	0.515	1.362	1.328
1.216	0.518	1.094	0.823	1.067	0.562	1.689	0.471	1.367	1.284
1.243	0.513	1.104	0.708	1.155	0.498	1.643	0.447	1.338	1.216
1.306	0.515	1.143	0.647	1.194	0.469	1.567	0.435	1.257	1.123
1.409	0.522	1.177	0.593	1.213	0.449	1.462	0.432	1.138	1.042
1.526	0.53	1.199	0.562	1.238	0.435	1.348	0.42	1.038	0.959
1.604	0.525	1.216	0.542	1.289	0.422	1.206	0.415	0.933	0.911
1.682	0.52	1.211	0.535	1.323	0.413	1.086	0.405	0.884	0.857
1.738	0.518	1.194	0.532	1.348	0.41	0.972	0.4	0.828	0.74
1.809	0.52	1.101	0.522	1.367	0.408	0.847	0.396	0.72	0.637
1.89	0.525	1.028	0.518	1.377	0.41	0.701	0.403	0.598	0.547
1.924	0.532	0.959	0.518	1.377	0.408	0.593	0.403	0.52	0.491
1.941	0.559	0.894	0.52	1.335	0.405	0.53	0.403	0.476	0.464
1.941	0.708	0.837	0.522	1.282	0.4	0.479	0.4	0.457	0.442
1.895	0.876	0.779	0.522	1.235	0.403	0.449	0.396	0.432	0.427
1.799	0.989	0.703	0.518	1.204	0.4	0.432	0.396	0.413	0.415
1.609	1.035	0.632	0.513	1.135	0.405	0.422	0.403	0.408	0.41
1.455	1.045	0.593	0.52	1.064	0.405	0.42	0.405	0.405	0.408
1.37	1.042	0.559	0.518	0.999	0.403	0.422	0.405	0.405	0.408
1.311	1.055	0.537	0.52	0.916	0.4	0.41	0.4	0.403	0.408
1.216	1.072	0.522	0.52	0.825	0.403	0.405	0.396	0.398	0.405
1.113	1.101	0.513	0.515	0.723	0.4	0.403	0.396	0.391	0.4
1.003	1.123	0.518	0.513	0.64	0.405	0.425	0.403	0.393	0.398
0.847	1.133	0.522	0.515	0.588	0.405	0.408	0.403	0.393	0.398
0.75	1.106	0.513	0.515	0.559	0.4	0.413	0.403	0.4	0.403
0.669	1.064	0.508	0.518	0.535	0.396	0.405	0.4	0.403	0.405
0.62	1.047	0.505	0.518	0.527	0.4	0.4	0.396	0.396	0.403
0.593	1.008	0.503	0.515	0.525	0.4	0.4	0.398	0.391	0.4
0.581	0.959	0.505	0.513	0.52	0.405	0.4	0.4	0.391	0.398
0.562	0.879	0.513	0.52	0.515	0.41	0.408	0.41	0.393	0.396
0.549	0.769	0.508	0.52	0.518	0.403	0.413	0.415	0.398	0.403
0.544	0.674	0.505	0.525	0.515	0.4	0.403	0.444	0.403	0.403
0.547	0.615	0.503	0.525	0.515	0.403	0.398	0.461	0.396	0.4
0.547	0.581	0.503	0.52	0.515	0.43	0.398	0.449	0.391	0.403
0.549	0.566	0.508	0.518	0.508	0.464	0.403	0.583	0.391	0.396
0.542	0.549	0.51	0.515	0.5	0.652	0.405	0.713	0.396	0.4
0.537	0.54	0.51	0.52	0.505	0.696	0.405	0.806	0.398	0.4
0.535	0.53	0.505	0.522	0.508	0.723	0.403	0.876	0.405	0.408
0.535	0.522	0.503	0.52	0.51	0.759	0.398	0.935	0.396	0.405
0.54	0.525	0.5	0.515	0.508	0.813	0.396	0.989	0.391	0.405
0.542	0.532	0.51	0.527	0.505	0.903	0.4	1.04	0.393	0.396
0.537	0.53	0.51	0.574	0.503	1.008	0.405	1.074	0.396	0.398
0.535	0.527	0.508	0.601	0.505	1.099	0.405	1.094	0.4	0.403
0.53	0.522	0.5	0.627	0.508	1.13	0.4	1.14	0.396	0.403
0.535	0.518	0.496	0.801	0.508	1.147	0.396	1.218	0.396	0.403
0.537	0.52	0.498	1.011	0.508	1.157	0.396	1.287	0.391	0.417
0.54	0.527	0.508	1.196	0.505	1.16	0.398	1.353	0.391	0.583
0.537	0.527	0.508	1.284	0.505	1.15	0.405	1.396	0.396	0.735
0.53	0.525	0.5	1.348	0.508	1.143	0.405	1.418	0.403	0.83
0.535	0.522	0.496	1.382	0.508	1.138	0.403	1.428	0.398	0.889
0.535	0.518	0.491	1.394	0.508	1.133	0.398	1.436	0.417	0.964
0.544	0.522	0.493	1.445	0.505	1.128	0.396	1.438	0.435	1.035
0.547	0.53	0.503	1.538	0.503	1.104	0.398	1.414	0.452	1.069
0.54	0.53	0.5	1.616	0.5	1.082	0.405	1.362	0.469	1.113
0.537	0.527	0.503	1.714	0.498	1.069	0.403	1.277	0.481	1.123
0.535	0.522	0.505	1.777	0.498	1.091	0.4	1.228	0.461	1.133
0.537	0.52	0.503	1.833	0.498	1.035	0.396	1.165	0.432	1.14
0.547	0.522	0.508	1.863	0.498	0.981	0.396	1.089	0.522	1.135
0.547	0.527	0.515	1.892	0.496	0.94	0.398	1.045	0.652	1.125
0.542	0.53	0.515	1.936	0.496	0.974	0.405	0.986	0.859	1.123
0.54	0.525	0.513	1.978	0.488	0.886	0.4	0.928	1.018	1.123
0.537	0.522	0.508	2.007	0.491	0.845	0.405	0.83	1.079	1.123
0.542	0.522	0.505	2.004	0.491	0.73	0.4	0.706	1.111	1.121
0.552	0.525	0.505	2.002	0.491	0.637	0.522	0.625	1.133	1.106
0.547	0.525	0.513	1.958	0.488	0.564	0.657	0.576	1.147	1.091
0.544	0.525	0.513	1.914	0.491	0.505	0.72	0.527	1.201	1.086
0.54	0.522	0.51	1.907	0.488	0.474	0.808	0.488	1.26	1.069
0.54	0.518	0.505	1.831	0.486	0.454	0.901	0.476	1.311	1.042
0.542	0.515	0.503	1.836	0.488	0.452	0.996	0.479	1.377	1.018
0.552	0.522	0.505	1.753	0.488	0.444	1.045	0.457	1.448	1.038
0.547	0.522	0.515	1.633	0.476	0.432	1.084	0.437	1.506	1.028
0.54	0.525	0.51	1.567	0.466	0.422	1.157	0.427	1.548	0.996
0.537	0.52	0.518	1.409	0.466	0.417	1.216	0.417	1.587	0.933
0.537	0.518	0.662	1.267	0.474	0.408	1.248	0.41	1.602	0.93
0.542	0.518	0.808	1.14	0.481	0.403	1.284	0.408	1.619	0.786
0.549	0.522	0.947	1.035	0.481	0.403	1.294	0.403	1.562	0.664
0.544	0.522	1.145	0.835	0.481	0.405	1.301	0.405	1.465	0.596
0.542	0.522	1.274	0.718	0.481	0.405	1.316	0.408	1.384	0.54
0.537	0.522	1.331	0.645	0.479	0.408	1.331	0.405	1.296	0.513
0.537	0.518	1.365	0.605	0.488	0.4	1.328	0.4	1.201	0.515
0.54	0.518	1.394	0.579	0.491	0.398	1.379	0.4	1.125	0.515
0.544	0.52	1.44	0.564	0.493	0.403	1.414	0.398	0.974	0.483
0.544	0.522	1.467	0.54	0.569	0.405	1.416	0.403	0.901	0.464
0.542	0.525	1.479	0.532	0.742	0.408	1.357	0.405	0.811	0.459
0.566	0.52	1.484	0.535	0.879	0.41	1.24	0.403	0.654	0.459
0.564	0.515	1.489	0.535	1.111	0.4	1.125	0.4	0.559	0.459
0.557	0.515	1.487	0.532	1.287	0.4	1.021	0.398	0.496	0.442
0.581	0.52	1.489	0.532	1.389	0.403	0.937	0.396	0.457	0.422
0.791	0.52	1.479	0.525	1.438	0.405	0.955	0.403	0.435	0.41
0.896	0.522	1.458	0.52	1.433	0.408	0.916	0.405	0.43	0.408
1.057	0.52	1.438	0.525	1.455	0.408	0.889	0.405	0.42	0.408
1.252	0.522	1.426	0.525	1.489	0.4	0.786	0.403	0.41	0.41
1.401	0.537	1.409	0.527	1.499	0.398	0.659	0.398	0.403	0.405
1.484	0.547	1.392	0.527	1.482	0.403	0.576	0.398	0.391	0.4
1.504	0.554	1.375	0.522	1.47	0.405	0.513	0.403	0.391	0.396
1.506	0.559	1.345	0.52	1.438	0.41	0.476	0.405	0.398	0.396
1.519	0.542	1.318	0.522	1.423	0.405	0.454	0.405	0.398	0.4
1.553	0.532	1.265	0.527	1.416	0.4	0.437	0.403	0.396	0.408
1.589	0.53	1.199	0.53	1.421	0.398	0.427	0.398	0.391	0.403
1.633	0.525	1.155	0.527	1.423	0.4	0.42	0.396	0.386	0.398
1.658	0.527	1.104	0.52	1.431	0.405	0.415	0.4	0.386	0.393
1.677	0.527	1.03	0.518	1.411	0.403	0.413	0.405	0.396	0.396
1.689	0.537	1.013	0.522	1.421	0.4	0.41	0.405	0.393	0.403
1.687	0.698	0.999	0.525	1.428	0.396	0.403	0.405	0.396	0.408
1.68	0.845	0.857	0.527	1.309	0.396	0.396	0.398	0.388	0.403
1.646	1.001	0.757	0.515	1.167	0.398	0.405	0.4	0.383	0.396
1.565	1.106	0.706	0.51	1.143	0.403	0.4	0.403	0.386	0.396
1.509	1.167	0.667	0.513	1.045	0.405	0.405	0.403	0.393	0.396
1.472	1.199	0.62	0.513	0.94	0.403	0.403	0.405	0.393	0.403
1.428	1.201	0.586	0.518	0.801	0.398	0.396	0.405	0.393	0.41
1.377	1.182	0.579	0.522	0.691	0.396	0.393	0.398	0.388	0.403
1.348	1.16	0.579	0.515	0.623	0.398	0.405	0.417	0.386	0.4
1.34	1.162	0.557	0.51	0.581	0.405	0.398	0.452	0.388	0.396
1.23	1.155	0.54	0.513	0.549	0.408	0.4	0.63	0.396	0.4
1.091	1.157	0.525	0.518	0.542	0.4	0.4	0.862	0.4	0.405
1.042	1.16	0.513	0.52	0.527	0.396	0.396	0.984	0.398	0.413
0.862	1.165	0.51	0.522	0.52	0.396	0.393	1.062	0.396	0.405
0.745	1.143	0.505	0.515	0.513	0.398	0.4	1.101	0.391	0.398
0.667	1.096	0.505	0.51	0.498	0.403	0.398	1.118	0.396	0.398
0.618	1.069	0.508	0.508	0.491	0.408	0.4	1.125	0.396	0.4
0.588	1.04	0.503	0.513	0.486	0.4	0.403	1.123	0.4	0.403
0.576	0.884	0.5	0.518	0.491	0.396	0.4	1.111	0.4	0.403
0.566	0.798	0.5	0.52	0.491	0.396	0.396	1.116	0.396	0.403
0.557	0.725	0.5	0.513	0.493	0.398	0.4	1.13	0.393	0.4
0.547	0.681	0.503	0.508	0.481	0.405	0.4	1.123	0.396	0.398
0.535	0.649	0.503	0.51	0.474	0.408	0.403	1.028	0.396	0.4
0.53	0.63	0.498	0.513	0.471	0.4	0.403	0.937	0.403	0.405
0.532	0.62	0.496	0.515	0.466	0.396	0.398	0.84	0.4	0.405
0.53	0.588	0.496	0.522	0.449	0.396	0.396	0.771	0.393	0.403
0.535	0.562	0.496	0.515	0.474	0.4	0.4	0.73	0.388	0.4
0.535	0.547	0.498	0.513	0.466	0.427	0.398	0.693	0.398	0.396
0.532	0.537	0.498	0.513	0.466	0.461	0.403	0.64	0.396	0.398
0.53	0.53	0.496	0.515	0.474	0.593	0.4	0.562	0.403	0.408
0.532	0.522	0.496	0.522	0.476	0.786	0.396	0.496	0.396	0.408
0.532	0.518	0.498	0.527	0.481	0.923	0.393	0.457	0.391	0.403
0.537	0.515	0.503	0.547	0.486	1.003	0.393	0.437	0.388	0.403
0.532	0.52	0.508	0.576	0.479	1.089	0.396	0.425	0.391	0.396
0.53	0.52	0.508	0.593	0.476	1.135	0.4	0.417	0.388	0.398
0.527	0.518	0.505	0.625	0.479	1.162	0.393	0.417	0.393	0.408
0.53	0.518	0.503	0.662	0.479	1.179	0.396	0.405	0.391	0.403
0.53	0.51	0.503	0.679	0.483	1.23	0.393	0.403	0.386	0.403
0.535	0.515	0.505	0.681	0.488	1.252	0.393	0.398	0.381	0.4
0.535	0.518	0.51	0.701	0.483	1.26	0.396	0.4	0.386	0.398
0.53	0.515	0.51	0.715	0.479	1.252	0.4	0.403	0.386	0.415
0.527	0.518	0.51	0.73	0.479	1.238	0.415	0.405	0.391	0.427
0.527	0.518	0.508	0.73	0.481	1.157	0.469	0.398	0.388	0.43
0.527	0.508	0.503	0.718	0.488	1.055	0.566	0.391	0.383	0.454
0.532	0.513	0.505	0.708	0.491	0.991	0.671	0.396	0.381	0.493
0.53	0.515	0.51	0.698	0.486	0.928	0.754	0.4	0.381	0.544
0.525	0.518	0.513	0.686	0.483	0.867	0.789	0.4	0.386	0.574
0.52	0.515	0.51	0.671	0.486	0.828	0.801	0.405	0.386	0.571
0.513	0.518	0.513	0.662	0.488	0.796	0.803	0.398	0.388	0.562
0.515	0.513	0.505	0.659	0.493	0.769	0.801	0.393	0.381	0.549
0.518	0.513	0.508	0.654	0.491	0.708	0.801	0.393	0.381	0.544
0.522	0.518	0.51	0.642	0.488	0.62	0.803	0.398	0.383	0.522
0.522	0.52	0.51	0.635	0.483	0.552	0.806	0.403	0.383	0.52
0.527	0.518	0.513	0.62	0.483	0.503	0.803	0.403	0.386	0.53
0.518	0.515	0.515	0.598	0.486	0.461	0.801	0.396	0.386	0.54
0.522	0.51	0.51	0.588	0.491	0.437	0.789	0.393	0.381	0.544
0.525	0.513	0.51	0.574	0.488	0.427	0.759	0.396	0.381	0.549
0.527	0.518	0.513	0.571	0.486	0.427	0.701	0.4	0.378	0.552
0.525	0.518	0.515	0.552	0.479	0.415	0.652	0.405	0.383	0.557
0.522	0.52	0.515	0.544	0.479	0.408	0.649	0.4	0.386	0.559
0.513	0.513	0.515	0.542	0.481	0.4	0.649	0.398	0.383	0.557
0.518	0.513	0.508	0.537	0.491	0.4	0.662	0.396	0.378	0.552
0.522	0.513	0.508	0.527	0.488	0.403	0.642	0.396	0.378	0.554
0.525	0.518	0.51	0.522	0.486	0.405	0.605	0.4	0.376	0.542
0.522	0.52	0.513	0.522	0.483	0.405	0.544	0.41	0.378	0.52
0.522	0.52	0.513	0.527	0.483	0.4	0.518	0.403	0.383	0.513
0.518	0.513	0.513	0.53	0.488	0.396	0.483	0.4	0.383	0.483
0.525	0.51	0.505	0.532	0.498	0.396	0.452	0.396	0.378	0.474
0.527	0.513	0.508	0.527	0.498	0.4	0.43	0.396	0.381	0.454
0.525	0.518	0.513	0.525	0.493	0.4	0.42	0.403	0.376	0.432
0.525	0.518	0.513	0.522	0.488	0.405	0.415	0.41	0.381	0.43
0.525	0.52	0.51	0.527	0.488	0.398	0.413	0.403	0.381	0.43
0.525	0.513	0.503	0.527	0.493	0.393	0.408	0.4	0.381	0.422
0.53	0.51	0.503	0.527	0.498	0.393	0.398	0.396	0.378	0.415
0.535	0.513	0.5	0.525	0.496	0.4	0.398	0.396	0.381	0.408
0.535	0.518	0.503	0.52	0.491	0.4	0.4	0.4	0.376	0.403
0.566	0.518	0.503	0.52	0.483	0.4	0.403	0.408	0.381	0.408
0.62	0.52	0.508	0.532	0.483	0.396	0.4	0.4	0.383	0.408
0.952	0.513	0.505	0.53	0.491	0.393	0.403	0.398	0.383	0.408
1.206	0.51	0.503	0.53	0.493	0.393	0.393	0.396	0.383	0.405
1.326	0.515	0.53	0.527	0.493	0.403	0.396	0.391	0.381	0.403
1.396	0.518	0.547	0.522	0.488	0.403	0.398	0.4	0.381	0.4
1.44	0.52	0.579	0.522	0.483	0.408	0.403	0.405	0.386	0.403
1.458	0.52	0.715	0.532	0.486	0.4	0.398	0.403	0.386	0.405
1.46	0.515	0.789	0.53	0.498	0.396	0.403	0.398	0.386	0.405
1.472	0.515	0.84	0.532	0.53	0.4	0.393	0.393	0.398	0.403
1.462	0.515	0.879	0.53	0.549	0.408	0.393	0.396	0.42	0.4
1.433	0.52	0.911	0.525	0.586	0.405	0.396	0.403	0.457	0.4
1.384	0.525	0.933	0.525	0.627	0.405	0.4	0.405	0.569	0.403
1.321	0.527	0.95	0.527	0.659	0.403	0.4	0.4	0.657	0.403
1.277	0.537	0.962	0.525	0.688	0.398	0.398	0.464	0.701	0.403
1.196	0.549	0.974	0.522	0.784	0.4	0.391	0.708	0.703	0.403
1.091	0.566	0.974	0.518	0.898	0.405	0.393	0.791	0.693	0.398
1.006	0.583	0.979	0.515	0.974	0.405	0.393	0.937	0.71	0.4
0.928	0.593	0.981	0.52	1.028	0.405	0.398	1.162	0.754	0.4
0.903	0.591	0.964	0.522	1.055	0.403	0.403	1.86	0.791	0.405
0.898	0.581	0.864	0.525	1.079	0.398	0.398	2.493	0.806	0.405
0.835	0.576	0.789	0.527	1.108	0.4	0.391	2.795	0.82	0.403
0.769	0.576	0.72	0.522	1.23	0.405	0.391	2.976	0.845	0.4
0.696	0.579	0.647	0.522	1.304	0.405	0.396	3.018	0.854	0.403
0.627	0.583	0.601	0.525	1.316	0.405	0.4	2.998	0.874	0.403
0.574	0.576	0.574	0.53	1.208	0.4	0.403	3	0.889	0.405
0.547	0.571	0.544	0.532	1.14	0.398	0.398	3.003	0.847	0.408
0.527	0.571	0.532	0.532	1.084	0.4	0.391	2.986	0.793	0.405
0.52	0.569	0.522	0.53	0.991	0.4	0.393	2.952	0.742	0.403
0.513	0.574	0.525	0.527	0.92	0.405	0.396	2.905	0.735	0.405
0.508	0.569	0.527	0.535	0.857	0.405	0.4	2.769	0.713	0.403
0.5	0.549	0.522	0.532	0.791	0.4	0.403	2.585	0.627	0.408
0.498	0.537	0.518	0.535	0.701	0.398	0.398	2.346	0.552	0.408
0.5	0.535	0.513	0.53	0.64	0.403	0.396	2.083	0.488	0.405
0.5	0.532	0.513	0.53	0.596	0.4	0.393	1.941	0.444	0.403
0.5	0.537	0.515	0.527	0.564	0.405	0.4	1.816	0.422	0.403
0.498	0.554	0.52	0.532	0.537	0.408	0.403	1.658	0.41	0.403
0.496	0.549	0.515	0.532	0.522	0.4	0.403	1.489	0.405	0.408
0.493	0.535	0.51	0.535	0.515	0.398	0.398	1.299	0.398	0.408
0.498	0.525	0.508	0.54	0.51	0.403	0.396	1.108	0.388	0.405
0.5	0.527	0.51	0.532	0.505	0.405	0.393	0.935	0.383	0.4
0.503	0.527	0.513	0.532	0.498	0.525	0.396	0.776	0.383	0.403
0.498	0.527	0.515	0.535	0.496	0.62	0.4	0.691	0.386	0.403
0.496	0.522	0.513	0.535	0.496	0.728	0.403	0.605	0.391	0.405
0.493	0.518	0.51	0.54	0.493	0.94	0.393	0.532	0.391	0.405
0.498	0.515	0.503	0.537	0.493	1.392	0.393	0.481	0.383	0.405
0.5	0.515	0.508	0.535	0.498	3.025	0.393	0.464	0.381	0.403
0.508	0.52	0.513	0.532	0.493	3.481	0.396	0.444	0.381	0.4
0.5	0.522	0.515	0.535	0.491	3.667	0.4	0.432	0.383	0.403
0.498	0.518	0.51	0.537	0.496	3.867	0.405	0.42	0.388	0.405
0.498	0.515	0.505	0.742	0.491	4.167	0.396	0.41	0.391	0.405
0.5	0.51	0.505	0.842	0.496	4.407	0.393	0.405	0.381	0.405
0.503	0.515	0.505	0.879	0.493	4.69	0.391	0.408	0.381	0.403
0.505	0.52	0.51	1.135	0.488	4.902	0.396	0.405	0.381	0.403
0.5	0.52	0.513	1.624	0.486	4.993	0.4	0.408	0.383	0.403
0.496	0.518	0.508	2.466	0.493	4.856	0.4	0.403	0.388	0.405
0.498	0.515	0.505	2.925	0.493	4.604	0.393	0.396	0.391	0.408
0.498	0.513	0.503	2.981	0.496	4.382	0.396	0.393	0.381	0.403
0.5	0.513	0.503	3.03	0.496	4.124	0.391	0.398	0.378	0.405
0.5	0.522	0.508	3.054	0.493	3.733	0.396	0.398	0.378	0.398
0.496	0.518	0.513	3.108	0.493	3.354	0.403	0.4	0.383	0.403
0.493	0.515	0.508	3.11	0.493	3.03	0.4	0.398	0.388	0.405
0.493	0.513	0.505	3.13	0.496	2.695	0.396	0.393	0.391	0.405
0.496	0.51	0.505	3.069	0.498	2.463	0.391	0.391	0.383	0.417
0.5	0.515	0.508	2.935	0.498	2.163	0.391	0.398	0.378	0.488
0.503	0.522	0.513	2.756	0.493	1.841	0.396	0.398	0.381	0.508
0.498	0.518	0.513	2.598	0.491	1.648	0.403	0.4	0.386	0.52
0.493	0.515	0.508	2.532	0.496	1.467	0.398	0.396	0.391	0.554
0.493	0.51	0.508	2.419	0.498	1.267	0.393	0.393	0.388	0.703
0.498	0.51	0.505	2.275	0.5	1.04	0.391	0.388	0.383	1.118
0.5	0.513	0.508	2.107	0.5	0.884	0.391	0.393	0.381	1.838
0.5	0.52	0.515	1.963	0.498	0.767	0.398	0.413	0.381	2.217
0.498	0.518	0.515	1.799	0.498	0.667	0.405	0.4	0.383	2.4
0.493	0.515	0.51	1.68	0.496	0.583	0.403	0.393	0.388	2.458
0.493	0.513	0.508	1.599	0.498	0.535	0.396	0.391	0.386	2.473
0.496	0.513	0.505	1.531	0.5	0.498	0.393	0.391	0.383	2.461
0.503	0.515	0.508	1.504	0.498	0.479	0.393	0.391	0.381	2.485
0.496	0.52	0.515	1.45	0.5	0.469	0.398	0.396	0.378	2.502
0.496	0.518	0.513	1.316	0.503	0.457	0.405	0.398	0.383	2.532
0.493	0.518	0.51	1.152	0.496	0.454	0.403	0.396	0.388	2.544
0.496	0.513	0.508	1.013	0.496	0.449	0.396	0.417	0.386	2.549
0.498	0.515	0.503	0.906	0.498	0.442	0.391	0.498	0.378	2.524
0.508	0.518	0.508	0.833	0.498	0.442	0.391	0.535	0.378	2.405
0.505	0.52	0.515	0.742	0.493	0.444	0.398	0.542	0.378	2.263
0.498	0.522	0.513	0.662	0.498	0.444	0.403	0.64	0.383	2.051
0.496	0.518	0.51	0.62	0.493	0.439	0.4	0.823	0.391	1.802
0.496	0.513	0.508	0.591	0.498	0.439	0.396	1.56	0.386	1.567
0.498	0.513	0.508	0.564	0.5	0.442	0.391	2.175	0.388	1.377
0.508	0.518	0.508	0.552	0.498	0.444	0.396	2.554	0.518	1.189
0.5	0.518	0.515	0.557	0.496	0.449	0.398	2.795	0.576	1.008
0.498	0.52	0.515	0.579	0.496	0.447	0.4	2.935	0.652	0.847
0.496	0.518	0.51	0.579	0.491	0.442	0.4	3.059	0.862	0.706
0.493	0.513	0.505	0.569	0.493	0.439	0.393	3.169	1.611	0.598
0.496	0.513	0.503	0.557	0.493	0.435	0.391	3.308	2.356	0.532
0.518	0.52	0.508	0.547	0.493	0.439	0.391	3.403	2.827	0.479
0.776	0.52	0.51	0.537	0.491	0.439	0.4	3.45	3.096	0.449
0.854	0.518	0.505	0.535	0.493	0.439	0.403	3.442	3.274	0.444
0.986	0.518	0.508	0.537	0.493	0.439	0.4	3.413	3.386	0.454
1.238	0.518	0.503	0.537	0.498	0.432	0.396	3.354	3.479	0.449
1.55	0.554	0.505	0.537	0.503	0.435	0.393	3.291	3.579	0.437
2.263	0.588	0.505	0.537	0.503	0.442	0.396	3.159	3.66	0.42
2.922	0.593	0.508	0.527	0.498	0.442	0.403	2.856	3.755	0.41
3.132	0.598	0.51	0.527	0.496	0.444	0.4	2.454	3.818	0.41
3.198	0.698	0.508	0.532	0.498	0.447	0.4	2.039	3.821	0.41
3.213	1.064	0.505	0.532	0.5	0.437	0.396	1.636	3.755	0.41
3.201	2.021	0.503	0.535	0.5	0.437	0.391	1.362	3.53	0.41
3.135	2.668	0.51	0.532	0.498	0.437	0.393	1.177	3.196	0.403
3.11	2.998	0.51	0.53	0.498	0.452	0.403	1.04	2.769	0.4
3.108	3.179	0.513	0.532	0.491	0.544	0.405	0.93	2.41	0.403
3.071	3.279	0.527	0.532	0.491	0.593	0.398	0.801	2.102	0.405
2.993	3.381	0.647	0.532	0.493	0.625	0.396	0.654	1.897	0.408
2.883	3.481	0.747	0.535	0.496	0.801	0.388	0.559	1.758	0.408
2.805	3.56	0.867	0.535	0.496	2.231	0.393	0.498	1.587	0.403
2.612	3.567	1.052	0.53	0.496	3.259	0.403	0.466	1.313	0.4
2.395	3.577	1.304	0.53	0.488	3.77	0.396	0.444	1.033	0.4
2.229	3.586	1.633	0.532	0.491	4.102	0.4	0.43	0.803	0.405
2.058	3.591	1.858	0.535	0.493	4.333	0.396	0.42	0.654	0.41
1.804	3.594	2.112	0.535	0.493	4.585	0.388	0.408	0.559	0.405
1.584	3.43	2.273	0.53	0.493	4.756	0.393	0.408	0.5	0.4
1.411	3.135	2.395	0.525	0.493	4.854	0.4	0.41	0.471	0.4
1.257	2.822	2.524	0.527	0.488	4.873	0.405	0.41	0.457	0.403
1.057	2.512	2.612	0.527	0.488	4.849	0.4	0.405	0.439	0.405
0.879	2.244	2.671	0.53	0.493	4.817	0.396	0.417	0.425	0.413
0.767	1.938	2.715	0.527	0.496	4.749	0.396	0.432	0.415	0.405
0.686	1.584	2.751	0.522	0.491	4.631	0.396	0.454	0.41	0.4
0.62	1.304	2.778	0.52	0.496	4.509	0.398	0.464	0.408	0.4
0.571	1.082	2.812	0.518	0.491	4.197	0.4	0.481	0.415	0.403
0.54	0.937	2.825	0.525	0.488	3.777	0.4	0.479	0.415	0.405
0.522	0.825	2.8	0.527	0.491	3.33	0.396	0.498	0.41	0.413
0.518	0.754	2.649	0.532	0.491	2.852	0.391	0.53	0.405	0.432
0.508	0.71	2.415	0.522	0.493	2.246	0.398	0.562	0.4	0.491
0.505	0.686	2.151	0.518	0.491	1.755	0.398	0.615	0.4	0.525
0.498	0.659	1.921	0.518	0.483	1.426	0.4	0.918	0.408	0.637
0.491	0.63	1.733	0.52	0.488	1.184	0.4	1.248	0.408	1.021
0.491	0.603	1.501	0.544	0.486	1.013	0.393	1.504	0.405	2.556
0.498	0.581	1.243	0.605	0.491	0.884	0.391	1.56	0.4	3.42
0.5	0.559	0.996	0.593	0.496	0.774	0.403	1.531	0.393	3.918
0.5	0.549	0.825	0.676	0.488	0.652	0.398	1.519	0.4	4.292
0.496	0.54	0.72	0.92	0.486	0.564	0.403	1.523	0.405	4.543
0.493	0.532	0.664	2.292	0.491	0.498	0.4	1.533	0.408	4.724
0.493	0.527	0.635	3.04	0.488	0.469	0.396	1.545	0.405	4.839
0.493	0.527	0.598	3.289	0.488	0.471	0.391	1.558	0.398	4.871
0.498	0.532	0.571	3.472	0.493	0.447	0.396	1.553	0.4	4.895
0.496	0.535	0.559	3.625	0.486	0.439	0.398	1.528	0.4	4.939
0.491	0.532	0.547	3.811	0.483	0.43	0.4	1.504	0.4	4.961
0.491	0.53	0.54	4.124	0.481	0.415	0.4	1.47	0.403	5.005
0.493	0.525	0.532	4.355	0.488	0.405	0.396	1.421	0.403	4.963
0.493	0.525	0.532	4.502	0.496	0.403	0.393	1.389	0.398	4.888
0.496	0.527	0.527	4.561	0.498	0.403	0.396	1.353	0.405	4.758
0.496	0.53	0.53	4.597	0.491	0.408	0.398	1.301	0.403	4.641
0.491	0.53	0.532	4.583	0.503	0.435	0.398	1.255	0.41	4.363
0.488	0.525	0.53	4.556	0.579	0.474	0.398	1.206	0.566	3.862
0.493	0.52	0.527	4.458	0.64	0.52	0.393	1.174	2.732	3.291
0.493	0.518	0.525	4.199	0.715	0.579	0.396	1.108	4.336	2.649
0.496	0.52	0.522	3.799	0.769	0.625	0.393	1.006	4.883	2.002
0.493	0.525	0.525	3.281	0.789	0.62	0.398	0.906	5.176	1.545
0.491	0.525	0.525	2.8	0.952	0.737	0.4	0.798	5.488	1.262
0.488	0.522	0.525	2.441	1.292	1.057	0.398	0.706	5.908	1.079
0.488	0.522	0.522	2.031	1.741	1.353	0.393	0.605	6.26	0.94
0.491	0.518	0.525	1.665	2.195	1.584	0.393	0.542	6.526	0.815
0.493	0.52	0.525	1.404	2.48	1.75	0.396	0.5	6.851	0.669
0.491	0.525	0.527	1.216	2.627	1.843	0.398	0.466	7.134	0.564
0.491	0.525	0.527	1.121	2.766	1.855	0.4	0.444	7.354	0.503
0.486	0.525	0.525	0.984	2.852	1.829	0.398	0.43	7.371	0.474
0.491	0.525	0.522	0.825	2.92	1.802	0.396	0.413	7.341	0.447
0.493	0.518	0.522	0.706	2.998	1.802	0.396	0.427	7.253	0.43
0.515	0.522	0.522	0.645	3.062	1.809	0.393	0	6.992	0.417
0.579	0.527	0.527	0.61	3.088	1.814	0.396	0	6.475	0.41
0.583	0.527	0.527	0.588	3.079	1.799	0.4	0	5.791	0.41
0.681	0.522	0.525	0.571	3.047	1.772	0.393	0	5.105	0.415
0.977	0.525	0.525	0.559	3.032	1.777	0.393	0	4.087	0.415
2.38	0.52	0.52	0.544	2.988	1.763	0.396	0	3.347	0.405
3.306	0.522	0.522	0.535	2.922	1.768	0.454	0	2.666	0.4
3.823	0.547	0.525	0.525	2.712	1.782	0.579	0	2.036	0.398
4.141	0.579	0.525	0.515	2.366	1.782	0.735	0	1.543	0.403
4.307	0.688	0.522	0.518	2.109	1.777	0.771	0	1.294	0.408
4.409	0.989	0.522	0.522	1.897	1.772	0.737	0	1.101	0.403
4.475	2.507	0.515	0.518	1.621	1.775	0.825	0	0.93	0.403
4.468	3.481	0.518	0.515	1.313	1.763	1.011	0	0.762	0.398
4.424	3.892	0.522	0.513	1.033	1.743	1.24	0	0.63	0.398
4.392	4.087	0.522	0.513	0.837	1.699	1.582	0	0.547	0.403
4.333	4.189	0.518	0.515	0.718	1.675	1.914	0	0.498	0.408
4.263	4.297	0.52	0.52	0.647	1.604	2.024	0	0.464	0.437
4.163	4.395	0.51	0.518	0.613	1.467	2.019	0	0.437	0.508
3.945	4.402	0.513	0.513	0.566	1.296	2.007	0	0.427	0.547
3.672	4.397	0.552	0.508	0.535	1.108	1.982	0	0.417	0.554
3.215	4.355	0.574	0.508	0.513	0.933	2.019	0	0.425	0.53
2.866	4.324	0.669	0.513	0.503	0.815	2.178	0	0.42	0.627
2.659	4.294	0.92	0.537	0.5	0	2.297	0	0.413	0.85
2.446	4.204	2.378	0.603	0.505	0	2.363	0	0.405	1.106
2.134	3.994	3.411	0.62	0.493	0	2.412	0	0.405	1.287
1.79	3.782	3.892	0.596	0.488	0	2.441	0	0.4	1.411
1.548	3.516	4.121	0.693	0.481	0	2.393	0	0.405	1.501
1.365	3.191	4.243	0.977	0.481	0	2.275	0	0.405	1.567
1.15	2.747	4.292	1.338	0.486	0	2.114	0	0.403	1.604
0.967	2.305	4.316	1.636	0.488	0	1.934	0	0.4	1.621
0.811	1.897	4.382	1.86	0.486	0	1.86	0	0.4	1.616
0.701	1.604	4.456	2.036	0.481	0	1.792	0	0.4	1.616
0.642	1.418	4.524	2.156	0.476	0	1.699	0	0.432	1.616
0.605	1.309	4.597	2.246	0.476	0	1.555	0	0.479	1.611
0.581	1.199	4.585	2.312	0.481	0	1.426	0	0.532	1.633
0.552	1.011	4.529	2.407	0.486	0	1.292	0	0.566	1.643
0.532	0.835	4.29	2.5	0.483	0	1.177	0	0.569	1.643
0.518	0.74	3.914	2.556	0.479	0	1.03	0	0.723	1.667
0.51	0.686	3.538	2.603	0.476	0	0.908	0	0.969	1.687
0.5	0.652	3.118	2.612	0.483	0	0.774	0	1.289	1.685
0.503	0.62	2.739	2.59	0.483	0	0.671	0	1.592	1.65
0.557	0.593	2.266	2.556	0.483	0	0.562	0	1.714	1.614
0.61	0.571	1.87	2.488	0.481	0	0.505	0	1.738	1.589
0.637	0.562	1.572	2.397	0.483	0	0.469	0	1.748	1.526
0.64	0.552	1.372	2.329	0.479	0	0.444	0	1.77	1.467
0.669	0.542	1.233	2.217	0.476	0	0.43	0	1.799	1.379
0.977	0.53	1.123	2.131	0.486	0	0.42	0	1.855	1.257
1.311	0.53	1.003	1.97	0.486	0	0.408	0	1.907	1.138
1.655	0.525	0.852	1.772	0.483	0	0.408	0	1.951	0.952
1.958	0.527	0.735	1.587	0.481	0	0.41	0	1.982	0.791
2.17	0.535	0.662	1.411	0.476	0	0.41	0	1.98	0.688
2.319	0.601	0.615	1.221	0.479	0	0.405	0	1.97	0.63
2.429	0.593	0.579	1.072	0.486	0	0.403	0	1.965	0.588
2.51	0.596	0.564	0.93	0.5	0	0.396	0	1.941	0.559
2.566	0.659	0.554	0.811	0.627	0	0.398	0	1.902	0.525
2.576	0.916	0.552	0.703	1.726	0	0.403	0	1.809	0.5
2.598	1.282	0.547	0.64	2.651	0	0.405	0	1.646	0
2.59	1.56	0.544	0.601	3.269	0	0.403	0	1.477	0
2.585	1.731	0.535	0.579	3.594	0	0.4	0	1.353	0
2.571	1.877	0.547	0.562	3.789	0	0.396	0	1.272	0
2.546	1.963	0.637	0.542	3.879	0	0.396	0	1.174	0
2.522	2.024	0.728	0.532	3.928	0	0.4	0	1.094	0
2.478	2.109	0.779	0	3.938	0	0.403	0	0.996	0
2.427	2.168	0.745	0	3.982	0	0.405	0	0.854	0
2.354	2.205	0.759	0	4.072	0	0.396	0	0.706	0
2.285	2.227	1.011	0	4.082	0	0.396	0	0.601	0
2.212	2.236	1.277	0	4.016	0	0.396	0	0.554	0
2.129	2.246	1.523	0	3.906	0	0.41	0	0.542	0
2.051	2.244	1.694	0	3.657	0	0.4	0	0.535	0
1.995	2.219	1.836	0	3.301	0	0.405	0	0.53	0
1.904	2.195	1.934	0	2.913	0	0.396	0	0.525	0
1.753	2.17	1.968	0	2.646	0	0.391	0	0.481	0
1.56	2.139	1.973	0	2.329	0	0.396	0	0	0
1.372	2.078	1.98	0	1.978	0	0.398	0	0	0
1.15	1.973	2.004	0	1.655	0	0.403	0	0	0
1.013	1.809	2.004	0	1.396	0	0.403	0	0	0
0.862	1.67	2.019	0	1.199	0	0.396	0	0	0
0.742	1.56	2.039	0	1.069	0	0.393	0	0	0
0	1.45	2.051	0	0.979	0	0.398	0	0	0
0	1.36	2.051	0	0.862	0	0.479	0	0	0
0	1.274	2.048	0	0.732	0	1.104	0	0	0
0	1.145	2.046	0	0.645	0	2.161	0	0	0
0	1.021	2.048	0	0.586	0	2.778	0	0	0
0	0.935	2.026	0	0.552	0	3.035	0	0	0
0	0.84	1.965	0	0.532	0	3.191	0	0	0
0	0.779	1.956	0	0.518	0	3.345	0	0	0
0	0	1.975	0	0.508	0	3.562	0	0	0
0	0	1.953	0	0.505	0	3.752	0	0	0
0	0	1.848	0	0.503	0	3.879	0	0	0
0	0	1.687	0	0.505	0	3.962	0	0	0
0	0	1.472	0	0.503	0	3.918	0	0	0
0	0	1.245	0	0.496	0	3.738	0	0	0
0	0	1.062	0	0.488	0	3.53	0	0	0
0	0	0.894	0	0.491	0	3.274	0	0	0
0	0	0.798	0	0.493	0	2.881	0	0	0
0	0	0.762	0	0.496	0	2.437	0	0	0
0	0	0.74	0	0.491	0	2.183	0	0	0
0	0	0	0	0.488	0	2.063	0	0	0
0	0	0	0	0.483	0	1.853	0	0	0
0	0	0	0	0.515	0	1.57	0	0	0
0	0	0	0	0.588	0	1.316	0	0	0
0	0	0	0	0.669	0	1.138	0	0	0
0	0	0	0	0.737	0	1.03	0	0	0
0	0	0	0	0.769	0	0.908	0	0	0
0	0	0	0	0.796	0	0.75	0	0	0
0	0	0	0	1.089	0	0.618	0	0	0
0	0	0	0	1.355	0	0.532	0	0	0
0	0	0	0	1.606	0	0.483	0	0	0
0	0	0	0	1.76	0	0.449	0	0	0
0	0	0	0	1.831	0	0.435	0	0	0
0	0	0	0	1.848	0	0.43	0	0	0
0	0	0	0	1.851	0	0.415	0	0	0
0	0	0	0	1.873	0	0.415	0	0	0
0	0	0	0	1.914	0	0.408	0	0	0
0	0	0	0	1.948	0	0.403	0	0	0
0	0	0	0	1.985	0	0.435	0	0	0
0	0	0	0	2.031	0	0.474	0	0	0
0	0	0	0	2.061	0	0.508	0	0	0
0	0	0	0	2.085	0	0.535	0	0	0
0	0	0	0	2.09	0	0.53	0	0	0
0	0	0	0	2.095	0	0.596	0	0	0
0	0	0	0	2.085	0	0.835	0	0	0
0	0	0	0	2.036	0	1.111	0	0	0
0	0	0	0	1.968	0	1.292	0	0	0
0	0	0	0	1.877	0	1.416	0	0	0
0	0	0	0	1.809	0	1.504	0	0	0
0	0	0	0	1.697	0	1.575	0	0	0
0	0	0	0	1.538	0	1.619	0	0	0
0	0	0	0	1.365	0	1.616	0	0	0
0	0	0	0	1.14	0	1.602	0	0	0
0	0	0	0	0.986	0	1.567	0	0	0
0	0	0	0	0.874	0	1.548	0	0	0
0	0	0	0	0.798	0	1.536	0	0	0
0	0	0	0	0.725	0	1.523	0	0	0
0	0	0	0	0.676	0	1.499	0	0	0
0	0	0	0	0.676	0	1.489	0	0	0
0	0	0	0	0	0	1.484	0	0	0
0	0	0	0	0	0	1.482	0	0	0
0	0	0	0	0	0	1.465	0	0	0
0	0	0	0	0	0	1.448	0	0	0
0	0	0	0	0	0	1.409	0	0	0
0	0	0	0	0	0	1.389	0	0	0
0	0	0	0	0	0	1.357	0	0	0
0	0	0	0	0	0	1.27	0	0	0
0	0	0	0	0	0	1.145	0	0	0
0	0	0	0	0	0	1.003	0	0	0
0	0	0	0	0	0	0.874	0	0	0
0	0	0	0	0	0	0.774	0	0	0
0	0	0	0	0	0	0.701	0	0	0
0	0	0	0	0	0	0.635	0	0	0
0	0	0	0	0	0	0.596	0	0	0
0	0	0	0	0	0	0.554	0	0	0
0	0	0	0	0	0	0.525	0	0	0
0	0	0	0	0	0	0.508	0	0	0
0	0	0	0	0	0	0.488	0	0	0
0	0	0	0	0	0	0.486	0	0	0
0	0	0	0	0	0	0.464	0	0	0
0	0	0	0	0	0	0.439	0	0	0
