0.173	0.183	0.303	0.356	0.483	0.388	0.413	0.298	0.3	0.308
0.176	0.183	0.305	0.361	0.481	0.393	0.413	0.3	0.3	0.31
0.176	0.183	0.303	0.369	0.479	0.388	0.41	0.3	0.303	0.31
0.176	0.183	0.303	0.378	0.481	0.388	0.415	0.3	0.293	0.31
0.176	0.186	0.303	0.374	0.476	0.386	0.415	0.3	0.3	0.305
0.173	0.188	0.305	0.381	0.479	0.386	0.415	0.303	0.298	0.31
0.178	0.188	0.305	0.381	0.476	0.383	0.415	0.298	0.298	0.305
0.176	0.188	0.303	0.383	0.474	0.381	0.415	0.3	0.303	0.31
0.176	0.186	0.303	0.381	0.479	0.383	0.413	0.3	0.303	0.31
0.173	0.19	0.308	0.383	0.479	0.386	0.415	0.3	0.303	0.298
0.173	0.186	0.3	0.383	0.476	0.381	0.42	0.3	0.3	0.31
0.173	0.183	0.303	0.381	0.479	0.388	0.422	0.3	0.3	0.31
0.173	0.183	0.298	0.371	0.474	0.386	0.415	0.3	0.303	0.308
0.171	0.183	0.298	0.374	0.483	0.383	0.417	0.298	0.3	0.308
0.173	0.188	0.3	0.378	0.474	0.386	0.415	0.293	0.298	0.308
0.171	0.178	0.3	0.376	0.471	0.383	0.415	0.298	0.3	0.312
0.171	0.181	0.298	0.374	0.469	0.383	0.415	0.298	0.295	0.312
0.173	0.181	0.298	0.376	0.469	0.383	0.415	0.293	0.3	0.312
0.173	0.181	0.293	0.432	0.476	0.388	0.417	0.3	0.298	0.305
0.171	0.183	0.3	0.681	0.474	0.393	0.413	0.298	0.3	0.308
0.171	0.183	0.303	2.187	0.474	0.393	0.415	0.3	0.3	0.308
0.168	0.186	0.303	2.988	0.479	0.393	0.415	0.303	0.3	0.31
0.173	0.208	0.315	2.693	0.481	0.396	0.413	0.3	0.303	0.312
0.168	0.315	0.344	2.515	0.481	0.393	0.413	0.293	0.298	0.312
0.171	0.586	0.444	2.432	0.471	0.408	0.405	0.303	0.295	0.308
0.261	1.851	1.284	2.361	0.518	0.417	0.405	0.3	0.3	0.303
0.576	2.471	2.559	2.339	2.146	0.471	0.403	0.298	0.3	0.31
1.782	2.302	2.798	2.368	4.087	1.372	0.4	0.3	0.3	0.308
2.056	2.141	2.51	2.371	3.73	3.306	0.403	0.298	0.3	0.305
1.687	2.065	2.388	2.38	3.044	3.494	0.413	0.312	0.308	0.386
1.467	2.026	2.288	2.344	2.703	3.235	0.422	0.52	0.486	1.611
1.382	1.96	2.217	2.307	2.6	3.003	0.447	1.807	3.533	2.607
1.301	1.902	2.168	2.1	2.605	2.878	1.14	2.427	5.405	2.515
1.255	1.809	2.029	1.819	2.627	2.751	2.791	2.253	4.924	2.043
1.165	1.562	1.78	1.528	2.666	2.622	2.949	1.931	4.346	1.638
0.989	1.299	1.436	1.296	2.703	2.522	2.507	1.729	3.984	1.414
0.833	1.091	1.187	1.04	2.749	2.168	2.056	1.58	3.792	1.292
0.779	0.916	1.077	0.903	2.786	1.831	1.826	1.46	3.682	1.226
0.754	0.835	0.952	0.818	2.798	1.501	1.721	1.394	3.608	1.172
0.725	0.808	0.881	0.715	2.751	1.296	1.667	1.357	3.433	1.118
0.635	0.764	0.798	0.618	2.629	1.106	1.616	1.343	2.92	1.018
0.549	0.671	0.679	0.574	2.385	0.93	1.541	1.294	2.263	0.874
0.469	0.601	0.61	0.503	2.034	0.789	1.384	1.216	1.873	0.764
0.386	0.562	0.532	0.432	1.621	0.664	1.245	1.077	1.609	0.669
0.322	0.503	0.464	0.381	1.25	0.557	1.082	0.937	1.404	0.586
0.295	0.417	0.398	0.344	0.994	0.503	0.942	0.771	1.179	0.505
0.259	0.364	0.349	0.325	0.85	0.437	0.835	0.664	0.937	0.454
0.225	0.334	0.325	0.31	0.742	0.403	0.703	0.637	0.754	0.435
0.208	0.312	0.303	0.3	0.615	0.371	0.596	0.588	0.635	0.42
0.198	0.3	0.293	0.293	0.52	0.337	0.515	0.537	0.566	0.415
0.2	0.291	0.291	0.293	0.437	0.317	0.439	0.503	0.515	0.391
0.19	0.288	0.291	0.288	0.378	0.303	0.403	0.479	0.483	0.359
0.186	0.286	0.286	0.288	0.342	0.31	0.376	0.454	0.488	0.347
0.183	0.283	0.283	0.286	0.315	0.295	0.332	0.442	0.483	0.33
0.181	0.278	0.283	0.286	0.298	0.291	0.308	0.41	0.488	0.315
0.181	0.281	0.286	0.283	0.291	0.288	0.295	0.378	0.481	0.322
0.183	0.283	0.286	0.283	0.286	0.286	0.291	0.359	0.459	0.315
0.178	0.281	0.283	0.283	0.283	0.281	0.283	0.339	0.442	0.315
0.178	0.278	0.278	0.276	0.281	0.281	0.278	0.325	0.432	0.315
0.181	0.281	0.278	0.276	0.278	0.278	0.281	0.315	0.432	0.31
0.178	0.278	0.278	0.278	0.278	0.273	0.276	0.31	0.437	0.308
0.181	0.281	0.276	0.278	0.281	0.281	0.273	0.308	0.432	0.31
0.178	0.281	0.276	0.286	0.278	0.276	0.278	0.303	0.427	0.308
0.181	0.281	0.276	0.288	0.276	0.276	0.273	0.303	0.43	0.305
0.178	0.281	0.276	0.288	0.276	0.269	0.273	0.303	0.42	0.308
0.181	0.283	0.278	0.288	0.276	0.276	0.276	0.3	0.417	0.31
0.181	0.278	0.283	0.291	0.276	0.276	0.278	0.308	0.415	0.308
0.178	0.281	0.278	0.295	0.273	0.276	0.276	0.3	0.415	0.31
0.176	0.281	0.286	0.291	0.273	0.276	0.273	0.303	0.413	0.31
0.176	0.281	0.283	0.283	0.276	0.278	0.276	0.3	0.413	0.308
0.181	0.283	0.281	0.288	0.276	0.276	0.273	0.3	0.422	0.31
0.176	0.286	0.281	0.286	0.278	0.276	0.269	0.298	0.43	0.308
0.181	0.281	0.283	0.283	0.278	0.278	0.269	0.298	0.432	0.31
0.186	0.278	0.278	0.283	0.283	0.276	0.269	0.298	0.425	0.315
0.288	0.278	0.278	0.281	0.281	0.276	0.266	0.298	0.425	0.315
0.386	0.281	0.281	0.283	0.278	0.276	0.273	0.295	0.42	0.315
0.366	0.298	0.281	0.283	0.276	0.276	0.278	0.3	0.417	0.317
0.295	0.881	0.281	0.283	0.281	0.276	0.276	0.3	0.417	0.317
0.249	0.891	0.278	0.286	0.273	0.278	0.281	0.308	0.425	0.317
0.22	0.693	0.283	0.283	0.278	0.281	0.278	0.3	0.425	0.317
0.205	0.576	0.278	0.283	0.276	0.278	0.283	0.3	0.417	0.32
0.195	0.508	0.276	0.469	0.278	0.278	0.283	0.298	0.42	0.32
0.203	0.476	0.283	1.987	0.276	0.278	0.283	0.3	0.422	0.322
0.22	0.457	0.383	1.501	0.276	0.286	0.283	0.303	0.417	0.32
0.229	0.452	0.925	1.069	0.276	0.286	0.283	0.3	0.42	0.32
0.237	0.439	0.769	0.898	0.273	0.923	0.283	0.3	0.417	0.322
0.239	0.442	0.583	0.969	0.747	0.986	0.286	0.303	0.42	0.322
0.242	0.437	0.464	1.067	2.688	0.803	0.283	0.298	0.408	0.32
0.242	0.444	0.398	1.147	2.002	0.73	0.283	0.317	0.425	0.327
0.239	0.439	0.366	1.23	1.375	0.659	0.281	0.657	1.021	0.874
0.244	0.439	0.403	1.37	1.072	0.659	0.281	0.732	1.162	1.755
0.234	0.437	0.427	1.455	0.977	0.713	0.278	0.583	0.85	1.284
0.21	0.437	0.444	1.519	0.962	0.769	0.283	0.481	0.649	0.913
0.198	0.435	0.452	1.558	0.933	0.835	0.728	0.43	0.532	0.691
0.19	0.42	0.459	1.553	0.989	0.869	1.226	0.398	0.503	0.581
0.183	0.396	0.464	1.533	1.199	0.889	0.923	0.391	0.498	0.576
0.181	0.391	0.466	1.443	1.333	0.906	0.718	0.386	0.508	0.645
0.178	0.371	0.461	1.313	1.387	0.908	0.625	0.383	0.522	0.703
0.176	0.337	0.464	1.169	1.379	0.876	0.674	0.383	0.53	0.725
0.173	0.312	0.452	0.947	1.299	0.764	0.752	0.383	0.537	0.732
0.173	0.3	0.408	0.732	1.145	0.632	0.801	0.381	0.547	0.754
0.176	0.291	0.403	0.579	0.979	0.527	0.898	0.381	0.554	0.771
0.173	0.286	0.361	0.486	0.84	0.454	1.03	0.381	0.562	0.779
0.171	0.283	0.332	0.43	0.74	0.43	1.116	0.381	0.569	0.781
0.173	0.276	0.317	0.383	0.649	0.381	1.174	0.386	0.562	0.774
0.173	0.278	0.312	0.349	0.535	0.347	1.213	0.383	0.503	0.679
0.171	0.276	0.3	0.315	0.466	0.322	1.238	0.374	0.435	0.557
0.173	0.271	0.298	0.303	0.396	0.305	1.233	0.366	0.386	0.476
0.173	0.276	0.293	0.291	0.352	0.298	1.24	0.347	0.374	0.422
0.173	0.278	0.293	0.286	0.327	0.291	1.187	0.327	0.354	0.386
0.168	0.269	0.293	0.283	0.31	0.288	1.008	0.312	0.337	0.4
0.173	0.276	0.291	0.281	0.3	0.286	0.786	0.312	0.327	0.374
0.176	0.276	0.286	0.283	0.288	0.283	0.642	0.31	0.322	0.354
0.186	0.273	0.291	0.283	0.286	0.281	0.537	0.305	0.312	0.339
0.173	0.276	0.291	0.278	0.286	0.283	0.459	0.3	0.312	0.332
0.178	0.276	0.286	0.283	0.283	0.283	0.4	0.303	0.31	0.33
0.176	0.271	0.288	0.281	0.281	0.281	0.354	0.303	0.31	0.322
0.176	0.273	0.288	0.281	0.278	0.278	0.32	0.3	0.308	0.322
0.176	0.276	0.286	0.281	0.281	0.283	0.303	0.305	0.31	0.317
0.171	0.273	0.288	0.276	0.281	0.281	0.291	0.3	0.308	0.317
0.176	0.273	0.286	0.281	0.276	0.283	0.286	0.305	0.31	0.317
0.176	0.271	0.288	0.278	0.281	0.281	0.283	0.3	0.305	0.317
0.173	0.278	0.286	0.276	0.276	0.283	0.281	0.305	0.305	0.317
0.178	0.273	0.286	0.273	0.278	0.286	0.281	0.303	0.303	0.317
0.178	0.276	0.286	0.281	0.276	0.278	0.278	0.303	0.305	0.317
0.178	0.276	0.288	0.276	0.278	0.281	0.278	0.305	0.305	0.315
0.178	0.278	0.286	0.273	0.278	0.283	0.276	0.303	0.31	0.312
0.178	0.276	0.283	0.278	0.276	0.283	0.276	0.303	0.305	0.317
0.176	0.276	0.288	0.281	0.283	0.278	0.271	0.305	0.305	0.315
0.176	0.276	0.288	0.283	0.283	0.283	0.278	0.305	0.305	0.315
0.176	0.276	0.286	0.281	0.283	0.281	0.278	0.303	0.308	0.312
0.178	0.278	0.281	0.283	0.286	0.283	0.276	0.303	0.305	0.315
0.22	0.273	0.286	0.278	0.286	0.281	0.278	0.295	0.305	0.312
0.479	0.276	0.276	0.278	0.283	0.283	0.281	0.303	0.31	0.315
0.525	0.278	0.276	0.281	0.283	0.283	0.281	0.303	0.305	0.315
0.508	0.276	0.273	0.278	0.283	0.281	0.281	0.3	0.305	0.31
0.486	0.276	0.281	0.276	0.291	0.283	0.281	0.303	0.305	0.317
0.486	0.276	0.281	0.273	0.286	0.281	0.281	0.303	0.303	0.312
0.498	0.293	0.276	0.278	0.288	0.281	0.283	0.3	0.31	0.312
0.498	0.793	0.281	0.278	0.286	0.281	0.283	0.3	0.303	0.315
0.483	1.011	0.283	0.281	0.286	0.278	0.281	0.3	0.305	0.31
0.503	0.854	0.305	0.286	0.286	0.276	0.283	0.3	0.305	0.31
0.491	0.732	0.305	0.278	0.286	0.278	0.278	0.303	0.308	0.31
0.479	0.645	0.488	0.281	0.286	0.281	0.276	0.312	0.303	0.312
0.476	0.623	0.586	0.281	0.286	0.281	0.281	0.327	0.303	0.31
0.464	0.632	0.552	0.281	0.283	0.288	0.281	0.352	0.308	0.312
0.459	0.64	0.474	0.288	0.283	0.288	0.278	0.366	0.3	0.312
0.452	0.601	0.444	0.496	0.283	0.386	0.283	0.569	0.308	0.31
0.461	0.566	0.417	0.625	0.281	0.527	0.281	0.735	0.303	0.312
0.464	0.552	0.388	0.601	0.283	0.593	0.281	0.886	0.303	0.325
0.444	0.54	0.371	0.566	0.281	0.605	0.283	0.981	0.305	0.334
0.432	0.53	0.369	0.552	0.288	0.623	0.281	1.006	0.305	0.342
0.413	0.527	0.371	0.542	0.291	0.664	0.281	1.03	0.479	0.476
0.393	0.532	0.366	0.549	0.369	0.688	0.281	1.04	0.796	0.718
0.364	0.532	0.359	0.557	0.439	0.698	0.281	1.045	0.73	0.82
0.317	0.527	0.359	0.557	0.471	0.64	0.281	1.047	0.681	0.876
0.273	0.518	0.354	0.552	0.486	0.608	0.278	1.055	0.647	0.935
0.237	0.479	0.366	0.542	0.51	0.601	0.288	1.069	0.62	0.979
0.217	0.457	0.366	0.535	0.552	0.588	0.332	1.069	0.601	1.016
0.205	0.43	0.361	0.544	0.598	0.581	0.432	1.067	0.552	1.047
0.205	0.405	0.359	0.552	0.615	0.591	0.466	1.067	0.515	1.057
0.195	0.398	0.354	0.559	0.598	0.593	0.486	1.05	0.5	1.052
0.186	0.41	0.349	0.564	0.574	0.596	0.498	1.021	0.493	1.04
0.186	0.393	0.339	0.564	0.552	0.579	0.496	0.991	0.486	1.023
0.203	0.378	0.356	0.562	0.53	0.542	0.498	0.967	0.479	1.021
0.19	0.364	0.371	0.549	0.51	0.51	0.496	0.967	0.466	1.013
0.188	0.337	0.359	0.532	0.496	0.454	0.496	0.957	0.459	0.999
0.19	0.325	0.33	0.491	0.5	0.427	0.503	0.923	0.452	0.955
0.188	0.3	0.308	0.425	0.5	0.449	0.491	0.82	0.444	0.916
0.183	0.288	0.305	0.371	0.496	0.466	0.481	0.701	0.437	0.881
0.178	0.286	0.293	0.352	0.493	0.442	0.471	0.61	0.464	0.796
0.178	0.286	0.293	0.354	0.496	0.376	0.464	0.5	0.481	0.706
0.181	0.283	0.291	0.356	0.503	0.332	0.449	0.43	0.496	0.603
0.176	0.281	0.286	0.334	0.491	0.308	0.444	0.381	0.488	0.537
0.178	0.281	0.286	0.315	0.457	0.3	0.439	0.352	0.459	0.459
0.178	0.276	0.293	0.3	0.405	0.293	0.437	0.33	0.422	0.432
0.188	0.278	0.283	0.293	0.356	0.286	0.444	0.322	0.374	0.415
0.181	0.278	0.283	0.291	0.33	0.286	0.457	0.308	0.349	0.376
0.181	0.278	0.286	0.286	0.31	0.283	0.464	0.305	0.334	0.352
0.178	0.288	0.286	0.283	0.303	0.283	0.442	0.305	0.325	0.337
0.178	0.278	0.288	0.283	0.295	0.283	0.403	0.303	0.32	0.322
0.176	0.278	0.291	0.281	0.291	0.281	0.354	0.3	0.312	0.32
0.178	0.276	0.291	0.283	0.286	0.281	0.322	0.298	0.31	0.312
0.176	0.281	0.291	0.278	0.288	0.278	0.305	0.303	0.308	0.315
0.176	0.273	0.286	0.278	0.286	0.281	0.298	0.298	0.303	0.315
0.178	0.276	0.288	0.283	0.281	0.288	0.288	0.298	0.305	0.312
0.176	0.276	0.286	0.283	0.283	0.281	0.288	0.298	0.31	0.317
0.178	0.278	0.291	0.283	0.281	0.283	0.283	0.298	0.308	0.317
0.181	0.278	0.288	0.276	0.283	0.295	0.251	0.3	0.305	0.317
0.181	0.273	0.291	0.276	0.283	0.283	0.278	0.293	0.305	0.317
0.181	0.276	0.283	0.281	0.281	0.288	0.281	0.3	0.308	0.315
0.181	0.276	0.291	0.281	0.283	0.283	0.278	0.298	0.305	0.317
0.178	0.281	0.288	0.286	0.281	0.286	0.278	0.298	0.308	0.317
0.178	0.281	0.288	0.286	0.283	0.286	0.281	0.3	0.308	0.312
0.181	0.278	0.288	0.286	0.283	0.281	0.278	0.295	0.305	0.312
0.181	0.278	0.288	0.286	0.281	0.288	0.278	0.3	0.305	0.312
0.171	0.283	0.286	0.283	0.283	0.286	0.283	0.3	0.308	0.308
0.186	0.281	0.286	0.281	0.281	0.283	0.281	0.3	0.308	0.308
0.269	0.281	0.286	0.283	0.283	0.286	0.286	0.3	0.303	0.308
0.564	0.281	0.286	0.286	0.281	0.286	0.283	0.295	0.308	0.308
0.947	0.281	0.291	0.283	0.281	0.283	0.283	0.298	0.305	0.308
1.208	0.293	0.288	0.283	0.278	0.286	0.281	0.295	0.303	0.308
1.379	0.332	0.291	0.283	0.293	0.288	0.281	0.298	0.303	0.315
1.492	0.466	0.291	0.281	0.281	0.288	0.283	0.31	0.305	0.308
1.562	1.711	0.288	0.283	0.281	0.286	0.281	0.327	0.303	0.308
1.611	2.449	0.293	0.283	0.273	0.286	0.283	0.361	0.308	0.315
1.643	2.622	0.288	0.283	0.281	0.288	0.278	0.474	0.305	0.305
1.714	2.771	0.286	0.283	0.281	0.288	0.283	0.554	0.31	0.308
1.814	2.969	0.293	0.281	0.276	0.288	0.281	0.608	0.305	0.308
1.89	3.179	0.337	0.281	0.276	0.293	0.281	0.686	0.305	0.308
1.943	3.472	0.793	0.283	0.278	0.288	0.278	0.798	0.308	0.308
1.968	3.823	2.886	0.281	0.278	0.388	0.278	0.925	0.312	0.308
1.995	4.28	2.773	0.283	0.276	0.859	0.281	1.057	0.305	0.308
2.004	4.641	2.539	0.293	0.276	1.316	0.276	1.201	0.305	0.308
1.992	4.839	2.424	0.305	0.276	1.521	0.278	1.343	0.305	0.305
1.965	4.973	2.378	0.874	0.273	1.682	0.269	1.426	0.305	0.308
1.946	5.066	2.366	2.349	0.276	1.809	0.273	1.504	0.305	0.308
1.929	5.11	2.349	2.378	0.278	1.963	0.273	1.562	0.378	0.308
1.919	5.122	2.375	2.346	0.276	2.092	0.266	1.609	2.258	0.32
1.914	5.078	2.39	2.383	0.288	2.278	0.266	1.648	3.677	0.466
1.904	5.007	2.415	2.488	0.469	2.451	0.266	1.685	3.147	2.449
1.899	4.932	2.422	2.566	1.904	2.607	0.264	1.709	2.7	3.115
1.892	4.866	2.419	2.656	2.258	2.688	0.264	1.716	2.419	3.025
1.843	4.79	2.412	2.783	2.08	2.725	0.264	1.724	2.322	3.064
1.685	4.49	2.402	2.861	2.056	2.786	0.295	1.731	2.363	3.242
1.555	4.121	2.388	2.898	2.288	2.808	0.811	1.738	2.434	3.486
1.516	3.665	2.38	2.91	2.649	2.786	1.284	1.729	2.581	3.64
1.436	3.328	2.361	2.891	3.027	2.749	1.304	1.719	2.734	3.73
1.301	3.081	2.351	2.898	3.342	2.715	1.343	1.707	2.874	3.809
1.184	2.837	2.346	2.861	3.696	2.661	1.479	1.692	2.993	3.909
0.986	2.468	2.319	2.771	3.889	2.642	1.577	1.685	3.079	4.019
0.83	2.185	2.302	2.686	4.036	2.617	1.636	1.675	3.145	4.092
0.686	1.846	2.236	2.625	4.126	2.556	1.682	1.653	3.196	4.119
0.532	1.543	2.124	2.581	4.155	2.434	1.738	1.543	3.196	4.094
0.432	1.304	1.992	2.522	4.167	2.319	1.787	1.467	3.171	4.08
0.352	1.04	1.816	2.456	4.158	2.136	1.794	1.416	3.154	4.045
0.322	0.911	1.565	2.415	4.089	1.929	1.797	1.34	3.091	3.994
0.317	0.798	1.262	2.354	3.994	1.76	1.809	1.245	2.91	3.86
0.305	0.659	1.05	2.175	3.848	1.638	1.782	1.111	2.71	3.545
0.251	0.566	0.92	2.009	3.64	1.482	1.746	0.957	2.466	3.291
0.225	0.5	0.857	1.88	3.433	1.379	1.699	0.85	2.19	3.01
0.208	0.461	0.747	1.689	3.098	1.23	1.655	0.676	1.948	2.72
0.193	0.452	0.637	1.526	2.747	1.025	1.616	0.569	1.67	2.461
0.193	0.435	0.525	1.299	2.49	0.891	1.572	0.505	1.379	2.195
0.183	0.391	0.459	1.077	2.2	0.811	1.509	0.427	1.099	1.963
0.178	0.347	0.4	0.896	1.921	0.679	1.445	0.4	0.928	1.733
0.178	0.322	0.388	0.72	1.626	0.586	1.389	0.388	0.808	1.538
0.176	0.308	0.391	0.596	1.301	0.525	1.345	0.354	0.664	1.309
0.171	0.298	0.369	0.505	1.099	0.457	1.309	0.334	0.557	1.135
0.178	0.293	0.332	0.454	0.95	0.41	1.272	0.322	0.491	0.918
0.173	0.288	0.312	0.435	0.852	0.391	1.111	0.315	0.422	0.776
0.171	0.283	0.303	0.42	0.737	0.393	0.908	0.308	0.383	0.667
0.176	0.281	0.293	0.374	0.596	0.378	0.806	0.305	0.361	0.588
0.176	0.278	0.288	0.342	0.481	0.339	0.732	0.3	0.342	0.52
0.173	0.283	0.288	0.325	0.42	0.322	0.615	0.305	0.332	0.454
0.168	0.278	0.281	0.315	0.405	0.308	0.503	0.3	0.322	0.405
0.173	0.276	0.293	0.308	0.378	0.298	0.459	0.3	0.32	0.393
0.173	0.278	0.286	0.303	0.339	0.293	0.425	0.3	0.317	0.381
0.178	0.281	0.281	0.303	0.315	0.291	0.366	0.303	0.312	0.374
0.178	0.281	0.283	0.293	0.305	0.291	0.352	0.3	0.312	0.361
0.181	0.281	0.278	0.295	0.293	0.283	0.356	0.3	0.312	0.342
0.173	0.283	0.283	0.291	0.286	0.286	0.359	0.298	0.31	0.334
0.173	0.283	0.288	0.293	0.273	0.291	0.325	0.3	0.305	0.327
0.173	0.276	0.283	0.293	0.283	0.286	0.305	0.3	0.305	0.325
0.178	0.283	0.283	0.293	0.278	0.283	0.293	0.303	0.305	0.32
0.166	0.283	0.286	0.291	0.273	0.283	0.286	0.305	0.305	0.32
0.171	0.286	0.283	0.293	0.273	0.283	0.278	0.303	0.308	0.32
0.181	0.283	0.283	0.291	0.276	0.283	0.271	0.3	0.31	0.32
0.176	0.283	0.283	0.286	0.271	0.283	0.269	0.303	0.308	0.312
0.178	0.288	0.283	0.286	0.273	0.286	0.266	0.303	0.308	0.317
0.178	0.286	0.281	0.286	0.269	0.278	0.266	0.305	0.31	0.317
0.198	0.283	0.283	0.288	0.273	0.281	0.266	0.303	0.303	0.315
0.317	0.283	0.281	0.288	0.271	0.278	0.269	0.3	0.308	0.317
0.874	0.286	0.281	0.288	0.273	0.281	0.269	0.298	0.308	0.317
2.366	0.283	0.276	0.288	0.266	0.273	0.261	0.298	0.308	0.317
2.581	0.283	0.278	0.293	0.276	0.278	0.259	0.298	0.308	0.315
2.295	0.283	0.276	0.293	0.273	0.281	0.264	0.295	0.308	0.317
2.163	0.283	0.278	0.293	0.276	0.281	0.264	0.295	0.31	0.317
2.122	0.283	0.278	0.293	0.278	0.286	0.261	0.295	0.305	0.317
2.119	0.286	0.278	0.293	0.276	0.281	0.266	0.295	0.31	0.315
2.126	0.283	0.281	0.293	0.278	0.283	0.266	0.298	0.303	0.317
2.139	0.281	0.281	0.291	0.276	0.283	0.276	0.295	0.31	0.315
2.136	0.283	0.283	0.291	0.278	0.281	0.271	0.298	0.308	0.317
2.109	0.298	0.286	0.293	0.281	0.283	0.271	0.295	0.31	0.315
1.936	0.374	0.286	0.291	0.278	0.281	0.273	0.3	0.308	0.317
1.68	0.564	0.286	0.291	0.273	0.278	0.266	0.298	0.31	0.315
1.394	1.462	0.288	0.291	0.266	0.283	0.271	0.31	0.305	0.312
1.169	2.107	0.288	0.295	0.273	0.286	0.266	0.476	0.305	0.312
1.025	2.354	0.286	0.305	0.273	0.283	0.264	1.072	0.308	0.312
0.852	2.437	0.286	0.408	0.271	0.283	0.269	1.44	0.308	0.312
0.776	2.485	0.286	0.566	0.273	0.293	0.266	1.392	0.312	0.334
0.754	2.515	0.286	1.206	0.269	0.349	0.269	1.262	0.312	0.405
0.693	2.493	0.356	1.643	0.269	0.576	0.271	1.201	0.312	0.967
0.571	2.424	0.432	1.804	0.315	1.763	0.271	1.165	0.315	2.861
0.515	2.217	1.301	1.86	0.393	2.354	0.266	1.14	0.317	3.469
0.437	1.873	1.938	1.892	0.889	2.187	0.271	1.138	0.317	3
0.349	1.538	2.2	1.924	1.389	1.838	0.273	1.125	0.315	2.546
0.293	1.216	2.222	1.975	1.663	1.567	0.273	1.106	0.315	2.285
0.249	0.994	2.227	2.007	1.848	1.399	0.271	1.023	0.31	2.148
0.222	0.862	2.246	2.009	1.96	1.289	0.283	0.93	0.312	2.058
0.203	0.781	2.229	1.978	2.053	1.218	0.303	0.837	0.312	1.958
0.195	0.671	2.065	1.909	2.144	1.167	0.413	0.73	0.312	1.865
0.188	0.588	1.738	1.687	2.209	1.16	1.392	0.649	0.31	1.775
0.188	0.552	1.348	1.409	2.253	1.155	2.812	0.657	0.312	1.638
0.183	0.505	1.074	1.15	2.329	1.101	3.286	0.62	0.312	1.379
0.186	0.444	0.925	0.945	2.351	0.942	3.198	0.579	0.315	1.113
0.181	0.393	0.82	0.837	2.244	0.84	3.181	0.557	0.376	0.881
0.178	0.356	0.686	0.764	1.987	0.771	3.176	0.542	1.428	0.703
0.176	0.332	0.618	0.706	1.621	0.664	3.154	0.486	2.891	0.62
0.181	0.312	0.569	0.684	1.272	0.603	3.14	0.425	3.257	0.588
0.176	0.3	0.513	0.613	0.991	0.562	3.118	0.386	3.003	0.54
0.178	0.291	0.449	0.522	0.813	0.51	3.113	0.354	2.82	0.493
0.178	0.288	0.405	0.466	0.718	0.479	2.961	0.334	2.751	0.449
0.176	0.286	0.366	0.417	0.637	0.435	2.568	0.32	2.705	0.42
0.176	0.286	0.33	0.369	0.583	0.4	2.085	0.315	2.659	0.408
0.181	0.283	0.322	0.344	0.52	0.364	1.672	0.305	2.542	0.405
0.181	0.283	0.3	0.347	0.457	0.356	1.309	0.308	2.122	0.396
0.176	0.281	0.298	0.339	0.405	0.352	1.033	0.303	1.643	0.388
0.176	0.278	0.295	0.322	0.369	0.349	0.874	0.308	1.257	0.366
0.176	0.283	0.286	0.31	0.332	0.337	0.725	0.298	0.996	0.344
0.178	0.293	0.286	0.303	0.332	0.325	0.637	0.303	0.815	0.33
0.178	0.283	0.283	0.288	0.327	0.305	0.576	0.295	0.676	0.32
0.178	0.283	0.283	0.295	0.303	0.3	0.491	0.298	0.552	0.315
0.183	0.283	0.278	0.293	0.291	0.293	0.432	0.298	0.466	0.315
0.176	0.283	0.281	0.288	0.283	0.291	0.369	0.298	0.427	0.312
0.178	0.286	0.291	0.288	0.278	0.288	0.342	0.298	0.405	0.31
0.176	0.281	0.276	0.288	0.276	0.286	0.322	0.295	0.391	0.312
0.183	0.283	0.276	0.288	0.273	0.283	0.305	0.295	0.361	0.31
0.83	0.281	0.273	0.286	0.273	0.283	0.298	0.298	0.339	0.31
1.484	0.278	0.276	0.288	0.269	0.283	0.293	0.295	0.33	0.305
1.162	0.281	0.276	0.278	0.276	0.283	0.288	0.288	0.32	0.312
0.879	0.283	0.276	0.283	0.271	0.281	0.286	0.295	0.31	0.308
0.728	0.278	0.278	0.283	0.271	0.278	0.286	0.295	0.312	0.305
0.684	0.281	0.278	0.281	0.271	0.283	0.283	0.295	0.308	0.305
0.676	0.286	0.281	0.283	0.271	0.283	0.283	0.31	0.308	0.308
0.676	0.283	0.278	0.278	0.271	0.283	0.283	0.4	0.308	0.305
0.691	0.283	0.278	0.278	0.269	0.283	0.283	0.522	0.31	0.305
0.735	0.281	0.276	0.281	0.266	0.283	0.283	0.562	0.31	0.312
0.754	0.281	0.273	0.281	0.269	0.281	0.278	0.569	0.312	0.308
0.776	0.278	0.273	0.281	0.266	0.283	0.286	0.569	0.312	0.308
0.786	0.273	0.273	0.283	0.278	0.281	0.283	0.566	0.315	0.308
0.791	0.273	0.276	0.283	0.269	0.283	0.283	0.608	0.315	0.308
0.796	0.427	0.276	0.286	0.271	0.281	0.283	0.686	0.312	0.308
0.776	1.516	0.278	0.281	0.269	0.283	0.283	0.737	0.31	0.305
0.713	1.321	0.276	0.283	0.266	0.286	0.286	0.774	0.31	0.308
0.605	0.994	0.276	0.278	0.271	0.312	0.286	0.811	0.315	0.308
0.53	0.786	0.701	0.288	0.269	0.376	0.288	0.833	0.312	0.305
0.413	0.73	1.125	2.314	0.269	0.386	0.283	0.84	0.31	0.308
0.322	0.715	0.852	2.319	0.271	0.349	0.283	0.869	0.312	0.31
0.266	0.754	0.691	1.57	0.273	0.327	0.283	0.896	0.312	0.308
0.232	0.842	0.62	1.116	0.271	0.312	0.286	0.903	0.315	0.308
0.217	0.969	0.608	0.835	0.273	0.339	0.283	0.901	0.312	0.312
0.2	1.062	0.603	0.693	0.273	0.361	0.283	0.911	0.315	0.334
0.19	1.118	0.62	0.605	1.357	0.391	0.283	0.886	0.312	0.959
0.186	1.145	0.637	0.547	2.185	0.405	0.293	0.852	0.315	1.128
0.186	1.152	0.671	0.525	1.521	0.413	0.286	0.833	0.315	0.833
0.183	1.143	0.691	0.525	1.069	0.42	0.286	0.786	0.315	0.64
0.186	1.067	0.713	0.527	0.786	0.425	0.281	0.688	0.317	0.518
0.181	0.916	0.757	0.527	0.61	0.42	0.288	0.608	0.312	0.447
0.181	0.754	0.774	0.525	0.515	0.417	1.147	0.549	0.352	0.403
0.181	0.645	0.781	0.53	0.461	0.425	2.234	0.469	1.177	0.4
0.183	0.576	0.776	0.52	0.437	0.435	1.599	0.405	1.047	0.405
0.181	0.522	0.762	0.508	0.437	0.437	1.118	0.364	0.801	0.415
0.183	0.432	0.71	0.469	0.471	0.405	0.898	0.342	0.649	0.422
0.181	0.371	0.623	0.42	0.503	0.4	0.852	0.325	0.552	0.425
0.178	0.332	0.564	0.396	0.527	0.393	0.847	0.317	0.5	0.435
0.183	0.315	0.503	0.4	0.54	0.369	0.881	0.317	0.461	0.442
0.178	0.3	0.452	0.364	0.547	0.364	0.908	0.308	0.437	0.449
0.186	0.293	0.388	0.334	0.527	0.334	0.962	0.305	0.408	0.444
0.181	0.288	0.342	0.33	0.483	0.317	0.991	0.298	0.393	0.425
0.178	0.288	0.312	0.305	0.43	0.308	1.023	0.298	0.386	0.388
0.181	0.281	0.298	0.3	0.4	0.298	1.06	0.298	0.378	0.366
0.181	0.283	0.288	0.293	0.369	0.295	1.069	0.298	0.374	0.347
0.181	0.281	0.281	0.288	0.332	0.293	1.021	0.298	0.374	0.337
0.178	0.276	0.278	0.291	0.308	0.291	0.911	0.295	0.376	0.332
0.181	0.281	0.273	0.291	0.298	0.288	0.791	0.3	0.374	0.327
0.183	0.276	0.273	0.291	0.291	0.286	0.657	0.3	0.369	0.327
0.181	0.281	0.271	0.288	0.286	0.281	0.564	0.298	0.352	0.322
0.186	0.281	0.273	0.283	0.278	0.283	0.479	0.3	0.337	0.325
0.183	0.278	0.271	0.286	0.276	0.286	0.43	0.298	0.33	0.325
0.183	0.281	0.271	0.288	0.271	0.283	0.378	0.298	0.32	0.322
0.181	0.281	0.271	0.286	0.271	0.286	0.339	0.298	0.312	0.325
0.181	0.278	0.269	0.286	0.271	0.283	0.32	0.298	0.315	0.322
0.178	0.273	0.271	0.286	0.271	0.286	0.305	0.298	0.312	0.32
0.178	0.278	0.273	0.286	0.276	0.288	0.3	0.298	0.312	0.322
0.183	0.278	0.271	0.283	0.276	0.288	0.293	0.295	0.308	0.322
0.176	0.276	0.271	0.281	0.271	0.291	0.291	0.295	0.308	0.322
0.19	0.281	0.273	0.281	0.271	0.288	0.288	0.295	0.308	0.322
0.193	0.278	0.271	0.281	0.273	0.286	0.286	0.298	0.31	0.317
0.623	0.278	0.273	0.278	0.273	0.288	0.286	0.295	0.308	0.322
0.923	0.276	0.271	0.278	0.273	0.286	0.288	0.293	0.308	0.32
0.74	0.276	0.271	0.278	0.271	0.288	0.286	0.295	0.305	0.325
0.615	0.276	0.271	0.281	0.273	0.288	0.286	0.295	0.31	0.322
0.535	0.278	0.271	0.276	0.271	0.286	0.281	0.3	0.31	0.325
0.505	0.278	0.266	0.281	0.276	0.288	0.283	0.295	0.305	0.325
0.515	0.276	0.271	0.281	0.271	0.283	0.286	0.293	0.308	0.32
0.522	0.276	0.269	0.276	0.276	0.283	0.286	0.295	0.31	0.32
0.532	0.278	0.266	0.276	0.273	0.283	0.286	0.295	0.308	0.322
0.54	0.273	0.271	0.278	0.283	0.281	0.291	0.295	0.31	0.322
0.547	0.278	0.269	0.273	0.273	0.281	0.286	0.295	0.308	0.32
0.552	0.276	0.269	0.278	0.278	0.281	0.288	0.295	0.303	0.322
0.557	0.276	0.269	0.276	0.276	0.281	0.288	0.298	0.308	0.32
0.566	0.278	0.269	0.281	0.273	0.278	0.288	0.298	0.31	0.32
0.591	0.273	0.271	0.278	0.276	0.283	0.288	0.295	0.31	0.322
0.613	0.276	0.271	0.276	0.273	0.281	0.283	0.3	0.312	0.32
0.635	0.273	0.269	0.276	0.276	0.278	0.286	0.642	0.317	0.32
0.632	0.278	0.266	0.278	0.278	0.278	0.283	0.955	0.315	0.32
0.603	0.293	0.266	0.295	0.276	0.278	0.278	1.013	0.317	0.32
0.52	0.779	0.283	0.305	0.273	0.281	0.286	1.001	0.312	0.322
0.415	0.959	0.286	0.334	0.273	0.3	0.283	0.955	0.312	0.322
0.364	0.974	0.298	0.476	0.278	0.308	0.288	0.879	0.308	0.322
0.352	0.977	0.408	0.547	0.271	0.605	0.283	0.862	0.303	0.322
0.332	0.93	0.457	0.525	0.288	0.94	0.286	0.957	0.305	0.325
0.281	0.93	0.476	0.547	0.303	0.874	0.286	1.169	0.305	0.322
0.251	0.947	0.486	0.574	0.4	0.781	0.283	1.367	0.303	0.317
0.225	0.94	0.503	0.586	1.206	0.732	0.286	1.562	0.303	0.325
0.21	0.901	0.518	0.625	1.162	0.754	0.288	1.733	0.303	0.437
0.203	0.854	0.552	0.703	0.957	0.815	0.286	1.86	0.305	0.894
0.19	0.803	0.601	0.776	0.796	0.854	0.291	1.943	0.305	0.835
0.186	0.774	0.635	0.818	0.688	0.92	0.288	1.995	0.308	0.762
0.183	0.745	0.647	0.857	0.63	0.928	0.286	2.007	0.586	0.73
0.183	0.708	0.642	0.896	0.62	0.908	0.288	1.978	0.889	0.745
0.183	0.654	0.64	0.937	0.62	0.896	0.308	1.907	0.752	0.747
0.181	0.627	0.642	0.955	0.63	0.913	0.347	1.829	0.664	0.742
0.183	0.625	0.647	0.979	0.632	0.957	0.52	1.743	0.62	0.71
0.181	0.623	0.654	0.969	0.637	1.001	0.818	1.675	0.605	0.659
0.183	0.61	0.667	0.928	0.635	1.038	0.886	1.582	0.601	0.635
0.183	0.596	0.681	0.886	0.635	1.052	0.906	1.355	0.588	0.591
0.188	0.581	0.691	0.854	0.637	1.062	0.942	1.096	0.588	0.547
0.186	0.53	0.696	0.781	0.632	1.04	0.964	0.935	0.588	0.522
0.186	0.464	0.679	0.735	0.642	1.006	0.972	0.837	0.593	0.532
0.183	0.425	0.649	0.706	0.671	0.979	0.996	0.781	0.603	0.562
0.181	0.417	0.603	0.671	0.684	0.923	1.003	0.73	0.603	0.569
0.183	0.369	0.547	0.635	0.696	0.854	1.021	0.583	0.598	0.574
0.186	0.352	0.513	0.654	0.691	0.815	1.028	0.474	0.603	0.562
0.181	0.383	0.508	0.632	0.649	0.774	1.033	0.41	0.601	0.53
0.181	0.396	0.52	0.537	0.649	0.752	1.033	0.371	0.598	0.503
0.183	0.347	0.435	0.466	0.698	0.701	1.028	0.342	0.569	0.51
0.181	0.325	0.376	0.427	0.674	0.676	1.028	0.33	0.53	0.51
0.181	0.308	0.342	0.374	0.598	0.625	1.025	0.315	0.471	0.496
0.178	0.295	0.312	0.342	0.493	0.53	1.028	0.308	0.427	0.469
0.176	0.291	0.3	0.327	0.417	0.452	1.028	0.3	0.396	0.51
0.183	0.288	0.291	0.312	0.369	0.386	1.025	0.3	0.386	0.532
0.181	0.283	0.288	0.3	0.334	0.347	1.011	0.298	0.359	0.537
0.183	0.281	0.281	0.295	0.308	0.33	0.95	0.3	0.337	0.454
0.181	0.281	0.273	0.295	0.298	0.31	0.901	0.298	0.327	0.405
0.181	0.276	0.276	0.288	0.293	0.303	0.796	0.298	0.32	0.369
0.181	0.278	0.273	0.286	0.286	0.293	0.684	0.3	0.312	0.352
0.181	0.276	0.278	0.283	0.281	0.291	0.603	0.295	0.315	0.347
0.181	0.276	0.273	0.286	0.283	0.286	0.552	0.295	0.31	0.332
0.183	0.278	0.273	0.281	0.283	0.288	0.486	0.298	0.308	0.327
0.186	0.273	0.273	0.283	0.278	0.286	0.425	0.298	0.303	0.325
0.181	0.273	0.276	0.283	0.281	0.286	0.371	0.298	0.308	0.327
0.188	0.278	0.276	0.286	0.278	0.288	0.337	0.298	0.305	0.322
0.247	0.273	0.273	0.283	0.283	0.286	0.322	0.295	0.308	0.322
1.904	0.273	0.273	0.278	0.286	0.288	0.31	0.295	0.305	0.322
4.048	0.278	0.276	0.276	0.278	0.286	0.3	0.298	0.305	0.317
3.215	0.276	0.276	0.278	0.278	0.286	0.295	0.298	0.31	0.317
2.998	0.281	0.276	0.286	0.281	0.286	0.293	0.293	0.308	0.32
3.269	0.278	0.273	0.286	0.281	0.286	0.295	0.298	0.305	0.317
3.699	0.276	0.273	0.281	0.278	0.281	0.291	0.298	0.31	0.315
4.014	0.278	0.276	0.281	0.278	0.288	0.288	0.3	0.308	0.317
4.25	0.276	0.273	0.281	0.278	0.286	0.286	0.305	0.305	0.315
4.458	0.276	0.273	0.283	0.278	0.286	0.286	0.303	0.305	0.317
4.661	0.276	0.273	0.281	0.278	0.291	0.288	0.303	0.305	0.315
4.746	0.278	0.273	0.278	0.278	0.286	0.286	0.3	0.308	0.315
4.758	0.276	0.271	0.281	0.281	0.283	0.288	0.303	0.312	0.315
4.778	0.276	0.276	0.283	0.278	0.283	0.288	0.303	0.308	0.317
4.758	0.273	0.273	0.276	0.278	0.286	0.288	0.3	0.305	0.312
4.626	0.276	0.271	0.281	0.278	0.283	0.288	0.303	0.308	0.315
4.475	0.273	0.273	0.281	0.278	0.286	0.288	0.305	0.305	0.315
4.177	0.276	0.266	0.276	0.276	0.283	0.291	0.461	0.305	0.317
3.738	0.278	0.269	0.281	0.278	0.286	0.291	1.011	0.305	0.317
3.274	0.283	0.269	0.283	0.276	0.283	0.288	1.252	0.31	0.317
2.842	0.386	0.269	0.283	0.278	0.283	0.291	1.279	0.312	0.322
2.412	2.959	0.266	0.286	0.281	0.286	0.288	1.384	0.312	0.315
2.053	5.21	0.271	0.283	0.281	0.286	0.291	1.516	0.312	0.315
1.812	4.197	0.269	0.286	0.278	0.291	0.286	1.582	0.312	0.315
1.641	3.657	0.271	0.286	0.278	0.286	0.288	1.655	0.315	0.317
1.479	3.523	0.278	0.283	0.278	0.286	0.288	1.719	0.315	0.322
1.296	3.772	0.337	0.283	0.276	0.286	0.293	1.758	0.322	0.315
1.233	4.16	2.761	0.291	0.278	0.286	0.288	1.821	0.339	0.312
1.16	4.497	3.696	0.312	0.276	0.293	0.286	1.824	0.427	0.317
1.089	4.673	3.088	0.916	0.298	0.322	0.286	1.812	0.833	0.315
1.013	4.819	2.7	2.808	0.571	0.415	0.288	1.819	1.133	0.339
0.852	4.954	2.651	2.783	2.336	0.747	0.291	1.816	1.245	0.43
0.715	5.042	2.705	2.539	2.542	1.079	0.288	1.807	1.338	0.85
0.625	5.081	2.698	2.422	2.324	1.279	0.288	1.765	1.396	0.981
0.479	5.103	2.683	2.4	2.224	1.406	0.288	1.707	1.443	1.038
0	5.105	2.756	2.383	2.222	1.497	0.288	1.658	1.487	1.084
0	5.105	2.812	2.373	2.288	1.562	0.288	1.626	1.509	1.116
0	5.093	2.844	2.388	2.373	1.611	0.293	1.577	1.504	1.15
0	5.068	2.856	2.458	2.434	1.646	0.381	1.477	1.516	1.169
0	5.032	2.915	2.5	2.502	1.643	0.635	1.37	1.531	1.179
0	4.917	2.969	2.507	2.546	1.626	0.945	1.367	1.536	1.189
0	4.514	2.998	2.527	2.571	1.567	1.135	1.353	1.528	1.196
0	4.001	3.005	2.549	2.583	1.506	1.27	1.272	1.504	1.196
0	3.518	3.008	2.563	2.588	1.462	1.382	1.184	1.501	1.199
0	2.942	3.003	2.578	2.598	1.44	1.438	1.091	1.504	1.208
0	2.539	3.003	2.588	2.61	1.436	1.531	1.05	1.47	1.204
0	2.253	2.986	2.578	2.62	1.411	1.606	0.979	1.357	1.182
0	2.043	2.888	2.578	2.612	1.396	1.648	0	1.277	1.172
0	1.782	2.812	2.556	2.561	1.389	1.636	0	1.196	1.167
0	1.528	2.778	2.539	2.393	1.377	1.636	0	1.096	1.165
0	1.304	2.598	2.51	2.205	1.331	1.636	0	0.991	1.16
0	1.135	2.458	2.424	1.98	1.292	1.646	0	0.881	1.16
0	1.003	2.324	2.253	1.724	1.255	1.655	0	0.776	1.155
0	0.908	2.085	2.131	1.479	1.233	1.66	0	0.728	1.167
0	0.715	1.755	2	1.172	1.211	1.66	0	0.618	1.125
0	0.574	1.379	1.821	0.969	1.187	1.641	0	0.542	1.013
0	0	0	1.631	0.869	1.16	1.641	0	0.496	0.901
0	0	0	1.414	0.774	1.172	1.638	0	0.459	0.845
0	0	0	0	0.691	1.067	1.626	0	0.4	0.796
0	0	0	0	0.591	0.928	1.616	0	0.366	0.752
0	0	0	0	0.518	0.806	1.602	0	0.347	0.659
0	0	0	0	0.444	0	1.538	0	0.332	0.559
0	0	0	0	0.393	0	1.482	0	0.325	0.481
0	0	0	0	0	0	1.438	0	0	0.435
0	0	0	0	0	0	1.384	0	0	0.393
0	0	0	0	0	0	1.333	0	0	0.364
0	0	0	0	0	0	1.294	0	0	0
0	0	0	0	0	0	1.257	0	0	0
0	0	0	0	0	0	1.082	0	0	0
0	0	0	0	0	0	0.911	0	0	0
