0.237	0.415	0.347	0.356	0.349	0.254	0.242	0.244	0.251	0.281
0.237	0.425	0.342	0.359	0.347	0.256	0.244	0.239	0.247	0.278
0.242	0.422	0.339	0.359	0.349	0.251	0.249	0.237	0.244	0.276
0.244	0.417	0.347	0.359	0.352	0.249	0.251	0.239	0.244	0.278
0.239	0.417	0.347	0.352	0.354	0.251	0.249	0.244	0.251	0.278
0.244	0.415	0.344	0.359	0.349	0.249	0.249	0.249	0.251	0.281
0.237	0.42	0.347	0.356	0.347	0.254	0.244	0.244	0.249	0.281
0.237	0.43	0.342	0.356	0.342	0.256	0.244	0.239	0.247	0.276
0.244	0.425	0.342	0.361	0.347	0.251	0.249	0.237	0.244	0.273
0.244	0.422	0.347	0.361	0.349	0.251	0.249	0.237	0.244	0.278
0.244	0.417	0.349	0.354	0.352	0.249	0.249	0.244	0.249	0.278
0.244	0.415	0.352	0.352	0.349	0.249	0.247	0.249	0.254	0.283
0.237	0.42	0.347	0.356	0.344	0.254	0.242	0.244	0.249	0.278
0.237	0.43	0.344	0.359	0.342	0.254	0.244	0.239	0.244	0.278
0.242	0.427	0.342	0.359	0.344	0.251	0.249	0.237	0.244	0.276
0.247	0.422	0.344	0.359	0.352	0.251	0.251	0.239	0.244	0.273
0.244	0.417	0.349	0.352	0.352	0.251	0.251	0.247	0.251	0.278
0.247	0.417	0.352	0.352	0.347	0.249	0.247	0.247	0.254	0.278
0.237	0.417	0.347	0.356	0.344	0.254	0.244	0.244	0.249	0.276
0.237	0.425	0.344	0.359	0.344	0.256	0.247	0.242	0.247	0.276
0.239	0.425	0.347	0.359	0.347	0.254	0.249	0.239	0.247	0.276
0.244	0.422	0.347	0.359	0.354	0.251	0.251	0.239	0.242	0.276
0.239	0.417	0.349	0.352	0.352	0.247	0.251	0.249	0.249	0.281
0.247	0.415	0.349	0.352	0.349	0.249	0.244	0.247	0.259	0.281
0.237	0.42	0.347	0.354	0.344	0.254	0.244	0.244	0.249	0.281
0.237	0.425	0.344	0.359	0.339	0.254	0.247	0.242	0.247	0.278
0.242	0.422	0.347	0.361	0.364	0.254	0.249	0.237	0.239	0.283
0.256	0.42	0.344	0.359	0.371	0.254	0.251	0.242	0.242	0.278
0.31	0.415	0.349	0.359	0.376	0.249	0.254	0.251	0.249	0.281
0.293	0.427	0.349	0.408	0.393	0.249	0.247	0.249	0.254	0.288
0.269	0.505	0.347	0.61	0.457	0.254	0.254	0.247	0.256	0.286
0.256	0.571	0.361	0.854	0.474	0.273	0.266	0.256	0.291	0.283
0.254	0.613	0.51	0.913	0.5	0.325	0.293	0.322	0.396	0.283
0.261	0.713	0.691	0.933	0.493	0.361	0.283	0.408	0.452	0.293
0.298	0.796	0.779	0.935	0.483	0.442	0.322	0.422	0.476	0.317
0.352	0.857	0.845	0.918	0.505	0.491	0.359	0.439	0.479	0.391
0.388	0.974	0.874	0.84	0.583	0.525	0.4	0.447	0.479	0.486
0.425	1.06	0.942	0.945	0.664	0.576	0.439	0.483	0.542	0.547
0.457	1.14	1.125	1.201	0.745	0.676	0.525	0.671	0.63	0.601
0.476	1.218	1.379	1.445	0.85	0.862	0.686	0.723	0.898	0.562
0.483	1.296	1.685	1.729	1.03	1.035	0.879	0.881	1.189	0.623
0.513	1.562	2.112	2.036	1.211	1.299	1.057	1.045	1.599	0.671
0.569	1.868	2.485	2.327	1.375	1.665	1.294	1.16	2.161	0.63
0.605	2.231	3.049	2.554	1.506	2.019	1.719	1.362	2.568	0.681
0.632	2.668	3.755	2.737	1.626	2.417	2.148	1.611	2.795	0.864
0.664	3.137	4.646	2.859	1.746	2.854	2.671	1.775	2.954	1.189
0.698	3.589	5.356	3.113	1.873	3.257	3.096	1.968	3.154	1.636
0.706	4.106	5.935	3.24	1.936	3.604	3.394	2.244	3.254	2.2
0.71	4.7	6.411	3.518	2.007	4.006	3.643	2.527	3.342	2.59
0.735	5.435	6.67	3.735	2.087	4.387	3.906	2.761	3.45	2.947
0.762	5.999	6.816	3.806	2.151	4.69	4.102	3.12	3.63	3.347
0.789	6.396	7.053	3.801	2.2	4.873	4.25	3.437	3.75	3.892
0.803	6.741	7.187	3.806	2.261	4.897	4.399	3.665	4.15	4.207
0.811	7.019	7.195	3.813	2.319	4.958	4.548	3.833	4.443	4.482
0.828	7.224	7.097	3.779	2.371	5.083	4.68	3.958	4.57	4.746
0.847	7.432	7.012	3.706	2.429	5.166	4.731	4.08	4.636	5.063
0.835	7.559	6.914	3.579	2.476	5.21	4.727	4.133	4.753	5.378
0.808	7.583	6.882	3.381	2.51	5.171	4.768	4.124	4.863	5.637
0.776	7.603	6.868	3.167	2.527	5.142	4.756	4.106	4.89	5.796
0.693	7.598	6.782	2.876	2.52	5.115	4.731	4.065	4.824	5.864
0.618	7.612	6.677	2.598	2.468	5.088	4.744	4.026	4.641	6.011
0.566	7.639	6.34	2.31	2.275	5.093	4.78	4.016	4.419	6.125
0.535	7.666	5.854	1.956	1.975	5.059	4.841	3.975	4.102	6.101
0.498	7.532	5.33	1.567	1.643	4.939	4.883	3.958	3.745	6.057
0.422	6.863	4.668	1.191	1.316	4.546	4.788	3.938	3.303	6.025
0.371	5.911	4.021	0.862	1.025	4.07	4.595	3.879	2.805	5.928
0.376	4.917	3.425	0.686	0.776	3.469	4.341	3.645	2.231	5.657
0.352	4.065	2.891	0.564	0.62	2.893	4.026	3.315	1.626	5.291
0.374	3.333	2.529	0.461	0.522	2.39	3.682	2.864	1.157	4.895
0.347	2.644	2.136	0.391	0.471	1.938	3.215	2.39	0.881	4.502
0.308	2.083	1.763	0.337	0.403	1.523	2.798	1.965	0.698	4.182
0.278	1.621	1.411	0.3	0.342	1.182	2.441	1.411	0.574	3.767
0.261	1.301	1.111	0.286	0.3	0.862	2.087	1.033	0.464	3.298
0.251	0.967	0.837	0.278	0.278	0.688	1.726	0.75	0.388	2.727
0.249	0.723	0.63	0.266	0.269	0.591	1.445	0.576	0.344	2.19
0.251	0.588	0.518	0.254	0.261	0.486	1.226	0.474	0.32	1.682
0.247	0.493	0.42	0.249	0.256	0.393	0.916	0.393	0.303	1.296
0.242	0.442	0.359	0.247	0.249	0.337	0.688	0.342	0.295	0.952
0.239	0.4	0.352	0.249	0.244	0.305	0.542	0.305	0.283	0.774
0.237	0.376	0.344	0.259	0.242	0.295	0.474	0.281	0.273	0.649
0.239	0.361	0.325	0.251	0.242	0.278	0.439	0.266	0.266	0.574
0.249	0.347	0.315	0.249	0.247	0.264	0.4	0.261	0.269	0.51
0.239	0.334	0.303	0.244	0.249	0.259	0.364	0.259	0.269	0.464
0.237	0.334	0.283	0.244	0.247	0.254	0.315	0.256	0.269	0.43
0.234	0.33	0.269	0.249	0.242	0.259	0.288	0.249	0.269	0.398
0.234	0.332	0.259	0.254	0.244	0.261	0.273	0.244	0.259	0.354
0.239	0.332	0.251	0.251	0.247	0.261	0.269	0.244	0.254	0.308
0.249	0.327	0.254	0.247	0.249	0.254	0.264	0.244	0.261	0.291
0.239	0.325	0.256	0.244	0.251	0.251	0.254	0.249	0.259	0.303
0.237	0.32	0.259	0.239	0.247	0.251	0.247	0.249	0.261	0.308
0.234	0.32	0.261	0.244	0.244	0.256	0.237	0.244	0.259	0.312
0.234	0.325	0.251	0.251	0.247	0.259	0.242	0.239	0.249	0.308
0.239	0.325	0.249	0.249	0.247	0.254	0.247	0.244	0.244	0.31
0.249	0.327	0.251	0.244	0.251	0.249	0.242	0.242	0.251	0.308
0.244	0.327	0.251	0.239	0.249	0.249	0.239	0.247	0.251	0.315
0.239	0.327	0.254	0.237	0.249	0.249	0.237	0.249	0.256	0.322
0.237	0.33	0.256	0.244	0.247	0.254	0.234	0.249	0.254	0.327
0.237	0.334	0.249	0.249	0.249	0.264	0.237	0.244	0.254	0.32
0.239	0.332	0.247	0.249	0.247	0.254	0.247	0.249	0.249	0.31
0.249	0.33	0.247	0.247	0.251	0.251	0.244	0.247	0.256	0.317
0.239	0.33	0.251	0.239	0.251	0.249	0.239	0.251	0.259	0.322
0.239	0.327	0.256	0.239	0.249	0.249	0.237	0.254	0.261	0.325
0.234	0.327	0.254	0.247	0.244	0.254	0.234	0.251	0.256	0.327
0.237	0.327	0.244	0.249	0.249	0.261	0.234	0.249	0.251	0.322
0.239	0.327	0.239	0.249	0.247	0.256	0.242	0.251	0.251	0.317
0.244	0.322	0.242	0.247	0.251	0.249	0.239	0.249	0.254	0.322
0.244	0.322	0.247	0.237	0.251	0.247	0.234	0.254	0.256	0.332
0.239	0.315	0.259	0.239	0.247	0.249	0.232	0.251	0.276	0.337
0.234	0.322	0.303	0.249	0.244	0.254	0.232	0.251	0.312	0.339
0.234	0.327	0.332	0.32	0.242	0.254	0.239	0.249	0.334	0.334
0.242	0.332	0.327	0.562	0.244	0.281	0.247	0.251	0.327	0.339
0.244	0.325	0.295	0.64	0.247	0.31	0.244	0.249	0.298	0.322
0.244	0.325	0.281	0.637	0.247	0.33	0.244	0.256	0.286	0.295
0.239	0.317	0.271	0.642	0.244	0.347	0.239	0.254	0.278	0.283
0.237	0.322	0.269	0.654	0.244	0.349	0.237	0.254	0.271	0.271
0.237	0.322	0.259	0.701	0.239	0.315	0.239	0.256	0.264	0.264
0.251	0.325	0.251	0.742	0.242	0.288	0.244	0.303	0.264	0.256
0.288	0.322	0.286	0.769	0.247	0.273	0.244	0.356	0.266	0.254
0.32	0.322	0.337	0.828	0.247	0.261	0.244	0.393	0.291	0.256
0.339	0.315	0.41	0.977	0.244	0.259	0.239	0.41	0.312	0.261
0.347	0.317	0.469	1.143	0.254	0.276	0.237	0.405	0.349	0.256
0.347	0.317	0.603	1.277	0.247	0.334	0.244	0.41	0.396	0.254
0.342	0.317	0.754	1.399	0.247	0.415	0.244	0.393	0.498	0.251
0.342	0.317	0.874	1.506	0.247	0.498	0.249	0.386	0.598	0.249
0.347	0.337	0.994	1.616	0.244	0.63	0.244	0.469	0.681	0.256
0.317	0.349	1.15	1.772	0.278	0.774	0.239	0.579	0.833	0.264
0.288	0.361	1.433	1.938	0.327	0.898	0.237	0.745	1.035	0.273
0.273	0.396	1.777	2.073	0.466	1.052	0.247	0.894	1.223	0.261
0.288	0.479	2.114	2.18	0.652	1.243	0.247	1.018	1.367	0.256
0.315	0.618	2.556	2.256	0.972	1.438	0.247	1.121	1.499	0.254
0.342	0.935	2.974	2.375	1.396	1.638	0.247	1.25	1.558	0.256
0.376	1.394	3.467	2.544	1.863	1.88	0.251	1.353	1.641	0.264
0.415	2.036	3.936	2.632	2.305	2.126	0.244	1.431	1.741	0.266
0.454	2.944	4.424	2.703	2.742	2.268	0.254	1.511	1.831	0.33
0.491	4.006	4.783	2.798	3.13	2.383	0.251	1.545	1.877	0.403
0.51	5.059	5.11	2.852	3.54	2.495	0.251	1.575	1.946	0.52
0.525	6.104	5.337	2.91	3.845	2.578	0.247	1.65	1.973	0.713
0.532	7.031	5.515	2.983	4.136	2.654	0.242	1.782	2.009	0.874
0.535	8.054	5.681	3.076	4.441	2.708	0.261	1.89	2.041	0.981
0.549	8.958	5.798	3.137	4.761	2.732	0.342	1.965	2.053	1.113
0.562	9.241	5.894	3.206	5.032	2.764	0.391	2.034	2.056	1.208
0.569	9.243	5.977	3.247	5.273	2.771	0.479	2.092	2.078	1.309
0.571	9.241	6.025	3.245	5.457	2.776	0.686	2.163	2.095	1.423
0.574	9.241	6.028	3.24	5.615	2.786	0.872	2.202	2.1	1.592
0.569	9.241	5.986	3.232	5.703	2.805	1.018	2.209	2.122	1.692
0.576	9.241	5.942	3.213	5.774	2.793	1.169	2.202	2.146	1.738
0.579	9.238	5.918	3.196	5.891	2.778	1.355	2.17	2.139	1.782
0.581	9.243	5.886	3.186	5.984	2.766	1.57	2.19	2.112	1.836
0.586	9.241	5.852	3.169	6.04	2.71	1.853	2.2	2.102	1.895
0.581	9.241	5.774	3.14	6.069	2.644	2.048	2.207	2.092	1.924
0.581	9.241	5.671	3.115	6.094	2.532	2.234	2.236	2.061	1.956
0.591	9.241	5.493	2.971	6.125	2.417	2.412	2.258	1.982	2.026
0.618	9.243	5.261	2.727	6.196	2.246	2.539	2.239	1.895	2.075
0.637	9.246	4.766	2.407	6.223	1.885	2.649	2.212	1.787	2.117
0.654	9.243	3.989	2.104	6.228	1.511	2.725	2.212	1.682	2.148
0.659	9.246	3.289	1.787	6.204	1.24	2.715	2.217	1.448	2.17
0.664	9.243	2.583	1.602	6.182	1.045	2.705	2.17	1.187	2.17
0.676	9.246	2.058	1.436	6.15	0.92	2.703	2.041	1.003	2.158
0.676	8.989	1.663	1.265	6.123	0.833	2.737	1.875	0.842	2.144
0.676	7.93	1.387	1.094	6.042	0.696	2.742	1.646	0.735	2.126
0.664	6.587	1.218	0.94	5.854	0.596	2.737	1.411	0.654	2.1
0.618	5.261	1.077	0.815	5.605	0.518	2.744	1.248	0.627	2.041
0.552	4.146	0.903	0.676	4.988	0.442	2.776	1.104	0.596	1.973
0.51	3.254	0.742	0.574	4.277	0.369	2.815	0.981	0.493	1.853
0.483	2.598	0.613	0.496	3.699	0.322	2.847	0.874	0.393	1.621
0.471	2.07	0.481	0.437	3.142	0.293	2.834	0.801	0.337	1.343
0.444	1.67	0.408	0.374	2.607	0.273	2.825	0.725	0.305	1.135
0.408	1.414	0.349	0.327	2.117	0.271	2.817	0.647	0.283	0.981
0.381	1.223	0.317	0.298	1.772	0.264	2.805	0.566	0.264	0.862
0.334	1.042	0.291	0.286	1.479	0.259	2.751	0.486	0.256	0.776
0.298	0.862	0.273	0.271	1.262	0.256	2.683	0.437	0.244	0.718
0.278	0.713	0.266	0.261	1.125	0.249	2.554	0.383	0.244	0.696
0.261	0.571	0.269	0.254	1.008	0.247	2.292	0.334	0.244	0.642
0.251	0.479	0.264	0.251	0.884	0.251	2.002	0.305	0.244	0.605
0.242	0.427	0.256	0.251	0.762	0.251	1.731	0.288	0.239	0.532
0.242	0.393	0.247	0.254	0.635	0.254	1.431	0.269	0.234	0.476
0.244	0.376	0.239	0.254	0.559	0.251	1.216	0.261	0.232	0.417
0.244	0.356	0.242	0.249	0.491	0.247	1.035	0.259	0.234	0.349
0.244	0.344	0.249	0.249	0.454	0.247	0.92	0.261	0.237	0.32
0.239	0.339	0.247	0.244	0.425	0.251	0.85	0.261	0.244	0.293
0.239	0.334	0.247	0.249	0.378	0.251	0.74	0.261	0.247	0.278
0.237	0.332	0.239	0.251	0.332	0.254	0.674	0.251	0.244	0.261
0.239	0.334	0.239	0.249	0.3	0.251	0.566	0.251	0.242	0.251
0.244	0.322	0.247	0.247	0.288	0.247	0.483	0.251	0.247	0.247
0.244	0.315	0.249	0.247	0.278	0.249	0.391	0.256	0.249	0.251
0.239	0.315	0.251	0.239	0.266	0.247	0.33	0.256	0.251	0.254
0.242	0.315	0.251	0.247	0.259	0.249	0.293	0.254	0.256	0.251
0.237	0.32	0.247	0.251	0.254	0.251	0.273	0.249	0.247	0.247
0.239	0.327	0.247	0.251	0.254	0.249	0.264	0.247	0.247	0.244
0.242	0.322	0.251	0.247	0.256	0.244	0.256	0.247	0.244	0.249
0.239	0.32	0.254	0.249	0.261	0.247	0.249	0.251	0.249	0.249
0.237	0.317	0.251	0.244	0.254	0.244	0.247	0.254	0.251	0.251
0.237	0.32	0.312	0.249	0.247	0.249	0.242	0.251	0.254	0.254
0.237	0.325	3.196	0.251	0.247	0.249	0.244	0.249	0.247	0.249
0.239	0.327	4.836	0.251	0.244	0.247	0.249	0.247	0.242	0.247
0.242	0.317	5.134	0.249	0.247	0.244	0.249	0.249	0.239	0.251
0.244	0.312	5.425	0.249	0.254	0.249	0.249	0.254	0.247	0.254
0.239	0.312	5.784	0.247	0.247	0.247	0.249	0.261	0.247	0.254
0.237	0.315	6.282	0.249	0.244	0.347	0.244	0.254	0.251	0.281
0.234	0.32	6.643	0.254	0.239	1.536	0.247	0.249	0.244	0.293
0.239	0.322	6.819	0.256	0.242	2.314	0.249	0.249	0.244	0.813
0.242	0.32	6.917	0.251	0.247	2.693	0.254	0.249	0.244	1.162
0.242	0.317	6.953	0.247	0.254	2.949	0.249	0.254	0.249	1.262
0.239	0.317	6.943	0.247	0.244	3.113	0.249	0.259	0.251	1.37
0.237	0.317	6.921	0.247	0.239	3.174	0.242	0.251	0.251	1.531
0.237	0.322	6.86	0.251	0.237	3.171	0.244	0.249	0.249	1.685
0.242	0.317	6.799	0.251	0.239	3.123	0.251	0.247	0.242	1.78
0.244	0.312	6.675	0.249	0.244	3.059	0.251	0.249	0.244	1.887
0.244	0.31	6.272	0.247	0.247	3.02	0.251	0.254	0.249	1.992
0.242	0.31	5.662	0.247	0.244	3.008	0.249	0.259	0.281	2.051
0.239	0.31	5.059	0.249	0.239	2.988	0.247	0.254	1.375	2.102
0.239	0.317	4.182	0.251	0.234	2.969	0.249	0.249	2.9	2.112
0.244	0.315	3.259	0.251	0.242	2.939	0.251	0.249	3.252	2.107
0.247	0.312	2.432	0.254	0.247	2.869	0.254	0.251	3.479	2.097
0.247	0.308	1.731	0.247	0.251	2.72	0.254	0.256	3.694	2.065
0.261	0.305	1.277	0.247	0.247	2.556	0.251	0.273	3.857	1.926
0.457	0.312	0.913	0.249	0.242	2.38	0.247	2.729	4.001	1.743
2.339	0.315	0.674	0.251	0.237	2.131	0.249	4.268	4.102	1.511
3.137	0.31	0.522	0.249	0.244	1.743	0.251	4.49	4.128	1.304
3.401	0.305	0.42	0.254	0.249	1.34	0.254	4.79	4.121	1.003
3.621	0.3	0.354	0.244	0.249	1.011	0.251	5.083	4.116	0.769
3.867	0.303	0.315	0.247	0.247	0.73	0.247	5.745	4.092	0.576
4.194	0.31	0.293	0.249	0.242	0.554	0.244	6.233	4.006	0.454
4.563	0.32	0.276	0.315	0.237	0.444	0.244	6.58	3.865	0.376
4.907	0.317	0.266	2.019	0.244	0.371	0.247	6.797	3.674	0.332
5.183	0.315	0.261	3.286	0.251	0.325	0.249	6.963	3.35	0.298
5.405	0.31	0.261	3.655	0.247	0.295	0.251	7.083	2.739	0.286
5.542	0.312	0.256	3.95	0.247	0.278	0.247	7.122	2.107	0.276
5.63	0.317	0.256	4.336	0.242	0.264	0.242	7.114	1.587	0.269
5.664	0.322	0.251	4.961	0.244	0.254	0.247	6.99	1.138	0.261
5.698	0.322	0.256	5.542	0.247	0.249	0.249	6.748	0.864	0.259
5.688	0.322	0.249	5.994	0.254	0.247	0.251	6.313	0.688	0.254
5.596	0.317	0.251	6.24	0.3	0.234	0.254	5.808	0.618	0.254
5.215	0.32	0.256	6.428	1.167	0.237	0.244	5.21	0.576	0.256
4.592	0.322	0.251	6.543	1.929	0.242	0.793	4.49	0.488	0.254
3.875	0.325	0.247	6.619	2.195	0.244	1.907	3.713	0.4	0.247
3.137	0.325	0.247	6.663	2.405	0.244	2.4	2.998	0.339	0.247
2.402	0.32	0.247	6.663	2.612	0.249	2.673	2.297	0.3	0.239
1.809	0.315	0.249	6.565	2.747	0.244	3.04	1.697	0.283	0.244
1.284	0.315	0.249	6.36	2.847	0.247	3.499	1.24	0.271	0.247
0.925	0.322	0.244	6.006	2.886	0.249	4.006	0.874	0.259	0.247
0.71	0.322	0.239	5.513	2.898	0.249	4.468	0.637	0.244	0.247
0.566	0.32	0.242	4.954	2.937	0.249	4.956	0.491	0.237	0.247
0.454	0.317	0.237	4.297	2.954	0.251	5.374	0.403	0.239	0.242
0.383	0.31	0.244	3.657	2.993	0.244	5.745	0.354	0.247	0.247
0.334	0.308	0.242	2.998	2.998	0.249	6.099	0.317	0.251	0.249
0.303	0.315	0.244	2.292	2.986	0.249	6.362	0.305	0.247	0.251
0.298	0.315	0.239	1.755	2.935	0.251	6.516	0.337	0.239	0.249
0.283	0.317	0.239	1.313	2.908	0.254	6.631	0.337	0.234	0.249
0.271	0.312	0.239	0.945	2.842	0.251	6.719	0.339	0.234	0.249
0.269	0.308	0.244	0.708	2.703	0.249	6.702	0.322	0.237	0.251
0.259	0.315	0.247	0.586	2.468	0.249	6.616	0.295	0.237	0.254
0.251	0.317	0.247	0.491	2.207	0.251	6.492	0.278	0.234	0.254
0.254	0.32	0.242	0.403	1.782	0.254	6.265	0.261	0.229	0.251
0.251	0.317	0.242	0.352	1.379	0.254	5.94	0.251	0.225	0.249
0.251	0.317	0.242	0.308	1.05	0.249	5.491	0.249	0.229	0.249
0.254	0.315	0.247	0.288	0.818	0.247	4.988	0.251	0.239	0.251
0.247	0.312	0.247	0.278	0.662	0.247	4.417	0.247	0.237	0.251
0.244	0.317	0.247	0.271	0.5	0.251	3.904	0.244	0.234	0.254
0.239	0.317	0.247	0.266	0.403	0.251	3.425	0.239	0.229	0.251
0.247	0.317	0.244	0.266	0.349	0.254	2.827	0.239	0.227	0.247
0.249	0.31	0.247	0.259	0.312	0.247	2.217	0.247	0.229	0.249
0.251	0.308	0.249	0.251	0.291	0.247	1.677	0.249	0.237	0.249
0.244	0.3	0.249	0.249	0.276	0.249	1.296	0.254	0.234	0.251
0.239	0.33	0.249	0.251	0.261	0.251	1.047	0.251	0.234	0.251
0.239	1.128	0.249	0.254	0.254	0.254	0.889	0.247	0.229	0.256
0.239	2.41	0.239	0.256	0.256	0.254	0.759	0.244	0.227	0.247
0.244	3.015	0.244	0.249	0.254	0.247	0.637	0.251	0.229	0.249
0.247	3.364	0.249	0.244	0.259	0.244	0.513	0.249	0.237	0.251
0.239	3.567	0.249	0.242	0.254	0.249	0.437	0.249	0.237	0.254
0.239	3.804	0.249	0.247	0.247	0.249	0.376	0.247	0.232	0.254
0.242	3.979	0.249	0.251	0.247	0.254	0.327	0.244	0.254	0.256
0.247	4.082	0.242	0.251	0.251	0.256	0.305	0.244	0.229	0.247
0.251	4.167	0.244	0.247	0.251	0.247	0.293	0.251	0.227	0.247
0.251	4.236	0.247	0.239	0.251	0.242	0.273	0.249	0.234	0.249
0.244	4.314	0.249	0.239	0.249	0.244	0.259	0.254	0.234	0.254
0.242	4.343	0.249	0.242	0.244	0.247	0.249	0.251	0.234	0.251
0.239	4.351	0.249	0.249	0.244	0.247	0.247	0.249	0.229	0.254
0.244	4.326	0.239	0.247	0.249	0.249	0.249	0.242	0.229	0.247
0.249	4.329	0.244	0.242	0.251	0.244	0.256	0.251	0.229	0.247
0.247	4.326	0.247	0.234	0.251	0.242	0.251	0.254	0.234	0.249
0.242	4.294	0.249	0.237	0.249	0.242	0.247	0.254	0.237	0.251
0.237	4.238	0.249	0.244	0.247	0.247	0.244	0.254	0.237	0.254
0.234	4.172	0.247	0.249	0.244	0.247	0.244	0.247	0.234	0.251
0.244	4.092	0.242	0.244	0.247	0.249	0.249	0.247	0.232	0.247
0.251	3.887	0.244	0.239	0.249	0.244	0.251	0.249	0.234	0.247
0.247	3.491	0.247	0.234	0.251	0.239	0.251	0.249	0.237	0.249
0.244	2.949	0.249	0.232	0.249	0.239	0.247	0.251	0.237	0.254
0.239	2.341	0.251	0.237	0.244	0.247	0.239	0.247	0.234	0.256
0.239	1.807	0.247	0.249	0.247	0.249	0.244	0.244	0.232	0.251
0.244	1.34	0.242	0.244	0.244	0.247	0.251	0.244	0.232	0.247
0.249	0.977	0.244	0.239	0.247	0.239	0.247	0.249	0.237	0.244
0.247	0.718	0.249	0.239	0.247	0.239	0.249	0.249	0.237	0.249
0.242	0.591	0.251	0.239	0.244	0.239	0.247	0.251	0.237	0.254
0.237	0.503	0.251	0.244	0.242	0.244	0.247	0.249	0.234	0.254
0.237	0.43	0.244	0.251	0.247	0.247	0.249	0.247	0.232	0.249
0.244	0.381	0.244	0.249	0.247	0.242	0.256	0.247	0.232	0.242
0.251	0.352	0.244	0.247	0.254	0.237	0.256	0.247	0.237	0.244
0.244	0.33	0.249	0.244	0.254	0.234	0.254	0.251	0.237	0.244
0.242	0.315	0.251	0.242	0.251	0.237	0.249	0.249	0.239	0.247
0.237	0.315	0.254	0.247	0.247	0.242	0.249	0.249	0.239	0.261
0.239	0.31	0.247	0.254	0.249	0.249	0.251	0.247	0.234	0.251
0.244	0.305	0.244	0.251	0.247	0.242	0.259	0.247	0.234	0.344
0.249	0.3	0.244	0.247	0.254	0.237	0.259	0.247	0.239	0.576
0.247	0.298	0.249	0.244	0.256	0.234	0.254	0.251	0.239	2.542
0.242	0.293	0.251	0.242	0.249	0.237	0.251	0.254	0.244	4.907
0.237	0.295	0.254	0.249	0.247	0.239	0.247	0.251	0.244	6.306
0.237	0.298	0.247	0.251	0.247	0.247	0.251	0.249	0.237	7.117
0.244	0.295	0.244	0.251	0.247	0.242	0.259	0.251	0.244	7.69
0.251	0.295	0.244	0.251	0.249	0.239	0.256	0.249	0.239	8.533
0.249	0.291	0.249	0.244	0.251	0.239	0.254	0.251	0.244	9.16
0.244	0.288	0.251	0.247	0.249	0.437	0.251	0.254	0.244	9.243
0.239	0.293	0.254	0.251	0.244	1.094	0.247	0.251	0.244	9.248
0.239	0.3	0.247	0.251	0.247	4.685	0.251	0.249	0.239	9.243
0.249	0.3	0.244	0.256	0.247	7.041	0.259	0.249	0.239	9.243
0.249	0.3	0.325	0.249	0.251	8.481	0.256	0.249	0.242	9.246
0.247	0.3	5.559	0.244	0.254	9.238	0.256	0.254	0.244	9.243
0.244	0.291	9.236	0.242	0.249	9.238	0.249	0.254	0.247	9.246
0.237	0.298	9.238	0.251	0.247	9.241	0.247	0.254	0.244	9.253
0.239	0.303	9.236	0.249	0.249	9.243	0.251	0.251	0.242	9.246
0.249	0.303	9.233	0.251	0.247	9.241	0.256	0.251	0.244	9.175
0.247	0.3	9.233	0.247	0.251	9.241	0.254	0.251	0.244	8.635
0.244	0.303	9.236	0.239	0.254	9.241	0.251	0.256	0.247	7.874
0.239	0.298	9.238	0.244	0.249	9.243	0.247	0.254	0.249	6.692
0.237	0.298	9.238	0.251	0.249	9.243	0.244	0.254	0.247	5.347
0.237	0.303	9.236	0.251	0.244	9.248	0.247	0.251	0.244	4.18
0.247	0.305	9.238	0.251	0.247	9.243	0.249	0.249	0.244	3.047
0.247	0.303	9.236	0.247	0.251	9.241	0.251	0.249	0.239	2.117
0.247	0.305	9.238	0.242	0.254	9.246	0.249	0.254	0.244	1.472
0.244	0.303	9.243	0.244	0.251	9.248	0.242	0.256	0.247	1.067
0.237	0.305	9.246	0.251	0.251	8.85	0.244	0.254	0.242	0.886
0.242	0.305	9.25	0.254	0.244	8.13	0.249	0.254	0.239	0.742
0.249	0.308	8.691	0.251	0.249	7.136	0.249	0.251	0.239	0.593
0.247	0.305	7.012	0.251	0.251	5.708	0.249	0.261	0.237	0.483
0.247	0.305	4.854	0.244	0.251	4.421	0.249	0.471	0.242	0.405
0.244	0.305	3.315	0.244	0.251	3.262	0.244	5.586	0.244	0.359
0.278	0.308	2.314	0.251	0.251	2.29	0.247	9.233	0.244	0.322
0.618	0.312	1.709	0.254	0.247	1.599	0.249	9.243	0.239	0.3
8.228	0.312	1.406	0.254	0.249	1.157	0.251	9.236	0.242	0.286
9.25	0.308	1.182	0.249	0.251	0.903	0.251	9.236	0.237	0.276
9.238	0.303	0.979	0.247	0.256	0.73	0.249	9.238	0.239	0.271
9.236	0.3	0.764	0.342	0.251	0.583	0.244	9.233	0.239	0.273
9.233	0.3	0.581	2.854	0.264	0.476	0.244	9.238	0.239	0.264
9.238	0.303	0.461	8.809	0.364	0.393	0.251	9.243	0.234	0.259
9.241	0.3	0.396	9.233	1.733	0.342	0.251	9.238	0.237	0.251
9.236	0.303	0.364	9.236	6.826	0.305	0.254	9.238	0.244	0.249
9.238	0.293	0.339	9.236	9.06	0.281	0.251	9.241	0.493	0.254
9.236	0.293	0.315	9.241	9.241	0.271	0.249	9.241	4.749	0.259
9.241	0.295	0.293	9.238	9.243	0.271	0.244	9.243	9.236	0.254
9.241	0.298	0.276	9.238	9.241	0.261	0.249	9.246	9.243	0.254
9.243	0.298	0.266	9.236	9.243	0.256	0.249	9.246	9.241	0.249
9.238	0.3	0.261	9.241	9.241	0.249	0.247	9.036	9.241	0.247
9.243	0.293	0.261	9.238	9.243	0.244	0.247	8.096	9.241	0.254
9.248	0.298	0.264	9.246	9.246	0.247	0.249	7.012	9.241	0.259
8.879	0.295	0.256	9.238	9.243	0.254	0.256	5.522	9.241	0.256
7.742	0.3	0.254	9.241	9.241	0.254	0.366	4.065	9.246	0.251
6.006	0.305	0.251	9.236	9.243	0.249	0.801	2.834	9.241	0.249
4.312	0.308	0.249	9.243	9.241	0.244	5.596	1.936	9.243	0.247
3.118	0.3	0.256	9.25	9.241	0.242	8.22	1.375	9.243	0.254
2.192	0.3	0.256	8.977	9.248	0.247	9.238	1.077	9.241	0.256
1.536	0.308	0.254	7.329	9.246	0.249	9.243	0.862	9.241	0.254
1.111	0.315	0.249	5.286	9.248	0.249	9.241	0.667	9.248	0.251
0.859	0.315	0.244	3.601	8.955	0.247	9.241	0.554	9.246	0.247
0.691	0.315	0.249	2.515	8.162	0.244	9.241	0.444	9.197	0.247
0.544	0.31	0.256	1.782	7.285	0.242	9.241	0.378	8.535	0.254
0.454	0.31	0.251	1.292	5.952	0.247	9.241	0.344	7.644	0.256
0.393	0.312	0.251	0.999	4.595	0.249	9.246	0.317	6.587	0.256
0.361	0.315	0.249	0.842	3.33	0.249	9.241	0.298	5.071	0.249
0.344	0.315	0.239	0.684	2.363	0.249	9.243	0.281	3.516	0.247
0.33	0.315	0.247	0.571	1.638	0.244	9.243	0.273	2.461	0.247
0.315	0.315	0.256	0.471	1.169	0.239	9.243	0.271	1.86	0.254
0.305	0.312	0.254	0.408	0.908	0.249	9.241	0.269	1.45	0.251
0.293	0.312	0.254	0.381	0.73	0.251	9.246	0.271	1.169	0.251
0.295	0.327	0.249	0.359	0.559	0.256	9.243	0.259	0.994	0.251
0.295	0.376	0.247	0.339	0.449	0.251	9.241	0.254	0.815	0.244
0.295	5.254	0.247	0.308	0.381	0.247	9.246	0.256	0.625	0.247
0.298	9.233	0.256	0.286	0.339	0.244	9.246	0.259	0.508	0.254
0.295	9.236	0.256	0.273	0.315	0.249	9.192	0.259	0.417	0.251
0.288	9.233	0.254	0.266	0.298	0.249	8.33	0.264	0.361	0.251
0.286	9.233	0.249	0.266	0.281	0.251	7.305	0.254	0.322	0.247
0.283	9.238	0.244	0.264	0.273	0.249	5.845	0.254	0.295	0.244
0.283	9.236	0.249	0.259	0.271	0.244	4.197	0.254	0.281	0.244
0.269	9.236	0.254	0.256	0.266	0.244	2.935	0.256	0.273	0.251
0.256	9.236	0.254	0.251	0.264	0.249	2.131	0.259	0.271	0.251
0.251	9.236	0.254	0.254	0.256	0.251	1.619	0.259	0.266	0.251
0.247	9.238	0.249	0.256	0.251	0.249	1.272	0.251	0.259	0.247
0.249	9.241	0.247	0.256	0.254	0.247	1.104	0.249	0.254	0.239
0.251	9.238	0.249	0.254	0.256	0.244	0.942	0.251	0.254	0.244
0.251	9.238	0.254	0.254	0.261	0.244	0.764	0.256	0.254	0.247
0.247	9.241	0.254	0.254	0.256	0.249	0.588	0.256	0.256	0.247
0.247	9.238	0.251	0.251	0.251	0.251	0.466	0.256	0.256	0.249
0.244	9.241	0.249	0.256	0.247	0.251	0.391	0.249	0.251	0.244
0.247	9.246	0.249	0.256	0.251	0.249	0.349	0.249	0.251	0.239
0.251	9.25	0.249	0.254	0.254	0.247	0.32	0.249	0.249	0.239
0.249	8.574	0.251	0.254	0.259	0.242	0.3	0.254	0.251	0.242
0.247	7.263	0.254	0.249	0.254	0.244	0.288	0.259	0.254	0.244
0.249	5.728	0.251	0.251	0.251	0.249	0.276	0.256	0.259	0.242
0.244	4.258	0.249	0.254	0.249	0.251	0.266	0.251	0.249	0.239
0.247	3.23	0.247	0.256	0.249	0.247	0.266	0.249	0.249	0.237
0.249	2.449	0.251	0.254	0.254	0.242	0.261	0.251	0.249	0.239
0.249	1.807	0.251	0.251	0.261	0.244	0.259	0.256	0.254	0.239
0.244	1.357	0.254	0.247	0.254	0.244	0.259	0.261	0.254	0.244
0.244	1.082	0.251	0.251	0.251	0.247	0.251	0.254	0.259	0.244
0.242	0.996	0.247	0.254	0.249	0.249	0.251	0.254	0.249	0.239
0.247	0.833	0.244	0.254	0.249	0.247	0.256	0.254	0.247	0.237
0.249	0.728	0.251	0.249	0.256	0.244	0.256	0.251	0.247	0.242
0.249	0.615	0.251	0.249	0.259	0.247	0.254	0.256	0.251	0.239
0.247	0.549	0.254	0.249	0.254	0.244	0.256	0.259	0.254	0.244
0.244	0.53	0.251	0.251	0.249	0.247	0.251	0.256	0.256	0.247
0.244	0.513	0.247	0.254	0.247	0.251	0.251	0.251	0.249	0.242
0.247	0.491	0.247	0.254	0.249	0.244	0.254	0.251	0.247	0.239
0.251	0.464	0.251	0.254	0.254	0.244	0.254	0.251	0.244	0.244
0.249	0.449	0.251	0.247	0.259	0.247	0.251	0.256	0.249	0.244
0.247	0.439	0.254	0.247	0.256	0.242	0.251	0.261	0.249	0.247
0.244	0.437	0.251	0.249	0.249	0.247	0.247	0.254	0.251	0.247
0.242	0.437	0.247	0.254	0.247	0.247	0.249	0.251	0.242	0.244
0.244	0.43	0.247	0.254	0.249	0.244	0.251	0.247	0.242	0.239
0.249	0.425	0.249	0.254	0.254	0.239	0.254	0.249	0.242	0.244
0.247	0.422	0.251	0.244	0.256	0.244	0.251	0.254	0.247	0.244
0.247	0.42	0.254	0.247	0.251	0.242	0.251	0.264	0.254	0.247
0.239	0.42	0.254	0.249	0.249	0.247	0.247	0.254	0.249	0.247
0.239	0.43	0.249	0.254	0.247	0.251	0.249	0.249	0.244	0.244
0.244	0.422	0.249	0.254	0.251	0.247	0.251	0.247	0.239	0.239
0.249	0.417	0.249	0.254	0.256	0.242	0.254	0.251	0.239	0.244
0.247	0.415	0.251	0.247	0.254	0.242	0.254	0.256	0.244	0.244
0.249	0.41	0.254	0.247	0.254	0.242	0.249	0.259	0.251	0.249
0.239	0.417	0.251	0.251	0.247	0.247	0.251	0.254	0.249	0.249
0.239	0.425	0.247	0.251	0.247	0.247	0.249	0.251	0.239	0.244
0.244	0.425	0.249	0.254	0.249	0.244	0.254	0.247	0.237	0.242
0.247	0.417	0.249	0.254	0.256	0.244	0.254	0.249	0.234	0.242
0.247	0.415	0.251	0.247	0.254	0.242	0.256	0.256	0.239	0.244
0.247	0.413	0.254	0.249	0.254	0.239	0.249	0.254	0.247	0.247
0.239	0.415	0.251	0.254	0.249	0.244	0.249	0.256	0.242	0.247
0.239	0.42	0.249	0.256	0.247	0.247	0.249	0.251	0.237	0.244
0.242	0.42	0.249	0.251	0.249	0.244	0.254	0.249	0.237	0.247
0.244	0.42	0.247	0.254	0.256	0.242	0.256	0.251	0.239	0.242
0.247	0.417	0.249	0.247	0.256	0.239	0.256	0.259	0.242	0.269
0.244	0.415	0.254	0.244	0.254	0.239	0.249	0.256	0.247	0.347
0.237	0.42	0.251	0.249	0.249	0.244	0.247	0.254	0.239	0.454
0.237	0.422	0.249	0.251	0.244	0.247	0.249	0.251	0.237	1.169
0.239	0.427	0.249	0.256	0.249	0.242	0.251	0.249	0.232	2.979
0.244	0.422	0.247	0.251	0.256	0.242	0.251	0.251	0.234	4.043
0.239	0.417	0.251	0.249	0.254	0.234	0.254	0.259	0.237	4.709
0.244	0.417	0.251	0.247	0.251	0.237	0.244	0.259	0.244	5.1
0.237	0.42	0.251	0.249	0.247	0.239	0.242	0.256	0.239	5.305
0.237	0.42	0.247	0.254	0.244	0.242	0.244	0.254	0.234	5.452
0.239	0.422	0.244	0.256	0.247	0.239	0.251	0.247	0.229	5.527
0.247	0.417	0.249	0.251	0.256	0.242	0.251	0.254	0.232	5.51
0.247	0.413	0.251	0.249	0.254	0.232	0.254	0.261	0.237	5.459
0.242	0.41	0.254	0.249	0.251	0.237	0.244	0.259	0.244	5.391
0.237	0.42	0.251	0.249	0.247	0.239	0.244	0.259	0.242	5.354
0.237	0.42	0.249	0.254	0.247	0.242	0.247	0.254	0.237	5.303
0.242	0.422	0.249	0.259	0.249	0.239	0.251	0.251	0.234	5.249
0.247	0.42	0.247	0.251	0.254	0.239	0.251	0.254	0.237	5.215
0.249	0.415	0.251	0.249	0.264	0.234	0.254	0.259	0.244	5.166
0.239	0.413	0.254	0.242	0.251	0.234	0.247	0.261	0.244	5.088
0.239	0.42	0.254	0.249	0.247	0.239	0.244	0.256	0.244	4.91
0.237	0.422	0.249	0.254	0.247	0.237	0.249	0.251	0.239	4.314
0.239	0.422	0.247	0.259	0.251	0.249	0.251	0.249	0.237	3.503
0.247	0.417	0.247	0.251	0.254	0.312	0.254	0.249	0.242	2.81
0.249	0.415	0.249	0.249	0.256	0.679	0.251	0.254	0.249	2.175
0.242	0.413	0.251	0.247	0.254	3.994	0.247	0.254	0.247	1.65
0.237	0.42	0.251	0.249	0.249	6.482	0.244	0.254	0.244	1.318
0.237	0.42	0.249	0.254	0.247	7.883	0.247	0.247	0.239	1.038
0.242	0.42	0.244	0.261	0.254	8.867	0.251	0.244	0.234	0.791
0.247	0.417	0.247	0.251	0.254	9.243	0.254	0.249	0.239	0.613
0.249	0.417	0.251	0.247	0.256	9.243	0.251	0.249	0.249	0.481
0.242	0.417	0.251	0.247	0.254	9.246	0.247	0.254	0.247	0.398
0.239	0.425	0.251	0.249	0.249	9.243	0.242	0.251	0.244	0.359
0.239	0.425	0.251	0.254	0.247	9.243	0.247	0.247	0.239	0.32
0.242	0.425	0.244	0.256	0.254	9.248	0.251	0.244	0.237	0.288
0.249	0.425	0.247	0.251	0.254	9.243	0.256	0.251	0.237	0.273
0.249	0.422	0.264	0.247	0.254	9.246	0.251	0.251	0.247	0.269
0.244	0.422	0.315	0.247	0.254	9.243	0.249	0.251	0.244	0.264
0.239	0.425	0.972	0.249	0.247	9.116	0.247	0.251	0.232	0.261
0.237	0.432	3.955	0.254	0.247	8.472	0.249	0.247	0.237	0.264
0.244	0.437	5.73	0.256	0.251	7.402	0.251	0.244	0.232	0.251
0.249	0.43	6.833	0.251	0.251	5.967	0.256	0.254	0.234	0.249
0.249	0.427	7.605	0.247	0.254	4.529	0.254	0.251	0.244	0.251
0.242	0.427	8.035	0.247	0.251	3.325	0.247	0.251	0.244	0.254
0.239	0.43	8.247	0.251	0.247	2.385	0.244	0.251	0.242	0.256
0.237	0.432	8.347	0.259	0.244	1.711	0.244	0.247	0.237	0.254
0.242	0.432	8.286	0.251	0.251	1.414	0.249	0.247	0.232	0.247
0.249	0.43	8.279	0.251	0.254	1.155	0.259	0.254	0.237	0.247
0.249	0.427	8.333	0.247	0.256	0.864	0.249	0.251	0.242	0.249
0.244	0.43	8.362	0.247	0.251	0.647	0.247	0.254	0.242	0.251
0.239	0.43	8.328	0.251	0.247	0.508	0.244	0.251	0.242	0.251
0.237	0.432	8.22	0.259	0.247	0.442	0.244	0.249	0.234	0.251
0.244	0.437	8.081	0.254	0.249	0.405	0.251	0.249	0.232	0.247
0.251	0.432	7.961	0.303	0.251	0.398	0.254	0.251	0.237	0.247
0.249	0.43	7.727	1.06	0.251	0.349	0.249	0.251	0.239	0.249
0.244	0.435	7.322	6.206	0.249	0.31	0.249	0.256	0.244	0.251
0.242	0.432	6.707	8.918	0.247	0.291	0.244	0.254	0.239	0.249
0.237	0.437	5.41	9.241	0.247	0.276	0.249	0.249	0.239	0.249
0.244	0.437	4.158	9.236	0.249	0.269	0.254	0.247	0.237	0.244
0.251	0.435	2.991	9.241	0.251	0.256	0.256	0.249	0.242	0.244
0.244	0.432	2.117	9.243	0.254	0.249	0.251	0.251	0.239	0.247
0.239	0.437	1.516	9.243	0.251	0.251	0.251	0.254	0.242	0.251
0.239	0.435	1.169	9.243	0.249	0.251	0.247	0.249	0.273	0.256
0.237	0.437	0.93	9.248	0.249	0.256	0.249	0.247	0.361	0.249
0.261	0.437	0.708	9.248	0.249	0.251	0.256	0.247	1.155	0.244
0.342	0.432	0.547	9.177	0.251	0.249	0.256	0.247	3.687	0.244
1.733	0.43	0.442	8.589	0.254	0.242	0.254	0.249	5.107	0.249
5.339	0.432	0.376	7.808	0.251	0.244	0.249	0.251	6.013	0.254
7.253	0.432	0.337	6.899	0.261	0.249	0.247	0.249	6.587	0.259
8.542	0.435	0.3	6.091	0.347	0.254	0.249	0.247	6.929	0.249
9.241	0.437	0.281	5.283	3.521	0.249	0.256	0.249	7.104	0.247
9.246	0.432	0.271	4.434	7.324	0.244	0.254	0.247	7.231	0.244
9.241	0.43	0.269	3.601	9.045	0.242	0.251	0.251	7.266	0.249
9.236	0.427	0.269	2.686	9.238	0.242	0.249	0.251	7.305	0.251
9.243	0.432	0.266	1.953	9.241	0.247	0.247	0.251	7.385	0.259
9.241	0.437	0.259	1.47	9.246	0.251	0.249	0.247	7.451	0.249
9.246	0.435	0.254	1.123	9.241	0.242	0.259	0.249	7.424	0.244
9.246	0.435	0.254	0.898	9.241	0.239	0.254	0.247	7.229	0.247
9.241	0.435	0.256	0.776	9.243	0.237	0.251	0.251	6.973	0.249
9.246	0.432	0.261	0.62	9.241	0.237	0.247	0.254	6.638	0.254
9.102	0.435	0.261	0.508	9.243	0.244	0.259	0.251	6.121	0.259
8.369	0.437	0.254	0.447	9.248	0.251	0.5	0.247	5.317	0.251
7.034	0.435	0.251	0.41	9.243	0.244	4.138	0.249	4.209	0.247
5.525	0.435	0.254	0.383	9.246	0.239	7.373	0.247	3.25	0.247
4.111	0.435	0.254	0.364	9.248	0.239	8.894	0.251	2.559	0.249
2.825	0.43	0.259	0.349	8.445	0.239	9.241	0.254	1.929	0.254
2.019	0.432	0.259	0.322	7.246	0.247	9.243	0.251	1.562	0.254
1.438	0.437	0.254	0.298	5.801	0.251	9.243	0.247	1.272	0.249
1.082	0.437	0.251	0.281	4.338	0.247	9.243	0.249	0.994	0.247
0.889	0.435	0.249	0.269	3.118	0.242	9.246	0.249	0.754	0.244
0.706	0.437	0.254	0.256	2.161	0.239	9.243	0.283	0.593	0.247
0.535	0.43	0.259	0.251	1.592	0.239	9.243	0.359	0.464	0.254
0.425	0.432	0.256	0.261	1.226	0.247	9.241	0.681	0.381	0.251
0.359	0.435	0.251	0.254	0.994	0.249	9.243	3.247	0.327	0.249
0.325	0.435	0.249	0.264	0.811	0.244	9.243	5.02	0.295	0.242
0.295	0.43	0.251	0.254	0.635	0.242	9.246	5.996	0.271	0.239
0.278	0.43	0.254	0.249	0.52	0.239	9.231	6.582	0.264	0.247
0.264	0.425	0.259	0.247	0.43	0.239	8.401	6.958	0.256	0.251
0.254	0.427	0.256	0.254	0.386	0.247	7.166	7.151	0.249	0.251
0.251	0.432	0.251	0.256	0.374	0.244	6.001	7.256	0.244	0.247
0.259	0.437	0.249	0.254	0.359	0.242	4.717	7.285	0.244	0.244
0.256	0.435	0.249	0.251	0.325	0.237	3.63	7.283	0.237	0.244
0.256	0.43	0.254	0.247	0.3	0.234	2.739	7.256	0.239	0.244
0.249	0.425	0.259	0.242	0.283	0.237	2.056	7.178	0.242	0.254
0.244	0.435	0.256	0.251	0.273	0.247	1.631	7.087	0.242	0.249
0.244	0.493	0.251	0.254	0.264	0.244	1.409	7.073	0.234	0.244
0.251	2.173	0.249	0.254	0.261	0.242	1.074	7.08	0.237	0.239
0.251	7.061	0.249	0.251	0.261	0.237	0.823	7.068	0.234	0.239
0.249	8.894	0.254	0.249	0.259	0.234	0.669	7.007	0.239	0.244
0.244	9.238	0.261	0.249	0.259	0.234	0.552	6.87	0.239	0.251
0.239	9.243	0.256	0.251	0.259	0.247	0.483	6.521	0.237	0.247
0.239	9.243	0.251	0.254	0.251	0.242	0.452	5.686	0.237	0.242
0.244	9.241	0.249	0.256	0.254	0.242	0.437	4.604	0.237	0.239
0.247	9.246	0.249	0.254	0.256	0.237	0.413	3.604	0.234	0.239
0.247	9.243	0.254	0.249	0.256	0.234	0.388	2.856	0.239	0.244
0.242	9.241	0.261	0.251	0.256	0.239	0.371	2.202	0.239	0.249
0.239	9.243	0.254	0.254	0.256	0.249	0.359	1.67	0.239	0.244
0.237	9.248	0.249	0.254	0.249	0.242	0.349	1.396	0.237	0.242
0.244	9.019	0.247	0.256	0.254	0.242	0.342	1.096	0.234	0.239
0.247	8.091	0.247	0.251	0.256	0.237	0.339	0.925	0.234	0.239
0.247	7.051	0.254	0.251	0.256	0.237	0.334	0.735	0.237	0.244
0.242	6.008	0.256	0.254	0.256	0.237	0.33	0.581	0.239	0.249
0.239	5.037	0.254	0.251	0.254	0.244	0.327	0.479	0.239	0.247
0.244	4.163	0.249	0.256	0.251	0.244	0.332	0.393	0.237	0.244
0.244	3.171	0.247	0.256	0.251	0.242	0.334	0.339	0.232	0.239
0.247	2.283	0.249	0.251	0.254	0.234	0.334	0.31	0.232	0.239
0.247	1.677	0.254	0.251	0.256	0.237	0.33	0.291	0.237	0.244
0.242	1.27	0.259	0.249	0.256	0.237	0.325	0.278	0.237	0.247
0.239	0.996	0.254	0.251	0.249	0.242	0.325	0.269	0.237	0.244
0.244	0.874	0.251	0.256	0.247	0.247	0.327	0.261	0.239	0.244
0.244	0.752	0.247	0.256	0.249	0.239	0.332	0.251	0.232	0.237
0.247	0.613	0.249	0.251	0.254	0.237	0.337	0.254	0.232	0.244
0.247	0.505	0.256	0.247	0.254	0.242	0.334	0.254	0.237	0.247
0.239	0.435	0.256	0.251	0.259	0.239	0.327	0.256	0.239	0.247
0.237	0.393	0.254	0.251	0.251	0.242	0.327	0.259	0.237	0.247
0.244	0.369	0.251	0.254	0.247	0.242	0.327	0.251	0.239	0.242
0.242	0.356	0.247	0.254	0.251	0.244	0.327	0.249	0.232	0.237
0.247	0.344	0.249	0.251	0.251	0.237	0.327	0.251	0.234	0.237
0.244	0.334	0.256	0.247	0.254	0.239	0.32	0.254	0.237	0.247
0.239	0.327	0.254	0.251	0.256	0.244	0.315	0.256	0.239	0.249
0.237	0.327	0.254	0.251	0.249	0.244	0.317	0.256	0.239	0.33
0.242	0.327	0.251	0.254	0.249	0.247	0.315	0.249	0.237	0.405
0.239	0.33	0.247	0.254	0.249	0.242	0.317	0.249	0.234	0.842
0.244	0.325	0.249	0.251	0.251	0.239	0.322	0.247	0.234	2.981
0.242	0.32	0.256	0.249	0.254	0.237	0.32	0.251	0.237	4.434
0.239	0.32	0.254	0.249	0.256	0.244	0.315	0.254	0.234	5.178
0.234	0.32	0.251	0.249	0.251	0.244	0.327	0.256	0.239	5.676
0.237	0.322	0.247	0.254	0.247	0.244	0.327	0.249	0.237	5.92
0.237	0.327	0.244	0.251	0.249	0.244	0.332	0.249	0.232	6.099
0.242	0.322	0.244	0.251	0.251	0.237	0.332	0.249	0.234	6.165
0.244	0.315	0.251	0.251	0.256	0.234	0.33	0.254	0.237	6.182
0.239	0.317	0.251	0.249	0.254	0.242	0.325	0.256	0.239	6.133
0.239	0.317	0.251	0.249	0.249	0.242	0.325	0.256	0.239	6.079
0.237	0.32	0.244	0.254	0.247	0.244	0.325	0.251	0.234	5.957
0.239	0.325	0.242	0.256	0.249	0.239	0.327	0.251	0.232	5.642
0.244	0.315	0.244	0.251	0.254	0.237	0.327	0.249	0.234	5.142
0.239	0.312	0.251	0.251	0.256	0.234	0.327	0.251	0.237	4.602
0.239	0.312	0.251	0.247	0.254	0.237	0.32	0.254	0.239	4.053
0.237	0.312	0.251	0.251	0.249	0.242	0.317	0.254	0.244	3.389
0.234	0.32	0.244	0.254	0.247	0.244	0.317	0.249	0.234	2.776
0.239	0.327	0.242	0.251	0.249	0.239	0.322	0.247	0.232	2.253
0.242	0.32	0.247	0.251	0.254	0.237	0.327	0.249	0.234	1.824
0.239	0.315	0.251	0.251	0.259	0.237	0.322	0.251	0.237	1.499
0.239	0.315	0.254	0.247	0.254	0.239	0.322	0.254	0.237	1.206
0.239	0.312	0.251	0.247	0.249	0.244	0.317	0.254	0.242	0.935
0.234	0.317	0.247	0.254	0.249	0.244	0.322	0.249	0.232	0.74
0.239	0.322	0.247	0.259	0.249	0.239	0.327	0.244	0.229	0.569
0.244	0.315	0.249	0.249	0.254	0.234	0.327	0.247	0.232	0.474
0.244	0.312	0.251	0.251	0.261	0.237	0.322	0.251	0.234	0.415
0.239	0.31	0.254	0.247	0.251	0.237	0.32	0.256	0.237	0.452
0.244	0.315	0.254	0.249	0.249	0.242	0.312	0.251	0.242	0.435
0.234	0.32	0.247	0.251	0.247	0.244	0.317	0.247	0.232	0.378
0.242	0.325	0.244	0.254	0.249	0.242	0.322	0.244	0.232	0.33
0.244	0.315	0.251	0.251	0.254	0.237	0.32	0.247	0.232	0.303
0.244	0.312	0.249	0.247	0.259	0.239	0.317	0.249	0.234	0.278
0.242	0.312	0.256	0.244	0.254	0.237	0.317	0.256	0.237	0.273
0.242	0.312	0.278	0.249	0.249	0.244	0.31	0.251	0.242	0.264
0.239	0.32	0.454	0.251	0.247	0.247	0.312	0.249	0.232	0.254
0.244	0.317	4.036	0.251	0.249	0.244	0.317	0.247	0.229	0.247
0.247	0.312	7.063	0.251	0.254	0.239	0.315	0.247	0.232	0.249
0.247	0.31	8.552	0.247	0.259	0.242	0.312	0.251	0.234	0.249
0.247	0.308	9.241	0.244	0.251	0.239	0.315	0.259	0.237	0.249
0.242	0.312	9.243	0.249	0.249	0.244	0.31	0.251	0.239	0.249
0.239	0.322	9.241	0.251	0.247	0.242	0.312	0.247	0.232	0.244
0.244	0.315	9.241	0.254	0.249	0.244	0.315	0.247	0.229	0.242
0.247	0.315	9.243	0.254	0.251	0.239	0.315	0.247	0.232	0.247
0.249	0.308	9.243	0.247	0.256	0.239	0.312	0.251	0.237	0.244
0.247	0.305	9.243	0.244	0.254	0.237	0.312	0.256	0.237	0.247
0.239	0.308	9.243	0.249	0.249	0.242	0.308	0.251	0.237	0.247
0.242	0.32	9.246	0.254	0.244	0.244	0.31	0.247	0.232	0.244
0.244	0.317	9.246	0.256	0.249	0.242	0.315	0.247	0.232	0.239
0.244	0.312	9.094	0.256	0.254	0.239	0.317	0.244	0.232	0.244
0.249	0.308	8.557	0.249	0.254	0.237	0.312	0.249	0.237	0.244
0.247	0.308	7.825	0.247	0.254	0.239	0.31	0.251	0.244	0.249
0.239	0.31	6.895	0.249	0.249	0.244	0.308	0.249	0.242	0.247
0.237	0.317	5.671	0.254	0.249	0.244	0.31	0.244	0.234	0.247
0.244	0.315	4.514	0.254	0.251	0.244	0.315	0.244	0.232	0.244
0.244	0.315	3.423	0.256	0.256	0.242	0.315	0.247	0.234	0.244
0.244	0.312	2.532	0.249	0.256	0.237	0.317	0.251	0.237	0.247
0.247	0.31	1.885	0.247	0.476	0.239	0.31	0.251	0.247	0.251
0.239	0.317	1.404	0.249	0.83	0.244	0.308	0.251	0.239	0.251
0.237	0.322	0.981	0.254	4.346	0.242	0.31	0.247	0.234	0.247
0.242	0.322	0.708	0.256	8.433	0.242	0.31	0.244	0.234	0.249
0.244	0.32	0.535	0.278	9.243	0.242	0.31	0.244	0.229	0.244
0.398	0.315	0.437	0.496	9.238	0.239	0.312	0.254	0.237	0.247
3.113	0.315	0.381	5.002	9.243	0.239	0.305	0.251	0.247	0.251
7.705	0.317	0.349	7.727	9.241	0.247	0.305	0.249	0.239	0.249
8.826	0.322	0.312	8.652	9.238	0.247	0.308	0.247	0.234	0.249
9.238	0.322	0.288	9.241	9.243	0.247	0.312	0.244	0.232	0.249
9.238	0.317	0.269	9.243	9.246	0.247	0.312	0.247	0.232	0.242
9.243	0.312	0.264	9.236	9.241	0.234	0.315	0.256	0.239	0.247
9.241	0.312	0.261	9.236	9.243	0.239	0.349	0.251	0.244	0.251
9.238	0.317	0.256	9.238	9.246	0.244	0.576	0.249	0.239	0.251
9.238	0.32	0.249	9.241	9.246	0.247	2.173	0.244	0.234	0.249
9.241	0.317	0.249	9.243	9.143	0.244	5.725	0.242	0.232	0.249
9.243	0.317	0.247	9.241	8.45	0.242	6.873	0.244	0.234	0.242
9.248	0.312	0.249	9.243	7.112	0.237	7.573	0.251	0.239	0.249
9.246	0.312	0.249	9.246	5.74	0.334	8.237	0.251	0.242	0.251
9.16	0.32	0.249	9.243	4.509	0.649	8.594	0.249	0.239	0.249
8.687	0.32	0.244	9.246	3.521	3.367	8.833	0.244	0.237	0.247
7.874	0.325	0.247	9.248	2.769	6.814	9.06	0.242	0.232	0.247
6.807	0.322	0.247	9.204	2.261	8.284	9.204	0.244	0.232	0.286
5.603	0.315	0.249	8.433	1.865	9.038	9.199	0.251	0.237	0.369
4.558	0.312	0.251	7.527	1.526	9.246	8.916	0.254	0.239	2.097
3.604	0.322	0.251	6.304	1.179	9.246	8.477	0.247	0.239	5.857
2.695	0.32	0.247	4.985	0.906	9.246	8.088	0.244	0.234	7.058
2.087	0.322	0.247	3.809	0.715	9.246	7.71	0.239	0.232	7.688
1.719	0.317	0.247	2.847	0.591	9.253	7.346	0.244	0.232	8.149
1.423	0.312	0.249	2.187	0.518	9.246	6.858	0.251	0.242	8.364
1.201	0.31	0.254	1.733	0.508	9.143	6.143	0.251	0.239	8.43
1.001	0.312	0.251	1.353	0.562	8.765	5.334	0.261	0.237	8.362
0.754	0.312	0.251	1.055	0.564	8.264	4.448	0.244	0.234	8.259
0.61	0.315	0.244	0.793	0.454	7.678	3.677	0.244	0.232	8.059
0.498	0.312	0.249	0.591	0.381	6.978	3.074	0.247	0.232	7.607
0.435	0.308	0.251	0.464	0.33	6.106	2.539	0.249	0.242	7.112
0.391	0.308	0.254	0.383	0.3	5.166	2.056	0.249	0.242	6.526
0.334	0.312	0.251	0.337	0.278	4.133	1.694	0.247	0.239	5.776
0.305	0.317	0.251	0.31	0.266	3.23	1.396	0.244	0.234	4.941
0.288	0.315	0.247	0.295	0.266	2.515	1.165	0.242	0.229	4.155
0.278	0.315	0.247	0.276	0.264	2.012	0.896	0.247	0.232	3.521
0.276	0.31	0.249	0.261	0.261	1.582	0.676	0.249	0.242	2.661
0.261	0.312	0.254	0.259	0.259	1.23	0.557	0.251	0.239	1.99
0.254	0.317	0.251	0.256	0.254	0.996	0.479	0.249	0.237	1.35
0.249	0.322	0.254	0.259	0.251	0.833	0.43	0.244	0.234	0.974
0.251	0.322	0.244	0.261	0.259	0.737	0.396	0.244	0.232	0.735
0.254	0.344	0.247	0.254	0.256	0.632	0.374	0.278	0.234	0.557
0.254	0.586	0.251	0.249	0.259	0.488	0.332	1.99	0.242	0.444
0.249	3.042	0.251	0.247	0.256	0.4	0.295	6.707	0.242	0.376
0.242	6.155	0.254	0.249	0.249	0.344	0.271	7.524	0.239	0.327
0.242	7.585	0.254	0.254	0.247	0.315	0.261	8.113	0.234	0.305
0.247	8.899	0.244	0.254	0.254	0.293	0.261	8.94	0.232	0.278
0.251	9.238	0.247	0.251	0.254	0.278	0.264	9.246	0.234	0.266
0.251	9.238	0.249	0.247	0.254	0.264	0.256	9.243	0.237	0.261
0.247	9.246	0.254	0.244	0.249	0.261	0.254	9.246	0.239	0.259
0.244	9.241	3.962	0.247	0.244	0.259	0.251	9.246	0.237	0.259
0.244	9.241	9.236	0.254	0.244	0.259	0.251	9.241	0.232	0.259
0.247	9.243	9.236	0.249	0.249	0.256	0.256	9.246	0.232	0.251
0.254	9.241	9.236	0.247	0.249	0.249	0.259	9.25	0.234	0.251
0.251	9.246	9.238	0.244	0.254	0.244	0.254	9.246	0.237	0.249
0.249	9.248	9.238	0.239	0.249	0.247	0.249	9.138	0.237	0.254
0.244	9.119	9.238	0.244	0.247	0.251	0.247	8.784	0.237	0.256
0.242	8.569	9.243	0.254	0.244	0.254	0.249	8.171	0.232	0.251
0.244	7.673	9.243	0.249	0.247	0.251	0.254	7.222	0.232	0.247
0.254	6.621	9.248	0.247	0.251	0.244	0.254	6.206	0.239	0.244
0.249	5.53	9.246	0.242	0.251	0.247	0.254	5.103	0.239	0.247
0.244	4.646	9.246	0.242	0.247	0.247	0.249	4.023	0.244	0.251
0.242	3.713	9.121	0.244	0.244	0.251	0.249	3.003	0.242	0.254
0.239	3.052	8.164	0.254	0.247	0.256	0.249	2.17	0.234	0.249
0.244	2.502	7.039	0.249	0.247	0.251	0.256	1.602	0.234	0.247
0.251	2.041	5.669	0.249	0.251	0.244	0.254	1.174	0.239	0.244
0.247	1.675	4.407	0.244	0.251	0.244	0.251	0.857	0.237	0.249
0.244	1.248	3.206	0.242	0.249	0.242	0.249	0.64	0.244	0.251
0.239	0.955	2.336	0.247	0.247	0.249	0.247	0.498	0.237	0.256
0.239	0.757	1.768	0.254	0.249	0.254	0.249	0.408	0.232	0.249
0.244	0.632	1.37	0.249	0.247	0.247	0.256	0.352	0.232	0.247
0.254	0.549	1.069	0.247	0.251	0.244	0.254	0.315	0.237	0.247
0.251	0.486	0.808	0.242	0.251	0.242	0.254	0.295	0.237	0.247
0.247	0.442	0.625	0.242	0.249	0.244	0.251	0.283	0.239	0.254
0.239	0.415	0.5	0.247	0.244	0.249	0.249	0.293	0.239	0.256
0.239	0.396	0.4	0.251	0.247	0.256	0.249	0.283	0.234	0.251
0.244	0.381	0.349	0.249	0.242	0.249	0.259	0.273	0.232	0.247
0.249	0.376	0.322	0.247	0.247	0.244	0.256	0.259	0.237	0.264
0.249	0.371	0.295	0.242	0.249	0.242	0.256	0.259	0.237	0.247
0.244	0.366	0.283	0.244	0.247	0.239	0.251	0.256	0.239	0.251
0.239	0.374	0.288	0.247	0.244	0.247	0.249	0.251	0.234	0.254
0.237	0.381	0.266	0.5	0.244	0.254	0.251	0.249	0.229	0.249
0.244	0.381	0.256	7.505	0.242	0.249	0.259	0.244	0.229	0.244
0.247	0.381	0.251	9.236	0.247	0.244	0.259	0.239	0.232	0.244
0.247	0.383	0.251	9.236	0.244	0.239	0.256	0.242	0.234	0.247
0.239	0.376	0.251	9.238	0.244	0.239	0.251	0.244	0.234	0.273
0.237	0.381	0.251	9.241	0.242	0.249	0.249	0.244	0.234	0.327
0.234	0.386	0.242	9.238	0.237	0.251	0.251	0.242	0.229	0.334
0.244	0.391	0.234	9.241	0.242	0.249	0.259	0.244	0.229	0.396
0.244	0.383	0.239	9.246	0.244	0.242	0.259	0.244	0.229	0.461
0.244	0.383	0.242	9.248	0.247	0.315	0.256	0.249	0.234	0.493
0.239	0.376	0.247	9.25	0.247	7.317	0.249	0.249	0.283	0.532
0.234	0.378	0.247	8.425	0.244	9.233	0.249	0.249	0.532	0.579
0.237	0.381	0.239	7.258	0.239	9.241	0.254	0.247	2.747	0.63
0.242	0.383	0.237	5.994	0.244	9.238	0.259	0.247	7.38	0.652
0.269	0.371	0.239	4.895	0.247	9.238	0.259	0.249	8.97	0.635
6.06	0.364	0.247	3.921	0.247	9.241	0.256	0.254	9.241	0.664
9.236	0.354	0.251	2.908	0.247	9.233	0.251	0.251	9.243	0.659
9.241	0.359	0.247	1.948	0.247	9.241	0.251	0.249	9.241	0.615
9.238	0.369	0.244	1.411	0.242	9.241	0.254	0.249	9.243	0.591
9.246	0.371	0.242	1.074	0.239	9.241	0.254	0.244	9.248	0.623
9.241	0.371	0.244	0.857	0.247	9.246	0.259	0.247	9.243	0.671
9.241	0.374	0.249	0.706	0.249	9.246	0.254	0.249	9.246	0.73
9.243	0.371	0.256	0.549	0.247	9.246	0.249	0.251	9.246	0.764
9.243	0.376	0.251	0.457	0.247	9.18	0.249	0.249	8.936	0.774
9.243	0.381	0.249	0.391	0.237	8.186	0.254	0.249	8.389	0.769
9.25	0.386	0.247	0.349	0.239	7.131	0.256	0.242	7.81	0.764
8.784	0.383	0.244	0.317	0.244	5.73	0.256	0.244	7.244	0.83
8.157	0.381	0.249	0.303	0.247	4.312	0.254	0.249	6.436	0.923
7.209	0.378	0.254	0.298	0.244	3.21	4.033	0.254	5.378	0.994
6.187	0.383	0.251	0.286	0.247	2.444	8.684	0.251	4.292	1.042
5.095	0.386	0.269	0.283	0.242	1.846	9.246	0.251	3.374	1.052
3.962	0.388	0.322	0.273	0.244	1.411	9.238	0.247	2.727	1.045
2.886	0.388	0.334	0.264	0.249	1.099	9.243	0.244	2.139	1.03
1.948	0.383	0.371	0.254	0.251	0.83	9.241	0.251	1.782	1.04
1.362	0.381	0.469	0.251	0.247	0.654	9.238	0.251	1.511	1.055
0.991	0.386	0.564	0.251	0.249	0.547	9.243	0.247	1.279	1.077
0.75	0.388	0.615	0.251	0.239	0.476	9.246	1.602	1.077	1.094
0.571	0.388	0.635	0.249	0.242	0.43	9.241	9.224	0.852	1.086
0.454	0.391	0.706	0.247	0.247	0.393	9.243	9.236	0.754	1.069
0.374	0.383	0.776	0.242	0.247	0.347	9.248	9.236	0.713	0
0.322	0.381	0.837	0.247	0.247	0.317	9.194	9.238	0.627	0
0.288	0.386	0.94	0.244	0.242	0.308	8.335	9.236	0.618	0
0.273	0.386	1.016	0.249	0.239	0.293	7.29	9.241	0.588	0
0.261	1.46	1.113	0.251	0.239	0.286	6.128	9.233	0.469	0
0.254	9.229	1.184	0.249	0.244	0.271	4.712	9.238	0.383	0
0.259	9.236	1.206	0.244	0.244	0.264	3.486	9.238	0.337	0
0.247	9.236	1.24	0.249	0.247	0.261	2.336	9.238	0.305	0
0.239	9.238	1.321	0.247	0.239	0.266	1.57	9.241	0.283	0
0.242	9.236	1.396	0.249	0.237	0.264	1.089	9.243	0.273	0
0.237	9.241	1.519	0.249	0.239	0.259	0.779	9.243	0.259	0
0.242	9.241	1.638	0.247	0.244	0.254	0.588	9.246	0.247	0
0.239	9.241	1.787	0.242	0.247	0.259	0.461	9.246	0.247	0
0.234	9.243	1.885	0.249	0.247	0.261	0.383	9.131	0.247	0
0.229	9.243	1.948	0.247	0.239	0.264	0.337	8.069	0.244	0
0.234	9.243	1.99	0.249	0.239	0.261	0.305	6.56	0.247	0
0.234	9.246	2.07	0.249	0.239	0.256	0.291	5.01	0.237	0
0.237	9.25	2.146	0.247	0.242	0.256	0.276	3.735	0.239	0
0.237	9.009	2.197	0.242	0.244	0.259	0.264	2.791	0.244	0
0.234	8.069	2.246	0.242	0.247	0.266	0.256	2.156	0.247	0
0.232	7.217	2.251	0.244	0.234	0.266	0.254	1.702	0.247	0
0.232	5.986	2.273	0.247	0.234	0.269	0.251	1.331	0.249	0
0.232	4.756	2.246	0.249	0.234	0.266	0.249	1.008	0.242	0
0.234	3.594	2.231	0.244	0.254	0.261	0.247	0.764	0.244	0
0.232	2.683	2.246	0.244	4.062	0.261	0.242	0.579	0.249	0
0.227	2.09	0	0.242	8.796	0.269	0.239	0.457	0.247	0
0.225	1.646	0	0.244	9.238	0.269	0.239	0.381	0.251	0
0.225	1.272	0	0.249	9.236	0.266	0.237	0.325	0.247	0
0.227	0.964	0	0.249	9.241	0.266	0.242	0.293	0.242	0
0.229	0.728	0	0.247	9.243	0.259	0.239	0.276	0.239	0
0.229	0.579	0	0.273	9.243	0.259	0.237	0.266	0.244	0
0.225	0.483	0	0.31	9.243	0.269	0.234	0.264	0.247	0
0.225	0.408	0	0.339	9.241	0.269	0.234	0.264	0.251	0
0.227	0.349	0	0.364	9.246	0.271	0.229	0.254	0.244	0
0.232	0.317	0	0.437	9.236	0.266	0.232	0.251	0.239	0
0.239	0.286	0	0.503	9.243	0.264	0.234	0.249	0.239	0
0.237	0.269	0	0.564	9.238	0.264	0.234	0.251	0.244	0
0.234	0.259	0	0.613	9.246	0.266	0.229	0.254	0.247	0
0.237	0.254	0	0.63	9.248	0.269	0.232	0.256	0.251	0
0.232	0.251	0	0.684	8.364	0.271	0.232	0.247	0.247	0
0.237	0.254	0	0.779	7.031	0.298	0.237	0.247	0.242	0
0.239	0.247	0	0.862	5.632	0.322	0.237	0.247	0.244	0
0.239	0.244	0	0.969	4.307	0.364	0.237	0.251	0.249	0
0.234	0.244	0	1.018	3.174	0.376	0.234	0.254	0.251	0
0.237	0.242	0	1.045	2.312	0.432	0.229	0.251	0.254	0
0.232	0.247	0	1.003	1.702	0.461	0.234	0.247	0.247	0
0.237	0.249	0	1.03	1.282	0.549	0.239	0.247	0.247	0
0.239	0.244	0	1.05	1.001	0.696	0.242	0.244	0.244	0
0.239	0.239	0	1.079	0.747	0.784	0.239	0.249	0.249	0
0.239	0.234	0	1.111	0.557	0.837	0.239	0.251	0.251	0
0.239	0.242	0	1.182	0.439	0.898	0.239	0.249	0.256	0
0.232	0.244	0	1.27	0.366	0.996	0.239	0.244	0.247	0
0.239	0.247	0	1.34	0.322	1.077	0.244	0.239	0.244	0
0.254	0.242	0	1.382	0.3	1.113	0.247	0.239	0.244	0
0.305	0.237	0	1.414	0.291	1.099	0.244	0.247	0.828	0
0.354	0.234	0	1.436	0.278	1.062	0.247	0.254	7.288	0
0.527	0.239	0	1.475	0.264	1.074	0.242	0.247	9.238	0
0.645	0.244	0	1.494	0.254	1.218	0.244	0.244	9.238	0
0.72	0.247	0	1.484	0.251	1.44	0.249	0.242	9.238	0
0.764	0.242	0	1.465	0.256	1.716	0.251	0.244	9.238	0
0.825	0.237	0	0	0.259	1.909	0.247	0.254	9.238	0
0.994	0.237	0	0	0.251	2.146	0.249	0.259	9.241	0
1.05	0.237	0	0	0.247	2.444	0.242	0.254	9.246	0
1.104	0.247	0	0	0.247	2.625	0.244	0.247	9.246	0
1.204	0.244	0	0	0.247	2.756	0.249	0.242	9.246	0
1.25	0.239	0	0	0.251	2.891	0.249	0.242	9.248	0
1.284	0.237	0	0	0.254	3.066	0.247	0.244	8.779	0
1.443	0.234	0	0	0.249	3.242	0.247	0.254	7.971	0
1.577	0.237	0	0	0.244	3.394	0.242	0.247	6.86	0
1.65	0.247	0	0	0.242	3.455	0.251	0.242	5.52	0
1.707	0.247	0	0	0.244	3.437	0.298	0.239	4.114	0
1.753	0.242	0	0	0.249	0	0.32	0.244	2.942	0
1.775	0.234	0	0	0.254	0	0.332	0.249	1.936	0
1.775	0.3	0	0	0.249	0	0.417	0.256	1.306	0
1.77	0.339	0	0	0.244	0	0.469	0.281	0.906	0
1.777	0.647	0	0	0.242	0	0.505	0.317	0.659	0
1.802	1.108	0	0	0.244	0	0.623	0.356	0.505	0
1.846	1.519	0	0	0.251	0	0.72	0.425	0.413	0
1.89	1.75	0	0	0.249	0	0.779	0.671	0.354	0
1.892	1.938	0	0	0.247	0	0.85	0.869	0.325	0
1.88	2.148	0	0	0.242	0	0.942	0.977	0.295	0
1.885	2.297	0	0	0.237	0	0.986	1.113	0.273	0
1.902	2.427	0	0	0.239	0	1.018	1.218	0.261	0
1.914	2.612	0	0	0.251	0	1.138	1.289	0.256	0
1.897	2.969	0	0	0.249	0	1.34	1.406	0.266	0
1.904	3.386	0	0	0.247	0	1.548	1.506	0.278	0
1.904	3.75	0	0	0.244	0	1.799	1.592	0.278	0
1.924	3.894	0	0	0.242	0	2.004	1.714	0.283	0
0	3.906	0	0	0.242	0	2.122	1.887	0.281	0
0	3.872	0	0	0.251	0	2.224	2.075	0.283	0
0	3.838	0	0	0.251	0	2.395	2.28	0.286	0
0	3.806	0	0	0.247	0	2.537	2.446	0.293	0
0	3.796	0	0	0.276	0	2.549	2.612	0.288	0
0	3.804	0	0	0.322	0	2.595	2.798	0.286	0
0	3.748	0	0	0.334	0	2.583	3.108	0.283	0
0	3.691	0	0	0.422	0	2.588	3.437	0.286	0
0	3.625	0	0	0.513	0	2.634	3.896	0.286	0
0	3.545	0	0	0.752	0	2.644	4.333	0.293	0
0	3.496	0	0	0.957	0	2.622	4.773	0.291	0
0	3.435	0	0	1.111	0	2.666	5.154	0.288	0
0	3.406	0	0	1.228	0	2.717	5.42	0.286	0
0	3.374	0	0	1.421	0	2.747	5.576	0.291	0
0	3.306	0	0	1.523	0	2.783	5.684	0.295	0
0	3.23	0	0	1.56	0	2.825	5.801	0.298	0
0	3.164	0	0	1.648	0	0	5.95	0.295	0
0	3.052	0	0	1.624	0	0	6.128	0.293	0
0	2.915	0	0	1.609	0	0	0	0.291	0
0	2.815	0	0	1.621	0	0	0	0.293	0
0	2.783	0	0	1.738	0	0	0	0.3	0
0	2.781	0	0	1.904	0	0	0	0.295	0
0	0	0	0	2.009	0	0	0	0.3	0
0	0	0	0	2.119	0	0	0	0.298	0
0	0	0	0	2.175	0	0	0	0.295	0
0	0	0	0	2.236	0	0	0	0.298	0
0	0	0	0	2.285	0	0	0	0.303	0
0	0	0	0	2.363	0	0	0	0.3	0
0	0	0	0	2.461	0	0	0	0.3	0
0	0	0	0	2.505	0	0	0	0.344	0
0	0	0	0	2.563	0	0	0	0.354	0
0	0	0	0	2.588	0	0	0	0.339	0
0	0	0	0	2.634	0	0	0	0.359	0
0	0	0	0	2.698	0	0	0	0.417	0
0	0	0	0	2.744	0	0	0	0.461	0
0	0	0	0	2.744	0	0	0	0.505	0
0	0	0	0	2.761	0	0	0	0.581	0
0	0	0	0	0	0	0	0	0.615	0
0	0	0	0	0	0	0	0	0.623	0
0	0	0	0	0	0	0	0	0.632	0
0	0	0	0	0	0	0	0	0.645	0
0	0	0	0	0	0	0	0	0.601	0
0	0	0	0	0	0	0	0	0.574	0
0	0	0	0	0	0	0	0	0.63	0
0	0	0	0	0	0	0	0	0.713	0
0	0	0	0	0	0	0	0	0.71	0
0	0	0	0	0	0	0	0	0.732	0
0	0	0	0	0	0	0	0	0.845	0
0	0	0	0	0	0	0	0	1.116	0
0	0	0	0	0	0	0	0	1.433	0
0	0	0	0	0	0	0	0	1.726	0
0	0	0	0	0	0	0	0	2.007	0
0	0	0	0	0	0	0	0	2.134	0
0	0	0	0	0	0	0	0	2.292	0
0	0	0	0	0	0	0	0	2.429	0
0	0	0	0	0	0	0	0	2.661	0
0	0	0	0	0	0	0	0	2.83	0
0	0	0	0	0	0	0	0	2.971	0
0	0	0	0	0	0	0	0	3.076	0
0	0	0	0	0	0	0	0	3.208	0
