0.637	0.637	0.693	0.693	0.488	0.637	0.652	0.681	0.803	0.811
0.642	0.64	0.701	0.688	0.496	0.64	0.662	0.679	0.801	0.803
0.637	0.647	0.698	0.688	0.493	0.64	0.657	0.676	0.801	0.801
0.635	0.649	0.698	0.693	0.564	0.637	0.657	0.684	0.806	0.806
0.632	0.647	0.701	0.688	0.603	0.635	0.659	0.684	0.813	0.801
0.635	0.647	0.701	0.693	0.583	0.635	0.657	0.686	0.811	0.813
0.637	0.649	0.696	0.698	0.615	0.63	0.657	0.686	0.806	0.818
0.642	0.654	0.691	0.696	0.637	0.632	0.662	0.684	0.798	0.813
0.637	0.654	0.686	0.696	0.605	0.632	0.659	0.681	0.796	0.813
0.635	0.652	0.688	0.698	0.613	0.632	0.659	0.684	0.801	0.813
0.635	0.647	0.696	0.693	0.601	0.635	0.659	0.681	0.801	0.808
0.637	0.637	0.693	0.686	0.591	0.637	0.652	0.684	0.803	0.811
0.64	0.63	0.696	0.681	0.586	0.637	0.652	0.684	0.798	0.811
0.637	0.625	0.693	0.676	0.591	0.632	0.657	0.684	0.796	0.813
0.635	0.63	0.693	0.674	0.586	0.63	0.654	0.681	0.796	0.808
0.635	0.623	0.688	0.669	0.586	0.63	0.659	0.681	0.801	0.811
0.632	0.623	0.693	0.671	0.603	0.627	0.659	0.681	0.801	0.811
0.635	0.62	0.698	0.671	0.618	0.625	0.654	0.684	0.798	0.818
0.642	0.62	0.693	0.671	0.625	0.608	0.652	0.684	0.796	0.823
0.64	0.618	0.691	0.671	0.64	0.601	0.659	0.681	0.793	0.823
0.637	0.62	0.691	0.676	0.649	0.588	0.654	0.681	0.793	0.82
0.635	0.61	0.693	0.671	0.654	0.583	0.657	0.676	0.801	0.811
0.635	0.608	0.698	0.674	0.652	0.581	0.657	0.674	0.796	0.806
0.637	0.603	0.701	0.674	0.649	0.583	0.654	0.676	0.798	0.808
0.645	0.601	0.698	0.669	0.649	0.601	0.652	0.676	0.798	0.808
0.642	0.601	0.691	0.728	0.654	0.64	0.652	0.676	0.793	0.811
0.642	0.61	0.723	2.361	0.657	1.721	0.652	0.676	0.793	0.813
0.637	0.608	1.299	2.893	0.654	2.021	0.654	0.671	0.796	0.82
0.637	0.615	1.765	2.28	0.652	1.753	0.659	0.691	0.813	1.235
0.647	1.355	1.575	1.821	0.649	1.631	0.659	0.82	1.543	1.855
0.916	1.973	1.396	1.592	0.659	1.641	0.659	1.077	3.484	2.107
1.606	1.809	1.292	1.548	0.737	1.702	0.657	1.096	4.57	2.231
1.848	1.665	1.255	1.58	0.989	1.709	0.662	1.067	4.99	2.327
1.655	1.589	1.277	1.685	1.084	1.694	0.747	1.016	5.127	2.39
1.511	1.699	1.282	1.782	1.091	1.677	1.13	1.013	5.127	2.515
1.455	1.733	1.277	1.812	1.079	1.633	1.316	1.094	5.127	2.629
1.416	1.753	1.267	1.79	1.03	1.584	1.379	1.155	5.029	2.7
1.392	1.765	1.194	1.726	1.006	1.504	1.399	1.228	4.675	2.705
1.377	1.797	1.118	1.675	0.972	1.392	1.387	1.279	3.916	2.524
1.367	1.824	1.045	1.592	0.937	1.292	1.414	1.296	3.213	2.3
1.357	1.831	0.994	1.394	0.903	1.206	1.433	1.292	2.488	2.068
1.34	1.729	0.95	1.135	0.869	1.074	1.458	1.299	2.041	1.873
1.323	1.606	0.864	0.964	0.911	0.991	1.497	1.353	1.58	1.733
1.321	1.445	0.796	0.859	0.962	0.857	1.523	1.416	1.316	1.46
1.299	1.235	0.757	0.798	0.959	0.811	1.55	1.414	1.165	1.216
1.189	1.025	0.745	0.745	0.835	0.75	1.533	1.311	1.082	1.091
1.047	0.889	0.735	0.713	0.776	0.708	1.509	1.206	0.994	1.001
0.942	0.811	0.713	0.696	0.747	0.681	1.448	1.079	0.913	0.935
0.864	0.754	0.706	0.688	0.703	0.667	1.375	0.964	0.859	0.891
0.811	0.725	0.701	0.681	0.671	0.657	1.235	0.85	0.828	0.862
0.75	0.698	0.696	0.671	0.659	0.657	1.077	0.767	0.801	0.837
0.701	0.684	0.691	0.662	0.654	0.649	0.933	0.762	0.786	0.82
0.671	0.674	0.693	0.657	0.645	0.645	0.842	0.742	0.781	0.813
0.662	0.667	0.693	0.662	0.642	0.645	0.779	0.762	0.781	0.808
0.647	0.662	0.688	0.662	0.64	0.642	0.725	0.767	0.774	0.803
0.642	0.664	0.686	0.664	0.64	0.642	0.688	0.745	0.767	0.793
0.635	0.662	0.681	0.659	0.642	0.645	0.676	0.718	0.769	0.789
0.625	0.659	0.679	0.657	0.649	0.645	0.667	0.684	0.769	0.786
0.625	0.657	0.679	0.659	0.652	0.637	0.659	0.667	0.771	0.784
0.632	0.654	0.684	0.659	0.649	0.64	0.652	0.652	0.771	0.793
0.627	0.657	0.684	0.837	0.642	0.642	0.652	0.647	0.771	0.798
0.62	0.669	0.679	1.223	0.854	0.64	0.649	0.642	0.771	0.806
0.62	0.669	0.688	1.243	2.471	0.645	0.647	0.635	0.776	0.801
0.632	0.674	0.681	1.213	2.388	0.645	0.649	0.632	0.769	1.04
0.642	0.669	0.671	1.208	1.936	0.637	0.649	0.632	0.769	1.719
0.652	0.664	0.671	1.201	1.687	0.637	0.645	0.635	0.767	1.67
0.75	0.664	0.679	1.199	1.543	0.64	0.637	0.637	0.764	1.65
1.458	0.671	0.911	1.189	1.472	0.64	0.642	0.642	0.764	1.67
1.553	0.669	1.116	1.179	1.465	0.64	0.637	0.632	0.764	1.724
1.372	0.669	1.003	1.182	1.467	0.642	0.642	0.632	0.774	1.765
1.245	0.664	0.923	1.194	1.475	0.637	0.73	0.627	0.781	1.819
1.182	0.662	0.916	1.191	1.462	0.632	0.972	0.63	0.789	1.858
1.143	0.662	0.906	1.199	1.46	0.637	0.935	0.627	0.789	1.877
1.13	0.669	0.879	1.211	1.455	0.64	0.894	0.63	0.791	1.899
1.125	0.667	0.852	1.208	1.46	0.769	0.867	0.623	0.786	1.907
1.14	0.669	0.842	1.194	1.44	1.057	0.85	0.623	0.786	1.924
1.155	0.664	0.84	1.187	1.416	0.947	0.84	0.62	0.786	1.936
1.165	0.664	0.837	1.077	1.414	0.825	0.835	1.028	0.803	1.948
1.169	0.701	0.828	0.979	1.384	0.752	0.823	2.305	0.82	1.958
1.174	1.709	0.825	0.881	1.36	0.71	0.82	2.322	0.874	1.97
1.184	1.711	0.823	0.83	1.262	0.686	0.823	1.992	0.889	1.941
1.179	1.357	0.823	0.823	1.074	0.684	0.825	1.787	0.896	1.858
1.169	1.116	0.825	0.764	0.964	0.681	0.828	1.687	0.898	1.738
1.125	0.986	0.825	0.73	0.845	0.681	0.83	1.636	0.93	1.56
1.03	0.945	0.825	0.713	0.769	0.681	0.825	1.592	0.95	1.423
0.933	0.916	0.82	0.696	0.732	0.669	0.825	1.55	0.962	1.292
0.828	0.896	0.818	0.681	0.718	0.654	0.825	1.528	0.969	1.174
0.759	0.879	0.793	0.676	0.696	0.649	0.83	1.519	0.972	1.074
0.72	0.862	0.745	0.676	0.676	0.642	0.828	1.516	0.977	0.979
0.693	0.85	0.713	0.674	0.674	0.642	0.825	1.521	0.979	0.92
0.679	0.847	0.691	0.679	0.671	0.642	0.774	1.523	0.981	0.886
0.671	0.845	0.664	0.669	0.674	0.647	0.725	1.519	0.984	0.859
0.662	0.85	0.635	0.664	0.679	0.649	0.701	1.511	0.979	0.842
0.652	0.85	0.62	0.662	0.684	0.647	0.679	1.479	0.981	0.85
0.652	0.842	0.627	0.662	0.684	0.642	0.669	1.409	0.986	0.84
0.647	0.798	0.627	0.667	0.679	0.64	0.659	1.282	0.991	0.84
0.647	0.769	0.623	0.676	0.679	0.64	0.649	1.055	0.977	0.842
0.645	0.73	0.62	0.671	0.681	0.657	0.645	0.894	0.947	0.833
0.645	0.708	0.62	0.671	0.681	0.657	0.64	0.798	0.92	0.823
0.645	0.693	0.623	0.671	0.686	0.647	0.64	0.742	0.93	0.815
0.647	0.681	0.63	0.674	0.742	0.647	0.64	0.698	0.955	0.85
0.647	0.676	0.627	0.674	1.001	0.645	0.635	0.684	0.95	0.942
0.649	0.676	0.623	0.706	1.121	0.642	0.632	0.676	0.891	1.165
0.652	0.671	0.642	0.859	1.121	0.64	0.632	0.667	0.852	1.289
0.652	0.674	0.825	1.042	1.077	0.645	0.632	0.659	0.847	1.34
0.706	0.674	1.069	1.06	1.038	0.635	0.686	0.654	0.842	1.355
0.94	0.669	1.165	0.977	1.018	0.635	0.811	0.649	0.82	1.355
1.018	0.667	1.094	0.896	0.981	0.669	0.876	0.647	0.801	1.377
0.933	0.671	1.03	0.842	0.952	1.831	0.872	0.647	0.789	1.411
0.862	0.667	0.979	0.781	0.923	2.815	0.837	0.642	0.776	1.416
0.789	0.669	0.933	0.742	0.903	2.444	0.823	0.64	0.771	1.411
0.745	0.671	0.901	0.72	0.898	1.98	0.811	0.632	0.769	1.387
0.72	0.671	0.908	0.715	0.901	1.68	0.803	0.63	0.769	1.362
0.698	0.669	0.898	0.713	0.889	1.665	0.833	0.632	0.762	1.318
0.693	0.669	0.879	0.708	0.884	1.743	0.859	0.637	0.764	1.23
0.688	0.669	0.862	0.698	0.889	1.802	0.874	0.635	0.759	1.082
0.688	0.671	0.835	0.688	0.876	1.833	0.889	0.635	0.759	0.972
0.686	0.671	0.813	0.691	0.854	1.833	0.881	0.703	0.759	0.947
0.679	0.671	0.801	0.737	0.85	1.816	0.894	1.099	0.764	0.933
0.679	0.73	0.789	0.789	0.845	1.814	0.872	1.755	0.767	0.906
0.679	1.082	0.811	0.793	0.815	1.79	0.84	2.083	0.769	0.898
0.676	1.147	0.835	0.784	0.769	1.731	0.796	2.261	0.764	0.92
0.676	1.008	0.852	0.742	0.745	1.619	0.774	2.29	0.767	0.911
0.693	0.903	0.828	0.752	0.732	1.389	0.752	2.256	0.771	0.906
0.691	0.852	0.784	0.764	0.715	1.208	0.759	2.251	0.774	0.906
0.684	0.833	0.801	0.73	0.698	1.028	0.762	2.244	0.793	0.906
0.674	0.811	0.801	0.706	0.691	0.942	0.74	2.227	0.991	0.891
0.664	0.806	0.769	0.691	0.686	0.881	0.696	2.241	1.353	0.854
0.659	0.803	0.732	0.681	0.686	0.84	0.728	2.302	1.541	0.83
0.659	0.798	0.71	0.676	0.684	0.769	0.74	2.332	1.667	0.813
0.652	0.801	0.693	0.674	0.681	0.72	0.698	2.332	1.77	0.806
0.652	0.796	0.688	0.676	0.679	0.688	0.671	2.341	1.929	0.811
0.652	0.798	0.686	0.674	0.676	0.674	0.654	2.305	2.163	0.803
0.654	0.796	0.679	0.669	0.676	0.679	0.645	2.09	2.371	0.803
0.654	0.803	0.674	0.664	0.679	0.667	0.64	1.724	2.534	0.798
0.654	0.806	0.679	0.664	0.684	0.652	0.642	1.433	2.666	0.796
0.649	0.779	0.679	0.664	0.676	0.645	0.64	1.147	2.769	0.803
0.652	0.747	0.684	0.671	0.676	0.642	0.635	0.969	2.825	0.808
0.654	0.791	0.679	0.671	0.676	0.645	0.635	0.872	2.849	0.803
0.654	0.771	0.679	0.669	0.676	0.649	0.637	0.808	2.859	0.803
0.652	0.735	0.676	0.664	0.679	0.642	0.64	0.745	2.856	0.801
0.652	0.708	0.681	0.662	0.686	0.642	0.654	0.718	2.839	0.793
0.652	0.691	0.681	0.664	0.679	0.642	0.657	0.688	2.739	0.803
0.649	0.681	0.681	0.667	0.681	0.637	0.657	0.671	2.522	0.911
0.649	0.674	0.679	0.669	0.679	0.642	0.657	0.659	2.192	1.36
0.652	0.669	0.674	0.669	0.757	0.649	0.652	0.649	1.777	2.778
0.649	0.662	0.676	0.669	1.03	0.647	0.657	0.64	1.509	4.08
0.647	0.662	0.681	0.667	1.587	0.647	0.662	0.635	1.267	4.641
0.647	0.662	0.681	0.918	1.892	0.645	0.654	0.637	1.133	4.961
0.649	0.657	0.681	1.592	2.019	0.645	0.649	0.64	1.016	5.139
0.652	0.654	0.681	2.119	2.083	0.647	0.649	0.64	0.945	5.215
0.652	0.657	0.679	2.458	2.131	0.647	0.647	0.637	0.92	5.22
0.654	0.657	0.679	2.676	2.2	0.647	0.649	0.632	0.916	5.21
0.652	0.659	0.681	2.856	2.385	0.637	0.796	0.63	0.911	5.171
0.652	0.662	0.679	2.991	2.588	0.625	1.133	0.63	0.894	5.142
0.652	0.654	0.681	3.083	2.759	0.625	1.519	0.635	0.85	5.107
0.652	0.654	0.674	3.167	2.917	0.635	1.765	0.632	0.813	5.112
0.654	0.652	0.669	3.213	3.035	0.767	1.904	0.632	0.798	5.112
0.657	0.654	0.669	3.225	3.125	1.018	1.995	0.625	0.796	5.083
0.652	0.659	0.669	3.237	3.167	1.394	2.039	0.623	0.786	5.071
0.649	0.662	0.669	3.281	3.201	1.65	2.061	0.627	0.791	5.044
0.652	0.654	0.676	3.325	3.223	1.846	2.058	0.625	0.801	4.917
0.654	0.654	0.737	3.354	3.252	2.014	2.073	0.627	0.806	4.438
0.654	0.657	1.221	3.352	3.271	2.195	2.109	0.625	0.818	3.821
0.659	0.659	1.904	3.323	3.174	2.368	2.175	0.62	0.823	3.293
0.654	0.664	2.319	3.298	2.964	2.498	2.244	0.618	0.828	2.859
0.728	0.664	2.5	3.232	2.761	2.6	2.319	0.623	0.835	2.461
1.064	0.657	2.52	3.11	2.527	2.729	2.395	0.625	0.84	2.08
1.838	0.659	2.522	2.832	2.292	2.83	2.441	0.627	0.837	1.736
2.307	0.657	2.524	2.466	2.083	2.886	2.427	0.627	0.837	1.514
2.578	0.659	2.544	2.207	1.848	2.93	2.378	0.623	0.835	1.323
2.698	0.662	2.59	1.929	1.694	2.932	2.263	0.62	0.837	1.165
2.666	0.662	2.654	1.711	1.541	2.925	2.129	0.627	0.842	1.067
2.627	0.654	2.695	1.453	1.34	2.908	1.995	0.63	0.845	1.033
2.612	0.674	2.725	1.294	1.248	2.827	1.736	0.63	0.84	0.972
2.615	0.828	2.729	1.14	1.125	2.659	1.536	0.63	0.84	0.925
2.61	1.497	2.727	0.974	1.008	2.476	1.313	0.645	0.835	0.906
2.59	2.314	2.712	0.889	0.891	2.219	1.101	0.806	0.837	0.896
2.571	2.429	2.712	0.837	0.872	1.926	0.959	2.229	0.84	0.894
2.561	2.41	2.722	0.774	0.859	1.702	0.898	3.665	0.842	0.874
2.546	2.415	2.717	0.735	0.823	1.56	0.801	4.268	0.835	0.847
2.534	2.424	2.686	0.708	0.769	1.357	0.742	4.602	0.935	0.828
2.515	2.437	2.629	0.688	0.742	1.216	0.715	4.758	1.436	0.813
2.512	2.456	2.466	0.681	0.715	1.113	0.691	4.802	2.627	0.801
2.505	2.461	2.207	0.676	0.715	0.974	0.679	4.819	3.074	0.798
2.473	2.483	1.982	0.674	0.703	0.857	0.664	4.788	3.215	0.793
2.417	2.517	1.721	0.674	0.691	0.784	0.654	4.771	3.267	0.793
2.288	2.571	1.526	0.671	0.688	0.732	0.647	4.749	3.281	0.793
2.058	2.61	1.355	0.669	0.688	0.703	0.652	4.722	3.315	0.791
1.846	2.632	1.216	0.669	0.684	0.681	0.657	4.668	3.369	0.789
1.66	2.603	1.157	0.667	0.681	0.664	0.657	4.648	3.413	0.791
1.482	2.522	1.03	0.671	0.681	0.659	0.654	4.614	3.43	0.798
1.287	2.39	0.901	0.674	0.684	0.654	0.652	4.565	3.452	0.806
1.191	2.19	0.872	0.671	0.681	0.654	0.649	4.531	3.499	0.803
1.079	1.909	0.874	0.669	0.684	0.649	0.654	4.46	3.547	0.803
0.95	1.699	0.803	0.671	0.684	0.652	0.652	4.165	3.574	0.808
0.854	1.479	0.757	0.667	0.681	0.649	0.659	3.684	3.591	0.811
0.857	1.338	0.728	0.667	0.681	0.652	0.654	3.098	3.591	0.815
0.845	1.204	0.72	0.671	0.681	0.647	0.647	2.605	3.594	0.815
0.781	1.042	0.73	0.686	0.686	0.647	0.647	2.236	3.569	0.813
0.732	0.916	0.703	0.696	0.684	0.645	0.645	1.887	3.445	0.818
0.715	0.864	0.691	0.757	0.684	0.642	0.647	1.614	3.152	0.823
0.703	0.806	0.691	0.95	0.686	0.64	0.645	1.348	2.734	0.815
0.686	0.752	0.693	1.111	0.684	0.642	0.645	1.199	2.383	0.818
0.679	0.715	0.688	1.206	0.681	0.637	0.645	1.091	2.109	0.818
0.674	0.718	0.691	1.238	0.688	0.64	0.647	0.942	1.841	0.815
0.664	0.737	0.681	1.257	0.686	0.637	0.647	0.825	1.638	0.815
0.659	0.735	0.684	1.265	0.686	0.635	0.652	0.803	1.46	0.818
0.657	0.701	0.684	1.265	0.684	0.63	0.659	0.801	1.326	0.813
0.659	0.686	0.684	1.267	0.681	0.632	0.664	0.75	1.25	0.813
0.662	0.676	0.684	1.267	0.679	0.632	0.674	0.698	1.147	0.815
0.667	0.669	0.681	1.267	0.686	0.632	0.786	0.669	1.03	0.82
0.662	0.669	0.674	1.272	0.684	0.635	0.906	0.647	0.984	0.818
0.659	0.671	0.681	1.272	0.691	0.635	0.977	0.64	0.972	0.82
0.659	0.667	0.735	1.284	0.688	0.632	1.018	0.637	0.93	0.811
0.662	0.664	1.05	1.289	0.686	0.632	1.038	0.645	0.891	0.811
0.667	0.664	1.331	1.287	0.688	0.635	1.047	0.652	0.864	0.806
0.667	0.667	1.387	1.245	0.693	0.637	1.072	0.652	0.845	0.801
0.664	0.671	1.372	1.13	0.691	0.637	1.074	0.654	0.84	0.798
0.659	0.671	1.384	1.028	0.696	0.637	1.089	0.652	0.835	0.798
0.657	0.669	1.411	0.93	0.693	0.635	1.101	0.657	0.833	0.801
0.659	0.664	1.455	0.854	0.688	0.635	1.108	0.659	0.833	0.803
0.664	0.664	1.523	0.793	0.686	0.635	1.116	0.657	0.83	0.806
0.664	0.662	1.567	0.769	0.688	0.637	1.125	0.654	0.825	0.808
0.662	0.669	1.592	0.752	0.691	0.64	1.13	0.654	0.828	0.808
0.659	0.664	1.614	0.72	0.691	0.635	1.13	0.649	0.835	0.801
0.659	0.664	1.636	0.706	0.688	0.632	1.121	0.649	0.833	0.801
0.659	0.662	1.658	0.698	0.688	0.635	1.06	0.652	0.83	0.806
0.676	0.669	1.65	0.693	0.688	0.698	0.937	0.654	0.83	0.806
0.691	0.688	1.575	0.688	0.688	0.847	0.852	0.652	0.828	0.803
1.196	0.815	1.44	0.686	0.688	1.211	0.796	0.652	0.828	0.803
2.378	1.311	1.262	0.676	0.686	1.44	0.757	0.647	0.835	0.796
2.949	1.448	1.108	0.676	0.686	1.467	0.725	0.645	0.833	0.796
3.071	1.335	0.999	0.679	0.686	1.445	0.698	0.647	0.828	0.793
3.171	1.228	0.906	0.679	0.686	1.436	0.684	0.647	0.82	0.793
3.245	1.167	0.833	0.679	0.686	1.44	0.674	0.645	0.808	0.791
3.289	1.152	0.806	0.681	0.71	1.482	0.674	0.647	0.808	0.791
3.318	1.145	0.771	0.674	0.767	1.555	0.669	0.64	0.808	0.784
3.32	1.143	0.742	0.676	0.95	1.638	0.662	0.64	0.808	0.786
3.298	1.14	0.725	0.679	1.189	1.709	0.657	0.642	0.808	0.796
3.252	1.143	0.718	0.681	1.357	1.78	0.657	0.645	0.806	0.801
3.198	1.145	0.703	0.681	1.375	1.826	0.654	0.642	0.803	0.825
3.022	1.165	0.696	0.684	1.35	1.809	0.654	0.645	0.803	0.884
2.583	1.226	0.696	0.676	1.333	1.79	0.647	0.64	0.803	0.996
2.129	1.248	0.696	0.679	1.321	1.697	0.647	0.64	0.806	2.424
1.68	1.248	0.696	0.681	1.313	1.479	0.645	0.645	0.806	3.682
1.426	1.228	0.696	0.684	1.321	1.299	0.645	0.647	0.806	4.421
1.228	1.15	0.691	0.681	1.309	1.157	0.642	0.645	0.803	4.927
1.06	1.035	0.688	0.681	1.306	1.025	0.645	0.647	0.803	5.215
0.925	0.911	0.688	0.681	1.289	0.918	0.652	0.642	0.803	5.354
0.83	0.815	0.693	0.681	1.279	0.879	0.654	0.645	0.806	5.352
0.776	0.754	0.693	0.684	1.274	0.833	0.654	0.642	0.806	5.283
0.759	0.718	0.693	0.681	1.274	0.776	0.654	0.642	0.803	5.21
0.73	0.698	0.691	0.674	1.27	0.747	0.654	0.642	0.801	5.073
0.708	0.684	0.688	0.671	1.26	0.723	0.657	0.637	0.803	4.695
0.691	0.679	0.691	0.671	1.235	0.703	0.659	0.635	0.801	3.835
0.681	0.671	0.693	0.674	1.184	0.674	0.662	0.637	0.801	2.976
0.684	0.667	0.698	0.676	1.072	0.654	0.659	0.642	0.801	2.327
0.681	0.664	0.696	0.676	0.996	0.647	0.662	0.647	0.796	1.843
0.679	0.669	0.691	0.686	0.925	0.64	0.654	0.652	0.796	1.548
0.676	0.669	0.686	0.679	0.859	0.637	0.652	0.649	0.798	1.287
0.671	0.669	0.686	0.676	0.808	0.64	0.652	0.645	0.796	1.147
0.667	0.664	0.688	0.676	0.764	0.63	0.654	0.645	0.801	1.018
0.674	0.662	0.693	0.679	0.74	0.627	0.659	0.649	0.803	0.94
0.671	0.659	0.686	0.679	0.72	0.63	0.657	0.649	0.796	0.891
0.674	0.664	0.686	0.686	0.713	0.625	0.649	0.657	0.796	0.857
0.674	0.664	0.684	0.679	0.706	0.63	0.645	0.652	0.798	0.828
0.669	0.664	0.681	0.679	0.703	0.625	0.647	0.652	0.798	0.815
0.667	0.662	0.681	0.676	0.701	0.618	0.649	0.649	0.801	0.815
0.674	0.657	0.686	0.681	0.698	0.615	0.652	0.652	0.806	0.813
0.674	0.657	0.676	0.681	0.693	0.618	0.647	0.652	0.808	0.813
0.674	0.662	0.674	0.686	0.688	0.62	0.645	0.657	0.808	0.818
0.671	0.657	0.669	0.764	0.691	0.62	0.645	0.649	0.808	0.811
0.667	0.657	0.669	0.969	0.688	0.62	0.647	0.647	0.808	0.803
0.667	0.654	0.674	1.172	0.688	0.61	0.652	0.645	0.808	0.803
0.674	0.652	0.674	1.321	0.693	0.61	0.649	0.645	0.813	0.803
0.671	0.654	0.669	1.301	0.691	0.608	0.64	0.649	0.813	0.808
0.671	0.657	0.667	1.287	0.693	0.605	0.64	0.652	0.813	0.813
0.669	0.657	0.664	1.294	0.693	0.601	0.642	0.647	0.813	0.808
0.669	0.657	0.664	1.34	0.693	0.598	0.645	0.647	0.813	0.808
0.669	0.657	0.669	1.389	0.688	0.598	0.657	0.645	0.815	0.808
0.671	0.657	0.674	1.448	0.691	0.598	0.657	0.647	0.815	0.813
0.674	0.662	0.669	1.482	0.686	0.603	0.645	0.645	0.811	0.818
0.676	0.659	0.664	1.523	0.688	0.61	0.64	0.645	0.808	0.82
0.674	0.664	0.664	1.516	0.688	0.615	0.637	0.642	0.801	0.815
0.671	0.664	0.664	1.492	0.688	0.61	0.637	0.642	0.806	0.811
0.679	0.662	0.669	1.477	0.691	0.608	0.642	0.64	0.808	0.815
0.674	0.659	0.671	1.465	0.693	0.605	0.642	0.645	0.811	0.813
0.679	0.657	0.669	1.475	0.688	0.608	0.657	0.647	0.808	0.815
0.679	0.659	0.669	1.443	0.688	0.613	0.747	0.645	0.808	0.818
0.674	0.662	0.681	1.414	0.691	0.618	1.174	0.642	0.806	0.813
0.674	0.659	1.135	1.389	0.693	0.623	2.258	0.642	0.808	0.808
0.676	0.662	2.71	1.37	0.688	0.62	1.836	0.642	0.811	0.808
0.674	0.659	2.227	1.331	0.691	0.618	1.528	0.645	0.811	0.813
0.679	0.662	1.792	1.238	0.691	0.623	1.538	0.647	0.808	0.815
0.676	0.659	1.519	1.184	0.691	0.625	1.714	0.645	0.811	0.811
0.674	0.662	1.357	1.108	0.688	0.623	1.858	0.64	0.801	0.811
0.671	0.664	1.326	1.052	0.688	0.618	1.934	0.645	0.803	0.811
0.676	0.662	1.316	0.986	0.691	0.613	2.004	0.771	0.806	0.811
0.674	0.701	1.313	0.916	0.688	0.615	2.046	2.302	0.808	0.813
0.676	0.808	1.323	0.876	0.686	0.615	2.043	3.682	0.818	0.818
0.676	1.062	1.331	0.833	0.686	0.62	2	4.128	0.881	0.801
0.674	1.294	1.333	0.781	0.686	0.627	1.946	4.473	0.959	0.801
0.674	1.179	1.326	0.752	0.688	0.62	1.899	4.941	1.809	0.806
0.679	1.121	1.331	0.735	0.693	0.618	1.819	5.422	2.781	0.806
0.676	1.121	1.316	0.725	0.686	0.613	1.794	5.708	3.298	0.815
0.732	1.194	1.279	0.745	0.684	0.62	1.785	5.879	3.638	0.823
0.869	1.233	1.221	0.728	0.686	0.627	1.702	6.001	3.833	0.818
1.56	1.252	1.172	0.72	0.686	0.706	1.55	6.077	3.945	0.818
2.083	1.274	1.125	0.71	0.686	0.901	1.401	6.074	3.984	0.818
1.763	1.284	1.113	0.708	0.691	2.119	1.267	5.925	3.958	0.82
1.626	1.252	1.057	0.708	0.684	2.688	1.094	5.471	3.892	0.82
1.641	1.223	0.994	0.713	0.684	2.332	1.023	4.956	3.796	0.828
1.78	1.243	0.891	0.706	0.686	2.214	0.986	4.299	3.657	0.825
1.936	1.299	0.815	0.701	0.686	2.561	0.937	3.613	3.535	0.828
2.07	1.316	0.769	0.698	0.686	3.003	0.847	2.915	3.384	0.825
2.119	1.333	0.742	0.698	0.691	3.186	0.796	2.205	2.947	0.828
2.175	1.343	0.71	0.706	0.681	3.293	0.747	1.804	2.461	0.833
2.249	1.326	0.688	0.708	0.679	3.384	0.723	1.477	2.004	0.837
2.339	1.279	0.669	0.703	0.681	3.425	0.71	1.265	1.614	0.833
2.446	1.196	0.659	0.701	0.684	3.43	0.703	1.096	1.338	0.828
2.532	1.174	0.659	0.696	0.686	3.447	0.703	0.947	1.187	0.828
2.583	1.125	0.659	0.698	0.686	3.464	0.706	0.847	1.082	0.828
2.583	1.089	0.654	0.703	0.684	3.542	0.696	0.789	0.991	0.833
2.522	1.084	0.654	0.703	0.679	3.574	0.691	0.762	0.935	0.835
2.305	1.045	0.654	0.701	0.684	3.533	0.688	0.737	0.891	0.837
2.039	0.981	0.657	0.701	0.686	3.457	0.693	0.703	0.864	0.833
1.816	0.859	0.664	0.698	0.688	3.291	0.698	0.686	0.852	0.833
1.628	0.771	0.669	0.698	0.706	3.032	0.701	0.676	0.845	0.833
1.497	0.718	0.671	0.706	0.823	2.681	0.698	0.676	0.84	0.837
1.462	0.679	0.671	0.701	2.473	2.341	0.691	0.671	0.84	0.837
1.428	0.681	0.669	0.701	2.561	2.043	0.681	0.667	0.83	0.837
1.401	0.696	0.657	0.698	2.051	1.721	0.684	0.664	0.825	0.83
1.321	0.715	0.664	0.696	1.76	1.44	0.691	0.662	0.825	0.828
1.216	0.701	0.667	0.693	1.633	1.255	0.688	0.659	0.828	0.83
1.069	0.676	0.671	0.706	1.677	1.111	0.681	0.667	0.828	0.833
0.923	0.654	0.674	0.696	1.724	0.979	0.671	0.664	0.83	0.825
0.842	0.645	0.669	0.691	1.841	0.896	0.667	0.667	0.825	0.825
0.774	0.64	0.667	0.688	1.882	0.813	0.667	0.662	0.825	0.82
0.732	0.635	0.671	0.684	1.919	0.74	0.669	0.659	0.828	0.815
0.718	0.632	0.669	0.681	1.921	0.691	0.664	0.662	0.83	0.823
0.73	0.632	0.671	0.691	1.902	0.664	0.664	0.669	0.833	0.828
0.708	0.625	0.671	0.691	1.865	0.649	0.659	0.671	0.835	0.825
0.693	0.63	0.671	0.688	1.814	0.649	0.654	0.669	0.83	0.825
0.684	0.63	0.674	0.686	1.694	0.637	0.662	0.664	0.828	0.837
0.676	0.632	0.684	0.686	1.57	0.63	0.674	0.662	0.828	0.833
0.669	0.637	0.684	0.686	1.448	0.618	0.674	0.664	0.83	0.879
0.669	0.635	0.686	0.691	1.345	0.608	0.684	0.671	0.83	2.102
0.669	0.635	0.686	0.691	1.262	0.613	0.684	0.667	0.828	4.414
0.669	0.637	0.681	0.706	1.169	0.627	0.684	0.669	0.82	5.735
0.669	0.64	0.681	1.201	1.094	0.625	0.688	0.667	0.82	6.567
0.664	0.642	0.686	2.854	1.042	0.623	0.696	0.664	0.82	7.102
0.657	0.642	0.686	2.708	0.991	0.62	0.693	0.667	0.825	7.319
0.659	0.64	0.688	2.246	0.901	0.615	0.688	0.671	0.828	7.415
0.662	0.637	0.686	1.948	0.842	0.62	0.686	0.669	0.825	7.463
0.664	0.64	0.688	1.807	0.796	0.627	0.684	0.669	0.825	7.434
0.667	0.64	0.708	1.758	0.774	0.63	0.684	0.667	0.825	7.39
0.662	0.642	1.182	1.733	0.769	0.627	0.691	0.667	0.825	7.322
0.664	0.647	1.982	1.731	0.762	0.625	0.686	0.667	0.83	7.034
0.664	0.645	1.743	1.729	0.735	0.618	0.684	0.669	0.835	6.531
0.669	0.645	1.501	1.726	0.713	0.623	0.723	0.669	0.833	5.886
0.674	0.645	1.384	1.738	0.703	0.62	1.257	0.669	0.828	5.076
0.674	0.647	1.384	1.76	0.696	0.62	1.938	0.664	0.828	4.29
0.669	0.647	1.443	1.77	0.691	0.618	1.87	0.664	0.83	3.542
0.664	0.649	1.521	1.782	0.684	0.613	1.821	0.669	0.833	2.903
0.667	0.645	1.626	1.78	0.679	0.615	1.814	0.664	0.837	2.49
0.667	0.64	1.704	1.787	0.679	0.623	1.824	0.667	0.833	2.002
0.669	0.64	1.76	1.736	0.679	0.62	1.846	0.659	0.83	1.653
0.671	0.642	1.809	1.604	0.686	0.623	1.89	0.662	0.83	1.372
0.669	0.674	1.821	1.411	0.686	0.62	1.912	0.662	0.83	1.162
0.667	0.769	1.826	1.223	0.686	0.61	1.948	0.669	0.835	1.035
0.667	2.026	1.816	1.064	0.688	0.608	1.975	0.669	0.835	0.95
0.669	2.083	1.802	1.008	0.688	0.61	2.007	0.671	0.835	0.894
0.674	1.611	1.738	0.991	0.688	0.61	2.029	0.669	0.833	0.842
0.671	1.436	1.636	0.984	0.698	0.613	2.034	0.669	0.83	0.808
0.667	1.453	1.501	0.986	0.696	0.615	2.031	0.667	0.83	0.793
0.664	1.528	1.335	0.977	0.693	0.613	2.026	0.671	0.835	0.793
0.667	1.597	1.143	0.906	0.693	0.618	2.019	0.667	0.837	0.784
0.745	1.682	0.977	0.815	0.691	0.627	2.009	0.662	0.833	0.784
2.229	1.753	0.989	0.723	0.696	0.63	1.936	0.659	0.83	0.779
4.29	1.758	1.101	0.659	0.698	0.632	1.875	0.654	0.828	0.774
4.121	1.76	1.182	0.623	0.696	0.684	1.807	0.652	0.833	0.771
3.779	1.738	1.218	0.608	0.693	2.241	1.707	0.657	0.837	0.781
3.604	1.753	1.23	0.596	0.693	2.6	1.545	0.659	0.835	0.789
3.523	1.743	1.189	0.593	0.693	2.012	1.414	0.664	0.833	0.789
3.496	1.685	1.094	0.586	0.696	1.628	1.211	0.664	0.825	0.776
3.477	1.511	1.016	0.586	0.698	1.46	1.028	0.659	0.823	0.776
3.447	1.331	0.935	0.586	0.693	1.406	0.937	0.659	0.828	0.769
3.442	1.16	0.867	0.647	0.693	1.345	0.842	0.662	0.835	0.769
3.459	1.025	0.786	0.684	0.688	1.372	0.781	0.667	0.833	0.769
3.462	0.942	0.732	0.723	0.688	1.448	0.752	0.669	0.828	0.771
3.469	0.894	0.708	1.069	0.691	1.536	0.708	0.667	0.828	0.769
3.474	0.979	0.693	1.494	0.693	1.672	0.684	0.667	0.828	0.762
3.464	1.084	0.679	1.406	0.696	1.804	0.664	0.669	0.828	0.762
3.364	1.125	0.674	1.296	0.696	1.948	0.649	0.669	0.833	0.757
3.123	1.15	0.703	1.211	0.691	1.997	0.647	0.671	0.83	0.757
2.732	1.155	0.706	1.16	0.691	1.978	0.64	0.671	0.83	0.759
2.28	1.116	0.693	1.162	0.688	1.895	0.635	0.671	0.828	0.757
1.89	1.072	0.679	1.157	0.691	1.726	0.637	0.671	0.933	0.762
1.553	0.989	0.671	1.16	0.779	1.521	0.652	0.674	2.302	0.762
1.416	0.908	0.671	1.16	1.57	1.453	0.645	0.669	4.131	0.757
1.389	0.85	0.669	1.182	2.656	1.399	0.647	0.667	5.178	0.767
1.365	0.784	0.674	1.145	2.568	1.323	0.654	0.669	5.789	0.767
1.333	0.747	0.723	1.096	2.419	1.282	0.647	0.662	6.157	0.771
1.26	0.723	1.118	1.023	2.346	1.299	0.652	0.667	6.44	0.771
1.086	0.701	1.404	0.974	2.317	1.279	0.664	0.671	6.519	0.774
0.928	0.664	1.143	0.935	2.319	1.223	0.708	0.669	6.506	0.767
0.837	0.691	0.981	0.898	2.322	1.101	0.806	0.676	6.521	0.767
0.791	0.674	0.886	0.889	2.327	0.95	0.872	0.679	6.572	0.767
0.752	0.649	0.833	0.876	2.336	0.84	0.894	0.679	6.589	0.769
0.715	0.635	0.789	0.862	2.344	0.767	0.913	0.679	6.584	0.764
0.698	0.635	0.771	0.847	2.339	0.718	0.92	0.684	6.56	0.796
0.684	0.649	0.757	0.835	2.346	0.691	0.923	0.679	6.318	1.465
0.71	0.703	0.747	0.771	2.351	0.681	0.925	0.679	5.659	4.709
0.745	0.811	0.735	0.732	2.346	0.674	0.935	0.681	4.883	6.462
0.698	0.862	0.728	0.688	2.341	0.674	0.947	0.679	4.05	7.297
0.657	0.879	0.723	0.671	2.297	0.676	0.95	0.862	3.167	7.822
0.635	0.886	0.725	0.667	2.214	0.671	0.947	1.091	2.524	8.145
0.623	0.896	0.728	0.654	1.899	0.659	0.937	1.904	2.114	8.491
0.615	0.906	0.73	0.649	1.501	0.686	0.911	3.34	1.76	8.708
0.62	0.908	0.74	0.647	1.182	0.732	0.896	4.207	1.443	8.738
0.62	0.906	0.745	0.64	1.086	0.752	0.886	4.871	1.216	8.652
0.623	0.903	0.728	0.63	1.143	0.776	0.884	5.383	1.079	8.472
0.867	0.898	0.703	0.615	1.296	0.796	0.881	5.752	0.999	7.974
1.87	0.884	0.691	0.613	1.46	0.769	0.869	6.099	0.945	7.209
1.831	0.884	0.691	0	1.538	0.713	0.82	6.392	0.913	6.299
1.626	0.886	0.684	0	1.567	0.701	0.82	6.609	0.894	5.286
1.499	0.896	0.688	0	1.531	0.842	0.82	6.741	0.884	4.282
1.438	0.918	0.686	0	1.484	1.035	0.811	6.785	0.879	3.601
1.411	0.933	0.686	0	1.309	1.167	0.762	6.741	0.879	3.086
1.396	0.918	0.684	0	1.123	1.25	0.718	6.602	0.862	2.585
1.396	0.901	0.686	0	0.957	1.284	0.681	6.169	0.854	2.078
1.382	0.894	0.691	0	0.833	1.292	0.657	5.581	0.852	1.636
1.34	0.872	0.684	0	0.757	1.299	0.645	4.963	0.845	1.372
1.255	0.852	0.681	0	0.708	1.292	0.637	4.109	0.842	1.306
1.16	0.82	0.684	0	0.679	1.296	0.632	3.318	0.847	1.248
1.052	0.786	0.684	0	0.657	1.321	0.627	2.603	0.845	1.194
1.042	0.747	0.688	0	0.654	1.36	0.635	2.092	0.847	1.147
1.018	0.74	0	0	0.679	1.392	0.64	1.741	0.845	1.099
1.006	0.771	0	0	0.688	1.416	0	1.497	0.845	1.016
0.979	0.784	0	0	0.669	1.428	0	1.311	0.84	0.967
0.92	0.752	0	0	0.657	1.421	0	1.194	0.845	0.916
0.83	0.696	0	0	0.645	1.406	0	1.035	0.842	0.884
0.791	0.659	0	0	0.637	1.37	0	0.911	0.845	0.862
0.774	0.642	0	0	0.64	1.345	0	0.842	0.842	0.847
0.791	0.632	0	0	0.645	1.299	0	0.801	0.845	0.84
0.796	0.615	0	0	0.657	1.16	0	0.779	0.842	0.83
0.752	0.61	0	0	0.786	1.028	0	0.747	0.835	0.815
0.723	0.61	0	0	0.923	0.937	0	0.732	0.833	0.781
0.706	0	0	0	1.04	0.854	0	0.725	0.83	0.774
0.696	0	0	0	1.064	0.796	0	0.723	0.823	0.762
0.688	0	0	0	1.074	0.752	0	0.72	0.82	0.745
0.681	0	0	0	1.079	0.723	0	0.718	0.823	0.75
0.676	0	0	0	1.074	0.703	0	0.713	0.818	0.767
0.674	0	0	0	1.06	0.688	0	0.708	0.823	0.808
0.676	0	0	0	1.05	0.676	0	0.698	0.823	0.884
0.676	0	0	0	1.047	0	0	0.691	0.82	0.935
0.676	0	0	0	1.011	0	0	0.671	0.825	0.964
0.676	0	0	0	0.986	0	0	0.649	0.828	0.95
0.669	0	0	0	0.95	0	0	0.63	0.823	0.933
0.669	0	0	0	0.913	0	0	0.627	0.835	0.923
0	0	0	0	0.896	0	0	0.625	0.845	0.92
0	0	0	0	0.884	0	0	0.623	0.85	0.94
0	0	0	0	0.874	0	0	0.623	0.854	0.94
0	0	0	0	0.874	0	0	0.618	0.884	0.911
0	0	0	0	0.874	0	0	0.618	1.345	0.898
0	0	0	0	0.876	0	0	0.623	4.875	0.894
0	0	0	0	0.876	0	0	0.63	6.89	0.896
0	0	0	0	0.869	0	0	0.635	7.805	0.889
0	0	0	0	0.854	0	0	0.645	8.32	0.894
0	0	0	0	0.845	0	0	0.642	8.635	0.864
0	0	0	0	0.815	0	0	0.64	8.826	0.852
0	0	0	0	0.798	0	0	0.64	8.877	0.845
0	0	0	0	0.776	0	0	0.64	8.853	0.825
0	0	0	0	0.73	0	0	0.642	8.777	0.806
0	0	0	0	0.698	0	0	0.647	8.625	0.803
0	0	0	0	0.684	0	0	0.64	8.032	0.791
0	0	0	0	0.674	0	0	0.635	7.029	0.811
0	0	0	0	0.669	0	0	0.637	6.118	0.85
0	0	0	0	0.669	0	0	0.637	5.295	0.869
0	0	0	0	0.662	0	0	0.645	4.485	0.869
0	0	0	0	0.664	0	0	0.647	3.73	0.852
0	0	0	0	0	0	0	0.642	3.096	0.825
0	0	0	0	0	0	0	0.642	2.373	0.815
0	0	0	0	0	0	0	0.635	1.802	0.806
0	0	0	0	0	0	0	0.635	1.555	0.806
0	0	0	0	0	0	0	0.635	1.526	0.811
0	0	0	0	0	0	0	0.632	1.487	0
0	0	0	0	0	0	0	0.667	1.448	0
0	0	0	0	0	0	0	0.854	1.411	0
0	0	0	0	0	0	0	2.402	1.228	0
0	0	0	0	0	0	0	4.25	1.091	0
0	0	0	0	0	0	0	4.875	1.016	0
0	0	0	0	0	0	0	5.569	0.984	0
0	0	0	0	0	0	0	6.189	0.928	0
0	0	0	0	0	0	0	6.714	0.901	0
0	0	0	0	0	0	0	7.061	0.869	0
0	0	0	0	0	0	0	7.363	0.84	0
0	0	0	0	0	0	0	7.578	0.845	0
0	0	0	0	0	0	0	7.683	0.84	0
0	0	0	0	0	0	0	7.781	0.806	0
0	0	0	0	0	0	0	7.869	0.791	0
0	0	0	0	0	0	0	7.913	0.774	0
0	0	0	0	0	0	0	7.668	0.759	0
0	0	0	0	0	0	0	7.231	0.75	0
0	0	0	0	0	0	0	6.399	0.745	0
0	0	0	0	0	0	0	5.369	0.74	0
0	0	0	0	0	0	0	4.514	0.769	0
0	0	0	0	0	0	0	3.721	1.011	0
0	0	0	0	0	0	0	2.986	1.248	0
0	0	0	0	0	0	0	2.466	1.248	0
0	0	0	0	0	0	0	1.975	1.199	0
0	0	0	0	0	0	0	1.787	1.15	0
0	0	0	0	0	0	0	1.65	1.13	0
0	0	0	0	0	0	0	1.475	1.116	0
0	0	0	0	0	0	0	1.318	1.113	0
0	0	0	0	0	0	0	1.118	1.104	0
0	0	0	0	0	0	0	0.974	1.091	0
0	0	0	0	0	0	0	0.894	1.091	0
0	0	0	0	0	0	0	0.85	1.094	0
0	0	0	0	0	0	0	0.813	1.084	0
0	0	0	0	0	0	0	0.791	1.064	0
0	0	0	0	0	0	0	0.803	1.04	0
0	0	0	0	0	0	0	0.811	1.025	0
0	0	0	0	0	0	0	0.793	1.018	0
0	0	0	0	0	0	0	0.784	1.008	0
0	0	0	0	0	0	0	0.784	1.008	0
0	0	0	0	0	0	0	0.781	1.025	0
0	0	0	0	0	0	0	0.779	1.091	0
0	0	0	0	0	0	0	0.786	1.113	0
0	0	0	0	0	0	0	0.779	1.101	0
0	0	0	0	0	0	0	0.786	1.064	0
0	0	0	0	0	0	0	0.789	1.001	0
0	0	0	0	0	0	0	0.789	0.937	0
0	0	0	0	0	0	0	0.789	0.898	0
0	0	0	0	0	0	0	0.784	0.869	0
0	0	0	0	0	0	0	0.781	0.85	0
0	0	0	0	0	0	0	0.781	0.842	0
0	0	0	0	0	0	0	0.784	0.84	0
0	0	0	0	0	0	0	0.798	0.837	0
0	0	0	0	0	0	0	0.835	0.84	0
0	0	0	0	0	0	0	1.736	0.83	0
0	0	0	0	0	0	0	3.464	0	0
0	0	0	0	0	0	0	3.215	0	0
0	0	0	0	0	0	0	2.966	0	0
0	0	0	0	0	0	0	2.793	0	0
0	0	0	0	0	0	0	2.654	0	0
0	0	0	0	0	0	0	2.512	0	0
0	0	0	0	0	0	0	2.434	0	0
0	0	0	0	0	0	0	2.349	0	0
0	0	0	0	0	0	0	2.231	0	0
0	0	0	0	0	0	0	2.183	0	0
0	0	0	0	0	0	0	2.146	0	0
0	0	0	0	0	0	0	2.114	0	0
0	0	0	0	0	0	0	2.058	0	0
0	0	0	0	0	0	0	2.017	0	0
0	0	0	0	0	0	0	1.995	0	0
0	0	0	0	0	0	0	1.975	0	0
0	0	0	0	0	0	0	1.956	0	0
0	0	0	0	0	0	0	1.904	0	0
0	0	0	0	0	0	0	1.638	0	0
0	0	0	0	0	0	0	1.396	0	0
0	0	0	0	0	0	0	1.257	0	0
0	0	0	0	0	0	0	1.099	0	0
0	0	0	0	0	0	0	0.981	0	0
0	0	0	0	0	0	0	0.906	0	0
0	0	0	0	0	0	0	0.859	0	0
0	0	0	0	0	0	0	0.82	0	0
0	0	0	0	0	0	0	0.801	0	0
0	0	0	0	0	0	0	0.791	0	0
0	0	0	0	0	0	0	0.789	0	0
0	0	0	0	0	0	0	0.784	0	0
