0.288	0.378	0.315	0.32	0.31	0.325	0.293	0.31	0.315	0.31
0.322	0.493	0.317	0.388	0.31	0.325	0.295	0.31	0.317	0.31
0.344	0.452	0.312	0.52	0.31	0.337	0.303	0.31	0.312	0.31
0.359	0.388	0.31	0.564	0.327	0.334	0.315	0.327	0.31	0.327
0.344	0.364	0.32	0.571	0.339	0.403	0.369	0.339	0.32	0.339
0.342	0.364	0.383	0.552	0.42	0.471	0.413	0.42	0.383	0.42
0.342	0.366	0.398	0.544	0.452	0.417	0.439	0.452	0.398	0.452
0.347	0.371	0.403	0.544	0.481	0.383	0.391	0.481	0.403	0.481
0.354	0.366	0.386	0.542	0.5	0.386	0.366	0.5	0.386	0.5
0.354	0.371	0.371	0.547	0.51	0.383	0.369	0.51	0.371	0.51
0.354	0.371	0.374	0.54	0.5	0.393	0.376	0.5	0.374	0.5
0.347	0.364	0.388	0.552	0.52	0.41	0.376	0.52	0.388	0.52
0.347	0.359	0.393	0.554	0.505	0.417	0.376	0.505	0.393	0.505
0.347	0.359	0.4	0.557	0.496	0.427	0.383	0.496	0.4	0.496
0.347	0.361	0.4	0.557	0.496	0.427	0.388	0.496	0.4	0.496
0.349	0.347	0.393	0.557	0.496	0.43	0.386	0.496	0.393	0.496
0.347	0.317	0.383	0.549	0.493	0.427	0.388	0.493	0.383	0.493
0.342	0.366	0.381	0.54	0.493	0.425	0.381	0.493	0.381	0.493
0.332	0.366	0.376	0.522	0.479	0.432	0.383	0.479	0.376	0.479
0.315	0.413	0.369	0.503	0.471	0.437	0.347	0.471	0.369	0.471
0.303	0.403	0.359	0.54	0.447	0.435	0.369	0.447	0.359	0.447
0.315	0.332	0.391	0.474	0.43	0.425	0.356	0.43	0.391	0.43
0.332	0.3	0.356	0.439	0.413	0.378	0.337	0.413	0.356	0.413
0.334	0.293	0.344	0.442	0.364	0.369	0.317	0.364	0.344	0.364
0.33	0.291	0.33	0.391	0.356	0.359	0.305	0.356	0.33	0.356
0.322	0.293	0.325	0.356	0.356	0.381	0.315	0.356	0.325	0.356
0.32	0.295	0.315	0.33	0.339	0.378	0.332	0.339	0.315	0.339
0.322	0.293	0.312	0.32	0.33	0.361	0.32	0.33	0.312	0.33
0.315	0.293	0.31	0.317	0.317	0.342	0.3	0.317	0.31	0.317
0.295	0.291	0.315	0.32	0.312	0.33	0.293	0.312	0.315	0.312
0.286	0.288	0.315	0.32	0.312	0.322	0.295	0.312	0.315	0.312
0.288	0.291	0.315	0.322	0.312	0.327	0.293	0.312	0.315	0.312
0.286	0.288	0.312	0.312	0.308	0.332	0.295	0.308	0.312	0.308
0.283	0.293	0.31	0.315	0.31	0.33	0.295	0.31	0.31	0.31
0.281	0.291	0.308	0.312	0.312	0.325	0.291	0.312	0.308	0.312
0.281	0.286	0.312	0.312	0.308	0.322	0.288	0.308	0.312	0.308
0.283	0.286	0.315	0.315	0.305	0.325	0.291	0.305	0.315	0.305
0.283	0.288	0.315	0.317	0.3	0.327	0.293	0.3	0.315	0.3
0.288	0.291	0.312	0.317	0.305	0.33	0.293	0.305	0.312	0.305
0.283	0.291	0.312	0.312	0.315	0.327	0.295	0.315	0.312	0.315
0.278	0.291	0.31	0.31	0.317	0.325	0.295	0.317	0.31	0.317
0.276	0.286	0.312	0.315	0.312	0.325	0.291	0.312	0.312	0.312
0.278	0.288	0.315	0.32	0.31	0.327	0.293	0.31	0.315	0.31
0.286	0.288	0.312	0.322	0.312	0.33	0.295	0.312	0.312	0.312
0.288	0.291	0.312	0.32	0.312	0.334	0.298	0.312	0.312	0.312
0.288	0.291	0.31	0.315	0.315	0.332	0.305	0.315	0.31	0.315
0.288	0.291	0.31	0.315	0.31	0.325	0.295	0.31	0.31	0.31
0.281	0.286	0.312	0.317	0.31	0.322	0.295	0.31	0.312	0.31
0.291	0.288	0.315	0.32	0.31	0.327	0.332	0.31	0.315	0.31
0.308	0.288	0.315	0.32	0.305	0.327	0.369	0.305	0.315	0.305
0.305	0.288	0.315	0.32	0.31	0.332	0.376	0.31	0.315	0.31
0.303	0.291	0.31	0.317	0.308	0.327	0.381	0.308	0.31	0.308
0.3	0.286	0.312	0.315	0.308	0.327	0.383	0.308	0.312	0.308
0.303	0.283	0.317	0.32	0.308	0.325	0.383	0.308	0.317	0.308
0.3	0.281	0.317	0.322	0.3	0.325	0.378	0.3	0.317	0.3
0.308	0.288	0.317	0.322	0.303	0.33	0.383	0.303	0.317	0.303
0.344	0.291	0.312	0.322	0.305	0.33	0.386	0.305	0.312	0.305
0.352	0.291	0.31	0.317	0.31	0.327	0.383	0.31	0.31	0.31
0.359	0.288	0.312	0.317	0.312	0.325	0.383	0.312	0.312	0.312
0.359	0.283	0.312	0.317	0.312	0.325	0.381	0.312	0.312	0.312
0.361	0.286	0.312	0.322	0.31	0.327	0.388	0.31	0.312	0.31
0.366	0.286	0.312	0.322	0.312	0.33	0.386	0.312	0.312	0.312
0.364	0.288	0.31	0.322	0.325	0.327	0.388	0.325	0.31	0.325
0.366	0.317	0.31	0.32	0.32	0.327	0.386	0.32	0.31	0.32
0.366	0.332	0.31	0.317	0.339	0.325	0.383	0.339	0.31	0.339
0.374	0.344	0.312	0.32	0.444	0.322	0.381	0.444	0.312	0.444
0.376	0.339	0.32	0.32	0.71	0.322	0.383	0.71	0.32	0.71
0.354	0.354	0.342	0.322	0.789	0.327	0.374	0.789	0.342	0.789
0.334	0.359	0.481	0.317	0.759	0.33	0.366	0.759	0.481	0.759
0.325	0.361	0.391	0.315	0.757	0.325	0.352	0.757	0.391	0.757
0.317	0.364	0.361	0.312	0.764	0.322	0.315	0.764	0.361	0.764
0.3	0.369	0.361	0.315	0.771	0.322	0.303	0.771	0.361	0.771
0.3	0.371	0.381	0.317	0.769	0.325	0.31	0.769	0.381	0.769
0.295	0.371	0.388	0.322	0.754	0.327	0.305	0.754	0.388	0.754
0.31	0.378	0.393	0.322	0.72	0.33	0.312	0.72	0.393	0.72
0.312	0.376	0.391	0.317	0.654	0.327	0.305	0.654	0.391	0.654
0.288	0.376	0.383	0.315	0.591	0.325	0.298	0.591	0.383	0.591
0.283	0.376	0.386	0.317	0.535	0.325	0.298	0.535	0.386	0.535
0.283	0.369	0.381	0.32	0.493	0.325	0.298	0.493	0.381	0.493
0.283	0.378	0.378	0.32	0.452	0.33	0.3	0.452	0.378	0.452
0.283	0.374	0.371	0.32	0.449	0.334	0.303	0.449	0.371	0.449
0.278	0.32	0.354	0.317	0.425	0.33	0.303	0.425	0.354	0.425
0.278	0.3	0.354	0.315	0.383	0.327	0.3	0.383	0.354	0.383
0.276	0.312	0.337	0.32	0.342	0.327	0.298	0.342	0.337	0.342
0.278	0.291	0.33	0.322	0.352	0.33	0.3	0.352	0.33	0.352
0.281	0.288	0.352	0.322	0.337	0.332	0.3	0.337	0.352	0.337
0.281	0.305	0.361	0.322	0.327	0.33	0.303	0.327	0.361	0.327
0.278	0.293	0.356	0.349	0.327	0.33	0.303	0.327	0.356	0.327
0.273	0.288	0.339	0.608	0.325	0.327	0.293	0.325	0.339	0.325
0.273	0.283	0.33	0.645	0.32	0.327	0.293	0.32	0.33	0.32
0.273	0.281	0.356	0.522	0.317	0.33	0.295	0.317	0.356	0.317
0.276	0.286	0.327	0.496	0.317	0.332	0.3	0.317	0.327	0.317
0.276	0.288	0.315	0.493	0.32	0.334	0.303	0.32	0.315	0.32
0.273	0.291	0.312	0.491	0.322	0.334	0.3	0.322	0.312	0.322
0.271	0.286	0.308	0.493	0.322	0.33	0.298	0.322	0.308	0.322
0.273	0.283	0.312	0.493	0.322	0.327	0.295	0.322	0.312	0.322
0.276	0.283	0.317	0.491	0.315	0.332	0.298	0.315	0.317	0.315
0.278	0.288	0.315	0.493	0.315	0.332	0.3	0.315	0.315	0.315
0.278	0.291	0.312	0.488	0.32	0.334	0.3	0.32	0.312	0.32
0.273	0.291	0.312	0.483	0.32	0.334	0.3	0.32	0.312	0.32
0.276	0.288	0.312	0.476	0.317	0.33	0.298	0.317	0.312	0.317
0.276	0.286	0.315	0.464	0.315	0.327	0.295	0.315	0.315	0.315
0.278	0.283	0.317	0.427	0.31	0.33	0.295	0.31	0.317	0.31
0.283	0.288	0.317	0.396	0.31	0.332	0.3	0.31	0.317	0.31
0.283	0.291	0.315	0.381	0.312	0.334	0.3	0.312	0.315	0.312
0.283	0.291	0.315	0.391	0.312	0.33	0.3	0.312	0.315	0.312
0.278	0.286	0.315	0.42	0.31	0.327	0.298	0.31	0.315	0.31
0.278	0.283	0.317	0.42	0.308	0.327	0.295	0.308	0.317	0.308
0.276	0.286	0.32	0.378	0.31	0.332	0.295	0.31	0.32	0.31
0.281	0.288	0.32	0.374	0.31	0.33	0.298	0.31	0.32	0.31
0.276	0.291	0.315	0.371	0.312	0.332	0.3	0.312	0.315	0.312
0.278	0.291	0.315	0.347	0.312	0.33	0.303	0.312	0.315	0.312
0.273	0.295	0.315	0.325	0.31	0.327	0.298	0.31	0.315	0.31
0.273	0.291	0.317	0.317	0.31	0.327	0.295	0.31	0.317	0.31
0.276	0.288	0.317	0.322	0.308	0.33	0.298	0.308	0.317	0.308
0.281	0.291	0.317	0.322	0.308	0.33	0.3	0.308	0.317	0.308
0.281	0.293	0.312	0.32	0.31	0.334	0.303	0.31	0.312	0.31
0.281	0.293	0.312	0.317	0.315	0.332	0.352	0.315	0.312	0.315
0.278	0.288	0.312	0.315	0.315	0.33	0.3	0.315	0.312	0.315
0.278	0.286	0.317	0.315	0.312	0.344	0.298	0.312	0.317	0.312
0.283	0.286	0.32	0.317	0.31	0.381	0.3	0.31	0.32	0.31
0.288	0.288	0.317	0.32	0.315	0.422	0.303	0.315	0.317	0.315
0.288	0.291	0.315	0.315	0.312	0.432	0.305	0.312	0.315	0.312
0.288	0.291	0.315	0.312	0.315	0.435	0.305	0.315	0.315	0.315
0.283	0.291	0.322	0.315	0.312	0.43	0.303	0.312	0.322	0.312
0.281	0.288	0.317	0.317	0.312	0.43	0.3	0.312	0.317	0.312
0.281	0.293	0.317	0.32	0.31	0.43	0.298	0.31	0.317	0.31
0.281	0.288	0.315	0.322	0.31	0.435	0.303	0.31	0.315	0.31
0.283	0.291	0.312	0.32	0.312	0.432	0.305	0.312	0.312	0.312
0.278	0.291	0.31	0.32	0.315	0.43	0.305	0.315	0.31	0.315
0.276	0.286	0.31	0.32	0.315	0.417	0.3	0.315	0.31	0.315
0.276	0.283	0.312	0.32	0.312	0.356	0.3	0.312	0.312	0.312
0.278	0.286	0.339	0.322	0.31	0.359	0.3	0.31	0.339	0.31
0.281	0.288	0.354	0.322	0.312	0.356	0.303	0.312	0.354	0.312
0.283	0.288	0.347	0.322	0.491	0.352	0.303	0.491	0.347	0.491
0.278	0.291	0.347	0.32	0.457	0.347	0.3	0.457	0.347	0.457
0.278	0.288	0.352	0.317	0.383	0.381	0.3	0.383	0.352	0.383
0.276	0.286	0.334	0.322	0.366	0.43	0.293	0.366	0.334	0.366
0.283	0.288	0.327	0.322	0.361	0.408	0.291	0.361	0.327	0.361
0.288	0.317	0.33	0.322	0.361	0.371	0.288	0.361	0.33	0.361
0.286	0.32	0.342	0.322	0.364	0.344	0.293	0.364	0.342	0.364
0.281	0.312	0.347	0.317	0.369	0.332	0.291	0.369	0.347	0.369
0.278	0.312	0.352	0.315	0.369	0.327	0.293	0.369	0.352	0.369
0.281	0.317	0.356	0.317	0.342	0.325	0.286	0.342	0.356	0.342
0.278	0.312	0.359	0.322	0.352	0.327	0.288	0.352	0.359	0.352
0.278	0.315	0.364	0.325	0.325	0.33	0.291	0.325	0.364	0.325
0.278	0.315	0.364	0.322	0.332	0.332	0.288	0.332	0.364	0.332
0.276	0.31	0.366	0.32	0.337	0.332	0.283	0.337	0.366	0.337
0.273	0.305	0.349	0.32	0.327	0.33	0.281	0.327	0.349	0.327
0.273	0.298	0.33	0.322	0.317	0.33	0.283	0.317	0.33	0.317
0.273	0.291	0.322	0.325	0.317	0.327	0.286	0.317	0.322	0.317
0.276	0.291	0.32	0.327	0.317	0.332	0.291	0.317	0.32	0.317
0.278	0.291	0.315	0.322	0.32	0.334	0.293	0.32	0.315	0.32
0.278	0.286	0.312	0.317	0.325	0.332	0.295	0.325	0.312	0.325
0.276	0.283	0.312	0.317	0.327	0.327	0.293	0.327	0.312	0.327
0.276	0.281	0.315	0.317	0.325	0.327	0.293	0.325	0.315	0.325
0.278	0.283	0.317	0.32	0.322	0.33	0.293	0.322	0.317	0.322
0.283	0.288	0.317	0.32	0.325	0.332	0.295	0.325	0.317	0.325
0.278	0.291	0.315	0.317	0.325	0.332	0.298	0.325	0.315	0.325
0.276	0.293	0.31	0.315	0.325	0.33	0.3	0.325	0.31	0.325
0.276	0.288	0.312	0.315	0.32	0.325	0.293	0.32	0.312	0.32
0.278	0.286	0.317	0.317	0.32	0.325	0.291	0.32	0.317	0.32
0.281	0.291	0.317	0.525	0.317	0.325	0.288	0.317	0.317	0.317
0.288	0.288	0.315	0.476	0.32	0.327	0.293	0.32	0.315	0.32
0.286	0.291	0.312	0.354	0.322	0.33	0.291	0.322	0.312	0.322
0.283	0.291	0.31	0.327	0.325	0.327	0.291	0.325	0.31	0.325
0.278	0.286	0.312	0.342	0.325	0.327	0.286	0.325	0.312	0.325
0.278	0.283	0.315	0.366	0.32	0.325	0.286	0.32	0.315	0.32
0.283	0.288	0.317	0.376	0.317	0.33	0.288	0.317	0.317	0.317
0.286	0.291	0.315	0.376	0.32	0.332	0.288	0.32	0.315	0.32
0.281	0.293	0.31	0.374	0.325	0.332	0.288	0.325	0.31	0.325
0.283	0.291	0.31	0.371	0.327	0.337	0.291	0.327	0.31	0.327
0.281	0.286	0.308	0.369	0.327	0.339	0.286	0.327	0.308	0.327
0.281	0.286	0.315	0.366	0.32	0.33	0.291	0.32	0.315	0.32
0.283	0.283	0.317	0.376	0.317	0.327	0.291	0.317	0.317	0.317
0.288	0.288	0.315	0.374	0.317	0.33	0.295	0.317	0.315	0.317
0.288	0.291	0.312	0.366	0.322	0.327	0.298	0.322	0.312	0.322
0.283	0.291	0.31	0.349	0.322	0.325	0.295	0.322	0.31	0.322
0.278	0.286	0.312	0.332	0.322	0.325	0.291	0.322	0.312	0.322
0.278	0.283	0.312	0.342	0.315	0.32	0.293	0.315	0.312	0.315
0.281	0.283	0.315	0.344	0.31	0.322	0.293	0.31	0.315	0.31
0.283	0.288	0.315	0.337	0.312	0.327	0.295	0.312	0.315	0.312
0.283	0.293	0.312	0.322	0.317	0.327	0.298	0.317	0.312	0.317
0.281	0.295	0.31	0.315	0.32	0.325	0.295	0.32	0.31	0.32
0.276	0.291	0.31	0.312	0.317	0.325	0.293	0.317	0.31	0.317
0.278	0.288	0.312	0.315	0.32	0.317	0.293	0.32	0.312	0.32
0.281	0.288	0.312	0.32	0.315	0.322	0.293	0.315	0.312	0.315
0.283	0.291	0.312	0.322	0.315	0.322	0.298	0.315	0.312	0.315
0.281	0.293	0.31	0.32	0.317	0.322	0.295	0.317	0.31	0.317
0.278	0.293	0.31	0.312	0.317	0.322	0.295	0.317	0.31	0.317
0.276	0.293	0.312	0.315	0.315	0.32	0.293	0.315	0.312	0.315
0.276	0.288	0.312	0.317	0.315	0.317	0.291	0.315	0.312	0.315
0.278	0.288	0.317	0.32	0.315	0.325	0.291	0.315	0.317	0.315
0.281	0.291	0.315	0.325	0.312	0.327	0.295	0.312	0.315	0.312
0.281	0.293	0.31	0.317	0.317	0.325	0.295	0.317	0.31	0.317
0.278	0.291	0.308	0.315	0.32	0.325	0.298	0.32	0.308	0.32
0.278	0.291	0.312	0.315	0.315	0.32	0.291	0.315	0.312	0.315
0.278	0.288	0.315	0.317	0.315	0.32	0.286	0.315	0.315	0.315
0.278	0.288	0.32	0.322	0.312	0.322	0.288	0.312	0.32	0.312
0.283	0.293	0.32	0.322	0.312	0.322	0.291	0.312	0.32	0.312
0.283	0.293	0.312	0.32	0.315	0.322	0.293	0.315	0.312	0.315
0.278	0.295	0.312	0.317	0.32	0.325	0.288	0.32	0.312	0.32
0.278	0.298	0.312	0.317	0.32	0.32	0.286	0.32	0.312	0.32
0.281	0.293	0.312	0.317	0.315	0.317	0.286	0.315	0.312	0.315
0.278	0.293	0.317	0.32	0.315	0.325	0.288	0.315	0.317	0.315
0.281	0.295	0.317	0.325	0.312	0.325	0.295	0.312	0.317	0.312
0.278	0.298	0.315	0.315	0.317	0.327	0.295	0.317	0.315	0.317
0.278	0.298	0.312	0.315	0.317	0.322	0.288	0.317	0.312	0.317
0.273	0.293	0.31	0.315	0.317	0.32	0.288	0.317	0.31	0.317
0.273	0.291	0.317	0.317	0.312	0.32	0.286	0.312	0.317	0.312
0.276	0.291	0.32	0.322	0.31	0.32	0.288	0.31	0.32	0.31
0.281	0.291	0.317	0.322	0.31	0.322	0.291	0.31	0.317	0.31
0.281	0.291	0.315	0.317	0.312	0.325	0.295	0.312	0.315	0.312
0.278	0.293	0.312	0.317	0.315	0.32	0.293	0.315	0.312	0.315
0.276	0.293	0.312	0.315	0.317	0.317	0.288	0.317	0.312	0.317
0.278	0.291	0.317	0.32	0.312	0.317	0.286	0.312	0.317	0.312
0.281	0.291	0.322	0.317	0.31	0.32	0.288	0.31	0.322	0.31
0.283	0.293	0.32	0.32	0.31	0.325	0.293	0.31	0.32	0.31
0.283	0.295	0.317	0.317	0.315	0.327	0.293	0.315	0.317	0.315
0.278	0.291	0.315	0.317	0.317	0.327	0.293	0.317	0.315	0.317
0.276	0.291	0.317	0.317	0.317	0.322	0.288	0.317	0.317	0.317
0.278	0.291	0.315	0.32	0.312	0.322	0.286	0.312	0.315	0.312
0.281	0.291	0.32	0.322	0.315	0.327	0.288	0.315	0.32	0.315
0.281	0.293	0.317	0.325	0.315	0.33	0.291	0.315	0.317	0.315
0.283	0.291	0.317	0.317	0.317	0.33	0.293	0.317	0.317	0.317
0.281	0.288	0.315	0.315	0.32	0.325	0.288	0.32	0.315	0.32
0.276	0.288	0.315	0.315	0.317	0.327	0.283	0.317	0.315	0.317
0.276	0.283	0.32	0.322	0.315	0.327	0.283	0.315	0.32	0.315
0.278	0.288	0.322	0.322	0.312	0.327	0.286	0.312	0.322	0.312
0.281	0.288	0.317	0.325	0.312	0.332	0.291	0.312	0.317	0.312
0.281	0.291	0.317	0.32	0.315	0.332	0.286	0.315	0.317	0.315
0.278	0.291	0.317	0.317	0.315	0.325	0.286	0.315	0.317	0.315
0.276	0.286	0.325	0.322	0.317	0.327	0.286	0.317	0.325	0.317
0.271	0.286	0.32	0.317	0.312	0.332	0.286	0.312	0.32	0.312
0.278	0.288	0.322	0.32	0.308	0.327	0.288	0.308	0.322	0.308
0.281	0.291	0.315	0.32	0.31	0.33	0.291	0.31	0.315	0.31
0.276	0.291	0.312	0.317	0.312	0.327	0.288	0.312	0.312	0.312
0.281	0.291	0.312	0.315	0.312	0.33	0.291	0.312	0.312	0.312
0.278	0.288	0.312	0.315	0.312	0.325	0.283	0.312	0.312	0.312
0.278	0.286	0.317	0.317	0.308	0.325	0.281	0.308	0.317	0.308
0.281	0.283	0.317	0.322	0.308	0.33	0.283	0.308	0.317	0.308
0.283	0.288	0.317	0.32	0.308	0.332	0.283	0.308	0.317	0.308
0.281	0.291	0.315	0.315	0.31	0.334	0.286	0.31	0.315	0.31
0.281	0.303	0.312	0.315	0.312	0.33	0.281	0.312	0.312	0.312
0.278	0.293	0.315	0.315	0.315	0.33	0.278	0.315	0.315	0.315
0.276	0.356	0.32	0.315	0.308	0.33	0.276	0.308	0.32	0.308
0.278	0.444	0.322	0.32	0.308	0.33	0.276	0.308	0.322	0.308
0.281	0.474	0.322	0.322	0.31	0.332	0.281	0.31	0.322	0.31
0.278	0.486	0.317	0.317	0.312	0.334	0.281	0.312	0.317	0.312
0.276	0.471	0.312	0.312	0.315	0.33	0.281	0.315	0.312	0.315
0.273	0.491	0.317	0.312	0.315	0.327	0.276	0.315	0.317	0.315
0.278	0.527	0.32	0.315	0.308	0.327	0.278	0.308	0.32	0.308
0.278	0.535	0.322	0.315	0.303	0.33	0.281	0.303	0.322	0.303
0.281	0.605	0.32	0.317	0.305	0.332	0.283	0.305	0.32	0.305
0.281	0.618	0.315	0.312	0.31	0.332	0.288	0.31	0.315	0.31
0.278	0.618	0.315	0.312	0.312	0.327	0.288	0.312	0.315	0.312
0.278	0.62	0.315	0.312	0.31	0.327	0.291	0.31	0.315	0.31
0.281	0.618	0.32	0.317	0.31	0.33	0.293	0.31	0.32	0.31
0.283	0.62	0.322	0.32	0.305	0.327	0.288	0.305	0.322	0.305
0.286	0.625	0.32	0.32	0.305	0.334	0.31	0.305	0.32	0.305
0.283	0.632	0.317	0.317	0.312	0.332	0.364	0.312	0.317	0.312
0.283	0.623	0.315	0.315	0.315	0.327	0.437	0.315	0.315	0.315
0.281	0.598	0.317	0.315	0.312	0.325	0.498	0.312	0.317	0.312
0.281	0.571	0.32	0.317	0.308	0.325	0.505	0.308	0.32	0.308
0.288	0.527	0.32	0.32	0.305	0.327	0.525	0.305	0.32	0.305
0.288	0.491	0.317	0.317	0.308	0.334	0.549	0.308	0.317	0.308
0.286	0.439	0.312	0.32	0.315	0.334	0.554	0.315	0.312	0.315
0.283	0.41	0.312	0.317	0.315	0.33	0.544	0.315	0.312	0.315
0.278	0.354	0.312	0.317	0.312	0.327	0.53	0.312	0.312	0.312
0.295	0.305	0.315	0.32	0.31	0.325	0.559	0.31	0.315	0.31
0.312	0.293	0.32	0.322	0.312	0.33	0.574	0.312	0.32	0.312
0.342	0.293	0.315	0.322	0.315	0.33	0.576	0.315	0.315	0.315
0.461	0.293	0.312	0.312	0.32	0.334	0.586	0.32	0.312	0.32
0.535	0.291	0.312	0.312	0.322	0.332	0.581	0.322	0.312	0.322
0.564	0.288	0.312	0.315	0.322	0.327	0.581	0.322	0.312	0.322
0.566	0.308	0.317	0.317	0.317	0.327	0.574	0.317	0.317	0.317
0.564	0.288	0.317	0.317	0.317	0.33	0.576	0.317	0.317	0.317
0.583	0.288	0.315	0.317	0.32	0.334	0.559	0.32	0.315	0.32
0.579	0.291	0.31	0.315	0.32	0.334	0.53	0.32	0.31	0.32
0.586	0.291	0.312	0.315	0.322	0.327	0.51	0.322	0.312	0.322
0.605	0.288	0.312	0.312	0.317	0.325	0.5	0.317	0.312	0.317
0.586	0.286	0.315	0.315	0.315	0.322	0.461	0.315	0.315	0.315
0.583	0.286	0.317	0.32	0.315	0.327	0.408	0.315	0.317	0.315
0.593	0.291	0.317	0.32	0.317	0.33	0.376	0.317	0.317	0.317
0.605	0.293	0.312	0.315	0.32	0.327	0.317	0.32	0.312	0.32
0.61	0.291	0.312	0.312	0.322	0.325	0.298	0.322	0.312	0.322
0.615	0.288	0.312	0.315	0.325	0.325	0.291	0.325	0.312	0.325
0.615	0.286	0.315	0.317	0.32	0.325	0.286	0.32	0.315	0.32
0.623	0.283	0.315	0.32	0.317	0.332	0.288	0.317	0.315	0.317
0.62	0.291	0.31	0.317	0.317	0.332	0.288	0.317	0.31	0.317
0.579	0.293	0.31	0.312	0.322	0.337	0.295	0.322	0.31	0.322
0.535	0.288	0.312	0.312	0.32	0.33	0.288	0.32	0.312	0.32
0.454	0.291	0.312	0.31	0.32	0.327	0.283	0.32	0.312	0.32
0.396	0.288	0.317	0.317	0.317	0.332	0.283	0.317	0.317	0.317
0.325	0.288	0.32	0.317	0.315	0.332	0.286	0.315	0.32	0.315
0.295	0.293	0.317	0.317	0.317	0.334	0.288	0.317	0.317	0.317
0.291	0.293	0.312	0.315	0.32	0.334	0.291	0.32	0.312	0.32
0.281	0.293	0.31	0.315	0.32	0.332	0.288	0.32	0.31	0.32
0.278	0.291	0.312	0.317	0.317	0.327	0.283	0.317	0.312	0.317
0.281	0.288	0.315	0.317	0.312	0.322	0.283	0.312	0.315	0.312
0.283	0.288	0.315	0.322	0.312	0.327	0.288	0.312	0.315	0.312
0.283	0.293	0.315	0.32	0.315	0.33	0.293	0.315	0.315	0.315
0.286	0.293	0.31	0.317	0.317	0.33	0.293	0.317	0.31	0.317
0.281	0.291	0.31	0.315	0.322	0.325	0.291	0.322	0.31	0.322
0.278	0.288	0.312	0.312	0.317	0.322	0.288	0.317	0.312	0.317
0.278	0.288	0.317	0.317	0.315	0.325	0.288	0.315	0.317	0.315
0.283	0.291	0.317	0.317	0.317	0.327	0.291	0.317	0.317	0.317
0.283	0.295	0.317	0.317	0.32	0.33	0.293	0.32	0.317	0.32
0.286	0.295	0.31	0.315	0.315	0.327	0.293	0.315	0.31	0.315
0.283	0.295	0.312	0.312	0.317	0.325	0.291	0.317	0.312	0.317
0.278	0.288	0.315	0.315	0.337	0.322	0.288	0.337	0.315	0.337
0.281	0.286	0.317	0.317	0.33	0.325	0.291	0.33	0.317	0.33
0.283	0.283	0.32	0.317	0.32	0.327	0.291	0.32	0.32	0.32
0.288	0.288	0.317	0.317	0.32	0.33	0.293	0.32	0.317	0.32
0.286	0.291	0.317	0.315	0.32	0.327	0.293	0.32	0.317	0.32
0.283	0.286	0.315	0.312	0.33	0.325	0.293	0.33	0.315	0.33
0.281	0.286	0.315	0.312	0.415	0.322	0.291	0.415	0.315	0.415
0.286	0.283	0.317	0.315	0.544	0.325	0.288	0.544	0.317	0.544
0.286	0.283	0.317	0.317	0.583	0.327	0.293	0.583	0.317	0.583
0.286	0.286	0.31	0.32	0.627	0.327	0.295	0.627	0.31	0.627
0.286	0.288	0.312	0.317	0.642	0.33	0.295	0.642	0.312	0.642
0.283	0.283	0.31	0.312	0.635	0.327	0.291	0.635	0.31	0.635
0.281	0.283	0.315	0.315	0.632	0.325	0.288	0.632	0.315	0.632
0.283	0.283	0.315	0.317	0.657	0.325	0.288	0.657	0.315	0.657
0.288	0.281	0.317	0.317	0.669	0.327	0.291	0.669	0.317	0.669
0.291	0.286	0.315	0.315	0.667	0.332	0.293	0.667	0.315	0.667
0.288	0.288	0.312	0.315	0.669	0.334	0.295	0.669	0.312	0.669
0.286	0.286	0.31	0.312	0.664	0.33	0.291	0.664	0.31	0.664
0.283	0.283	0.315	0.312	0.667	0.327	0.291	0.667	0.315	0.667
0.283	0.283	0.317	0.315	0.659	0.327	0.293	0.659	0.317	0.659
0.286	0.286	0.317	0.32	0.654	0.33	0.291	0.654	0.317	0.654
0.288	0.288	0.315	0.312	0.654	0.332	0.295	0.654	0.315	0.654
0.291	0.291	0.312	0.315	0.642	0.332	0.295	0.642	0.312	0.642
0.286	0.291	0.312	0.312	0.591	0.327	0.298	0.591	0.312	0.591
0.281	0.283	0.312	0.317	0.52	0.322	0.283	0.52	0.312	0.52
0.286	0.281	0.317	0.317	0.471	0.325	0.378	0.471	0.317	0.471
0.286	0.283	0.339	0.32	0.442	0.327	0.669	0.442	0.339	0.442
0.288	0.286	0.347	0.32	0.366	0.33	0.642	0.366	0.347	0.366
0.288	0.288	0.332	0.315	0.347	0.327	0.554	0.347	0.332	0.347
0.283	0.286	0.342	0.312	0.337	0.33	0.508	0.337	0.342	0.337
0.283	0.283	0.432	0.31	0.327	0.325	0.488	0.327	0.432	0.327
0.286	0.281	0.481	0.312	0.327	0.33	0.469	0.327	0.481	0.327
0.288	0.283	0.559	0.315	0.325	0.33	0.457	0.325	0.559	0.325
0.291	0.286	0.598	0.317	0.327	0.332	0.435	0.327	0.598	0.327
0.291	0.291	0.601	0.317	0.325	0.332	0.42	0.325	0.601	0.325
0.286	0.286	0.615	0.315	0.339	0.332	0.422	0.339	0.615	0.339
0.286	0.283	0.618	0.315	0.325	0.33	0.381	0.325	0.618	0.325
0.288	0.281	0.703	0.32	0.317	0.332	0.344	0.317	0.703	0.317
0.288	0.283	0.725	0.32	0.317	0.327	0.325	0.317	0.725	0.317
0.293	0.288	0.71	0.32	0.317	0.327	0.347	0.317	0.71	0.317
0.295	0.288	0.706	0.32	0.322	0.325	0.342	0.322	0.706	0.322
0.293	0.286	0.718	0.317	0.322	0.325	0.327	0.322	0.718	0.322
0.291	0.283	0.718	0.32	0.32	0.322	0.305	0.32	0.718	0.32
0.291	0.281	0.723	0.322	0.315	0.325	0.295	0.315	0.723	0.315
0.295	0.298	0.73	0.322	0.317	0.33	0.295	0.317	0.73	0.317
0.293	0.342	0.74	0.32	0.317	0.332	0.295	0.317	0.74	0.317
0.293	0.481	0.74	0.317	0.322	0.332	0.295	0.322	0.74	0.322
0.288	0.779	0.725	0.315	0.32	0.33	0.293	0.32	0.725	0.32
0.286	0.833	0.713	0.31	0.32	0.327	0.291	0.32	0.713	0.32
0.288	0.803	0.647	0.315	0.315	0.33	0.291	0.315	0.647	0.315
0.288	0.796	0.564	0.312	0.312	0.344	0.295	0.312	0.564	0.312
0.291	0.793	0.503	0.315	0.317	0.337	0.295	0.317	0.503	0.317
0.288	0.774	0.452	0.31	0.322	0.356	0.293	0.322	0.452	0.322
0.283	0.776	0.374	0.308	0.325	0.396	0.293	0.325	0.374	0.325
0.281	0.684	0.337	0.31	0.325	0.471	0.293	0.325	0.337	0.325
0.286	0.601	0.327	0.312	0.315	0.491	0.291	0.315	0.327	0.315
0.288	0.513	0.322	0.315	0.317	0.508	0.293	0.317	0.322	0.317
0.291	0.471	0.317	0.315	0.317	0.574	0.295	0.317	0.317	0.317
0.288	0.454	0.315	0.312	0.317	0.63	0.295	0.317	0.315	0.317
0.283	0.459	0.312	0.308	0.322	0.686	0.295	0.322	0.312	0.322
0.283	0.437	0.322	0.31	0.32	0.708	0.291	0.32	0.322	0.32
0.283	0.41	0.322	0.315	0.315	0.718	0.288	0.315	0.322	0.315
0.286	0.376	0.32	0.315	0.317	0.74	0.293	0.317	0.32	0.317
0.286	0.332	0.317	0.315	0.322	0.764	0.295	0.322	0.317	0.322
0.283	0.315	0.315	0.312	0.322	0.769	0.298	0.322	0.315	0.322
0.281	0.347	0.315	0.31	0.325	0.771	0.293	0.325	0.315	0.325
0.281	0.303	0.317	0.312	0.327	0.769	0.288	0.327	0.317	0.327
0.281	0.291	0.317	0.315	0.32	0.779	0.288	0.32	0.317	0.32
0.283	0.293	0.32	0.317	0.322	0.774	0.293	0.322	0.32	0.322
0.283	0.293	0.315	0.317	0.325	0.764	0.295	0.325	0.315	0.325
0.281	0.295	0.315	0.332	0.33	0.735	0.295	0.33	0.315	0.33
0.278	0.295	0.315	0.339	0.327	0.657	0.295	0.327	0.315	0.327
0.278	0.291	0.315	0.317	0.325	0.601	0.291	0.325	0.315	0.325
0.281	0.291	0.317	0.317	0.322	0.566	0.291	0.322	0.317	0.322
0.283	0.293	0.322	0.364	0.322	0.52	0.293	0.322	0.322	0.322
0.286	0.293	0.315	0.43	0.347	0.491	0.293	0.347	0.315	0.347
0.286	0.293	0.312	0.479	0.447	0.437	0.293	0.447	0.312	0.447
0.283	0.291	0.315	0.54	0.786	0.396	0.293	0.786	0.315	0.786
0.278	0.288	0.317	0.562	0.769	0.374	0.288	0.769	0.317	0.769
0.283	0.288	0.32	0.588	0.632	0.347	0.291	0.632	0.32	0.632
0.286	0.291	0.32	0.579	0.547	0.339	0.291	0.547	0.32	0.547
0.288	0.293	0.315	0.593	0.542	0.337	0.31	0.542	0.315	0.542
0.291	0.298	0.312	0.613	0.532	0.334	0.293	0.532	0.312	0.532
0.288	0.298	0.312	0.63	0.54	0.334	0.293	0.54	0.312	0.54
0.286	0.291	0.315	0.645	0.552	0.332	0.291	0.552	0.315	0.552
0.288	0.291	0.32	0.662	0.544	0.347	0.291	0.544	0.32	0.544
0.291	0.293	0.32	0.676	0.527	0.344	0.293	0.527	0.32	0.527
0.293	0.295	0.315	0.676	0.5	0.347	0.295	0.5	0.315	0.5
0.286	0.295	0.312	0.679	0.481	0.342	0.298	0.481	0.312	0.481
0.283	0.295	0.312	0.684	0.461	0.339	0.293	0.461	0.312	0.461
0.281	0.291	0.317	0.686	0.439	0.344	0.286	0.439	0.317	0.439
0.281	0.288	0.32	0.664	0.417	0.349	0.283	0.417	0.32	0.417
0.281	0.291	0.32	0.61	0.361	0.339	0.283	0.361	0.32	0.361
0.283	0.293	0.317	0.547	0.359	0.339	0.288	0.359	0.317	0.359
0.283	0.295	0.312	0.513	0.33	0.337	0.288	0.33	0.312	0.33
0.281	0.291	0.312	0.459	0.327	0.33	0.286	0.327	0.312	0.327
0.281	0.288	0.315	0.393	0.32	0.327	0.283	0.32	0.315	0.32
0.295	0.286	0.317	0.354	0.317	0.33	0.283	0.317	0.317	0.317
0.315	0.288	0.315	0.334	0.315	0.334	0.286	0.315	0.315	0.315
0.532	0.291	0.315	0.327	0.32	0.334	0.288	0.32	0.315	0.32
1.218	0.291	0.312	0.317	0.325	0.332	0.288	0.325	0.312	0.325
1.038	0.288	0.31	0.315	0.327	0.332	0.286	0.327	0.31	0.327
0.774	0.286	0.312	0.312	0.32	0.327	0.283	0.32	0.312	0.32
0.642	0.291	0.315	0.32	0.317	0.332	0.283	0.317	0.315	0.317
0.586	0.295	0.315	0.32	0.317	0.33	0.288	0.317	0.315	0.317
0.552	0.3	0.312	0.317	0.32	0.332	0.291	0.32	0.312	0.32
0.586	0.303	0.308	0.315	0.322	0.332	0.288	0.322	0.308	0.322
0.515	0.298	0.305	0.315	0.322	0.327	0.288	0.322	0.305	0.322
0.493	0.293	0.31	0.315	0.32	0.327	0.288	0.32	0.31	0.32
0.459	0.295	0.315	0.317	0.315	0.327	0.288	0.315	0.315	0.315
0.464	0.298	0.317	0.32	0.317	0.327	0.291	0.317	0.317	0.317
0.449	0.3	0.312	0.32	0.322	0.332	0.293	0.322	0.312	0.322
0.366	0.3	0.31	0.317	0.325	0.33	0.293	0.325	0.31	0.325
0.327	0.3	0.31	0.312	0.327	0.325	0.291	0.327	0.31	0.327
0.308	0.295	0.312	0.312	0.322	0.325	0.288	0.322	0.312	0.322
0.308	0.293	0.315	0.315	0.317	0.325	0.286	0.317	0.315	0.317
0.298	0.295	0.315	0.317	0.315	0.332	0.288	0.315	0.315	0.315
0.288	0.298	0.312	0.317	0.32	0.33	0.352	0.32	0.312	0.32
0.281	0.298	0.308	0.312	0.322	0.33	0.413	0.322	0.308	0.322
0.276	0.295	0.308	0.315	0.322	0.327	0.476	0.322	0.308	0.322
0.276	0.293	0.312	0.317	0.322	0.327	0.562	0.322	0.312	0.322
0.278	0.295	0.315	0.32	0.317	0.327	0.449	0.317	0.315	0.317
0.281	0.295	0.322	0.325	0.317	0.33	0.398	0.317	0.322	0.317
0.286	0.298	0.349	0.325	0.32	0.332	0.386	0.32	0.349	0.32
0.286	0.295	0.82	0.32	0.322	0.332	0.371	0.322	0.82	0.322
0.283	0.295	1.309	0.317	0.322	0.33	0.349	0.322	1.309	0.322
0.283	0.293	1.145	0.317	0.317	0.33	0.325	0.317	1.145	0.317
0.283	0.291	0.896	0.32	0.315	0.332	0.322	0.315	0.896	0.315
0.283	0.293	0.691	0.322	0.315	0.332	0.334	0.315	0.691	0.315
0.286	0.295	0.61	0.32	0.317	0.342	0.349	0.317	0.61	0.317
0.283	0.3	0.566	0.315	0.322	0.398	0.337	0.322	0.566	0.322
0.281	0.293	0.559	0.315	0.322	0.791	0.332	0.322	0.559	0.322
0.281	0.291	0.547	0.317	0.32	1.106	0.312	0.32	0.547	0.32
0.283	0.293	0.515	0.325	0.317	0.979	0.295	0.317	0.515	0.317
0.288	0.293	0.491	0.327	0.315	0.842	0.308	0.315	0.491	0.315
0.288	0.298	0.481	0.327	0.32	0.815	0.33	0.32	0.481	0.32
0.286	0.298	0.447	0.322	0.322	0.789	0.361	0.322	0.447	0.322
0.286	0.298	0.43	0.32	0.322	0.728	0.393	0.322	0.43	0.322
0.281	0.295	0.374	0.347	0.317	0.669	0.364	0.317	0.374	0.317
0.283	0.295	0.354	0.352	0.317	0.591	0.32	0.317	0.354	0.317
0.286	0.298	0.33	0.405	0.317	0.537	0.295	0.317	0.33	0.317
0.288	0.3	0.325	0.579	0.322	0.5	0.273	0.322	0.325	0.322
0.286	0.3	0.312	0.61	0.327	0.474	0.271	0.327	0.312	0.327
0.281	0.295	0.31	0.586	0.327	0.471	0.269	0.327	0.31	0.327
0.283	0.293	0.31	0.53	0.322	0.469	0.276	0.322	0.31	0.322
0.283	0.293	0.312	0.461	0.32	0.449	0.281	0.32	0.312	0.32
0.288	0.295	0.312	0.464	0.317	0.422	0.286	0.317	0.312	0.317
0.288	0.298	0.31	0.464	0.322	0.376	0.288	0.322	0.31	0.322
0.283	0.3	0.308	0.444	0.322	0.359	0.286	0.322	0.308	0.322
0.283	0.298	0.312	0.427	0.325	0.342	0.286	0.325	0.312	0.325
0.281	0.295	0.312	0.425	0.317	0.344	0.281	0.317	0.312	0.317
0.283	0.295	0.317	0.439	0.317	0.327	0.286	0.317	0.317	0.317
0.288	0.3	0.317	0.42	0.317	0.325	0.286	0.317	0.317	0.317
0.288	0.303	0.317	0.403	0.322	0.327	0.288	0.322	0.317	0.322
0.288	0.305	0.312	0.393	0.325	0.33	0.288	0.325	0.312	0.325
0.283	0.303	0.31	0.347	0.325	0.327	0.281	0.325	0.31	0.325
0.281	0.298	0.312	0.349	0.325	0.327	0.278	0.325	0.312	0.325
0.278	0.3	0.315	0.337	0.32	0.325	0.278	0.32	0.315	0.32
0.288	0.303	0.312	0.378	0.322	0.332	0.278	0.322	0.312	0.322
0.291	0.315	0.312	0.342	0.322	0.334	0.283	0.322	0.312	0.322
0.288	0.33	0.31	0.325	0.325	0.332	0.283	0.325	0.31	0.325
0.283	0.327	0.31	0.317	0.325	0.33	0.281	0.325	0.31	0.325
0.281	0.3	0.315	0.322	0.322	0.327	0.278	0.322	0.315	0.322
0.283	0.305	0.317	0.322	0.32	0.332	0.278	0.32	0.317	0.32
0.286	0.305	0.315	0.325	0.32	0.337	0.283	0.32	0.315	0.32
0.288	0.31	0.312	0.322	0.32	0.339	0.283	0.32	0.312	0.32
0.286	0.315	0.31	0.32	0.327	0.334	0.286	0.327	0.31	0.327
0.283	0.317	0.31	0.322	0.325	0.334	0.283	0.325	0.31	0.325
0.283	0.315	0.312	0.325	0.322	0.33	0.278	0.322	0.312	0.322
0.283	0.315	0.312	0.325	0.32	0.33	0.283	0.32	0.312	0.32
0.288	0.317	0.312	0.327	0.322	0.332	0.283	0.322	0.312	0.322
0.288	0.31	0.308	0.325	0.325	0.334	0.286	0.325	0.308	0.325
0.288	0.308	0.303	0.322	0.327	0.332	0.281	0.327	0.303	0.327
0.281	0.305	0.303	0.322	0.322	0.325	0.281	0.322	0.303	0.322
0.286	0.298	0.308	0.32	0.322	0.327	0.278	0.322	0.308	0.322
0.288	0.293	0.31	0.322	0.315	0.33	0.281	0.315	0.31	0.315
0.291	0.295	0.31	0.32	0.322	0.332	0.286	0.322	0.31	0.322
0.291	0.312	0.31	0.315	0.322	0.334	0.286	0.322	0.31	0.322
0.291	0.305	0.308	0.312	0.325	0.33	0.286	0.325	0.308	0.325
0.288	0.295	0.308	0.312	0.325	0.325	0.278	0.325	0.308	0.325
0.288	0.291	0.308	0.312	0.322	0.325	0.271	0.322	0.308	0.322
0.291	0.288	0.31	0.315	0.322	0.327	0.278	0.322	0.31	0.322
0.291	0.291	0.312	0.317	0.325	0.332	0.286	0.325	0.312	0.325
0.293	0.295	0.308	0.315	0.327	0.332	0.288	0.327	0.308	0.327
0.288	0.298	0.305	0.315	0.327	0.332	0.283	0.327	0.305	0.327
0.286	0.293	0.312	0.315	0.33	0.332	0.286	0.33	0.312	0.33
0.286	0.291	0.308	0.315	0.325	0.332	0.283	0.325	0.308	0.325
0.283	0.288	0.312	0.32	0.325	0.33	0.286	0.325	0.312	0.325
0.288	0.291	0.312	0.32	0.325	0.334	0.288	0.325	0.312	0.325
0.291	0.295	0.308	0.327	0.327	0.334	0.283	0.327	0.308	0.327
0.291	0.298	0.308	0.315	0.33	0.33	0.283	0.33	0.308	0.33
0.286	0.293	0.305	0.312	0.33	0.32	0.281	0.33	0.305	0.33
0.286	0.293	0.308	0.315	0.322	0.31	0.278	0.322	0.308	0.322
0.288	0.293	0.312	0.317	0.322	0.303	0.281	0.322	0.312	0.322
0.288	0.293	0.312	0.32	0.322	0.303	0.286	0.322	0.312	0.322
0.291	0.298	0.31	0.315	0.322	0.303	0.288	0.322	0.31	0.322
0.288	0.298	0.305	0.315	0.325	0.303	0.288	0.325	0.305	0.325
0.286	0.293	0.305	0.315	0.325	0.298	0.288	0.325	0.305	0.325
0.286	0.291	0.308	0.317	0.325	0.298	0.286	0.325	0.308	0.325
0.288	0.293	0.31	0.317	0.325	0.298	0.291	0.325	0.31	0.325
0.291	0.295	0.31	0.322	0.322	0.305	0.293	0.322	0.31	0.322
0.288	0.298	0.305	0.317	0.327	0.303	0.293	0.327	0.305	0.327
0.286	0.298	0.305	0.315	0.327	0.303	0.293	0.327	0.305	0.327
0.286	0.315	0.308	0.312	0.415	0.3	0.291	0.415	0.308	0.415
0.283	0.295	0.308	0.312	0.405	0.295	0.288	0.405	0.308	0.405
0.286	0.298	0.31	0.32	0.378	0.3	0.291	0.378	0.31	0.378
0.288	0.298	0.31	0.322	0.364	0.305	0.293	0.364	0.31	0.364
0.288	0.3	0.308	0.32	0.4	0.303	0.293	0.4	0.308	0.4
0.286	0.3	0.305	0.32	0.457	0.303	0.291	0.457	0.305	0.457
0.283	0.3	0.305	0.315	0.476	0.298	0.281	0.476	0.305	0.476
0.283	0.298	0.308	0.32	0.474	0.3	0.283	0.474	0.308	0.474
0.344	0.298	0.312	0.322	0.498	0.3	0.286	0.498	0.312	0.498
0.693	0.298	0.315	0.322	0.518	0.303	0.291	0.518	0.315	0.518
0.623	0.298	0.308	0.325	0.527	0.305	0.291	0.527	0.308	0.527
0.525	0.295	0.303	0.32	0.532	0.3	0.293	0.532	0.303	0.532
0.5	0.295	0.305	0.317	0.527	0.3	0.283	0.527	0.305	0.527
0.498	0.293	0.31	0.32	0.481	0.298	0.278	0.481	0.31	0.481
0.51	0.288	0.312	0.325	0.43	0.298	0.281	0.43	0.312	0.43
0.496	0.295	0.312	0.325	0.352	0.303	0.283	0.352	0.312	0.352
0.493	0.298	0.31	0.327	0.361	0.303	0.288	0.361	0.31	0.361
0.481	0.3	0.305	0.32	0.337	0.305	0.291	0.337	0.305	0.337
0.464	0.295	0.308	0.322	0.334	0.317	0.288	0.334	0.308	0.334
0.439	0.291	0.31	0.322	0.327	0.432	0.286	0.327	0.31	0.327
0.415	0.293	0.312	0.325	0.322	0.449	0.281	0.322	0.312	0.322
0.378	0.295	0.315	0.325	0.325	0.483	0.286	0.325	0.315	0.325
0.347	0.3	0.308	0.325	0.327	0.608	0.288	0.327	0.308	0.327
0.327	0.3	0.308	0.317	0.33	0.476	0.286	0.33	0.308	0.33
0.315	0.303	0.305	0.366	0.33	0.476	0.283	0.33	0.305	0.33
0.303	0.295	0.31	0.417	0.33	0.435	0.281	0.33	0.31	0.33
0.288	0.295	0.315	0.513	0.327	0.42	0.283	0.327	0.315	0.327
0.293	0.295	0.312	0.457	0.33	0.4	0.283	0.33	0.312	0.33
0.288	0.303	0.31	0.366	0.332	0.371	0.286	0.332	0.31	0.332
0.286	0.3	0.31	0.342	0.332	0.359	0.281	0.332	0.31	0.332
0.281	0.295	0.31	0.327	0.332	0.369	0.281	0.332	0.31	0.332
0.283	0.293	0.31	0.325	0.33	0.369	0.281	0.33	0.31	0.33
0.283	0.286	0.31	0.332	0.327	0.356	0.278	0.327	0.31	0.327
0.293	0.293	0.31	0.334	0.327	0.354	0.281	0.327	0.31	0.327
0.303	0.298	0.31	0.334	0.334	0.354	0.281	0.334	0.31	0.334
0.303	0.298	0.308	0.334	0.334	0.356	0.286	0.334	0.308	0.334
0.303	0.293	0.312	0.322	0.334	0.325	0.283	0.334	0.312	0.334
0.293	0.293	0.347	0.317	0.33	0.315	0.281	0.33	0.347	0.33
0.288	0.295	0.327	0.322	0.327	0.322	0.286	0.327	0.327	0.327
0.288	0.298	0.4	0.327	0.327	0.327	0.288	0.327	0.4	0.327
0.291	0.298	0.369	0.322	0.332	0.371	0.288	0.332	0.369	0.332
0.288	0.298	0.366	0.315	0.332	0.413	0.286	0.332	0.366	0.332
0.283	0.295	0.354	0.315	0.332	0.356	0.281	0.332	0.354	0.332
0.283	0.291	0.349	0.317	0.327	0.33	0.281	0.327	0.349	0.327
0.291	0.291	0.327	0.332	0.327	0.308	0.281	0.327	0.327	0.327
0.293	0.295	0.31	0.334	0.322	0.305	0.281	0.322	0.31	0.322
0.291	0.298	0.305	0.32	0.327	0.303	0.283	0.327	0.305	0.327
0.288	0.3	0.305	0.317	0.332	0.3	0.283	0.332	0.305	0.332
0.283	0.298	0.305	0.32	0.327	0.3	0.278	0.327	0.305	0.327
0.286	0.293	0.308	0.325	0.327	0.3	0.281	0.327	0.308	0.327
0.288	0.293	0.31	0.322	0.33	0.3	0.281	0.33	0.31	0.33
0.293	0.298	0.305	0.322	0.332	0.305	0.281	0.332	0.305	0.332
0.288	0.298	0.308	0.317	0.332	0.308	0.283	0.332	0.308	0.332
0.288	0.3	0.354	0.32	0.334	0.305	0.283	0.334	0.354	0.334
0.286	0.295	0.344	0.315	0.334	0.303	0.278	0.334	0.344	0.334
0.286	0.293	0.32	0.317	0.332	0.3	0.276	0.332	0.32	0.332
0.291	0.293	0.312	0.32	0.33	0.303	0.273	0.33	0.312	0.33
0.291	0.295	0.308	0.317	0.332	0.308	0.276	0.332	0.308	0.332
0.288	0.298	0.305	0.315	0.33	0.305	0.276	0.33	0.305	0.33
0.288	0.298	0.312	0.312	0.332	0.305	0.271	0.332	0.312	0.332
0.283	0.298	0.305	0.312	0.33	0.3	0.271	0.33	0.305	0.33
0.283	0.291	0.308	0.315	0.322	0.3	0.269	0.322	0.308	0.322
0.288	0.293	0.31	0.317	0.32	0.3	0.273	0.32	0.31	0.32
0.288	0.298	0.31	0.32	0.322	0.305	0.276	0.322	0.31	0.322
0.288	0.3	0.305	0.315	0.325	0.303	0.278	0.325	0.305	0.325
0.288	0.298	0.303	0.312	0.327	0.303	0.278	0.327	0.303	0.327
0.283	0.298	0.305	0.31	0.325	0.3	0.276	0.325	0.305	0.325
0.286	0.293	0.308	0.31	0.325	0.3	0.276	0.325	0.308	0.325
0.288	0.295	0.308	0.315	0.325	0.303	0.276	0.325	0.308	0.325
0.288	0.298	0.308	0.317	0.327	0.305	0.278	0.327	0.308	0.327
0.286	0.3	0.303	0.312	0.33	0.305	0.281	0.33	0.303	0.33
0.286	0.298	0.303	0.32	0.33	0.303	0.278	0.33	0.303	0.33
0.283	0.295	0.303	0.322	0.33	0.3	0.276	0.33	0.303	0.33
0.281	0.293	0.308	0.322	0.327	0.3	0.276	0.327	0.308	0.327
0.283	0.295	0.308	0.327	0.325	0.3	0.278	0.325	0.308	0.325
0.288	0.298	0.305	0.32	0.325	0.305	0.281	0.325	0.305	0.325
0.291	0.3	0.305	0.32	0.33	0.303	0.283	0.33	0.305	0.33
0.286	0.3	0.303	0.317	0.33	0.303	0.281	0.33	0.303	0.33
0.283	0.298	0.303	0.312	0.33	0.3	0.278	0.33	0.303	0.33
0.283	0.293	0.308	0.315	0.327	0.3	0.276	0.327	0.308	0.327
0.283	0.291	0.308	0.317	0.325	0.303	0.276	0.325	0.308	0.325
0.283	0.295	0.308	0.317	0.325	0.305	0.278	0.325	0.308	0.325
0.286	0.3	0.303	0.315	0.33	0.305	0.281	0.33	0.303	0.33
0.286	0.3	0.303	0.317	0.33	0.303	0.276	0.33	0.303	0.33
0.283	0.295	0.303	0.315	0.33	0.298	0.276	0.33	0.303	0.33
0.286	0.295	0.308	0.315	0.325	0.298	0.278	0.325	0.308	0.325
0.288	0.298	0.308	0.317	0.325	0.303	0.278	0.325	0.308	0.325
0.288	0.298	0.308	0.317	0.327	0.303	0.281	0.327	0.308	0.327
0.288	0.303	0.305	0.312	0.327	0.308	0.283	0.327	0.305	0.327
0.283	0.303	0.303	0.31	0.332	0.303	0.281	0.332	0.303	0.332
0.283	0.3	0.308	0.312	0.33	0.3	0.276	0.33	0.308	0.33
0.286	0.298	0.308	0.312	0.327	0.303	0.276	0.327	0.308	0.327
0.283	0.303	0.308	0.315	0.325	0.303	0.278	0.325	0.308	0.325
0.286	0.3	0.308	0.315	0.325	0.305	0.278	0.325	0.308	0.325
0.286	0.303	0.303	0.312	0.33	0.305	0.281	0.33	0.303	0.33
0.286	0.303	0.303	0.31	0.332	0.305	0.281	0.332	0.303	0.332
0.283	0.303	0.308	0.312	0.332	0.303	0.273	0.332	0.308	0.332
0.283	0.3	0.308	0.315	0.327	0.3	0.273	0.327	0.308	0.327
0.283	0.298	0.31	0.317	0.327	0.303	0.278	0.327	0.31	0.327
0.286	0.303	0.308	0.315	0.325	0.303	0.281	0.325	0.308	0.325
0.286	0.305	0.305	0.315	0.327	0.303	0.283	0.327	0.305	0.327
0.283	0.305	0.305	0.31	0.327	0.3	0.288	0.327	0.305	0.327
0.281	0.3	0.305	0.31	0.327	0.298	0.286	0.327	0.305	0.327
0.278	0.298	0.308	0.312	0.325	0.295	0.286	0.325	0.308	0.325
0.281	0.298	0.31	0.315	0.327	0.3	0.288	0.327	0.31	0.327
0.283	0.3	0.31	0.315	0.327	0.3	0.288	0.327	0.31	0.327
0.283	0.303	0.305	0.317	0.327	0.303	0.293	0.327	0.305	0.327
0.281	0.3	0.305	0.317	0.33	0.3	0.288	0.33	0.305	0.33
0.278	0.298	0.305	0.317	0.327	0.298	0.286	0.327	0.305	0.327
0.278	0.295	0.308	0.322	0.325	0.298	0.283	0.325	0.308	0.325
0.283	0.295	0.312	0.325	0.322	0.3	0.286	0.322	0.312	0.322
0.283	0.298	0.31	0.325	0.327	0.303	0.288	0.327	0.31	0.327
0.283	0.3	0.308	0.32	0.327	0.303	0.288	0.327	0.308	0.327
0.281	0.298	0.303	0.315	0.33	0.298	0.288	0.33	0.303	0.33
0.278	0.3	0.31	0.317	0.332	0.298	0.283	0.332	0.31	0.332
0.283	0.295	0.31	0.317	0.327	0.298	0.281	0.327	0.31	0.327
0.288	0.3	0.312	0.322	0.327	0.3	0.291	0.327	0.312	0.327
0.291	0.303	0.312	0.322	0.325	0.305	0.286	0.325	0.312	0.325
0.286	0.305	0.31	0.32	0.33	0.305	0.298	0.33	0.31	0.33
0.283	0.303	0.308	0.315	0.332	0.303	0.347	0.332	0.308	0.332
0.283	0.3	0.31	0.317	0.332	0.3	0.398	0.332	0.31	0.332
0.283	0.298	0.312	0.32	0.327	0.298	0.464	0.327	0.312	0.327
0.283	0.298	0.315	0.322	0.325	0.3	0.537	0.325	0.315	0.325
0.281	0.303	0.312	0.325	0.327	0.305	0.571	0.327	0.312	0.327
0.281	0.303	0.31	0.32	0.33	0.305	0.535	0.33	0.31	0.33
0.278	0.3	0.305	0.315	0.332	0.303	0.486	0.332	0.305	0.332
0.278	0.298	0.305	0.31	0.33	0.3	0.444	0.33	0.305	0.33
0.281	0.295	0.31	0.312	0.327	0.303	0.396	0.327	0.31	0.327
0.281	0.293	0.312	0.317	0.325	0.305	0.415	0.325	0.312	0.325
0.283	0.298	0.31	0.317	0.33	0.305	0.417	0.33	0.31	0.33
0.283	0.303	0.31	0.315	0.332	0.3	0.398	0.332	0.31	0.332
0.281	0.3	0.308	0.312	0.332	0.298	0.396	0.332	0.308	0.332
0.278	0.295	0.308	0.31	0.33	0.293	0.388	0.33	0.308	0.33
0.278	0.293	0.308	0.312	0.327	0.295	0.386	0.327	0.308	0.327
0.283	0.295	0.31	0.315	0.327	0.298	0.388	0.327	0.31	0.327
0.283	0.298	0.305	0.317	0.33	0.3	0.391	0.33	0.305	0.33
0.283	0.3	0.308	0.31	0.332	0.3	0.388	0.332	0.308	0.332
0.281	0.3	0.305	0.308	0.334	0.295	0.388	0.334	0.305	0.334
0.278	0.295	0.308	0.305	0.332	0.293	0.386	0.332	0.308	0.332
0.278	0.293	0.31	0.315	0.327	0.293	0.388	0.327	0.31	0.327
0.281	0.295	0.312	0.317	0.327	0.295	0.388	0.327	0.312	0.327
0.283	0.295	0.31	0.317	0.327	0.3	0.391	0.327	0.31	0.327
0.283	0.298	0.308	0.317	0.332	0.295	0.393	0.332	0.308	0.332
0.283	0.298	0.308	0.31	0.332	0.291	0.425	0.332	0.308	0.332
0.281	0.295	0.308	0.308	0.332	0.288	0.417	0.332	0.308	0.332
0.278	0.295	0.31	0.308	0.33	0.288	0.417	0.33	0.31	0.33
0.283	0.295	0.312	0.31	0.327	0.293	0.408	0.327	0.312	0.327
0.286	0.295	0.312	0.312	0.327	0.295	0.378	0.327	0.312	0.327
0.286	0.298	0.31	0.31	0.33	0.293	0.354	0.33	0.31	0.33
0.286	0.298	0.308	0.308	0.33	0.293	0.347	0.33	0.308	0.33
0.286	0.295	0.31	0.308	0.33	0.293	0.317	0.33	0.31	0.33
0.286	0.293	0.312	0.31	0.327	0.293	0.286	0.327	0.312	0.327
0.286	0.298	0.315	0.312	0.325	0.295	0.278	0.325	0.315	0.325
0.288	0.3	0.315	0.312	0.33	0.298	0.281	0.33	0.315	0.33
0.286	0.303	0.31	0.31	0.332	0.298	0.291	0.332	0.31	0.332
0.283	0.303	0.31	0.308	0.334	0.295	0.303	0.334	0.31	0.334
0.283	0.298	0.31	0.31	0.332	0.293	0.308	0.332	0.31	0.332
0.283	0.298	0.312	0.315	0.332	0.295	0.303	0.332	0.312	0.332
0.283	0.298	0.315	0.317	0.33	0.295	0.295	0.33	0.315	0.33
0.286	0.303	0.317	0.315	0.332	0.3	0.295	0.332	0.317	0.332
0.286	0.303	0.31	0.312	0.332	0.3	0.293	0.332	0.31	0.332
0.286	0.303	0.308	0.308	0.33	0.295	0.288	0.33	0.308	0.33
0.283	0.3	0.31	0.31	0.325	0.293	0.286	0.325	0.31	0.325
0.278	0.298	0.312	0.312	0.32	0.293	0.283	0.32	0.312	0.32
0.283	0.303	0.315	0.312	0.322	0.295	0.288	0.322	0.315	0.322
0.288	0.305	0.315	0.312	0.325	0.298	0.291	0.325	0.315	0.325
0.288	0.305	0.31	0.31	0.33	0.298	0.291	0.33	0.31	0.33
0.283	0.303	0.308	0.308	0.332	0.293	0.288	0.332	0.308	0.332
0.281	0.303	0.31	0.31	0.332	0.293	0.283	0.332	0.31	0.332
0.281	0.3	0.312	0.31	0.33	0.295	0.283	0.33	0.312	0.33
0.283	0.3	0.315	0.315	0.322	0.295	0.286	0.322	0.315	0.322
0.288	0.327	0.315	0.317	0.325	0.3	0.291	0.325	0.315	0.325
0.286	0.364	0.308	0.315	0.359	0.298	0.291	0.359	0.308	0.359
0.288	0.371	0.308	0.312	0.371	0.293	0.288	0.371	0.308	0.371
0.283	0.371	0.31	0.312	0.369	0.291	0.286	0.369	0.31	0.369
0.281	0.369	0.312	0.312	0.493	0.288	0.286	0.493	0.312	0.493
0.286	0.369	0.312	0.317	0.454	0.295	0.291	0.454	0.312	0.454
0.288	0.376	0.315	0.315	0.442	0.317	0.291	0.442	0.315	0.442
0.291	0.383	0.312	0.31	0.454	0.315	0.293	0.454	0.312	0.454
0.286	0.386	0.31	0.31	0.479	0.42	0.293	0.479	0.31	0.479
0.283	0.391	0.31	0.312	0.483	0.42	0.3	0.483	0.31	0.483
0.283	0.391	0.315	0.312	0.503	0.374	0.415	0.503	0.315	0.503
0.281	0.393	0.315	0.317	0.525	0.378	0.481	0.525	0.315	0.525
0.286	0.396	0.315	0.312	0.537	0.417	0	0.537	0.315	0.537
0.286	0.4	0.312	0.312	0.542	0.432	0	0.542	0.312	0.542
0.283	0.396	0.31	0.31	0.544	0.43	0	0.544	0.31	0.544
0.327	0.386	0.312	0.312	0.537	0.449	0	0.537	0.312	0.537
0.332	0.378	0.312	0.312	0.525	0.442	0	0.525	0.312	0.525
0.459	0.376	0.315	0.315	0.486	0.444	0	0.486	0.315	0.486
0.427	0.376	0.312	0.312	0.466	0.447	0	0.466	0.312	0.466
0.383	0.374	0.31	0.31	0.413	0.442	0	0.413	0.31	0.413
0.369	0.354	0.31	0.308	0.386	0.432	0	0.386	0.31	0.386
0.378	0.334	0.31	0.31	0.383	0.432	0	0.383	0.31	0.383
0.383	0.31	0.315	0.31	0.369	0.398	0	0.369	0.315	0.369
0.386	0.305	0.317	0.315	0.352	0.364	0	0.352	0.317	0.352
0.388	0.305	0.315	0.315	0.337	0.347	0	0.337	0.315	0.337
0.391	0.308	0.31	0.312	0.339	0.339	0	0.339	0.31	0.339
0.388	0.31	0.31	0.31	0.33	0.339	0	0.33	0.31	0.33
0.383	0.327	0.31	0.31	0.327	0.339	0	0.327	0.31	0.327
0.388	0.332	0.317	0.312	0.322	0.334	0	0.322	0.317	0.322
0.383	0.308	0.317	0.315	0.32	0.337	0	0.32	0.317	0.32
0.359	0.308	0.315	0.317	0.322	0.305	0	0.322	0.315	0.322
0.344	0.308	0.31	0.31	0.325	0.3	0	0.325	0.31	0.325
0.339	0.308	0.312	0.312	0.327	0.293	0	0.327	0.312	0.327
0.325	0.303	0.312	0.312	0.325	0.295	0	0.325	0.312	0.325
0.33	0.298	0.315	0.317	0.317	0.317	0	0.317	0.315	0.317
0.325	0.3	0.315	0.317	0.317	0.325	0	0.317	0.315	0.317
0.295	0.303	0.312	0.317	0.317	0.315	0	0.317	0.312	0.317
0.295	0.305	0.31	0.315	0.32	0.3	0	0.32	0.31	0.32
0.288	0.305	0.308	0.312	0.322	0.295	0	0.322	0.308	0.322
0.283	0.303	0.31	0.312	0.322	0.291	0	0.322	0.31	0.322
0.291	0.3	0.378	0.32	0.315	0.291	0	0.315	0.378	0.315
0.303	0.303	0.461	0.32	0.315	0.291	0	0.315	0.461	0.315
0.31	0.308	0.447	0.32	0.317	0.293	0	0.317	0.447	0.317
0.295	0.308	0.403	0.315	0.322	0.293	0	0.322	0.403	0.322
0.288	0.305	0.403	0.315	0.325	0.293	0	0.325	0.403	0.325
0.283	0.303	0.405	0.315	0.325	0.291	0	0.325	0.405	0.325
0.286	0.298	0.408	0.317	0.322	0.293	0	0.322	0.408	0.322
0.288	0.303	0.408	0.322	0.317	0.295	0	0.317	0.408	0.317
0.288	0.303	0.41	0.32	0.322	0.298	0	0.322	0.41	0.322
0.293	0.308	0.405	0.317	0.322	0.298	0	0.322	0.405	0.322
0.283	0.31	0.405	0.312	0.322	0.293	0	0.322	0.405	0.322
0.283	0	0.408	0.315	0.32	0.293	0	0.32	0.408	0.32
0.286	0	0.41	0.317	0.317	0.288	0	0.317	0.41	0.317
0.288	0	0.41	0.32	0.315	0.291	0	0.315	0.41	0.315
0.288	0	0.408	0.322	0.317	0.291	0	0.317	0.408	0.317
0.283	0	0.4	0.317	0.32	0.293	0	0.32	0.4	0.32
0.283	0	0.449	0.315	0.325	0	0	0.325	0.449	0.325
0.283	0	0.486	0.317	0.317	0	0	0.317	0.486	0.317
0.288	0	0.491	0.32	0.317	0	0	0.317	0.491	0.317
0.291	0	0.479	0.322	0.32	0	0	0.32	0.479	0.32
0.295	0	0.461	0.322	0.322	0	0	0.322	0.461	0.322
0.291	0	0.432	0.32	0.33	0	0	0.33	0.432	0.33
0.291	0	0.4	0.315	0.327	0	0	0.327	0.4	0.327
0.286	0	0.405	0.315	0.339	0	0	0.339	0.405	0.339
0.288	0	0.354	0.317	0.347	0	0	0.347	0.354	0.347
0.291	0	0.327	0.32	0.359	0	0	0.359	0.327	0.359
0.298	0	0.327	0.32	0.383	0	0	0.383	0.327	0.383
0.315	0	0.312	0.317	0	0	0	0	0.312	0
0.308	0	0.303	0.337	0	0	0	0	0.303	0
0.413	0	0.308	0.334	0	0	0	0	0.308	0
0.498	0	0.32	0.33	0	0	0	0	0.32	0
0	0	0.312	0.364	0	0	0	0	0.312	0
0	0	0.325	0.425	0	0	0	0	0.325	0
0	0	0.327	0.491	0	0	0	0	0.327	0
0	0	0.325	0.522	0	0	0	0	0.325	0
0	0	0.315	0.564	0	0	0	0	0.315	0
0	0	0.315	0.605	0	0	0	0	0.315	0
0	0	0.315	0.632	0	0	0	0	0.315	0
0	0	0.312	0.615	0	0	0	0	0.312	0
0	0	0.305	0.608	0	0	0	0	0.305	0
0	0	0.305	0.605	0	0	0	0	0.305	0
0	0	0.308	0.608	0	0	0	0	0.308	0
0	0	0.31	0.61	0	0	0	0	0.31	0
0	0	0.312	0.618	0	0	0	0	0.312	0
0	0	0.31	0.61	0	0	0	0	0.31	0
0	0	0.303	0.61	0	0	0	0	0.303	0
0	0	0.303	0.61	0	0	0	0	0.303	0
0	0	0	0.61	0	0	0	0	0	0
0	0	0	0.613	0	0	0	0	0	0
0	0	0	0.613	0	0	0	0	0	0
0	0	0	0.603	0	0	0	0	0	0
0	0	0	0.579	0	0	0	0	0	0
0	0	0	0.518	0	0	0	0	0	0
0	0	0	0.461	0	0	0	0	0	0
0	0	0	0.432	0	0	0	0	0	0
0	0	0	0.405	0	0	0	0	0	0
0	0	0	0.374	0	0	0	0	0	0
0	0	0	0.334	0	0	0	0	0	0
0	0	0	0.322	0	0	0	0	0	0
0	0	0	0.317	0	0	0	0	0	0
0	0	0	0.322	0	0	0	0	0	0
0	0	0	0.327	0	0	0	0	0	0
0	0	0	0.332	0	0	0	0	0	0
0	0	0	0.32	0	0	0	0	0	0
0	0	0	0.317	0	0	0	0	0	0
0	0	0	0.31	0	0	0	0	0	0
0	0	0	0.315	0	0	0	0	0	0
0	0	0	0.32	0	0	0	0	0	0
0	0	0	0.317	0	0	0	0	0	0
0	0	0	0.315	0	0	0	0	0	0
0	0	0	0.315	0	0	0	0	0	0
0	0	0	0.317	0	0	0	0	0	0
0	0	0	0.322	0	0	0	0	0	0
0	0	0	0.322	0	0	0	0	0	0
0	0	0	0.322	0	0	0	0	0	0
0	0	0	0.32	0	0	0	0	0	0
0	0	0	0.315	0	0	0	0	0	0
0	0	0	0.32	0	0	0	0	0	0
0	0	0	0.32	0	0	0	0	0	0
0	0	0	0.322	0	0	0	0	0	0
0	0	0	0.325	0	0	0	0	0	0
0	0	0	0.317	0	0	0	0	0	0
0	0	0	0.315	0	0	0	0	0	0
0	0	0	0.312	0	0	0	0	0	0
0	0	0	0.315	0	0	0	0	0	0
0	0	0	0.317	0	0	0	0	0	0
0	0	0	0.315	0	0	0	0	0	0
0	0	0	0.315	0	0	0	0	0	0
0	0	0	0.312	0	0	0	0	0	0
