0.449	0.479	0.435	0.542	0.442	0.425	0.464	0.447	0.437	0.442
0.444	0.476	0.437	0.537	0.449	0.425	0.457	0.444	0.432	0.444
0.444	0.474	0.444	0.535	0.444	0.422	0.459	0.442	0.435	0.444
0.447	0.476	0.444	0.537	0.442	0.425	0.459	0.447	0.437	0.444
0.447	0.479	0.444	0.542	0.439	0.425	0.459	0.444	0.437	0.444
0.444	0.481	0.439	0.544	0.435	0.427	0.464	0.447	0.442	0.444
0.442	0.481	0.442	0.537	0.439	0.425	0.466	0.447	0.437	0.442
0.439	0.481	0.442	0.535	0.444	0.422	0.466	0.444	0.439	0.444
0.437	0.476	0.447	0.53	0.444	0.417	0.461	0.442	0.439	0.442
0.432	0.476	0.444	0.535	0.442	0.42	0.459	0.449	0.442	0.442
0.439	0.479	0.442	0.54	0.437	0.42	0.461	0.444	0.439	0.444
0.442	0.481	0.437	0.542	0.439	0.422	0.464	0.447	0.442	0.447
0.447	0.479	0.437	0.537	0.442	0.425	0.469	0.447	0.435	0.444
0.444	0.479	0.442	0.53	0.447	0.415	0.466	0.444	0.435	0.444
0.442	0.476	0.447	0.527	0.447	0.417	0.466	0.444	0.435	0.439
0.444	0.474	0.449	0.53	0.444	0.415	0.459	0.449	0.437	0.442
0.447	0.476	0.444	0.532	0.437	0.413	0.459	0.447	0.437	0.447
0.447	0.476	0.442	0.537	0.439	0.415	0.464	0.449	0.439	0.447
0.447	0.481	0.444	0.532	0.442	0.422	0.466	0.449	0.449	0.447
0.447	0.479	0.449	0.527	0.444	0.417	0.464	0.447	0.64	0.444
0.442	0.469	0.449	0.525	0.442	0.417	0.461	0.444	1.267	0.442
0.444	0.474	0.447	0.527	0.442	0.417	0.452	0.447	1.27	0.439
0.449	0.474	0.447	0.535	0.437	0.417	0.701	0.444	1.15	0.444
0.447	0.476	0.439	0.535	0.437	0.42	2.261	0.447	1.077	0.442
0.444	0.479	0.444	0.532	0.439	0.42	2.122	0.444	1.052	0.442
0.444	0.474	3.225	0.53	0.437	0.422	1.685	0.459	1.067	1.418
0.437	0.471	4.607	1.401	0.432	0.422	1.428	0.937	1.072	3.586
0.439	0.471	3.157	4.465	0.432	0.415	1.277	2.463	1.062	3.003
0.439	0.474	2.209	3.516	0.435	0.417	1.189	2.334	1.06	2.334
0.496	0.483	1.616	2.532	0.432	0.432	1.138	2.073	1.057	1.899
2.288	2.837	1.311	1.917	2	1.216	1.096	1.853	1.047	1.643
2.527	4.365	1.116	1.56	4.482	2.771	1.082	1.704	1.003	1.484
1.978	3.147	0.955	1.365	3.291	2.263	1.064	1.616	0.942	1.392
1.538	2.344	0.84	1.25	2.273	1.714	1.055	1.582	0.862	1.335
1.294	1.831	0.754	1.189	1.597	1.367	1.047	1.58	0.735	1.309
1.172	1.594	0.674	1.145	1.191	1.14	1.067	1.577	0.657	1.292
1.106	1.458	0.615	1.118	0.916	0.991	1.116	1.575	0.591	1.287
1.064	1.353	0.581	1.079	0.737	0.911	1.074	1.58	0.53	1.279
1.04	1.277	0.549	0.979	0.62	0.864	0.967	1.58	0.488	1.274
1.035	1.245	0.527	0.833	0.537	0.825	0.82	1.572	0.469	1.274
1.035	1.26	0.552	0.811	0.491	0.811	0.701	1.56	0.464	1.248
1.033	1.274	0.493	0.759	0.474	0.798	0.623	1.499	0.449	1.167
1.035	1.235	0.522	0.691	0.461	0.796	0.569	1.326	0.449	1.021
1.025	1.172	0.513	0.642	0.459	0.786	0.508	1.128	0.442	0.842
1.001	1.074	0.51	0.596	0.471	0.764	0.471	0.918	0.444	0.706
0.962	0.989	0.483	0.571	0.496	0.691	0.454	0.75	0.444	0.618
0.928	0.925	0.464	0.569	0.466	0.686	0.442	0.654	0.449	0.547
0.84	0.789	0.452	0.564	0.457	0.645	0.442	0.576	0.447	0.505
0.713	0.679	0.439	0.547	0.447	0.605	0.437	0.522	0.439	0.481
0.657	0.598	0.439	0.547	0.439	0.562	0.427	0.491	0.437	0.466
0.605	0.544	0.437	0.544	0.432	0.525	0.42	0.474	0.439	0.454
0.552	0.505	0.439	0.549	0.425	0.493	0.413	0.457	0.439	0.447
0.52	0.491	0.43	0.554	0.422	0.476	0.41	0.454	0.442	0.447
0.503	0.481	0.422	0.552	0.427	0.452	0.408	0.454	0.439	0.442
0.491	0.476	0.425	0.547	0.427	0.452	0.408	0.447	0.437	0.439
0.476	0.466	0.427	0.542	0.425	0.442	0.42	0.444	0.435	0.435
0.466	0.461	0.427	0.542	0.425	0.427	0.422	0.444	0.432	0.43
0.466	0.457	0.425	0.542	0.422	0.415	0.422	0.437	0.435	0.432
0.466	0.457	0.422	0.537	0.422	0.408	0.43	0.442	0.432	0.43
0.466	0.464	0.417	0.535	0.432	0.408	0.43	0.442	0.427	0.435
0.469	0.454	0.42	0.522	0.43	0.405	0.432	0.442	0.427	0.432
0.459	0.454	0.415	0.522	0.435	0.408	0.432	0.439	0.422	0.432
0.459	0.454	0.42	0.522	0.437	0.403	0.427	0.437	0.425	0.427
0.459	0.452	0.422	0.535	0.427	0.4	0.425	0.432	0.43	0.43
0.464	0.457	0.425	0.535	0.425	0.403	0.427	0.435	0.432	0.427
0.466	0.461	0.422	0.535	0.425	0.405	0.425	0.432	0.432	0.43
0.469	0.457	0.43	0.535	0.422	0.413	0.43	0.432	0.752	0.427
0.459	0.452	0.427	0.532	0.425	0.417	0.43	0.432	3.025	0.427
0.457	0.447	0.43	0.535	0.43	0.415	0.43	0.43	3.191	0.427
0.459	0.449	0.435	0.54	0.432	0.408	0.43	0.43	2.917	0.427
0.464	0.452	0.432	0.535	0.432	0.41	0.437	0.435	2.722	0.417
0.466	0.459	0.43	0.535	0.437	0.405	0.427	0.437	2.598	0.415
0.466	0.452	0.43	0.532	0.439	0.405	0.427	0.437	2.549	0.413
0.461	0.447	0.427	0.525	0.444	0.41	2.771	0.439	2.517	0.408
0.459	0.444	0.432	0.518	0.447	0.405	4.06	0.437	2.515	0.4
0.461	0.449	0.435	0.53	0.442	0.408	3.193	0.432	2.529	0.403
0.469	0.459	0.435	0.537	0.442	0.408	2.598	0.435	2.527	0.405
0.469	0.464	0.432	2.976	0.452	0.403	2.227	0.437	2.522	0.41
0.464	0.464	0.435	4.448	0.703	0.403	2.017	0.442	2.427	0.469
0.454	0.459	0.432	4.58	6.65	0.405	1.907	0.483	2.261	5.708
0.452	0.454	0.437	4.39	6.753	0.403	1.836	4.097	1.978	7.07
0.449	0.461	1.392	4.241	5.244	0.405	1.792	4.785	1.687	6.042
3.989	3.455	3.245	4.141	4.294	0.405	1.772	4.258	1.401	5.364
4.814	6.086	2.693	4.084	3.723	0.93	1.753	3.809	1.064	4.929
3.879	4.788	2.112	4.053	3.369	2.17	1.692	3.472	0.833	4.636
3.22	3.733	1.775	4.011	3.147	1.826	1.589	3.274	0.688	4.448
2.864	3.057	1.616	3.962	2.991	1.416	1.443	3.137	0.603	4.297
2.661	2.71	1.538	3.738	2.856	1.165	1.191	3.047	0.554	4.189
2.527	2.512	1.499	3.137	2.708	1.038	0.94	2.952	0.518	4.092
2.444	2.393	1.497	2.466	2.312	0.955	0.752	2.854	0.491	3.984
2.356	2.334	1.487	1.824	1.814	0.908	0.63	2.4	0.476	3.875
2.271	2.273	1.482	1.389	1.406	0.884	0.557	1.897	0.469	3.757
2.097	2.222	1.462	1.089	1.099	0.864	0.503	1.416	0.464	3.228
1.875	2.207	1.389	0.898	0.869	0.859	0.476	1.069	0.464	2.444
1.582	2.178	1.243	0.774	0.747	0.854	0.452	0.837	0.459	1.758
1.411	2.051	1.079	0.698	0.649	0.85	0.435	0.691	0.457	1.296
1.167	1.858	0.908	0.637	0.576	0.771	0.43	0.605	0.457	0.994
0.916	1.633	0.747	0.603	0.53	0.747	0.42	0.547	0.454	0.808
0.74	1.37	0.637	0.586	0.498	0.662	0.415	0.508	0.459	0.688
0.64	1.116	0.576	0.569	0.479	0.576	0.425	0.483	0.457	0.591
0.574	0.891	0.53	0.564	0.471	0.525	0.417	0.471	0.459	0.537
0.532	0.742	0.503	0.562	0.457	0.496	0.415	0.461	0.457	0.503
0.498	0.642	0.479	0.549	0.454	0.479	0.415	0.459	0.452	0.479
0.479	0.581	0.464	0.544	0.454	0.471	0.41	0.447	0.452	0.466
0.461	0.54	0.459	0.549	0.454	0.464	0.413	0.439	0.457	0.459
0.457	0.515	0.452	0.544	0.452	0.444	0.417	0.439	0.457	0.447
0.459	0.51	0.444	0.549	0.449	0.43	0.408	0.442	0.457	0.442
0.461	0.486	0.439	0.549	0.442	0.42	0.408	0.442	0.457	0.444
0.452	0.483	0.425	0.547	0.442	0.417	0.408	0.442	0.447	0.444
0.444	0.481	0.43	0.544	0.444	0.4	0.405	0.437	0.447	0.442
0.439	0.481	0.43	0.547	0.447	0.391	0.408	0.439	0.457	0.437
0.442	0.483	0.432	0.547	0.444	0.388	0.41	0.439	0.454	0.43
0.447	0.491	0.435	0.547	0.444	0.391	0.408	0.439	0.457	0.437
0.447	0.493	0.435	0.547	0.444	0.396	0.413	0.442	0.452	0.437
0.442	0.493	0.43	0.544	0.444	0.4	0.417	0.447	0.447	0.435
0.435	0.486	0.432	0.542	0.447	0.396	0.417	0.439	0.449	0.439
0.435	0.483	0.437	0.544	0.449	0.391	0.42	0.442	0.454	0.437
0.437	0.483	0.442	0.54	0.452	0.381	0.422	0.449	0.452	0.432
0.447	0.488	0.439	0.542	0.447	0.376	0.422	0.444	0.452	0.439
0.447	0.488	0.437	0.542	0.447	0.381	0.422	0.444	0.452	0.442
0.442	0.491	0.439	0.54	0.449	0.381	0.422	0.444	0.449	0.439
0.437	0.488	0.442	0.537	0.452	0.386	0.417	0.442	0.557	0.437
0.432	0.488	0.447	0.537	0.452	0.391	0.415	0.439	4.224	0.435
0.435	0.488	0.447	0.542	0.452	0.386	0.413	0.444	3.584	0.43
0.444	0.491	0.452	0.544	0.439	0.386	0.415	0.444	2.556	0.437
0.447	0.493	0.447	0.544	0.442	0.388	0.417	0.444	1.904	0.439
0.454	0.488	0.447	0.542	0.444	0.391	0.422	0.452	1.506	0.439
0.457	0.486	0.447	0.542	0.447	0.388	0.474	0.454	1.27	0.444
0.459	0.481	0.449	0.542	0.449	0.383	4.69	0.454	1.128	0.435
0.464	0.483	0.452	0.544	0.449	0.381	3.564	0.457	1.057	0.435
0.474	0.486	0.457	0.547	0.84	0.354	2.432	0.459	1.025	0.435
0.469	0.488	0.447	0.549	3.838	0.396	1.743	0.464	1.013	0.437
0.459	0.488	0.447	0.576	3.069	0.398	1.348	0.466	1.013	0.439
0.449	0.481	0.449	4.312	2.192	0.396	1.182	0.461	1.011	0.442
0.444	0.481	0.449	3.56	1.636	0.396	1.106	0.464	1.006	0.437
0.442	0.483	0.452	2.39	1.296	0.393	1.062	1.587	0.996	0.432
0.464	0.486	0.454	1.704	1.089	0.391	1.05	3.542	0.984	0.437
2.292	3.245	0.444	1.316	0.972	0.4	1.052	2.595	0.928	0.435
3.591	6.387	0.449	1.106	0.901	0.398	1.055	1.895	0.813	1.423
2.566	4.36	2.776	0.986	0.854	0.396	1.047	1.445	0.745	4.546
1.812	2.959	5.242	0.913	0.825	0.4	0.996	1.15	0.652	3.35
1.335	2.104	3.835	0.837	0.811	1.917	0.906	0.969	0.571	2.297
1.06	1.589	2.695	0.779	0.784	3.313	0.818	0.884	0.522	1.682
0.896	1.27	2.024	0.74	0.691	2.41	0.771	0.864	0.479	1.35
0.806	1.062	1.604	0.684	0.618	1.772	0.71	0.837	0.452	1.14
0.75	0.923	1.355	0.649	0.557	1.365	0.593	0.808	0.447	1.006
0.72	0.833	1.228	0.63	0.52	1.106	0.53	0.786	0.444	0.911
0.708	0.786	1.152	0.627	0.491	0.937	0.481	0.774	0.432	0.874
0.698	0.752	1.111	0.635	0.471	0.84	0.457	0.774	0.435	0.852
0.688	0.728	1.077	0.586	0.454	0.786	0.444	0.774	0.437	0.842
0.679	0.657	1.069	0.522	0.454	0.75	0.437	0.759	0.435	0.828
0.664	0.613	1.082	0.483	0.452	0.73	0.432	0.71	0.435	0.798
0.662	0.576	1.118	0.454	0.454	0.713	0.42	0.61	0.432	0.723
0.706	0.542	1.155	0.442	0.447	0.698	0.408	0.549	0.432	0.659
0.657	0.52	1.133	0.442	0.442	0.698	0.405	0.513	0.437	0.676
0.583	0.51	1.028	0.439	0.442	0.696	0.408	0.496	0.432	0.742
0.54	0.498	0.879	0.427	0.432	0.698	0.415	0.476	0.427	0.701
0.498	0.488	0.728	0.417	0.422	0.679	0.42	0.469	0.432	0.627
0.476	0.483	0.623	0.415	0.425	0.615	0.417	0.459	0.43	0.576
0.469	0.479	0.554	0.417	0.417	0.549	0.417	0.459	0.432	0.527
0.454	0.479	0.5	0.417	0.415	0.508	0.417	0.454	0.43	0.505
0.447	0.481	0.469	0.415	0.417	0.479	0.42	0.459	0.425	0.488
0.452	0.481	0.447	0.408	0.42	0.459	0.425	0.454	0.427	0.481
0.447	0.479	0.439	0.405	0.425	0.447	0.43	0.454	0.425	0.464
0.447	0.479	0.442	0.405	0.425	0.437	0.425	0.452	0.425	0.454
0.454	0.476	0.449	0.408	0.408	0.435	0.427	0.454	0.427	0.437
0.452	0.481	0.439	0.408	0.403	0.435	0.425	0.454	0.427	0.43
0.452	0.481	0.435	0.415	0.4	0.427	0.43	0.459	0.43	0.43
0.447	0.479	0.43	0.41	0.393	0.422	0.435	0.457	0.427	0.432
0.442	0.479	0.432	0.4	0.388	0.417	0.444	0.454	0.427	0.42
0.439	0.479	0.437	0.403	0.393	0.413	0.437	0.452	0.43	0.417
0.449	0.474	0.442	0.405	0.391	0.41	0.437	0.452	0.435	0.42
0.449	0.476	0.435	0.408	0.42	0.415	0.437	0.459	0.43	0.417
0.454	0.481	0.432	0.408	0.432	0.422	0.432	0.457	0.435	0.422
0.454	0.483	0.43	0.41	0.444	0.432	0.435	0.457	0.439	0.427
0.452	0.481	0.43	0.4	0.459	0.437	0.442	0.454	0.432	0.425
0.452	0.481	0.437	0.398	0.469	0.435	0.427	0.449	0.432	0.425
0.459	0.476	0.442	0.403	0.596	0.437	0.422	0.449	0.43	0.425
0.464	0.479	0.435	0.405	1.846	0.444	0.425	0.454	0.427	0.43
0.466	0.479	0.435	0.41	2.571	0.444	0.435	0.454	0.427	0.43
0.461	0.474	0.432	0.413	2.156	0.444	0.439	0.452	0.432	0.437
0.454	0.471	0.432	0.405	1.724	0.439	0.442	0.452	0.425	0.427
0.452	0.471	0.432	0.403	1.423	0.447	0.437	0.447	0.427	0.427
0.452	0.471	0.432	0.403	1.223	0.444	0.432	0.447	0.43	0.425
0.459	0.476	0.427	0.405	1.094	0.452	0.427	0.447	0.425	0.422
0.461	0.479	0.42	0.403	1.018	0.447	0.425	0.444	0.427	0.427
0.461	0.479	0.417	0.405	0.972	0.447	0.427	0.444	0.427	0.43
0.459	0.476	0.417	0.396	0.947	0.444	0.43	0.444	0.42	0.427
0.461	0.476	0.422	0.396	0.928	0.444	0.422	0.442	0.427	0.427
0.461	0.474	0.425	0.398	0.925	0.444	0.422	0.442	0.427	0.425
0.481	0.479	0.42	0.403	0.955	0.444	0.496	0.449	0.425	0.427
1.57	0.479	0.417	0.4	0.979	0.447	0.667	0.449	0.422	0.435
5.688	0.476	0.415	0.4	0.979	0.449	1.245	0.449	0.427	0.43
6.304	0.479	0.415	0.396	0.974	0.449	2.029	0.5	0.425	0.427
5.42	0.474	0.422	0.398	0.957	0.447	2.485	1.746	0.422	0.427
4.873	0.476	0.42	0.4	0.925	0.444	2.678	3.354	0.422	0.427
4.556	0.476	0.42	0.403	0.884	0.442	2.737	2.798	0.427	0.427
4.399	0.479	0.41	0.408	0.857	0.439	2.764	2.092	0.427	0.439
4.304	0.479	0.405	0.403	0.815	0.439	2.761	1.592	0.422	0.435
4.26	0.476	0.408	0.408	0.813	0.442	2.72	1.274	0.422	0.432
4.241	0.474	0.417	1.211	0.813	0.442	2.686	1.094	0.422	0.43
4.219	0.674	0.413	4.526	0.916	0.444	2.666	0.989	0.425	0.425
4.197	2.751	0.413	4.717	0.85	0.442	2.681	0.928	0.427	0.43
4.221	3.787	0.413	3.599	0.764	0.447	2.727	0.913	0.43	0.435
4.27	3.274	0.41	2.803	0.679	0.452	2.759	0.962	0.422	0.432
4.282	2.791	0.413	2.297	0.618	0.447	2.769	1.016	0.422	0.435
4.182	2.5	0.42	1.946	0.552	0.437	2.786	1.069	0.422	0.435
3.857	2.339	0.42	1.746	0.542	0.432	2.815	1.089	0.425	0.432
3.223	2.231	0.422	1.631	0.525	0.425	2.827	1.106	0.425	0.437
2.393	2.166	0.417	1.597	0.498	0.42	2.839	1.13	0.432	0.447
1.841	2.17	0.413	1.558	0.486	0.422	2.852	1.079	0.427	0.444
1.516	2.305	0.408	1.497	0.479	0.417	2.773	0.967	0.435	0.444
1.206	2.466	0.393	1.458	0.471	0.415	2.603	0.857	0.425	0.444
1.013	2.617	0.41	1.428	0.464	0.417	2.368	0.806	0.43	0.442
1.042	2.717	0.417	1.404	0.459	0.413	1.985	0.747	0.43	0.444
0.994	2.81	0.42	1.377	0.459	0.413	1.497	0.767	0.435	0.447
0.813	2.893	0.42	1.265	0.461	0.42	1.174	0.825	0.427	0.447
0.684	2.927	0.474	1.011	0.464	0.417	1.055	0.842	0.432	0.447
0.605	2.893	0.764	0.872	0.461	0.413	0.969	1.052	0.427	0.444
0.554	2.82	0.876	0.82	0.459	0.422	0.908	0.979	0.427	0.442
0.522	2.747	0.942	0.784	0.457	0.42	0.742	0.815	0.427	0.444
0.496	2.529	0.977	0.776	0.459	0.415	0.627	0.684	0.43	0.447
0.483	2.063	1.011	0.654	0.466	0.413	0.552	0.596	0.427	0.444
0.471	1.56	1.04	0.559	0.464	0.408	0.503	0.54	0.427	0.442
0.459	1.294	1.035	0.5	0.464	0.4	0.474	0.505	0.427	0.439
0.459	1.055	1.008	0.469	0.461	0.403	0.447	0.488	0.43	0.442
0.461	0.933	0.984	0.447	0.459	0.393	0.437	0.476	0.43	0.449
0.459	0.906	0.957	0.427	0.459	0.408	0.432	0.474	0.432	0.449
0.454	0.813	0.92	0.417	0.466	0.415	0.427	0.469	0.427	0.449
0.457	0.693	0.903	0.408	0.461	0.42	0.422	0.461	0.427	0.447
0.452	0.623	0.894	0.405	0.457	0.422	0.42	0.459	0.427	0.447
0.454	0.596	0.901	0.408	0.454	0.422	0.415	0.461	0.432	0.449
0.461	0.562	0.916	0.415	0.449	0.425	0.413	0.459	0.432	0.454
0.464	0.532	0.913	0.415	0.452	0.427	0.42	0.459	0.427	0.454
0.461	0.515	0.894	0.413	0.457	0.43	0.42	0.459	0.425	0.454
0.461	0.493	0.808	0.405	0.454	0.43	0.422	0.457	0.425	0.457
0.459	0.486	0.759	0.403	0.454	0.435	0.422	0.457	0.427	0.452
0.461	0.479	0.662	0.408	0.454	0.43	0.422	0.454	0.432	0.452
0.464	0.479	0.586	0.415	0.454	0.43	0.425	0.454	0.479	0.459
0.464	0.479	0.527	0.415	0.452	0.43	0.432	0.459	0.63	0.459
0.461	0.481	0.491	0.41	0.461	0.452	0.43	0.459	3.298	0.461
0.459	0.474	0.476	0.408	0.459	1.543	0.435	0.457	4.971	0.461
0.457	0.471	0.459	0.405	0.459	3.486	0.43	0.459	4.814	0.454
0.457	0.469	0.449	0.408	0.457	3.826	0.425	0.452	4.353	0.452
0.461	0.474	0.437	0.415	0.452	3.232	0.43	0.454	4.077	0.454
0.464	0.479	0.43	0.413	0.452	2.754	0.439	0.459	3.899	0.454
0.464	0.479	0.43	0.41	0.452	2.478	0.442	0.459	3.762	0.454
0.461	0.474	0.432	0.408	0.457	2.314	0.442	0.457	3.669	0.454
0.459	0.471	0.437	0.413	0.454	2.222	0.442	0.457	3.586	0.454
0.457	0.471	0.444	0.413	0.452	2.178	0.444	0.452	3.547	0.452
0.464	0.476	0.444	0.417	0.452	2.146	0.452	0.452	3.523	0.459
0.466	0.481	0.439	0.413	0.454	2.122	0.454	0.454	3.501	0.457
0.466	0.483	0.439	0.41	0.457	2.158	0.459	0.457	3.472	0.464
0.459	0.479	0.439	0.405	0.457	2.219	0.457	0.454	3.318	0.461
0.457	0.476	0.442	0.4	0.457	2.278	0.454	0.457	3.105	0.461
0.457	0.479	0.442	0.405	0.454	2.317	0.457	0.452	2.712	0.461
0.459	0.483	0.439	0.413	0.449	2.305	0.457	0.454	2.063	0.464
0.461	0.486	0.432	0.413	0.457	2.183	0.449	0.444	1.506	0.464
0.461	0.483	0.43	0.408	0.454	2.009	0.444	0.435	1.121	0.464
0.452	0.481	0.435	0.403	0.457	1.748	0.439	0.427	0.989	0.461
0.449	0.479	0.435	0.405	0.457	1.497	0.43	0.422	0.991	0.459
0.454	0.476	0.437	0.408	0.457	1.306	0.425	0.417	1.074	0.466
0.454	0.481	0.43	0.413	0.454	1.165	0.432	0.42	0.911	0.464
0.459	0.488	0.425	0.41	0.464	0.947	0.435	0.415	0.723	0.471
0.461	0.483	0.425	0.41	0.459	0.759	0.444	0.415	0.601	0.466
0.452	0.479	0.422	0.405	0.459	0.637	0.442	0.405	0.532	0.461
0.449	0.476	0.432	0.408	0.457	0.557	0.435	0.413	0.493	0.461
0.452	0.476	0.437	0.415	0.457	0.505	0.435	0.42	0.469	0.464
0.452	0.481	0.435	0.415	0.452	0.476	0.437	0.422	0.449	0.464
0.454	0.488	0.43	0.415	0.454	0.459	0.437	0.425	0.427	0.464
0.454	0.483	0.432	0.413	0.486	0.449	0.442	0.425	0.417	0.461
0.444	0.481	0.43	0.41	2.229	0.444	0.439	0.425	0.43	0.461
0.442	0.476	0.432	0.41	5.925	0.432	0.439	0.425	0.439	0.459
0.442	0.476	0.432	0.417	5.415	0.427	0.437	0.422	0.454	0.461
0.447	0.483	0.43	0.415	4.556	0.425	0.442	0.427	0.457	0.457
0.449	0.491	0.427	0.413	3.992	0.42	0.439	0.43	0.457	0.461
0.452	0.486	0.43	0.413	3.643	0.42	0.615	0.43	0.454	2.346
0.447	0.483	0.427	0.41	3.457	0.415	5.376	0.432	0.454	6.714
0.447	0.479	0.432	0.41	3.328	0.408	5.483	0.43	0.457	5.916
0.444	0.476	0.432	0.415	3.23	0.403	3.977	1.401	0.461	4.041
0.449	0.481	0.432	0.415	3.174	0.403	2.979	6.897	0.454	2.979
0.449	0.488	0.43	0.413	3.147	0.408	2.451	5.554	0.454	2.336
0.449	0.483	0.432	0.408	3.103	0.415	2.158	3.95	0.454	1.934
0.442	0.481	0.432	0.403	3.022	0.422	1.97	2.913	0.457	1.687
0.437	0.479	0.43	0.405	2.783	0.42	1.851	2.3	0.459	1.526
0.439	0.479	0.432	0.413	2.434	0.417	1.785	2.021	0.469	1.414
0.444	0.483	0.432	0.41	2.009	0.417	1.758	1.919	0.461	1.328
0.449	0.488	0.425	0.408	1.692	0.42	1.697	1.865	0.461	1.282
0.447	0.486	0.425	0.403	1.362	0.425	1.614	1.829	0.457	1.213
0.442	0.483	0.427	0.4	1.094	0.427	1.401	1.814	0.459	1.152
0.442	0.479	0.427	0.403	0.928	0.417	1.211	1.809	0.457	1.096
0.444	0.479	0.432	0.41	0.784	0.408	1.042	1.697	0.466	1.035
0.452	0.483	0.435	0.405	0.662	0.398	0.886	1.514	0.457	0.959
0.459	0.488	0.435	0.405	0.586	0.403	0.813	1.311	0.461	1.033
0.457	0.486	0.432	0.4	0.544	0.405	0.732	1.143	0.454	0.962
0.452	0.481	0.432	0.4	0.513	0.405	0.667	0.996	0.454	0.811
0.452	0.476	0.437	0.4	0.496	0.405	0.598	0.867	0.457	0.72
0.447	0.476	0.437	0.403	0.479	0.405	0.54	0.796	0.454	0.642
0.449	0.483	0.439	0.4	0.474	0.408	0.496	0.73	0.449	0.608
0.459	0.483	0.439	0.4	0.464	0.41	0.476	0.674	0.447	0.559
0.459	0.481	0.432	0.396	0.466	0.415	0.464	0.605	0.447	0.525
0.452	0.479	0.435	0.396	0.466	0.413	0.447	0.549	0.442	0.503
0.452	0.476	0.437	0.4	0.461	0.408	0.437	0.508	0.442	0.488
0.449	0.476	0.437	0.4	0.459	0.408	0.435	0.486	0.444	0.476
0.459	0.486	0.437	0.403	0.461	0.413	0.432	0.474	0.449	0.474
0.471	0.488	0.437	0.403	0.464	0.413	0.425	0.466	0.444	0.469
0.471	0.483	0.427	0.396	0.461	0.417	0.427	0.459	0.444	0.464
0.469	0.481	0.43	0.391	0.461	0.41	0.425	0.454	0.444	0.459
0.466	0.476	0.432	0.398	0.459	0.408	0.422	0.447	0.452	0.459
0.469	0.479	0.432	0.396	0.461	0.405	0.43	0.444	0.454	0.449
0.476	0.486	0.435	0.4	0.464	0.408	0.425	0.442	0.452	0.457
0.479	0.483	0.437	0.4	0.461	0.413	0.427	0.442	0.454	0.457
0.476	0.481	0.432	0.396	0.466	0.417	0.427	0.447	0.449	0.457
0.471	0.476	0.435	0.396	0.461	0.415	0.425	0.439	0.452	0.459
0.466	0.474	0.437	0.403	0.457	0.413	0.427	0.435	0.454	0.459
0.466	0.474	0.437	2.051	0.459	0.41	0.432	0.435	0.449	0.457
0.474	0.481	0.439	6.003	0.459	0.413	0.427	0.435	0.449	0.459
0.474	0.481	0.437	5.51	0.459	0.42	0.427	0.439	0.447	0.461
0.471	0.483	0.43	4.514	0.459	1.479	0.43	0.444	0.474	0.461
0.469	0.479	0.435	3.967	0.464	5.02	0.43	0.435	2.979	0.461
0.469	0.476	0.437	3.655	0.459	5.146	0.43	0.43	6.768	0.461
0.471	0.479	0.437	3.437	0.459	4.348	0.43	0.432	5.72	0.457
0.479	0.483	0.432	3.315	0.459	3.782	0.425	0.435	4.639	0.457
0.476	0.483	0.43	3.213	0.457	3.447	0.43	0.439	3.936	0.459
0.476	0.481	0.43	3.137	0.459	3.259	0.43	0.447	3.562	0.461
0.474	0.476	0.43	3.042	0.459	3.14	0.43	0.442	3.369	0.459
0.471	0.476	0.432	2.805	0.461	3.098	0.432	0.439	3.254	0.459
0.471	0.481	0.43	2.5	0.464	3.132	0.43	0.439	3.198	0.459
0.525	0.481	0.432	2.217	0.459	3.171	0.427	0.442	3.191	0.461
1.863	0.486	0.427	1.892	0.461	3.149	0.425	0.444	3.188	0.461
4.314	0.481	0.422	1.494	0.459	2.998	0.425	0.449	3.169	0.464
4.871	0.479	0.42	1.172	0.461	2.759	0.427	0.444	3.103	0.464
4.302	0.476	0.422	0.95	0.459	2.429	0.43	0.442	2.754	0.459
3.784	0.479	0.425	0.791	0.464	2.024	0.425	0.442	2.175	0.457
3.562	0.479	0.427	0.664	0.457	1.641	0.425	0.444	1.782	0.457
3.467	0.481	0.42	0.562	0.459	1.384	0.427	0.447	1.426	0.457
3.425	0.481	0.42	0.5	0.459	1.145	0.432	0.447	1.13	0.457
3.406	0.476	0.42	0.466	0.459	0.95	0.435	0.444	0.962	0.464
3.345	0.474	0.427	0.439	0.459	0.798	0.437	0.444	0.828	0.459
3.213	0.479	0.422	0.427	0.464	0.684	0.432	0.442	0.747	0.459
2.942	0.479	0.43	0.417	0.459	0.61	0.435	0.444	0.654	0.459
2.551	0.483	0.422	0.41	0.459	0.549	0.437	0.449	0.579	0.459
2.17	0.476	0.417	0.408	0.466	0.505	0.437	0.449	0.53	0.466
1.797	0.476	0.422	0.408	0.464	0.476	0.447	0.447	0.503	0.466
1.482	0.474	0.43	0.405	0.459	0.454	0.454	0.444	0.483	0.459
1.201	0.479	0.442	0.403	0.464	0.444	0.449	0.444	0.476	0.457
0.991	0.479	3.318	0.403	0.459	0.439	0.452	0.449	0.469	0.457
0.869	0.481	6.472	0.4	0.459	0.444	0.457	0.454	0.461	0.457
0.737	0.481	5.039	0.4	0.464	0.437	0.459	0.447	0.452	0.457
0.632	0.479	4.099	0.4	0.464	0.432	0.449	0.447	0.449	0.464
0.571	0.474	3.54	0.396	0.461	0.432	0.452	0.444	0.442	0.457
0.537	0.479	3.274	0.393	0.461	0.427	0.452	0.442	0.439	0.454
0.515	0.479	3.147	0.393	0.459	0.43	0.457	0.447	0.435	0.459
0.5	0.481	3.052	0.391	0.459	0.432	0.459	0.454	0.437	0.454
0.488	0.479	2.986	0.391	0.459	0.43	0.461	0.444	0.435	0.457
0.476	0.476	2.932	0.396	0.461	0.43	0.464	0.442	0.439	0.454
0.471	0.474	2.832	0.391	0.459	0.427	0.464	0.442	0.435	0.449
0.474	0.476	2.534	0.393	0.457	0.42	0.464	0.442	0.437	0.447
0.476	0.476	2.048	0.396	0.454	0.422	0.464	0.444	0.437	0.444
0.474	0.479	1.667	0.391	0.447	0.43	0.464	0.449	0.435	0.447
0.474	0.479	1.323	0.388	0.454	0.427	0.466	0.444	0.437	0.447
0.469	0.476	1.111	0.391	0.457	0.427	0.466	0.444	0.442	0.447
0.469	0.476	0.952	0.393	0.466	0.425	0.464	0.439	0.442	0.442
0.471	0.474	0.82	0.391	0.457	0.425	0.461	0.442	0.442	0.439
0.471	0.479	0.728	0.393	0.454	0.427	0.461	0.444	0.442	0.442
0.471	0.479	0.627	0.388	0.459	0.43	0.461	0.449	0.437	0.447
0.469	0.479	0.552	0.391	0.454	0.427	0.469	0.439	0.439	0.454
0.469	0.476	0.508	0.391	0.454	0.435	0.464	0.43	0.437	0.449
0.466	0.479	0.481	0.391	0.464	0.427	0.464	0.425	0.439	0.449
0.476	0.479	0.464	0.396	0.457	0.427	0.459	0.43	0.442	0.449
0.476	0.483	0.452	0.4	0.454	0.427	0.464	0.435	0.439	0.447
0.479	0.486	0.442	0.403	0.449	0.43	0.461	0.442	0.442	0.449
0.476	0.483	0.439	0.403	0.459	0.43	0.466	0.442	0.442	0.454
0.471	0.481	0.437	0.398	0.464	0.422	0.471	0.439	0.442	0.449
0.466	0.483	0.432	0.4	0.466	0.427	0.466	0.435	0.444	0.449
0.474	0.479	0.439	0.4	0.457	0.427	0.464	0.435	0.447	0.449
0.474	0.483	0.427	0.403	0.454	0.432	0.464	0.439	0.442	0.449
0.476	0.486	0.42	0.4	0.452	0.43	0.466	0.442	0.444	0.449
0.476	0.483	0.432	0.4	0.457	0.432	0.464	0.439	0.447	0.461
0.471	0.479	0.435	0.393	0.459	0.43	0.469	0.437	0.442	0.452
0.469	0.483	0.442	0.393	0.466	0.43	0.464	0.435	0.442	0.452
0.471	0.479	0.449	0.396	0.457	0.427	0.461	0.435	0.442	0.447
0.474	0.481	0.444	0.396	0.457	0.435	0.461	0.442	0.442	0.449
0.476	0.483	0.442	0.396	0.461	0.43	0.461	0.557	0.442	0.452
0.474	0.483	0.442	0.396	0.459	0.432	0.464	2.107	0.444	0.457
0.471	0.481	0.447	0.391	0.464	0.43	0.469	3.748	0.442	0.447
0.471	0.483	0.449	0.393	0.466	0.43	0.461	2.988	0.444	0.447
0.474	0.481	0.454	0.396	0.459	0.432	0.461	2.4	0.447	0.442
0.476	0.483	0.447	0.398	0.457	0.439	0.461	2.002	0.449	0.442
0.479	0.486	0.442	0.398	0.457	0.439	0.461	1.736	0.444	0.452
0.476	0.483	0.439	0.393	0.457	0.442	0.464	1.599	0.449	0.52
0.471	0.481	0.442	0.388	0.459	0.442	0.466	1.506	0.444	0.906
0.471	0.486	0.449	0.388	0.457	0.439	0.461	1.455	0.447	1.497
0.471	0.481	0.454	0.393	0.457	0.437	0.459	1.426	0.442	1.912
0.476	0.486	0.452	0.403	0.457	0.439	0.457	1.365	0.439	2.114
0.479	0.486	0.447	0.405	0.461	0.435	0.461	1.265	0.442	2.239
0.476	0.488	0.447	0.41	0.459	0.437	0.464	1.226	0.439	2.339
0.474	0.486	0.452	0.408	0.464	0.437	0.461	1.187	0.435	2.405
0.474	1.001	0.457	0.413	0.459	0.43	0.488	1.116	0.437	2.422
0.469	5.088	0.457	0.417	0.457	0.43	1.499	1.062	0.437	2.422
0.474	6.011	0.457	0.42	0.457	0.435	4.539	0.984	0.439	2.441
0.476	5.107	0.449	0.422	0.457	0.439	3.611	0.83	0.439	2.429
0.471	4.421	0.444	0.42	0.459	0.439	2.795	0.684	0.435	2.288
0.469	3.997	0.447	0.417	0.464	0.439	2.449	0.591	0.435	1.926
0.471	3.738	0.457	0.417	0.459	0.437	2.368	0.53	0.439	1.626
0.469	3.562	0.457	0.417	0.454	0.435	2.434	0.493	0.439	1.377
0.471	3.44	0.452	0.422	0.452	0.437	2.593	0.476	0.437	1.138
0.474	3.379	0.449	0.43	0.454	0.439	2.732	0.464	0.437	0.972
0.474	3.32	0.449	0.417	0.457	0.444	2.847	0.454	0.435	0.857
0.471	3.259	0.449	0.415	0.464	0.439	2.83	0.444	0.435	0.723
0.474	3.14	0.457	0.415	0.457	0.439	2.769	0.442	0.437	0.623
0.474	2.915	0.454	0.417	0.454	0.444	2.659	0.459	0.437	0.562
0.476	2.566	0.454	0.42	0.454	0.437	2.542	0.447	0.437	0.525
0.476	2.161	0.449	0.42	0.452	0.444	2.456	0.437	0.439	0.51
0.476	1.753	0.449	0.415	0.457	0.444	2.246	0.432	0.432	0.493
0.471	1.428	0.449	0.41	0.461	0.442	2.024	0.417	0.427	0.479
0.469	1.14	0.457	0.413	0.461	0.442	1.768	0.415	0.43	0.469
0.471	0.952	0.452	0.413	0.459	0.444	1.506	0.413	0.432	0.464
0.476	0.845	0.447	0.415	0.454	0.439	1.296	0.413	0.435	0.464
0.476	0.718	0.444	0.422	0.461	0.598	1.157	0.422	0.439	0.469
0.476	0.64	0.442	0.415	0.461	1.665	1.016	0.422	0.435	0.466
0.469	0.596	0.442	0.415	0.466	3.127	0.859	0.425	0.435	0.459
0.466	0.549	0.449	0.417	0.464	2.51	0.718	0.425	0.435	0.459
0.461	0.525	0.447	0.417	0.461	2.024	0.62	0.427	0.437	0.459
0.469	0.51	0.447	0.422	0.459	1.729	0.559	0.425	0.437	0.466
0.469	0.503	0.439	0.43	0.457	1.541	0.525	0.427	0.442	0.471
0.469	0.498	0.439	0.42	0.461	1.443	0.505	0.43	0.437	0.469
0.469	0.493	0.442	0.417	0.464	1.401	0.513	0.427	0.437	0.466
0.466	0.486	0.447	0.417	0.461	1.372	0.532	0.427	0.437	0.464
0.466	0.483	0.444	0.42	0.461	1.345	0.542	0.427	0.439	0.466
0.471	0.486	0.444	0.422	0.459	1.313	0.549	0.43	0.439	0.469
0.471	0.488	0.437	0.42	0.457	1.299	0.559	0.427	0.442	0.471
0.471	0.488	0.432	0.417	0.461	1.284	0.566	0.425	0.435	0.471
0.471	0.483	0.437	0.417	0.459	1.27	0.569	0.42	0.437	0.471
0.466	0.479	0.439	0.417	0.464	1.245	0.571	0.42	0.437	0.469
0.466	0.481	0.439	0.42	0.459	1.199	0.569	0.422	0.457	0.466
0.471	0.481	0.439	0.422	0.459	1.218	0.569	0.425	0.625	0.471
0.471	0.483	0.437	0.422	0.461	1.16	0.576	0.427	3.787	0.469
0.469	0.483	0.439	0.417	0.459	1.108	0.579	0.427	4.836	0.471
0.471	0.479	0.442	0.417	0.715	1.038	0.574	0.422	3.979	0.469
0.464	0.476	0.442	0.415	4.165	0.942	0.571	0.422	3.704	0.466
0.464	0.479	0.444	0.417	4.512	0.769	0.569	0.43	3.723	0.469
0.469	0.479	0.442	0.422	3.271	0.649	0.569	0.422	3.936	0.476
0.471	0.486	0.437	0.415	2.456	0.593	0.576	0.581	4.231	0.471
0.469	0.488	0.437	0.413	2.224	0.542	0.576	3.33	4.495	0.474
0.469	0.481	0.442	0.413	2.097	0.51	0.579	5.647	4.734	0.466
0.466	0.479	0.442	0.415	1.951	0.471	0.576	4.863	4.868	0.469
0.469	0.479	0.442	0.417	1.858	0.435	0.571	4.238	4.915	0.461
0.552	0.481	0.439	0.422	1.809	0.425	0.569	3.918	4.902	0.469
0.854	0.486	0.437	0.422	1.777	0.417	0.574	3.76	4.846	0.469
3.792	0.493	0.432	0.42	1.753	0.413	0.571	3.684	4.543	0.466
3.552	0.476	0.442	0.417	1.709	0.41	0.571	3.645	4.058	0.469
2.817	0.474	0.444	0.417	1.643	0.405	0.569	3.608	3.486	0.466
2.312	0.474	0.444	0.42	1.555	0.388	0.569	3.567	2.927	0.464
2.051	0.479	0.444	0.425	1.365	0.378	0.569	3.545	2.39	0.471
1.936	0.481	0.442	0.42	1.118	0.374	0.576	3.445	1.934	0.469
1.855	0.481	0.439	0.417	0.945	0.369	0.574	3.35	1.667	0.471
1.814	0.476	0.444	0.417	0.762	0.366	0.574	3.062	1.34	0.469
1.797	0.474	0.447	0.42	0.64	0.374	0.571	2.493	1.055	0.466
1.785	0.476	0.449	0.42	0.571	0.374	0.566	1.743	0.859	0.466
1.77	0.479	0.444	0.476	0.53	0.376	0.571	1.724	0.745	0.469
1.748	0.488	0.442	3.462	0.525	0.376	0.569	1.841	0.657	0.469
1.699	0.483	0.442	7.202	0.513	0.369	4.219	1.838	0.579	0.466
1.704	0.476	0.444	5.671	0.491	0.361	7.52	1.643	0.527	0.466
1.545	0.474	0.447	4.8	0.476	0.356	5.303	1.309	0.496	0.464
1.345	0.476	0.449	4.673	0.469	0.354	3.65	0.981	0.476	0.464
1.152	0.479	0.447	4.692	0.459	0.359	2.737	0.764	0.464	0.469
1.011	0.486	0.442	4.763	0.459	0.364	2.224	0.645	0.447	0.466
0.82	0.483	0.439	4.856	0.459	0.369	1.968	0.576	0.439	0.466
0.667	0.479	0.442	4.88	0.457	0.369	1.829	0.522	0.435	0.466
0.574	0.476	0.447	4.937	0.459	0.369	1.753	0.483	0.437	0.464
0.518	0.476	0.447	4.985	0.454	0.364	1.672	0.447	0.437	0.469
0.483	0.479	0.444	4.871	0.452	0.364	1.597	0.437	0.439	0.469
0.466	0.486	0.442	4.687	0.454	0.366	1.685	0.43	0.435	0.469
0.459	0.483	0.442	4.5	0.454	0.371	1.768	0.425	0.437	0.469
0.437	0.479	0.439	4.26	0.454	0.374	1.697	0.415	0.437	0.466
0.439	0.476	0.444	3.733	0.454	0.369	1.55	0.417	0.437	0.466
0.447	0.479	0.444	3.052	0.449	0.371	1.318	0.415	0.442	0.469
0.449	0.479	0.444	2.334	0.449	0.376	1.15	0.42	0.442	0.464
0.452	0.486	0.442	1.78	0.457	0.371	0.969	0.42	0.442	0.469
0.457	0.481	0.447	1.353	0.454	0.374	0.806	0.425	0.442	0.469
0.447	0.476	0.483	1.062	0.457	0.376	0.667	0.425	0.442	0.469
0.449	0.476	1.531	0.879	0.452	0.371	0.579	0.422	0.447	0.466
0.449	0.476	2.9	0.771	0.454	0.369	0.525	0.422	0.452	0.469
0.454	0.479	2.507	0.684	0.452	0.366	0.486	0.427	0.449	0.464
0.461	0.488	2.085	0.632	0.457	2.59	0.464	0.43	0.449	0.469
0.454	0.486	1.826	0.623	0.457	5.569	0.461	0.432	0.447	0.474
0.447	0.481	1.658	0.61	0.457	4.121	0.466	0.435	0.454	0.471
0.439	0.476	1.528	0.601	0.454	2.942	0.435	0.43	0.449	0.469
0.439	0.479	1.418	0.596	0.452	2.236	0.42	0.43	0.457	0.466
0.442	0.483	1.37	0.586	0.449	1.865	0.417	0.435	0.454	0.464
0.442	0.486	1.399	0.574	0.452	1.687	0.422	0.432	0.449	0.466
0.442	0.479	1.45	0.562	0.452	1.592	0.425	0.439	0.447	0.466
0.435	0.479	1.484	0.552	0.457	1.533	0.43	0.442	0.444	0.461
0.432	0.476	1.516	0.552	0.457	1.445	0.425	0.432	0.452	0.464
0.432	0.479	1.528	0.559	0.454	1.392	0.425	0.432	7.092	0.464
0.442	0.483	1.543	0.554	0.452	1.36	0.43	0.437	7.822	0.464
0.449	0.483	1.55	0.552	0.454	1.311	0.425	0.437	5.635	0.461
0.447	0.483	1.465	0.547	2.361	1.245	0.43	0.442	4.194	0.461
0.442	0.481	1.333	0.547	6.218	1.206	0.427	0.447	3.284	0.457
0.439	0.476	1.108	0.547	4.526	1.077	0.42	0.437	2.749	0.452
0.439	0.479	0.896	0.549	3.35	1.016	0.422	0.442	2.449	0.449
0.449	0.483	0.737	0.542	2.744	0.923	0.42	0.527	2.28	0.449
0.461	0.486	0.623	0.547	2.378	0.796	0.425	5.056	2.151	0.449
0.457	0.488	0.542	0.547	2.212	0.693	0.427	5.352	2.034	0.449
0.449	0.481	0.496	0.547	2.117	0.586	0.427	4.016	1.907	0.444
0.449	0.479	0.474	0.554	2.087	0.503	0.427	3.164	1.768	0.449
0.452	0.479	0.457	0.557	2.075	0.466	0.427	2.629	1.79	0.449
0.459	0.486	0.447	0.559	2.056	0.447	0.43	2.29	1.863	0.452
0.464	0.483	0.452	0.562	2.029	0.439	0.437	2.056	1.738	0.452
0.459	0.483	0.454	0.559	1.992	0.432	0.439	1.926	1.494	0.452
0.454	0.479	0.452	0.557	1.877	0.452	0.439	1.841	1.296	0.449
0.452	0.474	0.447	0.566	1.67	0.427	0.437	1.787	1.138	0.449
0.452	0.476	0.444	0.562	1.492	0.408	0.439	1.692	0.928	0.444
0.459	0.564	0.437	0.566	1.287	0.391	0.435	1.594	0.767	0.452
0.464	1.404	0.437	0.569	1.06	0.393	0.437	1.528	0.647	0.457
0.457	3.953	0.43	0.566	0.823	0.398	0.442	1.477	0.569	0.459
0.449	3.552	0.425	0.562	0.681	0.393	0.444	1.431	0.52	0.461
0.442	2.849	0.427	0.569	0.593	0.391	0.447	1.399	0.437	0.469
0.444	2.368	0.435	6.304	0.535	0.393	0.449	1.311	0.393	0.466
0.447	2.17	0.437	5.225	0.505	0.4	0.444	1.194	0.339	0.466
0.447	2.141	0.435	3.625	0.476	0.403	0.474	1.138	0.308	0.469
0.444	2.134	0.432	2.59	0.457	0.415	0.732	1.104	0.283	0.471
0.444	2.095	0.425	1.96	0.444	0.415	2.349	1.006	0.271	0.469
0.442	2.07	0.425	1.66	0.435	0.415	2.432	0.857	0.271	0.466
0.444	2.097	0.425	1.475	0.415	0.41	2.031	0.74	0.261	0.459
0.449	2.1	0.425	1.36	0.415	0.41	1.755	0.64	0.261	0.459
0.449	2.068	0.422	1.277	0.415	0.413	1.624	0.574	0.254	0.461
0.452	2.029	0.435	1.23	0.42	0.42	1.553	0.527	0.249	0.461
0.449	1.934	0.422	1.201	0.422	0.41	1.494	0.491	0.249	0.461
0.449	1.799	0.42	1.194	0.417	0.408	1.428	0.469	0.254	0.459
0.454	1.699	0.432	1.13	0.42	0.405	1.414	0.459	0.256	0.479
0.461	1.555	0.437	1.082	0.417	0.403	1.389	0.457	0.281	0.457
0.464	1.484	0.435	1.06	0.413	0.408	1.313	0.454	0.315	0.457
0.459	1.357	0.435	0.984	0.415	0.415	1.282	0.454	0.342	0.454
0.454	1.172	0.439	0.879	0.417	0.413	1.265	0	0.356	0.454
0.452	0.935	0.447	0.789	0.422	0.413	1.248	0	0.376	0.454
0.449	0.762	0.449	0.686	0.425	0.41	1.226	0	0.383	0.454
0.459	0.652	0.449	0.625	0.422	0.41	1.221	0	0.386	0.452
0.454	0.581	0.444	0.586	0.425	0.413	1.218	0	0.388	0.454
0.452	0.53	0.442	0.566	0.43	0.413	1.169	0	0.386	0.457
0.447	0.493	0.444	0.552	0.43	0.41	0.991	0	0.388	0.527
0.444	0.476	0.447	0.544	0.432	0.408	0.923	0	0.388	4.849
0.449	0.471	0.449	0.542	0.437	0.408	0.879	0	0.391	5.947
0.464	0.464	0.449	0.544	0.432	0.408	0.825	0	0.391	4.138
0.459	0.474	0.437	0.557	0.461	0.415	0.779	0	0.388	3.066
0.454	0.474	0.43	0.547	0.818	0.413	0.679	0	0.381	2.483
0.449	0.459	0.432	0.544	2.458	0.413	0.615	0	0.388	2.415
0.447	0.454	0.432	0.54	2.444	0.41	0.554	0	0.4	2.502
0.444	0.459	0.513	0.54	2.046	0.405	0.508	0	2.097	2.546
0.449	0.457	6.223	0.542	1.638	0.41	0.479	0	4.595	2.6
0.444	0.457	5.332	0.542	1.401	0.415	0.471	0	3.643	2.588
0.442	0.454	3.618	0.542	1.343	0.413	0.461	0	2.791	2.502
0.435	0.452	2.495	0.552	1.328	0.413	0.457	0	2.349	2.209
0.432	0.452	1.794	0.547	1.331	0.413	0.457	0	2.07	2
0.437	0.457	1.399	0.547	1.389	0.413	0.444	0	1.926	1.802
0.442	0.457	1.174	0.547	1.477	0.417	0	0	1.838	1.589
0.449	0.459	1.06	0.552	1.514	0.457	0	0	1.763	1.382
0.449	0.459	1.006	0.554	1.541	1.282	0	0	1.746	1.165
0.444	0.454	0.974	0.559	1.545	2.18	0	0	1.704	0.981
0.444	0.454	0.974	0.557	1.521	2.058	0	0	1.636	0.769
0.452	0.454	0.955	0.554	1.492	1.765	0	0	1.562	0.637
0.452	0.454	0.906	0.557	1.462	1.57	0	0	1.45	0.554
0.454	0.459	0.869	0.552	1.423	1.477	0	0	1.36	0.505
0.454	0.459	0.818	0.554	1.392	1.396	0	0	1.289	0.476
0.447	0.449	0.823	0.549	1.296	1.262	0	0	1.172	0.457
0.439	0.444	0.786	0.557	1.228	1.138	0	0	1.084	0.471
0.447	0.439	0.723	0.559	1.091	1.06	0	0	0.994	0.483
0.447	0.442	0.657	0.562	0.967	1.001	0	0	0.913	0.466
5.696	0.444	0.615	0.564	0.828	0.95	0	0	0.845	0.461
4.661	0.439	0.591	0.566	0.754	0.911	0	0	0.774	0.457
3.162	0.439	0.583	0.564	0.718	0.881	0	0	0.73	0.449
2.207	0.439	0.583	0.564	0.625	0.857	0	0	0.632	0.442
1.616	0.444	0.583	0.569	0.542	0.835	0	0	0.566	0.442
1.255	0.447	0.586	0.569	0.5	0.825	0	0	0.522	0.437
1.03	0.449	0.588	0.566	0.471	0.815	0	0	0.493	0.439
0.886	0.452	0.601	0.576	0.459	0.803	0	0	0.474	0.442
0.791	0.449	0.576	0.903	0.452	0.767	0	0	0.464	0.435
0.737	0.449	0.562	4.233	0.447	0.789	0	0	0.457	0.43
0.715	0.447	0.557	4.253	0.432	0.725	0	0	0.452	0.427
0.708	0.447	0.544	3.34	0.417	0.623	0	0	0.449	0.43
0.713	0.452	0.537	2.773	0.405	0.554	0	0	0.449	0.432
0.698	0.452	0.537	2.434	0.4	0.515	0	0	0	0.439
0.662	0.452	0.537	2.131	0.398	0.491	0	0	0	0.432
0.62	0.454	0.54	1.885	0	0.471	0	0	0	0.427
0.615	0.449	0.542	1.675	0	0.447	0	0	0	0.427
0.603	0.457	0.537	1.516	0	0.437	0	0	0	0.43
0.596	0.459	0.53	1.416	0	0	0	0	0	0.435
0.591	0.459	0.525	1.279	0	0	0	0	0	0.437
0.581	0.452	0.527	1.199	0	0	0	0	0	0.437
0.579	0.452	0.532	1.211	0	0	0	0	0	0.437
0.596	0.464	0.537	1.218	0	0	0	0	0	0.435
0.591	4.375	0.532	1.216	0	0	0	0	0	0.432
0.586	4.883	0.527	1.23	0	0	0	0	0	0.435
0.576	3.276	0.522	1.226	0	0	0	0	0	0.437
0.571	2.18	0.522	1.211	0	0	0	0	0	0.435
0.576	1.519	0.527	1.187	0	0	0	0	0	0.43
0.579	1.152	0.527	1.121	0	0	0	0	0	0.43
0.586	0.947	0.522	1.089	0	0	0	0	0	0.442
0.591	0.847	0.52	1.016	0	0	0	0	0	4.143
0.586	0.784	0.515	0.916	0	0	0	0	0	7.881
0.581	0.732	0.522	0.842	0	0	0	0	0	5.737
0.579	0.703	0.535	0.74	0	0	0	0	0	4.087
0.576	0.718	0.54	0.669	0	0	0	0	0	3.076
0.583	0.701	0.557	0.627	0	0	0	0	0	2.461
0.591	0.681	0.693	0.61	0	0	0	0	0	2.073
0.588	0.684	2.102	0.593	0	0	0	0	0	1.836
0.586	0.676	2.59	0.583	0	0	0	0	0	1.682
0.588	0.593	2.302	0.576	0	0	0	0	0	1.567
0.583	0.647	2	0.576	0	0	0	0	0	1.492
0.591	0.771	1.794	0.579	0	0	0	0	0	1.426
0.593	0.796	1.631	0.576	0	0	0	0	0	1.35
0.593	0.747	1.541	0.571	0	0	0	0	0	1.396
0.593	0.654	1.44	0.571	0	0	0	0	0	1.375
0.637	0.562	1.423	0.569	0	0	0	0	0	1.294
0.818	0.51	1.411	0	0	0	0	0	0	1.206
1.572	0.479	1.414	0	0	0	0	0	0	1.14
2.207	0.464	1.418	0	0	0	0	0	0	0.984
2.378	0.459	1.431	0	0	0	0	0	0	0.825
2.419	0.449	1.46	0	0	0	0	0	0	0.715
2.449	0.437	1.482	0	0	0	0	0	0	0.647
2.512	0.435	1.484	0	0	0	0	0	0	0.603
2.915	0.437	1.472	0	0	0	0	0	0	0.581
3.462	0.439	1.47	0	0	0	0	0	0	0.613
3.84	0.439	1.465	0	0	0	0	0	0	0.623
4.036	0.439	1.416	0	0	0	0	0	0	0.593
4.158	0.432	1.245	0	0	0	0	0	0	0.574
4.077	0.432	1.047	0	0	0	0	0	0	0.564
3.97	0.435	0.891	0	0	0	0	0	0	0.562
3.997	0.437	0.757	0	0	0	0	0	0	0.564
4.009	0.437	0.674	0	0	0	0	0	0	0.559
4.041	0.435	0.625	0	0	0	0	0	0	0.562
4.033	0.427	0.598	0	0	0	0	0	0	0.559
3.975	0.427	0.579	0	0	0	0	0	0	0.554
3.843	0.427	0.564	0	0	0	0	0	0	0.562
3.477	0.432	0.554	0	0	0	0	0	0	0.564
2.888	0.432	0	0	0	0	0	0	0	0.562
2.344	0.432	0	0	0	0	0	0	0	0.562
1.921	0.427	0	0	0	0	0	0	0	0.557
1.638	0.432	0	0	0	0	0	0	0	0.557
1.382	0.435	0	0	0	0	0	0	0	0.559
1.167	0.439	0	0	0	0	0	0	0	0.559
1.011	0.442	0	0	0	0	0	0	0	0.557
0.898	0.432	0	0	0	0	0	0	0	0.549
0	0.422	0	0	0	0	0	0	0	0.544
0	0.417	0	0	0	0	0	0	0	0.547
0	0.417	0	0	0	0	0	0	0	0.547
0	0.417	0	0	0	0	0	0	0	0.547
0	0.415	0	0	0	0	0	0	0	0.554
0	0.403	0	0	0	0	0	0	0	0.554
0	0.396	0	0	0	0	0	0	0	0.547
0	0.396	0	0	0	0	0	0	0	0.542
0	0.403	0	0	0	0	0	0	0	0.544
0	0.415	0	0	0	0	0	0	0	0.542
0	0.42	0	0	0	0	0	0	0	0.544
0	0.41	0	0	0	0	0	0	0	0.544
0	0.408	0	0	0	0	0	0	0	0.557
0	0.41	0	0	0	0	0	0	0	1.973
0	0.425	0	0	0	0	0	0	0	4.707
0	0.598	0	0	0	0	0	0	0	3.726
0	3.662	0	0	0	0	0	0	0	2.92
0	4.031	0	0	0	0	0	0	0	2.429
0	2.961	0	0	0	0	0	0	0	2.122
0	2.327	0	0	0	0	0	0	0	1.943
0	1.926	0	0	0	0	0	0	0	1.826
0	1.702	0	0	0	0	0	0	0	1.724
0	1.606	0	0	0	0	0	0	0	1.626
0	1.545	0	0	0	0	0	0	0	1.584
0	1.501	0	0	0	0	0	0	0	1.565
0	1.47	0	0	0	0	0	0	0	1.548
0	1.438	0	0	0	0	0	0	0	1.509
0	1.404	0	0	0	0	0	0	0	1.414
0	1.345	0	0	0	0	0	0	0	1.34
0	1.272	0	0	0	0	0	0	0	1.306
0	1.191	0	0	0	0	0	0	0	1.277
0	1.118	0	0	0	0	0	0	0	1.223
0	1.03	0	0	0	0	0	0	0	1.167
0	0.916	0	0	0	0	0	0	0	1.079
0	0.774	0	0	0	0	0	0	0	1.003
0	0.635	0	0	0	0	0	0	0	0.898
0	0.554	0	0	0	0	0	0	0	0.806
0	0.515	0	0	0	0	0	0	0	0.725
0	0.486	0	0	0	0	0	0	0	0.662
0	0.461	0	0	0	0	0	0	0	0.627
0	0.427	0	0	0	0	0	0	0	0.605
0	0.41	0	0	0	0	0	0	0	0.593
0	0.396	0	0	0	0	0	0	0	0.583
0	0.386	0	0	0	0	0	0	0	0.581
0	0.391	0	0	0	0	0	0	0	0.576
0	0.4	0	0	0	0	0	0	0	0
0	0.396	0	0	0	0	0	0	0	0
0	0.396	0	0	0	0	0	0	0	0
