0.344	0.342	0.359	0.53	0.491	0.52	0.53	0.361	0.361	0.298
0.349	0.349	0.356	0.53	0.491	0.515	0.535	0.366	0.364	0.298
0.347	0.342	0.359	0.532	0.491	0.513	0.537	0.371	0.359	0.3
0.352	0.339	0.359	0.542	0.486	0.515	0.537	0.366	0.364	0.303
0.352	0.337	0.364	0.54	0.488	0.52	0.535	0.361	0.354	0.303
0.349	0.339	0.366	0.535	0.491	0.525	0.53	0.359	0.359	0.303
0.344	0.342	0.359	0.53	0.493	0.518	0.535	0.361	0.361	0.298
0.344	0.349	0.354	0.532	0.491	0.513	0.537	0.366	0.364	0.298
0.347	0.342	0.356	0.535	0.491	0.51	0.54	0.371	0.361	0.3
0.354	0.339	0.359	0.542	0.486	0.515	0.537	0.366	0.359	0.303
0.354	0.337	0.364	0.537	0.488	0.518	0.535	0.361	0.354	0.303
0.347	0.337	0.366	0.535	0.491	0.52	0.53	0.359	0.356	0.303
0.344	0.342	0.359	0.53	0.493	0.51	0.53	0.364	0.361	0.295
0.344	0.349	0.356	0.527	0.491	0.505	0.532	0.369	0.361	0.295
0.347	0.347	0.354	0.532	0.491	0.503	0.532	0.371	0.374	0.3
0.354	0.352	0.361	0.535	0.483	0.503	0.535	0.369	0.386	0.303
0.349	0.359	0.364	0.54	0.486	0.51	0.532	0.366	0.391	0.303
0.347	0.359	0.369	0.532	0.488	0.51	0.527	0.361	0.381	0.303
0.342	0.356	0.359	0.527	0.488	0.51	0.53	0.366	0.376	0.295
0.359	0.359	0.354	0.53	0.486	0.508	0.532	0.369	0.371	0.298
0.369	0.352	0.354	0.535	0.483	0.508	0.535	0.369	0.369	0.3
0.376	0.344	0.359	0.535	0.479	0.505	0.535	0.366	0.359	0.305
0.374	0.339	0.364	0.535	0.483	0.518	0.532	0.359	0.356	0.303
0.374	0.339	0.364	0.53	0.486	0.52	0.527	0.356	0.356	0.303
0.491	0.344	0.359	0.525	0.488	0.513	0.562	0.359	0.359	0.295
0.63	0.347	0.356	0.542	0.491	0.51	0.623	0.408	0.361	0.293
0.735	0.342	0.354	0.647	0.493	0.513	0.723	0.376	0.366	0.3
0.767	0.339	0.369	0.74	0.503	0.51	0.752	0.41	0.359	0.32
0.779	0.334	0.427	0.798	0.5	0.554	0.752	0.435	0.352	0.354
0.85	0.371	0.557	0.862	0.498	0.579	0.789	0.457	0.352	0.337
0.889	0.483	0.742	0.942	0.508	0.691	0.83	0.549	0.356	0.327
0.911	0.632	0.815	1.113	0.503	0.793	0.898	0.667	0.359	0.339
0.881	0.73	0.925	1.177	0.508	0.85	0.986	0.789	0.361	0.374
0.835	0.793	1.177	1.23	0.525	0.903	1.111	0.75	0.405	0.444
0.793	0.857	1.538	1.252	0.532	0.964	1.24	0.745	0.586	0.476
0.762	1.294	1.882	1.289	0.527	1.003	1.379	0.781	0.664	0.481
0.757	1.753	2.139	1.311	0.537	1.03	1.509	0.811	0.679	0.43
0.754	2.209	2.476	1.267	0.544	1.086	1.572	0.859	0.669	0.452
0.767	2.637	2.798	1.245	0.571	1.143	1.592	0.93	0.703	0.515
0.764	3.042	2.976	1.257	0.598	1.221	1.58	1.021	0.75	0.564
0.754	3.435	3.064	1.255	0.615	1.377	1.494	1.104	0.811	0.596
0.696	3.733	3.086	1.245	0.671	1.548	1.392	1.157	0.937	0.618
0.579	3.977	3.132	1.25	0.762	1.699	1.323	1.169	0.95	0.581
0.515	4.146	3.147	1.216	0.828	1.804	1.255	1.084	0.957	0.574
0.464	4.25	3.145	1.106	0.874	1.863	1.067	0.913	0.999	0.566
0.427	4.309	3.062	0.984	0.957	1.907	0.947	0.732	1.079	0.566
0.398	4.341	2.812	0.859	1.04	1.921	0.842	0.623	1.187	0.569
0.386	4.385	2.388	0.762	1.108	1.931	0.767	0.583	1.26	0.562
0.371	4.404	1.946	0.71	1.157	1.924	0.732	0.544	1.299	0.571
0.366	4.417	1.438	0.669	1.218	1.875	0.667	0.52	1.311	0.581
0.371	4.326	1.099	0.623	1.24	1.729	0.62	0.469	1.199	0.588
0.369	3.984	0.835	0.596	1.27	1.489	0.588	0.435	0.991	0.596
0.366	3.389	0.667	0.576	1.306	1.226	0.562	0.4	0.835	0.593
0.361	2.588	0.552	0.559	1.35	0.996	0.547	0.383	0.742	0.513
0.356	1.824	0.481	0.547	1.389	0.828	0.542	0.378	0.608	0.447
0.356	1.309	0.435	0.544	1.404	0.723	0.54	0.374	0.522	0.398
0.364	0.967	0.408	0.542	1.379	0.647	0.54	0.371	0.457	0.369
0.361	0.735	0.396	0.544	1.326	0.605	0.54	0.364	0.41	0.359
0.361	0.591	0.388	0.544	1.248	0.579	0.532	0.356	0.378	0.349
0.359	0.505	0.381	0.54	1.145	0.564	0.527	0.354	0.364	0.332
0.354	0.454	0.374	0.535	1.03	0.549	0.53	0.361	0.359	0.317
0.356	0.425	0.366	0.54	0.869	0.537	0.532	0.364	0.356	0.31
0.364	0.398	0.366	0.54	0.754	0.53	0.537	0.366	0.349	0.315
0.364	0.381	0.369	0.542	0.654	0.535	0.532	0.361	0.342	0.317
0.361	0.371	0.371	0.544	0.601	0.535	0.527	0.356	0.334	0.317
0.356	0.369	0.369	0.537	0.562	0.532	0.527	0.356	0.334	0.312
0.356	0.369	0.364	0.535	0.535	0.53	0.53	0.364	0.339	0.308
0.354	0.369	0.361	0.54	0.513	0.525	0.532	0.361	0.349	0.31
0.359	0.366	0.366	0.54	0.498	0.522	0.537	0.361	0.339	0.312
0.361	0.361	0.371	0.542	0.491	0.527	0.535	0.359	0.334	0.317
0.356	0.356	0.371	0.542	0.488	0.53	0.53	0.354	0.334	0.317
0.356	0.361	0.369	0.54	0.491	0.532	0.525	0.354	0.334	0.31
0.354	0.364	0.364	0.537	0.493	0.53	0.525	0.359	0.339	0.305
0.354	0.369	0.361	0.537	0.486	0.525	0.532	0.359	0.347	0.31
0.359	0.364	0.361	0.54	0.481	0.522	0.537	0.364	0.342	0.312
0.361	0.361	0.371	0.542	0.479	0.53	0.532	0.361	0.337	0.32
0.361	0.356	0.371	0.544	0.481	0.53	0.527	0.361	0.33	0.312
0.356	0.364	0.371	0.54	0.483	0.535	0.525	0.364	0.334	0.31
0.354	0.364	0.366	0.537	0.486	0.532	0.53	0.369	0.339	0.305
0.359	0.366	0.361	0.54	0.483	0.527	0.532	0.374	0.347	0.312
0.359	0.364	0.366	0.54	0.479	0.525	0.54	0.378	0.339	0.312
0.361	0.359	0.371	0.544	0.479	0.525	0.776	0.393	0.334	0.32
0.803	0.359	0.369	0.544	0.481	0.53	6.746	0.383	0.332	0.312
3.027	0.364	0.369	0.542	0.486	0.53	5.005	0.378	0.334	0.31
2.483	0.366	0.364	2.947	0.493	0.527	3.42	0.378	0.342	0.308
1.824	0.369	0.359	3.765	0.486	0.525	2.651	0.381	0.344	0.308
1.409	0.364	0.356	2.703	0.483	0.525	2.466	0.383	0.342	0.312
1.228	0.361	0.369	2.009	0.481	0.525	2.153	0.378	0.337	0.317
1.184	0.359	0.369	1.667	0.483	0.53	1.946	0.374	0.332	0.315
1.167	0.361	0.366	1.599	0.488	0.53	1.868	0.376	0.334	0.31
1.187	0.364	0.386	1.621	0.491	0.527	1.833	0.371	0.354	0.308
1.262	0.369	0.73	1.66	0.486	0.527	1.821	0.376	1.965	0.305
1.34	0.364	1.099	1.777	0.481	0.662	1.799	0.378	2.9	0.315
1.394	0.361	0.955	1.982	0.479	0.857	1.726	0.378	1.997	0.32
1.426	0.359	0.754	2.231	0.483	0.903	1.665	0.374	1.416	0.312
1.414	0.364	0.605	2.373	0.488	0.918	1.599	0.378	1.274	0.31
1.379	0.364	0.608	2.349	0.491	0.918	1.536	0.378	1.538	0.305
1.348	0.366	0.918	2.246	0.486	0.969	1.428	0.378	1.697	0.305
1.301	0.364	1.157	2.158	0.483	0.999	1.257	0.381	1.79	0.312
1.238	0.361	1.316	2.029	0.479	1.025	1.069	0.378	1.863	0.317
1.147	0.361	1.428	1.902	0.483	1.055	0.913	0.374	1.909	0.315
1.064	0.361	1.531	1.655	0.491	1.062	0.803	0.376	1.936	0.31
0.947	0.364	1.606	1.389	0.488	1.055	0.762	0.374	1.965	0.308
0.825	0.366	1.636	1.172	0.486	1.05	0.762	0.378	1.982	0.31
0.686	0.364	1.658	1.008	0.483	1.055	0.718	0.378	1.963	0.315
0.588	0.359	1.665	0.867	0.479	1.072	0.652	0.376	1.917	0.315
0.505	0.361	1.665	0.771	0.483	1.079	0.603	0.369	1.877	0.315
0.481	0.361	1.67	0.696	0.491	1.045	0.566	0.369	1.797	0.312
0.449	0.364	1.658	0.637	0.493	1.016	0.559	0.369	1.641	0.308
0.425	0.369	1.611	0.598	0.483	0.996	0.557	0.371	1.372	0.308
0.413	0.364	1.531	0.576	0.479	0.981	0.547	0.374	1.106	0.339
0.405	0.361	1.409	0.564	0.483	0.913	0.54	0.371	0.898	0.374
0.396	0.361	1.191	0.547	0.481	0.811	0.532	0.366	0.693	0.398
0.376	0.361	0.984	0.542	0.491	0.718	0.525	0.369	0.574	0.405
0.366	0.364	0.786	0.537	0.488	0.671	0.527	0.369	0.493	0.417
0.359	0.366	0.63	0.535	0.486	0.657	0.532	0.374	0.444	0.427
0.359	0.364	0.535	0.535	0.481	0.608	0.525	0.371	0.405	0.442
0.359	0.359	0.491	0.535	0.479	0.576	0.525	0.371	0.386	0.439
0.356	0.361	0.466	0.532	0.513	0.564	0.518	0.366	0.369	0.437
0.349	0.361	0.427	0.53	0.552	0.547	0.513	0.364	0.361	0.432
0.349	0.393	0.398	0.525	0.542	0.537	0.522	0.364	0.356	0.417
0.347	0.613	0.383	0.525	0.518	0.532	0.527	0.371	0.356	0.381
0.349	0.857	0.378	0.53	0.5	0.527	0.527	0.371	0.347	0.361
0.352	0.925	0.374	0.535	0.493	0.525	0.525	0.369	0.339	0.344
0.349	0.962	0.371	0.532	0.493	0.53	0.537	0.369	0.337	0.332
0.347	1.023	0.369	0.532	0.493	0.527	2.852	0.366	0.342	0.325
0.349	1.057	0.364	0.525	0.493	0.525	2.976	0.371	0.342	0.33
0.347	1.086	0.359	0.581	0.488	0.527	2.195	0.374	0.344	0.364
0.352	1.138	0.364	0.793	0.483	0.52	1.877	0.374	0.342	0.4
0.356	1.191	0.364	1.208	0.481	0.522	1.819	0.371	0.337	0.43
0.354	1.311	0.369	1.262	0.486	0.525	1.848	0.371	0.332	0.454
0.349	1.445	0.364	1.238	0.491	0.527	1.895	0.366	0.342	0.476
0.354	1.567	0.361	1.255	0.493	0.525	2.017	0.371	0.339	0.498
0.352	1.687	0.359	1.387	0.491	0.525	2.173	0.374	0.347	0.527
0.354	1.824	0.359	1.521	0.486	0.522	2.285	0.376	0.342	0.559
0.356	1.946	0.361	1.726	0.486	0.52	2.368	0.374	0.332	0.576
0.449	2.036	0.364	1.99	0.493	0.522	2.419	0.371	0.332	0.583
0.825	2.083	0.361	2.251	0.491	0.576	2.454	0.364	0.337	0.581
1.042	2.075	0.354	2.468	0.491	0.789	2.349	0.366	0.334	0.579
0.92	1.941	0.354	2.668	0.483	1.094	2.095	0.371	0.334	0.576
0.82	1.748	0.354	2.825	0.481	1.169	1.76	0.374	0.33	0.579
0.869	1.58	0.356	2.949	0.481	1.194	1.462	0.371	0.327	0.579
0.947	1.331	0.383	2.991	0.491	1.206	1.245	0.369	0.327	0.571
1.057	1.089	0.469	2.915	0.488	1.331	0.984	0.361	0.33	0.571
1.133	0.85	0.625	2.661	0.483	1.553	0.83	0.366	0.364	0.547
1.182	0.713	0.696	2.263	0.483	1.836	0.728	0.369	2.488	0.491
1.189	0.596	0.649	1.843	0.481	2.092	0.657	0.371	3.42	0.459
1.182	0.542	0.618	1.509	0.479	2.397	0.61	0.366	2.373	0.408
1.16	0.469	0.601	1.191	0.488	2.612	0.579	0.364	1.724	0.376
1.162	0.432	0.603	0.996	0.488	2.72	0.559	0.356	1.494	0.349
1.155	0.41	0.623	0.825	0.491	2.747	0.554	0.364	1.553	0.332
1.165	0.396	0.625	0.72	0.488	2.769	0.547	0.369	1.653	0.33
1.135	0.383	0.642	0.654	0.483	2.795	0.544	0.366	1.797	0.322
1.042	0.376	0.667	0.618	0.483	2.861	0.54	0.371	1.926	0.322
0.872	0.364	0.696	0.596	0.493	2.891	0.532	0.364	2.039	0.32
0.776	0.366	0.72	0.571	0.493	2.827	0.532	0.369	2.131	0.31
0.684	0.366	0.735	0.559	0.493	2.515	0.535	0.366	2.205	0.308
0.608	0.369	0.732	0.552	0.488	1.987	0.537	0.371	2.251	0.312
0.593	0.364	0.735	0.544	0.483	1.548	0.537	0.374	2.219	0.312
0.554	0.364	0.732	0.544	0.483	1.255	0.532	0.374	2.056	0.315
0.486	0.359	0.713	0.547	0.491	1.03	0.527	0.364	1.75	0.381
0.437	0.359	0.671	0.537	0.493	0.896	0.527	0.364	1.348	0.522
0.396	0.364	0.608	0.532	0.491	0.825	0.53	0.361	1.091	0.615
0.378	0.366	0.566	0.53	0.491	0.71	0.53	0.364	0.867	0.571
0.369	0.366	0.53	0.532	0.486	0.645	0.532	0.366	0.708	0.535
0.366	0.361	0.532	0.537	0.488	0.598	0.53	0.371	0.601	0.532
0.359	0.359	0.52	0.542	0.513	0.562	0.527	0.364	0.53	0.601
0.354	0.361	0.471	0.535	0.535	0.544	0.53	0.361	0.486	0.696
0.349	0.364	0.461	0.532	0.552	0.527	0.53	0.364	0.466	0.762
0.347	0.366	0.425	0.532	0.557	0.508	0.532	0.369	0.454	0.789
0.352	0.371	0.403	0.535	0.564	0.503	0.532	0.369	0.439	0.83
0.354	0.413	0.391	0.54	0.574	0.503	0.53	0.371	0.427	0.935
0.352	3.069	0.381	0.542	0.576	0.508	0.522	0.364	0.413	1.06
0.347	3.411	0.374	0.535	0.569	0.505	0.527	0.364	0.396	1.162
0.344	2.483	0.371	0.527	0.552	0.503	0.522	0.361	0.391	1.228
0.347	1.941	0.364	0.527	0.53	0.493	0.525	0.369	0.383	1.25
0.349	1.711	0.364	0.53	0.513	0.491	0.527	0.371	0.376	1.125
0.352	1.746	0.366	0.532	0.51	0.493	0.52	0.371	0.371	0.891
0.356	1.807	0.366	0.537	0.522	0.498	0.52	0.364	0.371	0.723
0.376	1.882	0.366	0.53	0.557	0.5	0.522	0.364	0.369	0.608
0.398	1.951	0.366	0.525	0.62	0.505	0.522	0.364	0.371	0.532
0.386	2.017	0.359	0.522	0.72	0.505	0.53	0.369	0.369	0.479
0.374	2.092	0.359	0.53	0.784	0.508	0.53	0.371	0.366	0.466
0.369	2.148	0.361	0.532	0.823	0.515	0.527	0.369	0.361	0.459
0.366	2.122	0.366	0.532	0.847	0.522	0.522	0.364	0.361	0.425
0.354	2.034	0.364	0.525	0.847	0.518	0.525	0.366	0.356	0.381
0.349	1.758	0.364	0.522	0.84	0.51	0.525	0.364	0.364	0.359
0.347	1.455	0.356	0.522	0.84	0.505	0.527	0.369	0.364	0.337
0.347	1.216	0.359	0.53	0.852	0.505	0.53	0.374	0.361	0.334
0.352	0.996	0.364	0.537	0.867	0.505	0.525	0.369	0.356	0.33
0.354	0.823	0.364	0.535	0.886	0.505	0.52	0.361	0.354	0.33
0.347	0.693	0.364	0.53	0.918	0.51	0.522	0.369	0.352	0.32
0.344	0.591	0.361	0.527	0.947	0.505	0.522	0.393	0.354	0.32
0.342	0.532	0.356	0.527	0.981	0.498	0.527	0.449	0.354	0.315
0.347	0.469	0.359	0.532	1.001	0.5	0.527	0.645	0.352	0.32
0.349	0.425	0.361	0.537	1.018	0.503	0.525	0.747	0.349	0.317
0.352	0.4	0.366	0.53	1.03	0.505	0.522	0.823	0.347	0.32
0.347	0.405	0.364	0.53	1.055	0.51	0.518	0.874	0.347	0.315
0.344	0.415	0.361	0.525	1.03	0.498	0.522	0.92	0.352	0.315
0.344	0.417	0.356	0.527	0.991	0.493	0.527	0.93	0.364	0.312
0.349	0.422	0.356	0.532	0.972	0.493	0.525	0.974	0.63	0.317
0.352	0.42	0.361	0.54	0.955	0.496	0.522	1.025	3.699	0.32
0.354	0.422	0.364	0.535	0.942	0.5	0.522	1.201	4.888	0.317
0.349	0.422	0.364	0.532	0.859	0.508	0.52	1.401	3.42	0.317
0.342	0.427	0.356	0.53	0.757	0.498	0.52	1.606	2.507	0.315
0.342	0.432	0.354	0.527	0.657	0.493	0.527	1.831	2.09	0.312
0.352	0.43	0.356	0.535	0.608	0.488	0.53	2.019	2.493	0.317
0.354	0.432	0.359	0.542	0.571	0.496	0.527	2.187	2.852	0.32
0.349	0.432	0.361	0.54	0.544	0.503	0.527	2.297	3.098	0.32
0.347	0.435	0.364	0.532	0.54	0.508	0.522	2.363	3.257	0.317
0.344	0.442	0.354	0.527	0.522	0.503	0.527	2.393	3.408	0.312
0.347	0.454	0.354	0.53	0.508	0.498	0.53	2.415	3.56	0.312
0.352	0.449	0.354	0.532	0.503	0.496	0.53	2.427	3.726	0.315
0.359	0.447	0.356	0.54	0.493	0.496	0.527	2.441	3.875	0.317
0.352	0.439	0.359	0.535	0.496	0.498	0.525	2.41	3.975	0.317
0.347	0.432	0.361	0.532	0.496	0.498	0.52	2.231	4.019	0.317
0.354	0.442	0.354	0.527	0.491	0.496	0.525	1.982	4.06	0.308
0.374	0.432	0.354	0.53	0.486	0.493	0.537	1.697	4.036	0.31
0.383	0.674	0.352	0.535	0.486	0.488	0.671	1.47	3.845	0.312
0.378	1.128	0.356	0.537	0.479	0.493	0.725	1.267	3.433	0.315
0.374	1.57	0.359	0.537	0.483	0.498	0.71	1.089	2.842	0.312
0.354	1.638	0.364	0.53	0.486	0.5	0.662	0.901	2.322	0.315
0.349	1.572	0.354	0.527	0.483	0.5	0.608	0.735	1.997	0.308
0.347	1.531	0.347	0.527	0.481	0.5	0.579	0.632	1.746	0.308
0.352	1.624	0.354	0.535	0.481	0.51	0.559	0.552	1.482	0.312
0.359	1.736	0.356	0.537	0.479	0.525	0.542	0.493	1.25	0.315
0.352	1.887	0.364	0.535	1.052	0.53	0.535	0.447	1.116	0.31
0.349	2.144	0.359	0.53	3.115	0.547	0.527	0.417	1.072	0.312
0.347	2.346	0.354	0.527	2.603	0.603	0.525	0.403	0.859	0.305
0.347	2.478	0.352	0.53	2.014	0.706	0.527	0.4	0.735	0.308
0.349	2.588	0.354	0.537	1.814	0.769	0.525	0.391	0.61	0.312
0.354	2.637	0.356	0.537	1.912	0.806	0.525	0.383	0.508	0.315
0.354	2.678	0.359	0.535	2.075	0.791	0.522	0.376	0.461	0.317
0.349	2.695	0.356	0.532	2.227	0.725	0.52	0.371	0.42	0.312
0.347	2.72	0.352	0.527	2.341	0.681	0.522	0.374	0.391	0.308
0.349	2.622	0.349	0.53	2.441	0.642	0.527	0.381	0.371	0.305
0.352	2.314	0.349	0.54	2.493	0.605	0.527	0.376	0.361	0.31
0.356	1.875	0.354	0.537	2.534	0.583	0.527	0.381	0.342	0.315
0.354	1.599	0.359	0.535	2.571	0.579	0.52	0.474	0.337	0.315
0.349	1.418	0.356	0.53	2.578	0.566	0.52	0.972	0.337	0.31
0.344	1.328	0.352	0.525	2.571	0.557	0.522	0.903	0.339	0.308
0.349	1.282	0.352	0.527	2.463	0.544	0.525	0.837	0.339	0.308
0.354	1.128	0.349	0.537	2.2	0.542	0.527	0.835	0.339	0.312
0.354	0.984	0.354	0.537	1.975	0.544	0.527	0.842	0.332	0.312
0.352	0.801	0.361	0.537	1.799	0.544	0.52	0.852	0.332	0.315
0.349	0.715	0.356	0.532	1.633	0.532	0.52	0.874	0.334	0.31
0.347	0.664	0.352	0.527	1.404	0.525	0.522	0.911	0.337	0.305
0.352	0.654	0.349	0.53	1.15	0.518	0.527	0.955	0.342	0.308
0.354	0.608	0.352	0.537	0.972	0.513	0.525	0.986	0.342	0.312
0.354	0.518	0.354	0.54	0.83	0.515	0.537	1.013	0.334	0.312
0.352	0.457	0.361	0.537	0.718	0.52	0.564	1.042	0.332	0.317
0.347	0.422	0.356	0.535	0.64	0.518	0.659	1.04	0.332	0.31
0.347	0.449	0.352	0.53	0.591	0.513	0.835	0.994	0.334	0.308
0.347	0.391	0.349	0.532	0.562	0.508	1.055	0.945	0.339	0.31
0.354	0.381	0.352	0.535	0.53	0.508	1.182	0.762	0.337	0.312
0.354	0.371	0.356	0.537	0.52	0.513	1.169	0.691	0.332	0.315
0.354	0.364	0.361	0.54	0.513	0.518	1.096	0.608	0.33	0.32
0.354	0.366	0.356	0.535	0.513	0.515	1.028	0.525	0.332	0.31
0.437	0.371	0.352	0.53	0.513	0.513	0.977	0.488	0.337	0.305
1.238	0.369	0.352	0.535	0.518	0.508	0.95	0.469	0.339	0.308
3.86	0.366	0.369	0.535	0.537	0.508	0.937	0.442	0.339	0.31
3.97	0.359	0.388	0.537	0.559	0.515	0.92	0.422	0.332	0.312
3.408	0.359	0.381	0.537	0.579	0.515	0.891	0.405	0.332	0.315
3.071	0.361	0.369	0.532	0.593	0.518	0.864	0.398	0.334	0.308
3.005	0.366	0.361	0.527	0.601	0.513	0.847	0.4	0.342	0.305
3.152	0.366	0.352	0.535	0.61	0.508	0.833	0.393	0.342	0.305
3.252	0.364	0.354	0.532	0.623	0.522	0.781	0.393	0.339	0.31
3.323	0.359	0.361	0.537	0.645	0.559	0.73	0.386	0.334	0.344
3.437	0.356	0.361	0.537	0.657	0.583	0.693	0.378	0.33	0.383
3.547	0.361	0.356	0.53	0.664	0.596	0.671	0.378	0.332	0.535
3.589	0.364	0.354	0.527	0.652	0.593	0.662	0.383	0.339	0.798
3.569	0.364	0.349	0.535	0.635	0.569	0.637	0.381	0.393	1.084
3.582	0.359	0.352	0.532	0.62	0.554	0.623	0.381	1.187	1.387
3.589	0.354	0.361	0.537	0.605	0.547	0.598	0.378	2.874	1.572
3.594	0.354	0.359	0.537	0.588	0.542	0.574	0.374	3.447	1.633
3.567	0.359	0.359	0.53	0.562	0.554	0.566	0.374	3.76	1.692
3.511	0.361	0.354	0.527	0.562	0.552	0.559	0.381	3.977	1.812
3.469	0.361	0.347	0.535	0.549	0.535	0.557	0.381	4.116	1.982
3.396	0.356	0.352	0.557	0.544	0.527	0.559	0.386	4.133	2.219
3.225	0.352	0.361	0.632	0.542	0.527	0.547	0.378	4.087	2.422
2.964	0.349	0.361	0.715	0.547	0.522	0.544	0.376	3.979	2.688
2.681	0.359	0.354	0.767	0.549	0.532	0.535	0.374	3.916	2.996
2.371	0.356	0.352	0.779	0.552	0.522	0.532	0.378	3.884	3.279
2.078	0.356	0.354	0.735	0.542	0.513	0.535	0.381	3.853	3.533
1.77	0.354	0.376	0.684	0.54	0.515	0.54	0.383	3.76	3.76
1.416	0.349	0.383	0.637	0.537	0.518	0.53	0.376	3.511	3.938
1.143	0.349	0.422	0.605	0.542	0.52	0.525	0.374	3.14	4.053
1.025	0.356	0.649	0.583	0.549	0.518	0.522	0.391	2.722	4.16
0.833	0.356	0.864	0.571	0.552	0.52	0.527	0.393	2.19	4.224
0.708	0.356	1.411	0.564	0.544	0.53	0.53	0.574	1.614	4.27
0.598	0.356	2.126	0.566	0.544	0.754	0.532	0.891	1.157	4.287
0.554	0.349	2.576	0.564	0.549	1.116	0.527	1.194	0.901	4.141
0.491	0.349	2.854	0.562	0.593	1.606	0.522	1.345	0.73	3.826
0.435	0.356	3.088	0.559	0.742	1.965	0.522	1.404	0.623	3.423
0.4	0.356	3.428	0.564	2.075	2.07	0.525	1.411	0.522	3.015
0.396	0.356	3.879	0.581	4.858	2.266	0.53	1.428	0.449	2.761
0.374	0.354	4.602	0.61	4.812	2.9	0.53	1.523	0.396	2.573
0.369	0.352	5.344	0.654	4.048	3.562	0.527	1.65	0.364	2.339
0.361	0.347	5.92	0.82	3.63	4.192	0.522	1.848	0.342	1.992
0.354	0.352	6.36	1.128	3.45	4.841	0.52	2.083	0.334	1.672
0.349	0.354	6.665	1.501	3.33	5.293	0.525	2.334	0.337	1.411
0.354	0.356	6.956	2.031	3.271	5.591	0.532	2.568	0.327	1.221
0.354	0.349	7.17	2.351	3.201	5.806	0.53	2.676	0.322	1.091
0.356	0.344	7.334	2.595	3.123	5.942	0.527	2.681	0.315	0.906
0.352	0.347	7.395	3.005	3.069	6.042	0.525	2.681	0.312	0.71
0.349	0.349	7.449	3.74	3.059	6.169	0.525	2.666	0.315	0.569
0.347	0.352	7.498	4.512	3.044	6.223	0.527	2.583	0.322	0.479
0.352	0.354	7.498	5.393	3.059	6.138	0.535	2.402	0.317	0.435
0.352	0.349	7.429	6.191	3.079	5.937	0.535	2.046	0.312	0.405
0.354	0.347	7.314	6.892	3.113	5.701	0.542	1.746	0.31	0.376
0.349	0.347	7.07	7.551	3.149	5.479	0.566	1.479	0.305	0.349
0.344	0.349	6.658	8.22	3.179	5.159	0.583	1.299	0.31	0.334
0.349	0.354	6.013	8.982	3.164	4.717	0.593	1.189	0.32	0.322
0.347	0.354	5.171	9.241	3.108	4.111	0.598	1.106	0.317	0.317
0.352	0.352	4.414	9.238	3.035	3.533	0.593	0.95	0.312	0.322
0.354	0.347	3.569	9.238	2.896	3.01	0.583	0.918	0.31	0.315
0.352	0.352	2.839	9.238	2.629	2.659	0.559	0.762	0.308	0.312
0.347	0.349	2.131	9.243	2.249	2.327	0.542	0.686	0.312	0.308
0.349	0.352	1.614	9.243	1.831	1.992	0.54	0.623	0.317	0.303
0.347	0.369	1.345	9.243	1.528	1.699	0.542	0.601	0.315	0.305
0.352	0.369	1.094	9.216	1.338	1.519	0.537	0.579	0.312	0.31
0.354	0.374	0.901	8.889	1.223	1.418	0.532	0.505	0.305	0.308
0.352	0.444	0.728	8.481	0.979	1.125	0.525	0.459	0.305	0.308
0.347	0.681	0.654	7.786	0.901	0.967	0.527	0.425	0.31	0.303
0.349	1.274	0.562	6.548	0.806	0.818	0.527	0.41	0.315	0.298
0.349	1.633	0.483	5.271	0.747	0.759	0.535	0.403	0.317	0.303
0.352	1.848	0.442	4.26	0.713	0.679	0.532	0.396	0.312	0.31
0.359	1.958	0.413	3.42	0.635	0.618	0.527	0.388	0.308	0.31
0.352	2.002	0.396	2.705	0.583	0.583	0.525	0.388	0.308	0.308
0.347	2.129	0.381	2.212	0.552	0.557	0.527	0.378	0.315	0.303
0.349	2.244	0.366	1.851	0.527	0.54	0.527	0.381	0.315	0.298
0.347	2.283	0.361	1.56	0.51	0.527	0.532	0.381	0.317	0.3
0.352	2.329	0.359	1.257	0.5	0.515	0.532	0.386	0.312	0.327
0.352	2.371	0.361	1.006	0.488	0.515	0.53	0.376	0.305	0.308
0.349	2.378	0.361	0.859	0.498	0.515	0.525	0.376	0.305	0.31
0.347	2.388	0.356	0.769	0.498	0.513	0.525	0.374	0.312	0.3
0.344	2.441	0.354	0.686	0.5	0.508	0.53	0.381	0.312	0.298
0.347	2.507	0.354	0.632	0.496	0.51	0.532	0.383	0.312	0.3
0.352	2.512	0.354	0.603	0.491	0.508	0.532	0.381	0.308	0.305
0.352	2.368	0.359	0.583	0.493	0.508	0.527	0.381	0.303	0.308
0.352	2.166	0.359	0.569	0.503	0.51	0.522	0.381	0.305	0.303
0.349	2.041	0.354	0.559	0.5	0.51	0.525	0.376	0.31	0.295
0.347	1.899	0.352	0.544	0.5	0.508	0.532	0.378	0.31	0.33
0.352	1.646	0.354	0.542	0.496	0.505	0.53	0.383	0.312	0.396
0.354	1.316	0.352	0.542	0.491	0.5	0.554	0.383	0.308	0.564
0.354	1.023	0.356	0.542	0.488	0.503	0.601	0.381	0.305	1.125
0.352	0.823	0.356	0.542	0.498	0.505	1.072	0.378	0.62	1.555
0.349	0.698	0.354	0.537	0.498	0.505	5.051	0.371	3.176	1.794
0.344	0.593	0.349	0.53	0.498	0.503	6.516	0.378	3.857	1.951
0.347	0.53	0.352	0.532	0.496	0.5	5.652	0.381	4.187	2.031
0.349	0.464	0.349	0.535	0.488	0.498	5.403	0.383	5.034	2.041
0.354	0.42	0.356	0.537	0.486	0.5	5.798	0.381	7.119	2.007
0.349	0.386	0.356	0.537	0.493	0.503	6.025	0.376	8.545	2.026
0.349	0.374	0.356	0.532	0.491	0.505	6.174	0.374	9.241	2.114
0.344	0.366	0.349	0.527	0.488	0.498	6.316	0.378	9.241	2.092
0.344	0.366	0.349	0.53	0.481	0.496	6.509	0.381	9.241	2.117
0.349	0.354	0.349	0.532	0.481	0.496	6.702	0.381	9.248	2.124
0.349	0.352	0.352	0.537	0.479	0.498	6.885	0.381	8.599	2.09
0.349	0.344	0.356	0.535	0.483	0.5	7.029	0.374	7.815	2.046
0.349	0.344	0.352	0.53	0.488	0.505	7.119	0.378	6.887	2.034
0.347	0.349	0.347	0.525	0.488	0.503	7.146	0.388	5.879	1.968
0.344	0.347	0.349	0.527	0.483	0.498	7.078	0.552	4.629	1.851
0.349	0.344	0.347	0.532	0.479	0.498	6.809	0.718	3.428	1.667
0.349	0.344	0.352	0.537	0.481	0.503	6.23	1.089	2.437	1.389
0.349	0.339	0.354	0.537	0.488	0.503	5.481	1.235	1.772	1.057
0.349	0.342	0.352	0.53	0.491	0.505	4.731	1.323	1.309	0.842
0.342	0.344	0.347	0.527	0.493	0.508	4.097	1.382	0.974	0.703
0.347	0.347	0.344	0.527	0.522	0.498	3.542	1.389	0.75	0.593
0.349	0.344	0.344	0.53	0.547	0.498	3.02	1.467	0.591	0.552
0.352	0.342	0.349	0.532	0.657	0.5	2.461	1.577	0.491	0.503
0.349	0.337	0.352	0.537	0.767	0.503	1.938	1.78	0.432	0.439
0.349	0.342	0.349	0.525	1.001	0.586	1.611	2.109	0.393	0.391
0.344	0.344	0.349	0.522	1.16	0.757	1.453	2.361	0.371	0.359
0.347	0.344	0.344	0.522	1.248	0.928	1.16	2.578	0.356	0.349
0.349	0.347	0.347	0.527	1.313	1.116	0.989	2.72	0.339	0.361
0.354	0.339	0.352	0.532	1.377	1.426	0.825	2.954	0.327	0.347
0.356	0.339	0.349	0.535	1.396	1.748	0.725	3.257	0.334	0.332
0.461	0.342	0.349	0.527	1.418	2.068	0.674	3.562	0.374	0.315
0.576	0.344	0.349	0.525	1.445	2.278	0.62	3.669	0.479	0.317
0.684	0.352	0.344	0.527	1.46	2.329	0.591	3.638	0.728	0.312
0.828	0.349	0.347	0.532	1.477	2.388	0.566	3.489	0.911	0.315
1.016	0.342	0.352	0.532	1.477	2.461	0.552	3.206	1.067	0.315
1.108	0.339	0.352	0.537	1.487	2.571	0.542	2.886	1.223	0.312
1.155	0.344	0.349	0.53	1.511	2.742	0.54	2.651	1.345	0.31
1.216	0.349	0.349	0.527	1.536	2.861	0.535	2.368	1.45	0.312
1.279	0.352	0.347	0.53	1.492	2.908	0.537	2.107	1.594	0.31
1.365	0.352	0.347	0.535	1.436	2.932	0.535	1.755	1.763	0.315
1.423	0.342	0.354	0.549	1.382	2.891	0.53	1.443	1.956	0.315
1.458	0.339	0.366	0.564	1.208	2.698	0.525	1.177	2.173	0.312
1.475	0.344	0.371	0.579	1.013	2.388	0.53	0.969	2.327	0.31
1.482	0.347	0.381	0.667	0.891	1.948	0.53	0.833	2.444	0.312
1.489	0.352	0.425	0.803	0.791	1.497	0.53	0.703	2.527	0.308
1.489	0.347	0.51	0.945	0.728	1.165	0.53	0.593	2.632	0.312
1.477	0.339	1.023	1.001	0.652	0.972	0.525	0.483	2.712	0.315
1.45	0.337	1.479	1.03	0.598	0.83	0.522	0.42	2.712	0.315
1.411	0.342	1.709	1.133	0.566	0.745	0.522	0.386	2.629	0.31
1.333	0.347	1.853	1.384	0.535	0.657	0.527	0.361	2.471	0.31
1.204	0.344	1.953	1.624	0.52	0.596	0.53	0.352	2.217	0.31
0.937	0.369	2.1	1.768	0.51	0.557	0.53	0.344	1.987	0.315
0.72	0.513	2.502	1.929	0.5	0.535	0.527	0.332	1.816	0.315
0.591	0.583	3.003	2.078	0.5	0.518	0.525	0.325	1.692	0.312
0.491	0.769	3.43	2.229	0.498	0.515	0.522	0.325	1.692	0.308
0.435	0.962	3.75	2.332	0.493	0.5	0.527	0.325	1.665	0.305
0.4	1.262	4.038	2.385	0.488	0.493	0.53	0.33	1.545	0.305
0.381	1.936	4.309	2.419	0.486	0.491	0.53	0.334	1.384	0.31
0.366	2.249	4.517	2.451	0.483	0.493	0.527	0.325	1.289	0.315
0.359	2.546	4.705	2.456	0.488	0.5	0.547	0.32	1.328	0.312
0.347	3.171	4.822	2.444	0.488	0.503	1.494	0.322	1.46	0.308
0.342	4.136	4.897	2.419	0.486	0.493	3.052	0.322	1.621	0.308
0.342	5.076	4.934	2.375	0.483	0.491	2.803	0.325	1.838	0.31
0.342	5.745	4.895	2.222	0.481	0.488	2.742	0.33	2.051	0.315
0.347	6.279	4.756	2.019	0.476	0.491	2.859	0.322	2.278	0.317
0.342	6.611	4.531	1.736	0.476	0.496	3.025	0.312	2.498	0.315
0.337	6.868	4.155	1.428	0.479	0.498	3.237	0.312	2.734	0.312
0.334	7.019	3.645	1.155	0.481	0.493	3.428	0.312	3.225	0.308
0.334	7.053	3.174	0.996	0.476	0.491	3.584	0.317	3.665	0.31
0.342	6.985	2.844	0.879	0.481	0.491	3.718	0.32	4.087	0.315
0.344	6.775	2.393	0.781	0.481	0.491	3.823	0.312	4.448	0.315
0.342	6.372	1.897	0.754	0.488	0.493	3.926	0.308	4.736	0.312
0.337	5.737	1.499	0.715	0.491	0.488	3.994	0.305	4.956	0.315
0.337	5.046	1.25	0.659	0.488	0.483	4.033	0.312	5.1	0.308
0.334	4.255	1.084	0.615	0.483	0.476	3.999	0.317	5.164	0.31
0.342	3.552	0.942	0.586	0.483	0.479	3.701	0.317	5.164	0.342
0.347	2.878	0.823	0.579	0.481	0.483	3.191	0.312	5.112	3.44
0.339	2.336	0.732	0.569	0.488	0.491	2.693	0.308	5.049	3.735
0.334	1.997	0.679	0.549	0.491	0.491	2.28	0.303	4.971	3.286
0.334	1.692	0.632	0.535	0.491	0.488	1.956	0.312	4.861	3.64
0.334	1.382	0.608	0.532	0.488	0.483	1.587	0.322	4.639	4.766
0.339	1.082	0.591	0.535	0.488	0.476	1.287	0.317	4.189	5.999
0.347	0.898	0.583	0.532	0.488	0.476	1.069	0.315	3.599	6.516
0.339	0.793	0.576	0.53	0.486	0.479	0.901	0.315	0	6.741
0.337	0.706	0.571	0.525	0.483	0.466	0.747	0.315	0	6.807
0.334	0.649	0.562	0.52	0.483	0.464	0.681	0.317	0	6.414
0.337	0.601	0.557	0.52	0.483	0.457	0.593	0.325	0	5.649
0.344	0.562	0.557	0.532	0.476	0.459	0.522	0.32	0	4.873
0.349	0.52	0.559	0.53	0.479	0.461	0.479	0.315	0	4.089
0.342	0.464	0.559	0.527	0.479	0.474	0.447	0.312	0	3.391
0.337	0.43	0.557	0.525	0.481	0.471	0.43	0.315	0	2.732
0.334	0.41	0.549	0.522	0.479	0.466	0.42	0.317	0	2.043
0.337	0.391	0.552	0.522	0.481	0.464	0.417	0.325	0	1.482
0.342	0.378	0.564	0.53	0.476	0.466	0.415	0.322	0	1.108
0.344	0.366	0.571	0.525	0.476	0.474	0.41	0.32	0	0.867
0.342	0.356	0.576	0.525	0.481	0.476	0.4	0.315	0	0.671
0.337	0.359	0.566	0.52	0.479	0.479	0.4	0.315	0	0.549
0.332	0.361	0.562	0.518	0.481	0.474	0.403	0.32	0	0.464
0.337	0.356	0.557	0.522	0.483	0.466	0.41	0.327	0	0.413
0.344	0.354	0.559	0.53	0.479	0.466	0.415	0.322	0	0.381
0.344	0.352	0.566	0.525	0.476	0.474	0.413	0.32	0	0.364
0.339	0.349	0.576	0.525	0.483	0.481	0.403	0.312	0	0.349
0.334	0.671	0.569	0.52	0.486	0.479	0.403	0.315	0	0.332
0.334	2.258	0.564	0.515	0.486	0.474	0.408	0.317	0	0.322
0.337	1.829	0.562	0.518	0.488	0.471	0.41	0.325	0	0.317
0.344	1.509	0.562	0.525	0.479	0.474	0.408	0.32	0	0.332
0.339	1.331	0.566	0.525	0.496	0.479	0.41	0.317	0	0.317
0.339	1.521	0.571	0.525	0.527	0.486	0.398	0.312	0	0.317
0.334	1.892	0.564	0.52	0.513	0.488	0.398	0.315	0	0.308
0.332	2.48	0.562	0.518	0.5	0.481	0.4	0.317	0	0.308
0.334	3.142	0.559	0.522	0.496	0.479	0.405	0.322	0	0.308
0.344	3.767	0.562	0.525	0.486	0.481	0.403	0.322	0	0.31
0.342	4.304	0.569	0.525	0.486	0.488	0.4	0.315	0	0.315
0.339	4.734	0.576	0.527	0.483	0.488	0.396	0.315	0	0.317
0.334	5.054	0.566	0.52	0.486	0.486	0.396	0.312	0	0.31
0.332	5.291	0.559	0.518	0.486	0.481	0.398	0.32	0	0.808
0.337	5.461	0.554	0.522	0.483	0.479	0.403	0.32	0	2.842
0.347	5.334	0.554	0.522	0.481	0.479	0.405	0.315	0	2.285
0.344	4.746	0.562	0.527	0.481	0.483	0.4	0.315	0	1.931
0.339	3.911	0.564	0.525	0.486	0.481	0.396	0.31	0	2.051
0.334	3.24	0.559	0.52	0.491	0.479	0.4	0.31	0	2.28
0.332	2.749	0.557	0.518	0.491	0.476	0.405	0.322	0	2.651
0.337	2.195	0.554	0.525	0.486	0.471	0.408	0.32	0	2.93
0.344	1.917	0.562	0.525	0.483	0.471	0.41	0.32	0	3.193
0.347	1.958	0.566	0.527	0.483	0.479	0.405	0.315	0	3.472
0.342	2.207	0.566	0.527	0.486	0.476	0.403	0.31	0	3.665
0.334	2.234	0.566	0.52	0.491	0.476	0.403	0.312	0	3.711
0.344	2.234	0.559	0.518	0.493	0.476	0.408	0.317	0	3.645
0.393	2.207	0.669	0.522	0.483	0.474	0.413	0.317	0	3.408
0.403	2.341	1.03	0.525	0.481	0.479	0.415	0.317	0	3.035
0.383	2.598	1.26	0.525	0.481	0.491	0.405	0.312	0	2.6
0.364	2.878	1.604	0.525	0.483	0.493	0.403	0.305	0	2.207
0.352	3.171	1.731	0.52	0.488	0.491	0.405	0.31	0	1.938
0.344	3.533	1.733	0.518	0.491	0.488	0.413	0.317	0	1.633
0.347	3.896	1.775	0.525	0.481	0.481	0.417	0.322	0	1.504
0.349	4.294	2.236	0.496	0.479	0.483	0.425	0.322	0	1.492
0.349	4.648	2.91	0.522	0.481	0.537	0.417	0.317	0	1.484
0.342	4.91	3.213	0.522	0.481	0.649	0.415	0.312	0	1.47
0.337	5.183	3.42	0.518	0.486	0.942	0.413	0.31	0	1.541
0.334	5.381	3.542	0.515	0.491	2.986	0.415	0.315	0	1.763
0.342	5.496	3.552	0.52	0.481	3.347	0.417	0.32	0	2.061
0.342	5.593	3.518	0.525	0.476	3.535	0.413	0.317	0	2.297
0.342	5.652	3.364	0.525	0.479	4.224	0.403	0.317	0	2.537
0.339	5.679	3.03	0.52	0.481	5.215	0.396	0.315	0	2.83
0.334	5.688	2.588	0.515	0.483	6.843	0.396	0.32	0	3.083
0.337	5.713	2.231	0.515	0.486	9.097	0.4	0.327	0	3.345
0.342	5.74	1.931	0.515	0.479	9.236	0.403	0.378	0	3.728
0.342	5.51	1.77	0.52	0.476	9.243	0.405	4.905	0	4.082
0.339	4.919	1.572	0.522	0.476	9.241	0.396	4.812	0	4.268
0.339	4.355	1.313	0.518	0.479	9.241	0.391	4.133	0	4.36
0.334	3.701	1.101	0.515	0.481	9.241	0.391	4.951	0	4.487
0.334	3.052	0.933	0.537	0.479	9.243	0.396	7.256	0	4.604
0.342	2.517	0.791	0.706	0.476	9.243	0.403	9.233	0	4.729
0.342	2.178	0.696	4.065	0.474	8.921	0.405	9.236	0	4.817
0.342	1.885	0.635	4.424	0.471	7.942	0.4	9.241	0	4.873
0.339	1.599	0.601	3.958	0.479	6.675	0.4	9.241	0	4.856
0.334	1.387	0.574	4.429	0.647	5.51	0.398	9.25	0	4.805
0.334	1.169	0.552	6.558	1.077	4.57	0.403	9.021	0	4.768
0.342	0	0.542	8.918	4.543	3.74	0.408	8.501	0	4.724
0.342	0	0.542	9.236	4.036	2.959	0.403	7.935	0	4.592
0.342	0	0.54	9.236	3.179	2.417	0.4	7.227	0	4.329
0.337	0	0.54	9.243	2.749	1.858	0.393	6.404	0	3.96
0.334	0	0.537	9.246	4.006	1.401	0.396	5.432	0	0
0.334	0	0.53	9.25	5.598	1.106	0.4	4.441	0	0
0.339	0	0.525	8.87	6.567	0.881	0.41	3.513	0	0
0.342	0	0.535	8.401	7.214	0.75	0.403	2.639	0	0
0.344	0	0.532	7.808	7.556	0.669	0.398	1.973	0	0
0.339	0	0.554	7.17	7.695	0.62	0.393	1.465	0	0
0.334	0	0.63	6.274	7.314	0.581	0.396	1.091	0	0
0.337	0	2.383	5.186	6.523	0.552	0.4	0.84	0	0
0.337	0	2.012	4.065	5.757	0.535	0.408	0.686	0	0
0.342	0	1.616	2.998	4.924	0.525	0.403	0.586	0	0
0.342	0	1.355	2.229	3.801	0.52	0.398	0.503	0	0
0.339	0	1.335	1.667	2.847	0.542	0.393	0.442	0	0
0.337	0	1.504	1.265	2.183	0.549	0.393	0.403	0	0
0.339	0	1.729	0.994	1.694	1.472	0.396	0.386	0	0
0.339	0	2.046	0.791	1.399	1.448	0.457	0.383	0	0
0.344	0	2.483	0.671	1.069	1.23	0.913	0.391	0	0
0.344	0	2.998	0.593	0.862	1.157	5.007	0.432	0	0
0.339	0	3.533	0.547	0.735	1.265	4.207	0.454	0	0
0.337	0	3.999	0.515	0.659	1.421	3.594	0.759	0	0
0.339	0	4.263	0.488	0.605	1.536	4.055	1.218	0	0
0.339	0	4.375	0.479	0.569	1.665	6.094	1.311	0	0
0.342	0	4.409	0.476	0.542	1.763	7.932	1.416	0	0
0.342	0	4.265	0.474	0.53	1.851	8.713	1.68	0	0
0.342	0	4.011	0.469	0.527	1.899	8.909	1.96	0	0
0.337	0	3.572	0.469	0.525	1.907	8.73	2.209	0	0
0.339	0	3.154	0.461	0.54	1.88	8.147	2.576	0	0
0.339	0	2.808	0.461	0.544	1.819	7.3	2.91	0	0
0.342	0	2.478	0.464	0.54	1.663	6.506	3.123	0	0
0.344	0	2.131	0.466	0.63	1.487	6.196	3.228	0	0
0.339	0	1.985	0.466	0.713	1.292	5.757	3.276	0	0
0.334	0	2.102	0.464	0.813	1.055	4.863	3.271	0	0
0.349	0	2.205	0.457	0.874	0.886	3.813	3.264	0	0
0.422	0	2.234	0.461	0.911	0.808	2.974	3.232	0	0
0.596	0	2.275	0.464	1.006	0.979	2.249	3.135	0	0
0.925	0	2.246	0.464	1.265	1.338	1.685	2.986	0	0
1.311	0	2.29	0.496	1.636	1.694	1.296	2.732	0	0
1.536	0	2.434	0.5	1.973	1.841	1.021	2.412	0	0
1.685	0	2.578	1.357	2.275	1.863	0.852	2.124	0	0
1.78	0	2.834	1.392	2.578	1.924	0.698	1.821	0	0
1.831	0	3.14	1.184	2.856	2.031	0.593	1.497	0	0
1.931	0	3.491	1.084	3.013	2.307	0.513	1.187	0	0
2.136	0	3.892	1.052	2.981	2.649	0.459	0.957	0	0
2.256	0	4.375	1.284	2.791	3.059	0.442	0.854	0	0
2.271	0	4.9	1.707	2.578	3.401	0.432	1.411	0	0
2.273	0	5.334	2.192	2.354	3.787	0.42	2.131	0	0
2.302	0	5.708	2.756	2.187	4.141	0.435	2.52	0	0
2.271	0	5.977	3.406	2.249	4.575	0.828	2.664	0	0
2.234	0	6.155	3.943	2.295	4.91	0.845	2.632	0	0
2.163	0	6.213	4.556	2.256	5.103	0.72	2.703	0	0
2.095	0	6.184	5.188	2.197	5.212	0.681	2.874	0	0
2.036	0	6.13	5.654	2.126	5.295	0.713	3.12	0	0
1.943	0	6.013	5.808	2.004	5.332	0.925	3.391	0	0
1.807	0	5.894	6.052	2.002	5.361	1.167	3.745	0	0
1.658	0	5.784	6.165	2.002	5.369	1.34	4.077	0	0
1.541	0	5.623	6.216	1.985	5.342	1.526	4.348	0	0
1.392	0	5.105	6.016	1.963	5.295	1.699	4.612	0	0
1.292	0	4.373	5.571	1.934	5.225	1.809	4.946	0	0
1.199	0	3.591	4.89	2.102	5.12	1.897	5.308	0	0
1.133	0	2.896	4.067	2.349	5.034	1.956	5.627	0	0
1.094	0	2.324	3.174	2.598	4.819	1.929	5.867	0	0
1.055	0	1.848	2.507	3.044	4.207	1.902	6.05	0	0
1.033	0	0	1.875	3.538	3.513	1.848	6.123	0	0
1.011	0	0	1.418	3.967	2.896	1.765	6.13	0	0
0.928	0	0	1.143	4.314	2.478	1.609	6.096	0	0
0.813	0	0	1.169	4.719	2.083	1.389	6.042	0	0
0.735	0	0	1.367	5.044	1.729	1.174	5.942	0	0
0.708	0	0	1.731	5.261	1.431	0.947	5.857	0	0
0.698	0	0	2.039	5.425	1.25	0.806	5.659	0	0
0.649	0	0	2.224	5.491	1.099	0.742	5.347	0	0
0.593	0	0	2.485	5.54	0.92	0.669	4.79	0	0
0.581	0	0	2.598	5.557	0.774	0.618	4.028	0	0
0.581	0	0	2.598	5.51	0	0.676	3.311	0	0
0.505	0	0	2.817	5.479	0	1.011	2.712	0	0
0.447	0	0	3.14	5.403	0	1.428	2.195	0	0
0.417	0	0	3.552	0	0	1.807	1.75	0	0
0.4	0	0	4.094	0	0	2.026	1.389	0	0
0.386	0	0	4.629	0	0	2.212	1.155	0	0
0.405	0	0	4.927	0	0	2.344	1.035	0	0
0.547	0	0	5.215	0	0	2.417	0.881	0	0
0.757	0	0	5.476	0	0	2.38	0.703	0	0
0.894	0	0	5.667	0	0	2.434	0.574	0	0
0.991	0	0	5.786	0	0	2.627	0.491	0	0
1.079	0	0	5.84	0	0	2.871	0.435	0	0
1.14	0	0	5.859	0	0	3.059	0	0	0
1.169	0	0	5.869	0	0	3.203	0	0	0
1.279	0	0	5.847	0	0	3.298	0	0	0
1.421	0	0	5.806	0	0	3.306	0	0	0
1.533	0	0	5.774	0	0	3.311	0	0	0
1.602	0	0	5.723	0	0	3.257	0	0	0
1.631	0	0	5.498	0	0	3.218	0	0	0
1.604	0	0	4.761	0	0	3.208	0	0	0
1.567	0	0	3.857	0	0	3.215	0	0	0
1.541	0	0	3.125	0	0	3.228	0	0	0
1.565	0	0	2.563	0	0	3.242	0	0	0
1.614	0	0	2.131	0	0	3.259	0	0	0
1.636	0	0	1.794	0	0	3.254	0	0	0
1.641	0	0	1.504	0	0	3.201	0	0	0
1.536	0	0	1.277	0	0	3.11	0	0	0
1.357	0	0	1.055	0	0	2.942	0	0	0
1.116	0	0	0.898	0	0	2.581	0	0	0
0.918	0	0	0.747	0	0	2.151	0	0	0
0.74	0	0	0.645	0	0	1.799	0	0	0
0.605	0	0	0.576	0	0	1.455	0	0	0
0.542	0	0	0.535	0	0	1.199	0	0	0
0.532	0	0	0.513	0	0	1.028	0	0	0
0.535	0	0	0.508	0	0	0.891	0	0	0
0.498	0	0	0.51	0	0	0.742	0	0	0
0.442	0	0	0	0	0	0	0	0	0
0.405	0	0	0	0	0	0	0	0	0
0.442	0	0	0	0	0	0	0	0	0
0.527	0	0	0	0	0	0	0	0	0
0.505	0	0	0	0	0	0	0	0	0
0.691	0	0	0	0	0	0	0	0	0
0.901	0	0	0	0	0	0	0	0	0
1.299	0	0	0	0	0	0	0	0	0
1.602	0	0	0	0	0	0	0	0	0
1.851	0	0	0	0	0	0	0	0	0
2.124	0	0	0	0	0	0	0	0	0
2.354	0	0	0	0	0	0	0	0	0
2.556	0	0	0	0	0	0	0	0	0
2.705	0	0	0	0	0	0	0	0	0
2.803	0	0	0	0	0	0	0	0	0
2.849	0	0	0	0	0	0	0	0	0
2.947	0	0	0	0	0	0	0	0	0
3.015	0	0	0	0	0	0	0	0	0
3.01	0	0	0	0	0	0	0	0	0
3.035	0	0	0	0	0	0	0	0	0
3.018	0	0	0	0	0	0	0	0	0
2.979	0	0	0	0	0	0	0	0	0
3.02	0	0	0	0	0	0	0	0	0
3.083	0	0	0	0	0	0	0	0	0
3.123	0	0	0	0	0	0	0	0	0
3.091	0	0	0	0	0	0	0	0	0
3.086	0	0	0	0	0	0	0	0	0
3.108	0	0	0	0	0	0	0	0	0
3.057	0	0	0	0	0	0	0	0	0
2.935	0	0	0	0	0	0	0	0	0
2.791	0	0	0	0	0	0	0	0	0
2.473	0	0	0	0	0	0	0	0	0
2.146	0	0	0	0	0	0	0	0	0
1.816	0	0	0	0	0	0	0	0	0
1.565	0	0	0	0	0	0	0	0	0
1.372	0	0	0	0	0	0	0	0	0
1.174	0	0	0	0	0	0	0	0	0
1.023	0	0	0	0	0	0	0	0	0
0.864	0	0	0	0	0	0	0	0	0
0.708	0	0	0	0	0	0	0	0	0
0.581	0	0	0	0	0	0	0	0	0
0.491	0	0	0	0	0	0	0	0	0
0.437	0	0	0	0	0	0	0	0	0
0.41	0	0	0	0	0	0	0	0	0
