0.173	0.178	0.161	0.166	0.156	0.176	0.168	0.156	0.193	0.183
0.173	0.171	0.166	0.166	0.159	0.173	0.171	0.154	0.193	0.186
0.171	0.171	0.164	0.164	0.154	0.176	0.166	0.154	0.193	0.183
0.168	0.171	0.161	0.164	0.164	0.176	0.168	0.156	0.195	0.183
0.171	0.171	0.164	0.166	0.159	0.176	0.171	0.156	0.193	0.186
0.164	0.171	0.164	0.164	0.159	0.173	0.168	0.154	0.193	0.19
0.166	0.173	0.161	0.166	0.151	0.176	0.171	0.156	0.2	0.181
0.164	0.171	0.159	0.166	0.166	0.178	0.168	0.159	0.193	0.183
0.171	0.171	0.161	0.164	0.166	0.178	0.171	0.159	0.193	0.186
0.173	0.173	0.161	0.164	0.161	0.178	0.168	0.161	0.188	0.181
0.173	0.171	0.161	0.166	0.159	0.176	0.171	0.161	0.193	0.183
0.173	0.173	0.161	0.166	0.159	0.178	0.164	0.156	0.19	0.188
0.173	0.171	0.156	0.164	0.159	0.173	0.168	0.146	0.188	0.186
0.176	0.171	0.161	0.164	0.154	0.171	0.168	0.156	0.188	0.188
0.171	0.171	0.159	0.164	0.161	0.173	0.168	0.154	0.186	0.183
0.168	0.171	0.159	0.164	0.164	0.171	0.168	0.149	0.188	0.186
0.173	0.171	0.166	0.164	0.159	0.176	0.166	0.149	0.193	0.183
0.166	0.171	0.159	0.161	0.156	0.176	0.166	0.149	0.193	0.186
0.171	0.171	0.164	0.164	0.159	0.171	0.166	0.149	0.19	0.212
0.173	0.168	0.161	0.161	0.159	0.173	0.164	0.149	0.195	0.237
0.171	0.171	0.161	0.161	0.159	0.171	0.171	0.151	0.193	0.281
0.171	0.173	0.159	0.161	0.156	0.171	0.166	0.159	0.19	0.452
0.178	0.168	0.159	0.161	0.154	0.178	0.164	0.161	0.193	1.558
0.168	0.181	0.466	0.161	0.159	0.183	0.166	0.159	0.193	3.711
0.168	0.3	5.823	0.161	0.156	0.183	0.168	0.164	0.203	4.875
0.168	2.781	8.489	0.159	0.159	0.183	0.208	0.188	0.198	5.508
0.166	3.616	8.391	0.215	0.159	0.19	2.056	1.406	0.3	5.85
0.173	3.413	8.218	2.524	0.2	0.183	4.617	3.735	2.268	6.091
0.193	3.198	8.191	3.596	5.005	0.186	4.778	3.748	4.531	6.321
0.605	3	8.208	3.149	8.752	0.198	4.651	3.425	4.602	6.445
4.387	2.883	8.201	2.727	8.623	0.188	4.512	3.262	4.465	6.465
6.382	2.805	7.925	2.454	8.313	0.286	4.395	3.196	4.365	6.37
6.821	2.51	6.941	2.302	8.13	3.088	4.072	3.191	4.238	6.055
7.107	2.07	5.415	2.19	7.998	4.656	3.408	3.179	3.835	5.315
7.131	1.719	3.762	2.029	7.925	4.177	2.498	3.167	3.049	4.556
7.09	1.316	2.473	1.655	7.576	3.738	1.675	3.018	2.314	3.54
6.594	0.967	1.709	1.35	6.328	3.521	1.157	2.644	1.736	2.695
5.496	0.735	1.221	0.991	4.807	3.501	0.835	2.234	1.309	1.99
4.216	0.605	0.92	0.767	3.389	3.525	0.601	1.816	1.052	1.462
3.103	0.469	0.691	0.613	2.244	3.43	0.457	1.353	0.857	1.045
2.312	0.396	0.498	0.513	1.558	3	0.356	0.991	0.676	0.808
1.67	0.339	0.371	0.444	1.121	2.261	0.293	0.752	0.564	0.688
1.226	0.291	0.291	0.4	0.85	1.641	0.251	0.588	0.417	0.623
0.952	0.247	0.237	0.334	0.635	1.157	0.227	0.439	0.322	0.527
0.781	0.215	0.212	0.281	0.483	0.847	0.21	0.342	0.291	0.4
0.657	0.198	0.19	0.234	0.364	0.649	0.2	0.276	0.281	0.32
0.5	0.2	0.178	0.208	0.298	0.505	0.203	0.237	0.254	0.276
0.371	0.217	0.171	0.195	0.251	0.439	0.188	0.215	0.229	0.247
0.293	0.215	0.166	0.181	0.222	0.322	0.186	0.205	0.212	0.229
0.244	0.203	0.164	0.171	0.205	0.254	0.181	0.19	0.205	0.212
0.215	0.193	0.161	0.171	0.195	0.227	0.178	0.188	0.198	0.208
0.195	0.19	0.156	0.164	0.19	0.203	0.176	0.183	0.19	0.205
0.183	0.19	0.154	0.164	0.181	0.203	0.171	0.181	0.193	0.205
0.176	0.188	0.154	0.161	0.178	0.186	0.173	0.181	0.193	0.2
0.171	0.183	0.154	0.161	0.171	0.178	0.171	0.178	0.193	0.2
0.168	0.188	0.149	0.164	0.176	0.171	0.173	0.178	0.195	0.198
0.166	0.188	0.146	0.164	0.168	0.161	0.176	0.173	0.193	0.2
0.161	0.186	0.144	0.161	0.161	0.166	0.173	0.173	0.188	0.203
0.161	0.186	0.146	0.164	0.161	0.164	0.173	0.173	0.188	0.2
0.161	0.183	0.149	0.164	0.161	0.166	0.176	0.173	0.193	0.198
0.159	0.186	0.151	0.161	0.166	0.164	0.173	0.171	0.193	0.198
0.164	0.186	0.146	0.161	0.166	0.161	0.173	0.171	0.193	0.198
0.159	0.186	0.146	0.159	0.166	0.164	0.168	0.168	0.19	0.2
0.164	0.186	0.146	0.159	0.166	0.164	0.168	0.176	0.193	0.2
0.159	0.186	0.151	0.159	0.166	0.164	0.166	0.171	0.19	0.198
0.164	0.186	0.151	0.156	0.166	0.164	0.166	0.171	0.19	0.2
0.164	0.186	0.151	0.161	0.168	0.168	0.166	0.173	0.193	0.198
0.161	0.186	0.149	0.159	0.171	0.173	0.168	0.176	0.19	0.203
0.164	0.186	0.151	0.161	0.168	0.168	0.164	0.168	0.193	0.203
0.161	0.188	0.149	0.159	0.171	0.168	0.168	0.176	0.19	0.198
0.164	0.188	0.149	0.159	0.171	0.168	0.171	0.166	0.193	0.208
0.164	0.186	0.149	0.159	0.168	0.171	0.166	0.168	0.193	0.2
0.161	0.186	0.151	0.159	0.168	0.171	0.168	0.166	0.193	0.198
0.161	0.188	0.144	0.161	0.171	0.168	0.171	0.166	0.19	0.198
0.161	0.186	0.149	0.156	0.168	0.168	0.168	0.166	0.193	0.2
0.161	0.186	0.151	0.161	0.168	0.168	0.166	0.176	0.193	0.2
0.161	0.186	0.151	0.159	0.168	0.171	0.168	0.164	0.193	0.2
0.159	0.186	0.151	0.161	0.168	0.173	0.171	0.164	0.19	0.205
0.159	0.186	0.154	0.161	0.173	0.173	0.166	0.156	0.19	0.2
0.159	0.183	0.149	0.164	0.168	0.176	0.171	0.161	0.188	0.2
0.159	0.183	0.21	0.166	0.166	0.166	0.168	0.161	0.19	0.198
0.154	0.186	0.312	0.164	0.166	0.171	0.259	0.161	0.186	0.2
0.159	0.2	0.53	0.168	0.164	0.173	0.417	0.161	0.188	0.2
0.159	0.32	4.927	0.161	0.166	0.171	2.939	0.161	0.193	0.208
0.161	0.403	8.457	0.161	0.166	0.173	8.73	0.164	0.205	0.21
0.161	0.876	9.253	0.161	0.237	0.176	9.248	0.164	0.476	0.435
0.171	5.857	9.25	0.247	0.342	0.173	9.25	0.164	3.096	1.628
0.256	8.447	9.253	0.327	0.562	0.173	9.25	0.259	6.868	5.354
0.315	9.246	9.25	0.454	3.562	0.176	9.253	2.471	8.765	7.361
0.75	9.253	9.255	2.07	6.697	0.173	9.253	8.301	9.253	8.699
4.719	9.255	9.253	6.365	7.664	0.173	9.253	9.248	9.255	9.253
7.795	9.255	9.258	8.254	8.376	0.315	9.263	9.25	9.25	9.253
9.053	9.255	9.165	8.992	8.821	0.425	9.26	9.253	9.25	9.258
9.258	9.258	8.259	9.25	9.197	2.485	8.867	9.253	9.258	9.25
9.248	9.26	7.202	9.255	9.255	7.769	7.898	9.253	9.263	9.258
9.258	9.16	6.077	9.255	9.255	9.258	6.802	9.253	9.26	8.728
9.255	8.738	5.024	9.255	9.255	9.253	5.522	9.253	9.009	7.683
9.255	8.071	3.958	9.043	9.258	9.255	4.375	9.258	8.047	6.562
9.26	7.19	3.066	8.303	8.892	9.248	3.352	9.26	6.731	5.239
8.562	6.284	2.422	7.351	8.23	9.255	2.6	9.121	5.305	4.131
7.673	5.405	1.936	6.389	7.512	9.253	1.978	8.525	4.053	3.215
6.621	4.478	1.494	5.498	6.758	9.263	1.477	7.402	3.069	2.473
5.547	3.533	1.074	4.661	5.781	8.772	1.079	6.101	2.256	1.814
4.609	2.576	0.754	3.757	4.68	7.917	0.769	4.827	1.633	1.318
3.743	1.941	0.598	3.013	3.75	7.144	0.574	3.662	1.155	0.95
3.059	1.509	0.476	2.405	2.93	6.194	0.447	2.812	0.798	0.706
2.517	1.167	0.417	1.912	2.268	5.098	0.376	2.195	0.574	0.522
2.08	0.92	0.396	1.458	1.694	4.089	0.386	1.663	0.435	0.4
1.575	0.696	0.352	1.067	1.187	3.154	0.354	1.187	0.344	0.322
1.199	0.503	0.303	0.745	0.825	2.39	0.31	0.82	0.295	0.264
0.884	0.393	0.271	0.593	0.598	1.768	0.266	0.576	0.266	0.239
0.649	0.337	0.247	0.479	0.5	1.277	0.232	0.427	0.239	0.215
0.522	0.312	0.237	0.403	0.403	0.964	0.217	0.325	0.22	0.2
0.449	0.293	0.229	0.352	0.334	0.715	0.203	0.269	0.208	0.195
0.427	0.261	0.225	0.33	0.305	0.588	0.195	0.261	0.203	0.193
0.447	0.217	0.22	0.278	0.254	0.469	0.186	0.227	0.2	0.186
0.378	0.2	0.222	0.232	0.222	0.398	0.181	0.195	0.198	0.183
0.317	0.188	0.222	0.208	0.2	0.391	0.183	0.181	0.195	0.183
0.269	0.178	0.217	0.205	0.186	0.376	0.183	0.176	0.19	0.183
0.237	0.173	0.215	0.205	0.181	0.339	0.176	0.173	0.195	0.183
0.217	0.171	0.212	0.208	0.183	0.295	0.181	0.176	0.193	0.183
0.203	0.171	0.212	0.205	0.173	0.256	0.178	0.171	0.193	0.186
0.198	0.171	0.212	0.212	0.173	0.229	0.181	0.168	0.19	0.193
0.2	0.166	0.208	0.215	0.171	0.212	0.181	0.166	0.2	0.188
0.19	0.164	0.205	0.22	0.168	0.2	0.181	0.168	0.193	0.19
0.188	0.166	0.212	0.217	0.166	0.193	0.181	0.166	0.193	0.188
0.186	0.166	0.215	0.217	0.166	0.186	0.178	0.171	0.195	0.181
0.188	0.168	0.212	0.217	0.166	0.186	0.181	0.168	0.198	0.186
0.183	0.164	0.212	0.215	0.161	0.183	0.178	0.168	0.198	0.186
0.186	0.164	0.21	0.217	0.159	0.181	0.181	0.166	0.193	0.186
0.186	0.164	0.205	0.22	0.164	0.181	0.186	0.166	0.195	0.186
0.183	0.164	0.21	0.217	0.164	0.183	0.178	0.164	0.193	0.186
0.181	0.164	0.208	0.215	0.164	0.183	0.181	0.161	0.195	0.181
0.181	0.161	0.205	0.215	0.166	0.181	0.183	0.159	0.193	0.176
0.183	0.161	0.205	0.22	0.166	0.166	0.176	0.161	0.193	0.186
0.183	0.164	0.205	0.217	0.164	0.176	0.178	0.159	0.198	0.181
0.183	0.164	0.212	0.227	0.164	0.173	0.178	0.159	0.195	0.186
0.176	0.159	0.208	0.215	0.161	0.176	0.171	0.156	0.195	0.186
0.168	0.159	0.215	0.215	0.159	0.171	0.178	0.159	0.195	0.181
0.173	0.161	0.208	0.212	0.161	0.171	0.176	0.161	0.198	0.183
0.173	0.159	0.212	0.215	0.164	0.171	0.171	0.159	0.2	0.186
0.173	0.161	0.22	0.212	0.168	0.171	0.178	0.156	0.2	0.186
0.173	0.164	0.249	0.21	0.168	0.173	0.181	0.159	0.198	0.205
0.178	0.161	0.266	0.212	0.168	0.173	0.178	0.156	0.19	0.215
0.176	0.161	0.586	0.212	0.176	0.173	0.186	0.161	0.198	1.218
0.178	0.164	2.463	0.217	0.168	0.178	0.205	0.159	0.208	3.071
0.178	0.164	3.103	0.212	0.171	0.178	0.256	0.156	0.249	4.102
0.183	0.178	3.403	0.215	0.168	0.181	2.539	0.156	2.214	4.675
0.183	0.222	3.672	0.234	0.181	0.181	3.359	0.154	4.453	4.961
0.178	0.271	3.918	0.249	0.203	0.181	3.44	0.151	4.805	5.037
0.178	1.487	4.026	0.271	0.208	0.181	3.696	0.186	4.941	4.954
0.212	2.566	4.058	0.322	1.36	0.181	3.884	0.237	5.039	4.846
0.251	2.788	3.987	1.311	2.241	0.178	4.028	0.278	5.081	4.575
0.437	3.022	3.665	2.537	2.305	0.181	4.006	0.613	4.978	4.133
3.298	3.096	3.228	3.047	2.422	0.181	3.838	2.412	4.683	3.679
5.544	3.13	2.737	3.296	2.529	0.19	3.359	2.966	4.158	3.086
6.401	3.113	2.261	3.45	2.593	0.234	2.734	3.083	3.511	2.5
6.812	2.817	1.782	3.535	2.563	0.303	2.17	3.206	2.815	2.039
7.029	2.327	1.335	3.611	2.49	0.752	1.692	3.306	2.1	1.538
7.163	1.936	1.067	3.687	2.278	2.397	1.34	3.308	1.453	1.121
7.053	1.475	0.811	3.728	1.956	3.057	1.001	3.157	1.008	0.793
6.519	1.125	0.615	3.606	1.631	3.293	0.776	2.622	0.73	0.583
5.671	0.872	0.476	3.323	1.309	3.491	0.603	2.075	0.54	0.444
4.739	0.696	0.371	2.927	0.991	3.813	0.471	1.467	0.408	0.344
3.958	0.552	0.291	2.375	0.735	3.999	0.386	1.05	0.332	0.283
3.286	0.425	0.247	1.887	0.527	4.087	0.315	0.776	0.273	0.254
2.605	0.334	0.203	1.482	0.393	4.053	0.254	0.591	0.247	0.229
1.821	0.271	0.186	1.094	0.315	3.684	0.222	0.464	0.222	0.215
1.287	0.227	0.173	0.84	0.276	3.135	0.195	0.364	0.21	0.208
0.933	0.2	0.171	0.649	0.247	2.644	0.181	0.295	0.2	0.2
0.725	0.186	0.164	0.503	0.215	2.041	0.168	0.239	0.198	0.195
0.559	0.181	0.161	0.41	0.2	1.541	0.168	0.21	0.193	0.19
0.439	0.176	0.159	0.332	0.181	1.101	0.173	0.193	0.193	0.188
0.369	0.171	0.159	0.278	0.171	0.891	0.168	0.181	0.193	0.188
0.317	0.168	0.159	0.234	0.164	0.686	0.171	0.166	0.193	0.188
0.266	0.173	0.161	0.208	0.164	0.547	0.171	0.164	0.193	0.186
0.227	0.168	0.154	0.195	0.164	0.442	0.164	0.159	0.195	0.186
0.198	0.168	0.159	0.188	0.161	0.342	0.161	0.154	0.193	0.186
0.19	0.164	0.159	0.181	0.164	0.276	0.161	0.154	0.19	0.193
0.183	0.161	0.154	0.176	0.164	0.237	0.161	0.149	0.198	0.183
0.176	0.156	0.154	0.171	0.161	0.215	0.164	0.146	0.19	0.181
0.168	0.149	0.154	0.168	0.161	0.2	0.156	0.156	0.186	0.183
0.168	0.159	0.156	0.171	0.159	0.186	0.161	0.168	0.188	0.176
0.168	0.156	0.159	0.166	0.161	0.181	0.161	0.176	0.188	0.181
0.171	0.159	0.156	0.168	0.161	0.176	0.161	0.186	0.186	0.183
0.171	0.159	0.156	0.166	0.159	0.173	0.164	0.178	0.183	0.181
0.173	0.154	0.156	0.164	0.156	0.173	0.166	0.176	0.181	0.186
0.168	0.151	0.154	0.166	0.151	0.173	0.166	0.183	0.186	0.183
0.171	0.154	0.154	0.161	0.156	0.176	0.166	0.176	0.186	0.186
0.168	0.159	0.154	0.161	0.166	0.178	0.168	0.178	0.19	0.186
0.171	0.164	0.159	0.164	0.164	0.176	0.166	0.181	0.186	0.181
0.171	0.161	0.161	0.161	0.166	0.176	0.168	0.183	0.183	0.19
0.181	0.161	0.164	0.164	0.164	0.173	0.171	0.176	0.186	0.183
0.178	0.161	0.159	0.164	0.164	0.178	0.168	0.181	0.183	0.181
0.176	0.164	0.156	0.159	0.164	0.173	0.171	0.183	0.183	0.178
0.173	0.161	0.159	0.156	0.171	0.173	0.166	0.183	0.183	0.181
0.178	0.156	0.156	0.159	0.166	0.173	0.168	0.186	0.188	0.186
0.178	0.161	0.156	0.156	0.166	0.178	0.173	0.188	0.186	0.183
0.176	0.161	0.156	0.156	0.168	0.173	0.173	0.19	0.181	0.183
0.176	0.159	0.154	0.161	0.168	0.171	0.168	0.188	0.188	0.186
0.176	0.156	0.154	0.164	0.171	0.171	0.168	0.188	0.186	0.181
0.176	0.156	0.151	0.161	0.164	0.173	0.168	0.188	0.183	0.181
0.171	0.151	0.149	0.164	0.164	0.171	0.171	0.186	0.186	0.181
0.168	0.154	0.166	0.164	0.166	0.176	0.171	0.188	0.186	0.178
0.168	0.156	0.149	0.166	0.166	0.171	0.168	0.183	0.19	0.181
0.171	0.156	0.146	0.173	0.166	0.173	0.171	0.183	0.186	0.178
0.168	0.159	0.151	0.166	0.166	0.178	0.168	0.183	0.186	0.178
0.168	0.156	0.156	0.168	0.166	0.168	0.168	0.186	0.186	0.178
0.171	0.149	0.154	0.168	0.164	0.168	0.171	0.188	0.186	0.176
0.168	0.156	0.151	0.166	0.166	0.168	0.166	0.188	0.186	0.178
0.168	0.159	0.151	0.164	0.166	0.171	0.171	0.19	0.186	0.178
0.176	0.156	0.151	0.164	0.164	0.168	0.166	0.188	0.183	0.181
0.168	0.159	0.151	0.159	0.166	0.168	0.166	0.19	0.188	0.176
0.173	0.159	0.144	0.161	0.164	0.171	0.168	0.193	0.186	0.178
0.168	0.154	0.149	0.161	0.164	0.171	0.168	0.19	0.19	0.178
0.168	0.156	0.149	0.156	0.166	0.173	0.176	0.188	0.19	0.176
0.168	0.159	0.149	0.161	0.161	0.173	0.168	0.186	0.186	0.181
0.173	0.156	0.151	0.164	0.166	0.173	0.168	0.183	0.186	0.186
0.164	0.159	0.19	0.166	0.164	0.173	0.168	0.186	0.186	0.181
0.168	0.159	0.217	0.168	0.164	0.173	0.168	0.186	0.19	0.181
0.168	0.159	3.206	0.168	0.161	0.171	0.166	0.186	0.186	0.178
0.168	0.159	7.383	0.168	0.164	0.173	0.212	0.181	0.186	0.183
0.168	0.154	8.423	0.168	0.164	0.173	0.21	0.178	0.195	0.198
0.166	0.161	8.574	0.168	0.161	0.173	0.327	0.181	0.19	0.288
0.166	0.256	8.706	0.171	0.164	0.171	3.269	0.186	0.237	3.481
0.168	1.501	8.789	0.171	0.164	0.173	5.115	0.208	1.926	6.443
0.171	5.139	8.625	0.166	0.176	0.168	5.432	1.028	4.658	6.914
0.166	6.389	7.668	0.168	1.096	0.173	5.554	5.146	6.006	6.78
0.171	6.968	6.497	0.166	6.201	0.171	5.686	7.395	6.672	6.709
0.193	7.341	5.107	0.166	8.826	0.173	5.737	7.839	6.953	6.628
0.61	7.495	3.887	0.164	9.255	0.173	5.754	8.079	7.144	6.606
4.492	7.314	2.908	0.161	9.25	0.173	5.53	8.25	7.227	6.448
7.104	6.721	2.117	0.256	9.255	0.181	4.929	8.323	6.917	5.718
8.213	5.796	1.499	4.172	9.258	0.42	4.055	8.21	5.962	4.568
8.787	4.617	1.104	7.603	9.255	5.259	3.296	7.571	4.861	3.557
9.062	3.523	0.889	8.928	8.689	8.687	2.556	6.55	3.733	2.747
9.211	2.656	0.732	9.253	7.627	9.255	1.943	5.356	2.764	2.114
9.211	1.936	0.566	9.253	6.257	9.253	1.499	4.441	2.041	1.667
8.262	1.428	0.413	9.253	5.061	9.25	1.169	3.564	1.489	1.289
7.002	1.089	0.317	9.255	3.813	9.255	0.95	2.573	1.089	1.008
5.593	0.867	0.266	9.084	2.671	9.016	0.781	1.741	0.842	0.825
4.436	0.701	0.232	8.171	1.79	7.627	0.593	1.279	0.642	0.63
3.491	0.608	0.208	7.229	1.287	6.189	0.435	0.979	0.474	0.466
2.629	0.547	0.19	6.125	0.977	4.875	0.334	0.781	0.374	0.364
1.931	0.398	0.188	5.034	0.762	3.748	0.278	0.605	0.303	0.303
1.44	0.315	0.178	3.831	0.571	2.8	0.237	0.454	0.261	0.271
1.077	0.254	0.171	2.639	0.422	1.985	0.21	0.349	0.232	0.239
0.793	0.222	0.168	1.809	0.33	1.445	0.183	0.288	0.215	0.222
0.608	0.203	0.164	1.328	0.266	1.094	0.171	0.256	0.208	0.2
0.449	0.19	0.164	0.991	0.229	0.847	0.171	0.232	0.198	0.2
0.339	0.186	0.164	0.789	0.205	0.674	0.171	0.21	0.195	0.193
0.273	0.173	0.164	0.603	0.19	0.522	0.166	0.203	0.195	0.193
0.227	0.171	0.164	0.457	0.178	0.398	0.166	0.198	0.195	0.188
0.208	0.171	0.164	0.349	0.168	0.325	0.166	0.19	0.183	0.186
0.186	0.164	0.161	0.283	0.168	0.273	0.166	0.188	0.186	0.188
0.176	0.166	0.166	0.239	0.166	0.239	0.164	0.186	0.188	0.183
0.168	0.166	0.164	0.205	0.164	0.225	0.164	0.186	0.188	0.186
0.164	0.166	0.159	0.193	0.166	0.21	0.166	0.186	0.186	0.183
0.164	0.166	0.161	0.178	0.164	0.198	0.166	0.186	0.186	0.183
0.164	0.164	0.164	0.176	0.161	0.193	0.164	0.186	0.183	0.188
0.159	0.164	0.164	0.171	0.161	0.19	0.164	0.183	0.188	0.19
0.164	0.164	0.154	0.171	0.166	0.188	0.166	0.178	0.181	0.188
0.159	0.171	0.159	0.161	0.168	0.186	0.161	0.183	0.186	0.186
0.154	0.161	0.154	0.164	0.164	0.183	0.164	0.181	0.183	0.186
0.156	0.164	0.154	0.166	0.166	0.186	0.166	0.181	0.186	0.188
0.154	0.161	0.161	0.161	0.161	0.183	0.168	0.186	0.19	0.186
0.149	0.164	0.156	0.166	0.161	0.186	0.171	0.183	0.183	0.183
0.149	0.166	0.151	0.166	0.161	0.183	0.171	0.183	0.181	0.181
0.151	0.161	0.154	0.168	0.161	0.186	0.173	0.181	0.188	0.178
0.151	0.164	0.156	0.171	0.159	0.183	0.173	0.181	0.188	0.181
0.154	0.166	0.151	0.171	0.156	0.181	0.176	0.181	0.186	0.181
0.154	0.164	0.151	0.171	0.159	0.183	0.176	0.181	0.183	0.183
0.156	0.164	0.154	0.168	0.159	0.178	0.166	0.188	0.183	0.181
0.146	0.164	0.156	0.168	0.159	0.183	0.168	0.181	0.183	0.178
0.156	0.164	0.154	0.168	0.161	0.183	0.159	0.183	0.186	0.178
0.154	0.166	0.154	0.168	0.164	0.178	0.146	0.183	0.183	0.181
0.149	0.164	0.154	0.166	0.159	0.183	0.142	0.181	0.183	0.183
0.151	0.164	0.154	0.166	0.161	0.183	0.156	0.181	0.178	0.183
0.151	0.164	0.151	0.168	0.166	0.186	0.164	0.181	0.186	0.19
0.149	0.164	0.225	0.166	0.166	0.183	0.166	0.178	0.183	0.188
0.146	0.156	0.315	0.166	0.166	0.183	0.164	0.173	0.181	0.19
0.149	0.164	0.608	0.164	0.168	0.183	0.168	0.181	0.21	0.19
0.149	0.166	3.928	0.164	0.173	0.183	0.161	0.178	0.291	0.188
0.149	0.164	7.664	0.164	0.171	0.183	0.159	0.178	0.359	0.247
0.149	0.164	9.128	0.164	0.171	0.188	0.183	0.173	2.087	0.298
0.151	0.166	9.253	0.161	0.168	0.188	0.388	0.178	6.44	0.61
0.149	0.261	9.25	0.159	0.173	0.186	3.796	0.181	8.73	6.323
0.151	0.305	9.255	0.161	0.171	0.186	9.026	0.178	9.253	8.779
0.151	0.657	9.255	0.161	0.171	0.186	9.248	0.205	9.25	9.255
0.156	5.156	9.258	0.164	0.176	0.186	9.25	0.217	9.253	9.255
0.19	8.064	9.258	0.161	0.264	0.186	9.246	0.393	9.25	9.25
0.281	9.231	8.982	0.161	0.403	0.183	9.253	4.69	9.26	9.253
0.52	9.248	8.33	0.159	1.968	0.186	9.253	9.07	9.26	9.255
5.471	9.25	7.578	0.159	7	0.205	9.253	9.25	9.001	9.26
9.036	9.255	6.694	0.166	9.248	0.259	9.255	9.255	8.259	9.258
9.25	9.258	5.757	0.22	9.253	0.42	9.258	9.248	7.444	8.931
9.253	9.26	4.775	0.408	9.253	1.812	9.231	9.253	6.311	8.105
9.253	9.048	3.96	1.77	9.248	6.926	8.396	9.248	5.017	7.075
9.25	8.459	3.369	7.1	9.255	9.246	7.114	9.255	3.63	6.201
9.255	7.788	2.749	9.25	9.255	9.255	5.706	9.255	2.612	5.161
9.253	7.1	2.178	9.253	9.26	9.253	4.355	9.26	1.882	4.329
9.255	6.177	1.636	9.255	9.26	9.253	3.306	9.263	1.343	3.491
8.928	5.037	1.169	9.253	8.872	9.255	2.52	8.84	0.962	2.654
8.064	3.748	0.833	9.253	8.257	9.255	1.851	7.891	0.713	2.012
7.046	2.651	0.618	9.253	7.402	9.258	1.326	6.877	0.564	1.516
6.06	1.917	0.444	9.258	6.458	9.17	0.93	5.693	0.439	1.099
4.941	1.416	0.342	9.26	5.637	8.44	0.652	4.558	0.354	0.789
3.879	1.089	0.322	8.931	4.685	7.603	0.479	3.616	0.288	0.596
2.913	0.803	0.278	8.303	3.848	6.523	0.364	2.849	0.254	0.454
2.166	0.596	0.225	7.483	3.11	5.42	0.312	2.17	0.259	0.4
1.682	0.469	0.203	6.311	2.483	4.438	0.266	1.594	0.254	0.391
1.304	0.378	0.19	5.244	2.029	3.516	0.225	1.121	0.234	0.391
0.962	0.342	0.173	4.336	1.543	2.812	0.205	0.762	0.222	0.378
0.732	0.33	0.168	3.499	1.064	2.112	0.195	0.544	0.21	0.33
0.525	0.3	0.161	2.837	0.728	1.443	0.188	0.413	0.205	0.286
0.396	0.249	0.156	2.109	0.518	1.001	0.173	0.356	0.198	0.249
0.337	0.217	0.159	1.538	0.425	0.698	0.166	0.378	0.19	0.227
0.315	0.193	0.156	1.074	0.393	0.5	0.168	0.396	0.188	0.212
0.31	0.178	0.156	0.745	0.391	0.393	0.166	0.344	0.186	0.198
0.281	0.173	0.159	0.532	0.339	0.374	0.164	0.354	0.186	0.193
0.239	0.166	0.156	0.396	0.33	0.325	0.168	0.293	0.176	0.195
0.215	0.164	0.161	0.308	0.305	0.281	0.164	0.256	0.173	0.19
0.2	0.164	0.161	0.259	0.288	0.239	0.166	0.237	0.178	0.186
0.193	0.161	0.159	0.222	0.278	0.217	0.168	0.22	0.183	0.186
0.186	0.159	0.161	0.2	0.269	0.198	0.166	0.21	0.19	0.186
0.176	0.159	0.151	0.188	0.269	0.19	0.168	0.208	0.188	0.188
0.178	0.164	0.164	0.176	0.269	0.183	0.166	0.2	0.19	0.183
0.178	0.164	0.166	0.173	0.256	0.178	0.164	0.195	0.19	0.186
0.173	0.161	0.166	0.166	0.254	0.176	0.166	0.193	0.188	0.188
0.168	0.161	0.166	0.164	0.256	0.171	0.164	0.193	0.19	0.188
0.168	0.164	0.168	0.164	0.259	0.171	0.164	0.193	0.193	0.19
0.166	0.166	0.168	0.159	0.249	0.166	0.161	0.195	0.186	0.188
0.166	0.164	0.168	0.159	0.234	0.164	0.156	0.19	0.19	0.181
0.166	0.164	0.171	0.161	0.227	0.166	0.166	0.183	0.186	0.19
0.168	0.168	0.171	0.164	0.227	0.166	0.176	0.181	0.19	0.188
0.168	0.168	0.173	0.159	0.227	0.164	0.178	0.181	0.193	0.186
0.166	0.166	0.168	0.161	0.227	0.164	0.178	0.181	0.195	0.188
0.166	0.166	0.168	0.164	0.232	0.164	0.183	0.193	0.19	0.186
0.168	0.166	0.168	0.164	0.229	0.164	0.176	0.186	0.195	0.186
0.166	0.166	0.168	0.159	0.22	0.161	0.181	0.183	0.186	0.186
0.166	0.168	0.166	0.161	0.22	0.161	0.183	0.186	0.188	0.188
0.171	0.166	0.168	0.159	0.22	0.161	0.183	0.186	0.198	0.186
0.176	0.166	0.166	0.159	0.22	0.164	0.183	0.186	0.193	0.186
0.173	0.164	0.171	0.161	0.22	0.161	0.183	0.183	0.19	0.186
0.176	0.166	0.168	0.159	0.222	0.161	0.181	0.181	0.193	0.183
0.176	0.164	0.166	0.154	0.217	0.164	0.181	0.186	0.195	0.186
0.176	0.164	0.164	0.166	0.227	0.164	0.186	0.186	0.195	0.188
0.176	0.161	0.159	0.154	0.229	0.159	0.181	0.186	0.215	0.186
0.178	0.156	0.161	0.154	0.229	0.161	0.183	0.186	0.266	0.188
0.171	0.156	0.183	0.156	0.232	0.164	0.186	0.183	0.298	0.186
0.178	0.159	0.215	0.156	0.237	0.164	0.19	0.183	1.06	0.247
0.173	0.205	0.359	0.156	0.237	0.164	0.193	0.183	3.081	0.281
0.173	0.249	1.353	0.159	0.237	0.164	0.225	0.183	3.469	0.327
0.173	0.43	4.136	0.159	0.232	0.164	2.261	0.183	3.721	0.413
0.171	2.454	5.076	0.159	0.225	0.186	3.84	0.178	4.16	1.24
0.176	3.318	5.442	0.159	0.229	0.208	3.945	0.183	4.404	2.002
0.168	3.54	5.518	0.156	0.291	0.247	3.992	0.205	4.548	2.312
0.168	3.779	5.447	0.159	0.381	0.5	4.028	0.251	4.57	2.529
0.171	3.928	5.417	0.156	0.718	1.787	4.045	0.269	4.331	2.61
0.168	3.967	5.325	0.159	2.756	2.075	4.041	0.342	3.738	2.678
0.171	3.728	4.832	0.156	4.043	2.18	3.848	1.252	3.015	2.803
0.234	3.254	4.224	0.154	4.668	2.244	3.496	2.346	2.368	2.917
0.308	2.598	3.54	0.156	5.083	2.28	3.066	2.874	1.843	2.986
0.574	2.007	2.92	0.154	5.334	2.356	2.485	3.027	1.389	2.959
3.777	1.487	2.151	0.161	5.479	2.358	2.021	3.113	1.021	2.634
5.62	1.06	1.509	0.208	5.535	2.166	1.541	3.167	0.75	2.314
6.365	0.762	1.062	0.293	5.491	1.956	1.091	3.225	0.569	1.929
6.653	0.566	0.774	1.902	5.103	1.565	0.813	3.123	0.464	1.592
6.753	0.449	0.574	3.943	4.299	1.345	0.625	2.751	0.383	1.235
6.758	0.366	0.452	4.763	3.521	1.042	0.5	2.18	0.342	0.989
6.589	0.303	0.364	4.941	2.751	0.771	0.42	1.594	0.291	0.798
6.021	0.251	0.295	5.002	2.029	0.657	0.344	1.182	0.254	0.596
5.093	0.215	0.247	5.049	1.514	0.559	0.286	0.845	0.229	0.459
4.119	0.193	0.215	5.137	1.096	0.461	0.249	0.703	0.22	0.371
3.23	0.186	0.198	5.112	0.835	0.378	0.227	0.581	0.208	0.305
2.322	0.181	0.186	4.69	0.64	0.3	0.215	0.498	0.203	0.266
1.602	0.173	0.181	3.86	0.51	0.254	0.2	0.417	0.2	0.239
1.118	0.173	0.171	2.991	0.43	0.227	0.188	0.334	0.195	0.227
0.825	0.168	0.164	2.241	0.332	0.205	0.193	0.269	0.19	0.212
0.652	0.166	0.164	1.624	0.269	0.19	0.193	0.234	0.195	0.205
0.537	0.161	0.159	1.172	0.229	0.181	0.186	0.217	0.19	0.203
0.461	0.159	0.161	0.901	0.215	0.176	0.181	0.203	0.19	0.2
0.366	0.159	0.161	0.696	0.193	0.173	0.183	0.198	0.19	0.195
0.305	0.161	0.159	0.525	0.186	0.173	0.178	0.19	0.188	0.2
0.249	0.159	0.161	0.4	0.171	0.173	0.181	0.19	0.19	0.193
0.22	0.156	0.156	0.31	0.171	0.171	0.183	0.19	0.198	0.19
0.2	0.159	0.156	0.256	0.171	0.171	0.178	0.188	0.193	0.198
0.188	0.159	0.156	0.22	0.171	0.161	0.183	0.188	0.198	0.186
0.181	0.159	0.154	0.203	0.171	0.164	0.181	0.195	0.195	0.186
0.176	0.156	0.159	0.181	0.168	0.161	0.188	0.186	0.193	0.183
0.181	0.156	0.161	0.173	0.168	0.159	0.186	0.188	0.19	0.186
0.168	0.151	0.159	0.166	0.164	0.161	0.186	0.188	0.198	0.19
0.166	0.154	0.159	0.161	0.161	0.159	0.188	0.186	0.193	0.188
0.166	0.151	0.164	0.164	0.159	0.156	0.186	0.183	0.19	0.186
0.164	0.151	0.164	0.164	0.159	0.156	0.19	0.186	0.193	0.186
0.164	0.149	0.161	0.161	0.161	0.154	0.188	0.183	0.19	0.188
0.159	0.151	0.159	0.164	0.159	0.154	0.19	0.183	0.193	0.19
0.166	0.156	0.166	0.161	0.161	0.159	0.188	0.183	0.193	0.19
0.161	0.159	0.164	0.161	0.161	0.154	0.183	0.178	0.193	0.195
0.159	0.161	0.161	0.161	0.161	0.159	0.181	0.181	0.188	0.193
0.159	0.161	0.164	0.154	0.161	0.156	0.186	0.181	0.193	0.19
0.156	0.161	0.161	0.161	0.159	0.159	0.188	0.181	0.193	0.19
0.156	0.161	0.161	0.159	0.154	0.154	0.188	0.183	0.19	0.193
0.161	0.164	0.161	0.159	0.164	0.151	0.188	0.178	0.19	0.193
0.156	0.164	0.159	0.159	0.161	0.151	0.186	0.178	0.19	0.193
0.161	0.164	0.159	0.156	0.164	0.151	0.188	0.181	0.195	0.195
0.159	0.164	0.159	0.156	0.161	0.154	0.181	0.178	0.19	0.198
0.164	0.164	0.156	0.159	0.161	0.156	0.183	0.181	0.188	0.195
0.159	0.166	0.159	0.154	0.159	0.151	0.178	0.188	0.188	0.198
0.164	0.166	0.161	0.159	0.164	0.156	0.181	0.181	0.188	0.195
0.161	0.161	0.161	0.159	0.166	0.154	0.178	0.181	0.188	0.2
0.164	0.164	0.164	0.159	0.166	0.151	0.178	0.183	0.188	0.198
0.159	0.164	0.151	0.164	0.166	0.156	0.181	0.183	0.188	0.198
0.156	0.166	0.159	0.159	0.166	0.149	0.186	0.183	0.188	0.195
0.159	0.164	0.161	0.156	0.166	0.151	0.181	0.178	0.188	0.195
0.156	0.166	0.161	0.151	0.168	0.151	0.178	0.181	0.193	0.195
0.159	0.166	0.159	0.151	0.164	0.156	0.181	0.183	0.19	0.195
0.156	0.166	0.164	0.159	0.178	0.154	0.178	0.188	0.19	0.195
0.156	0.176	0.159	0.156	0.166	0.154	0.176	0.188	0.19	0.198
0.156	0.166	0.159	0.156	0.166	0.151	0.176	0.188	0.188	0.198
0.156	0.166	0.161	0.156	0.166	0.154	0.176	0.186	0.186	0.195
0.159	0.164	0.154	0.159	0.168	0.154	0.176	0.186	0.186	0.195
0.159	0.166	0.156	0.159	0.166	0.156	0.173	0.186	0.186	0.195
0.159	0.171	0.161	0.161	0.171	0.154	0.181	0.186	0.19	0.195
0.156	0.164	0.159	0.166	0.166	0.154	0.176	0.183	0.198	0.193
0.156	0.161	0.232	0.164	0.166	0.151	0.181	0.188	0.525	0.193
0.159	0.203	3.135	0.164	0.164	0.154	0.178	0.183	4.26	0.188
0.156	0.84	5.996	0.159	0.164	0.154	0.186	0.188	5.715	0.239
0.159	3.765	6.243	0.161	0.161	0.176	0.388	0.188	5.488	1.89
0.156	5.293	6.14	0.164	0.164	0.784	3.975	0.186	5.403	3.77
0.159	5.432	6.116	0.159	0.164	2.346	6.516	0.188	5.366	4.253
0.156	5.334	6.033	0.159	0.164	3.042	7.048	0.19	5.293	4.402
0.154	5.173	5.618	0.161	0.164	3.323	7.266	0.19	5.215	4.519
0.159	4.985	4.917	0.161	0.164	3.494	7.263	0.242	4.963	4.604
0.156	4.556	3.909	0.164	0.186	3.606	7.166	3.66	4.539	4.678
0.156	3.853	2.954	0.166	0.659	3.65	6.587	6.113	3.918	4.702
0.154	3.018	2.222	0.164	4.871	3.43	5.469	6.277	3.274	4.641
0.164	2.283	1.667	0.166	6.904	3.027	4.309	6.182	2.537	4.211
0.227	1.741	1.255	0.166	6.963	2.507	3.318	6.206	1.885	3.645
2.2	1.394	0.989	0.164	6.96	2.041	2.419	6.24	1.289	2.947
5.82	1.069	0.798	0.164	6.914	1.602	1.704	6.086	0.896	2.097
6.772	0.852	0.645	0.166	6.814	1.113	1.238	5.232	0.662	1.438
6.982	0.71	0.483	0.164	6.472	0.82	0.955	4.043	0.51	1.025
7.09	0.593	0.356	0.159	5.549	0.652	0.774	2.966	0.398	0.759
7.095	0.474	0.281	0.161	4.492	0.537	0.586	2.148	0.327	0.559
6.536	0.417	0.234	0.161	3.601	0.459	0.432	1.497	0.288	0.43
5.493	0.315	0.205	0.208	2.671	0.356	0.334	1.111	0.273	0.356
4.292	0.256	0.186	3.345	1.855	0.291	0.283	0.867	0.261	0.3
3.218	0.217	0.168	7.019	1.331	0.249	0.261	0.708	0.247	0.266
2.473	0.193	0.156	8.914	1.021	0.222	0.244	0.522	0.229	0.242
1.919	0.181	0.159	9.25	0.801	0.208	0.215	0.396	0.215	0.229
1.477	0.176	0.151	9.253	0.64	0.198	0.2	0.322	0.208	0.222
1.211	0.171	0.151	9.255	0.471	0.19	0.19	0.273	0.205	0.212
0.979	0.166	0.154	9.26	0.359	0.186	0.181	0.242	0.2	0.21
0.808	0.166	0.151	9.199	0.286	0.186	0.178	0.22	0.2	0.21
0.608	0.164	0.159	7.988	0.242	0.176	0.176	0.203	0.19	0.205
0.437	0.161	0.156	6.553	0.215	0.183	0.168	0.193	0.186	0.203
0.327	0.166	0.161	5.01	0.195	0.178	0.168	0.193	0.183	0.203
0.264	0.166	0.161	3.535	0.188	0.181	0.168	0.19	0.183	0.203
0.225	0.164	0.159	2.356	0.178	0.181	0.166	0.186	0.183	0.205
0.205	0.164	0.159	1.677	0.173	0.178	0.164	0.195	0.186	0.205
0.186	0.164	0.156	1.216	0.171	0.173	0.164	0.186	0.181	0.208
0.176	0.164	0.161	0.911	0.173	0.173	0.164	0.181	0.183	0.2
0.168	0.164	0.161	0.693	0.168	0.173	0.154	0.181	0.181	0.203
0.166	0.159	0.159	0.532	0.168	0.164	0.156	0.181	0.186	0.203
0.164	0.161	0.159	0.398	0.166	0.166	0.154	0.178	0.188	0.203
0.161	0.164	0.159	0.312	0.168	0.168	0.149	0.181	0.19	0.198
0.159	0.161	0.161	0.264	0.168	0.166	0.156	0.178	0.188	0.2
0.156	0.161	0.159	0.232	0.171	0.168	0.154	0.176	0.19	0.203
0.161	0.161	0.156	0.205	0.168	0.166	0.156	0.178	0.188	0.203
0.159	0.164	0.161	0.195	0.166	0.171	0.156	0.178	0.186	0.203
0.161	0.159	0.161	0.186	0.171	0.166	0.159	0.176	0.186	0.2
0.159	0.164	0.159	0.186	0.166	0.164	0.159	0.171	0.183	0.203
0.159	0.159	0.159	0.183	0.168	0.166	0.164	0.176	0.181	0.205
0.156	0.159	0.154	0.181	0.164	0.164	0.159	0.178	0.181	0.2
0.154	0.159	0.154	0.178	0.166	0.166	0.154	0.176	0.173	0.205
0.156	0.159	0.156	0.178	0.168	0.168	0.156	0.176	0.176	0.198
0.156	0.156	0.149	0.176	0.166	0.168	0.156	0.176	0.176	0.2
0.159	0.159	0.156	0.178	0.164	0.171	0.159	0.178	0.181	0.203
0.156	0.159	0.156	0.181	0.164	0.173	0.161	0.181	0.173	0.203
0.156	0.159	0.156	0.176	0.166	0.171	0.159	0.181	0.178	0.198
0.161	0.159	0.151	0.176	0.166	0.171	0.159	0.178	0.178	0.198
0.159	0.161	0.151	0.171	0.166	0.166	0.159	0.181	0.186	0.198
0.154	0.159	0.156	0.173	0.166	0.168	0.159	0.181	0.181	0.2
0.161	0.159	0.156	0.173	0.166	0.168	0.159	0.181	0.183	0.198
0.156	0.156	0.156	0.173	0.166	0.173	0.159	0.181	0.198	0.198
0.159	0.203	0.205	0.176	0.164	0.168	0.159	0.181	0.225	0.195
0.159	0.259	0.266	0.173	0.166	0.168	0.156	0.178	0.483	0.2
0.159	0.671	0.601	0.176	0.168	0.166	0.156	0.178	6.819	0.2
0.159	5.803	5.874	0.176	0.168	0.303	0.156	0.176	8.55	0.2
0.156	9.236	8.511	0.171	0.166	0.383	0.161	0.181	8.057	0.22
0.159	9.25	9.25	0.173	0.168	3.408	0.156	0.181	7.925	0.269
0.156	9.255	9.258	0.171	0.166	8.501	0.156	0.22	8.003	0.828
0.156	9.25	9.25	0.168	0.171	9.255	0.173	0.249	8.091	6.382
0.156	9.253	9.253	0.176	0.166	9.25	0.266	1.04	8.14	9.014
0.156	9.253	9.253	0.166	0.198	9.255	1.797	7.119	8.164	9.248
0.156	9.25	9.25	0.166	0.242	9.253	7.058	8.784	8.027	9.253
0.188	9.255	9.255	0.166	0.989	9.253	9.241	9.07	7.466	9.258
0.295	9.258	8.962	0.171	7.969	9.258	9.25	9.253	6.599	9.25
0.581	9.255	8.057	0.171	9.248	9.253	9.255	9.253	5.574	9.258
6.311	8.757	6.936	0.176	9.253	9.258	9.253	9.258	4.509	9.253
9.246	7.849	5.674	0.173	9.255	8.604	9.253	9.258	3.418	9.258
9.248	6.558	4.417	0.171	9.253	7.573	9.258	9.25	2.546	9.109
9.253	5.105	3.184	0.171	9.258	6.357	9.172	9.258	1.86	8.279
9.25	3.809	2.354	0.168	9.258	4.985	8.381	8.818	1.345	7.273
9.25	2.859	1.731	0.171	9.258	3.682	6.995	7.654	0.957	6.196
9.258	2.036	1.255	0.171	9.019	2.634	5.662	6.509	0.696	5.21
9.258	1.436	0.886	0.168	8.076	1.963	4.438	5.344	0.503	4.297
9.258	1.025	0.63	0.171	7.107	1.46	3.328	4.05	0.383	3.357
9.016	0.708	0.461	0.217	6.174	1.094	2.568	2.932	0.31	2.583
8.193	0.51	0.356	0.276	5.208	0.815	1.931	2.119	0.271	1.941
7.112	0.386	0.288	1.406	4.092	0.588	1.35	1.56	0.247	1.416
6.035	0.322	0.254	6.87	3.196	0.439	0.928	1.133	0.222	0.999
4.788	0.278	0.22	9.243	2.544	0.342	0.64	0.813	0.21	0.698
3.518	0.242	0.2	9.258	1.899	0.291	0.459	0.591	0.203	0.51
2.542	0.208	0.186	9.248	1.304	0.261	0.359	0.435	0.195	0.4
1.943	0.19	0.178	9.25	0.901	0.251	0.305	0.339	0.193	0.347
1.506	0.183	0.178	9.255	0.625	0.229	0.254	0.283	0.19	0.342
1.121	0.171	0	9.25	0.457	0.222	0.217	0.249	0.188	0.291
0.84	0.166	0	9.253	0.349	0.193	0.195	0.232	0	0.266
0.593	0.164	0	9.255	0.291	0.186	0.181	0.22	0	0.239
0.435	0.156	0	9.18	0.244	0.181	0.171	0.212	0	0.215
0.334	0.156	0	8.56	0.222	0.178	0.168	0	0	0.208
0.288	0.154	0	7.754	0.203	0.171	0.166	0	0	0.2
0.259	0	0	6.87	0.195	0.168	0.166	0	0	0
0.237	0	0	5.667	0.186	0.168	0.164	0	0	0
0.215	0	0	4.397	0.178	0.166	0.161	0	0	0
0.2	0	0	3.367	0.176	0.166	0.159	0	0	0
0.188	0	0	2.634	0.173	0	0.159	0	0	0
0.183	0	0	1.968	0.173	0	0	0	0	0
0.173	0	0	1.411	0	0	0	0	0	0
0	0	0	0.964	0	0	0	0	0	0
0	0	0	0.671	0	0	0	0	0	0
0	0	0	0.481	0	0	0	0	0	0
0	0	0	0.374	0	0	0	0	0	0
0	0	0	0.312	0	0	0	0	0	0
0	0	0	0.261	0	0	0	0	0	0
0	0	0	0.222	0	0	0	0	0	0
0	0	0	0.205	0	0	0	0	0	0
0	0	0	0.19	0	0	0	0	0	0
0	0	0	0.181	0	0	0	0	0	0
0	0	0	0.176	0	0	0	0	0	0
0	0	0	0.173	0	0	0	0	0	0
0	0	0	0.166	0	0	0	0	0	0
0	0	0	0.171	0	0	0	0	0	0
0	0	0	0.171	0	0	0	0	0	0
