0.583	0.559	0.391	0.374	0.388	0.378	0.378	0.388	0.369	0.366
0.588	0.559	0.386	0.381	0.388	0.378	0.376	0.391	0.369	0.361
0.586	0.552	0.393	0.378	0.391	0.374	0.376	0.391	0.376	0.361
0.583	0.549	0.393	0.378	0.393	0.366	0.378	0.391	0.369	0.361
0.583	0.547	0.391	0.378	0.388	0.369	0.376	0.391	0.369	0.361
0.583	0.549	0.393	0.374	0.383	0.356	0.374	0.388	0.369	0.361
0.586	0.554	0.391	0.376	0.383	0.352	0.374	0.388	0.366	0.369
0.596	0.549	0.386	0.383	0.391	0.342	0.374	0.396	0.369	0.361
0.591	0.544	0.393	0.381	0.396	0.339	0.374	0.388	0.374	0.361
0.586	0.542	0.396	0.386	0.396	0.339	0.381	0.388	0.369	0.361
0.583	0.542	0.4	0.383	0.388	0.342	0.374	0.391	0.369	0.361
0.579	0.549	0.396	0.381	0.378	0.33	0.374	0.388	0.369	0.364
0.581	0.559	0.391	0.378	0.366	0.325	0.374	0.388	0.369	0.369
0.586	0.549	0.388	0.383	0.364	0.322	0.374	0.396	0.371	0.361
0.586	0.549	0.396	0.386	0.371	0.32	0.374	0.388	0.374	0.361
0.586	0.549	0.396	0.386	0.366	0.325	0.381	0.391	0.371	0.361
0.583	0.552	0.396	0.383	0.366	0.332	0.376	0.388	0.369	0.361
0.581	0.557	0.393	0.381	0.366	0.334	0.376	0.388	0.369	0.361
0.583	0.559	0.388	0.381	0.361	0.337	0.376	0.388	0.369	0.366
0.588	0.552	0.386	0.381	0.359	0.334	0.376	0.396	0.371	0.361
0.586	0.549	0.386	0.378	0.376	0.339	0.376	0.388	0.371	0.364
0.581	0.547	0.388	0.378	0.369	0.347	0.383	0.391	0.371	0.361
0.576	0.549	0.388	0.374	0.349	0.347	0.376	0.388	0.371	0.361
0.579	0.566	0.383	0.369	0.337	0.347	0.376	0.388	0.371	0.364
0.583	0.596	0.381	0.374	0.325	0.347	0.376	0.391	0.371	0.364
0.588	0.63	0.386	0.374	0.317	0.342	0.376	0.393	0.376	0.364
0.588	0.654	0.381	0.374	0.342	0.344	0.378	0.388	0.371	0.364
0.586	0.654	0.386	0.381	0.347	0.354	0.381	0.388	0.374	0.361
0.581	0.659	0.386	0.388	0.361	0.354	0.378	0.388	0.378	0.361
0.581	0.664	0.396	0.388	0.369	0.366	0.378	0.388	0.378	0.366
0.586	0.669	0.41	0.381	0.376	0.383	0.378	0.391	0.383	0.364
0.586	0.693	0.459	0.371	0.383	0.405	0.381	0.391	0.391	0.364
0.618	0.718	0.496	0.371	0.435	0.459	0.386	0.388	0.386	0.364
0.645	0.735	0.515	0.371	0.627	0.515	0.388	0.388	0.386	0.364
0.676	0.754	0.544	0.356	0.72	0.598	0.388	0.388	0.388	0.364
0.684	0.776	0.632	0.356	0.701	0.696	0.391	0.388	0.391	0.371
0.715	0.83	0.669	0.381	0.664	0.767	0.393	0.393	0.393	0.366
0.784	0.852	0.662	0.422	0.649	0.83	0.396	0.388	0.405	0.366
0.908	0.842	0.662	0.481	0.645	0.886	0.405	0.388	0.403	0.366
1.067	0.828	0.688	0.527	0.647	0.942	0.408	0.388	0.41	0.366
1.111	0.818	0.681	0.542	0.713	0.977	0.413	0.388	0.415	0.366
1.174	0.813	0.659	0.554	0.754	1.04	0.422	0.388	0.42	0.374
1.204	0.796	0.632	0.554	0.808	1.091	0.425	0.393	0.425	0.366
1.235	0.774	0.618	0.557	0.852	1.143	0.432	0.388	0.432	0.369
1.289	0.74	0.61	0.571	0.852	1.226	0.442	0.388	0.427	0.369
1.34	0.752	0.615	0.562	0.818	1.289	0.439	0.388	0.427	0.369
1.355	0.72	0.588	0.532	0.767	1.321	0.444	0.388	0.425	0.369
1.34	0.735	0.557	0.483	0.718	1.35	0.449	0.388	0.425	0.376
1.284	0.732	0.53	0.439	0.679	1.37	0.452	0.396	0.425	0.369
1.194	0.696	0.505	0.4	0.662	1.355	0.454	0.391	0.427	0.371
1.111	0.671	0.486	0.393	0.635	1.328	0.464	0.391	0.422	0.369
1.035	0.664	0.471	0.376	0.618	1.299	0.457	0.391	0.422	0.369
0.957	0.635	0.444	0.364	0.593	1.265	0.457	0.388	0.422	0.371
0.911	0.618	0.43	0.359	0.583	1.191	0.452	0.391	0.42	0.374
0.864	0.603	0.435	0.352	0.579	1.108	0.447	0.396	0.425	0.371
0.789	0.591	0.464	0.352	0.569	1.03	0.442	0.391	0.42	0.371
0.713	0.581	0.454	0.361	0.544	0.942	0.442	0.391	0.42	0.369
0.613	0.564	0.527	0.359	0.535	0.83	0.43	0.388	0.42	0.369
0.547	0.562	0.576	0.359	0.518	0.757	0.425	0.388	0.417	0.371
0.513	0.564	0.53	0.359	0.491	0.647	0.417	0.391	0.42	0.371
0.493	0.564	0.481	0.388	0.449	0.532	0.413	0.393	0.422	0.369
0.491	0.581	0.449	0.378	0.4	0.454	0.408	0.391	0.417	0.371
0.483	0.647	0.43	0.376	0.378	0.413	0.408	0.391	0.417	0.369
0.476	0.752	0.417	0.369	0.388	0.381	0.398	0.391	0.415	0.371
0.471	0.852	0.413	0.361	0.403	0.376	0.396	0.391	0.415	0.374
0.474	0.942	0.408	0.359	0.4	0.374	0.391	0.391	0.415	0.371
0.471	1.021	0.408	0.352	0.403	0.374	0.386	0.391	0.422	0.371
0.476	1.077	0.4	0.354	0.432	0.378	0.383	0.391	0.413	0.371
0.481	1.116	0.4	0.356	0.388	0.381	0.381	0.391	0.413	0.369
0.481	1.152	0.403	0.356	0.366	0.374	0.376	0.388	0.415	0.371
0.479	1.194	0.405	0.354	0.332	0.376	0.376	0.391	0.413	0.376
0.481	1.216	0.403	0.354	0.31	0.366	0.371	0.393	0.413	0.369
0.479	1.238	0.408	0.349	0.3	0.361	0.369	0.391	0.417	0.371
0.479	1.265	0.4	0.354	0.291	0.361	0.371	0.391	0.41	0.371
0.476	1.326	0.4	0.359	0.288	0.366	0.364	0.391	0.41	0.369
0.474	1.375	0.403	0.361	0.317	0.364	0.361	0.391	0.41	0.371
0.464	1.406	0.405	0.359	0.339	0.366	0.359	0.391	0.408	0.376
0.474	1.414	0.405	0.356	0.354	0.364	0.356	0.396	0.41	0.369
0.474	1.418	0.405	0.352	0.371	0.361	0.354	0.391	0.413	0.371
0.476	1.433	0.403	0.352	0.374	0.361	0.361	0.391	0.408	0.371
0.479	1.448	0.405	0.352	0.381	0.364	0.352	0.391	0.41	0.369
0.471	1.455	0.41	0.352	0.381	0.359	0.349	0.388	0.41	0.371
0.496	1.453	0.41	0.352	0.378	0.364	0.349	0.391	0.415	0.378
0.52	1.45	0.413	0.347	0.376	0.366	0.347	0.396	0.437	0.374
0.527	1.428	0.405	0.344	0.381	0.364	0.347	0.391	0.481	0.374
0.54	1.399	0.408	0.347	0.378	0.361	0.352	0.388	0.537	0.376
0.544	1.384	0.408	0.352	0.381	0.361	0.344	0.388	0.603	0.378
0.547	1.379	0.41	0.359	0.422	0.356	0.344	0.388	0.654	0.383
0.566	1.387	0.413	0.364	0.471	0.359	0.347	0.391	0.708	0.386
0.603	1.387	0.413	0.366	0.491	0.359	0.349	0.396	0.759	0.388
0.596	1.379	0.408	0.361	0.537	0.354	0.354	0.388	0.801	0.391
0.605	1.343	0.408	0.386	0.652	0.354	0.361	0.391	0.845	0.396
0.803	1.282	0.403	0.449	0.762	0.349	0.359	0.391	0.881	0.408
0.862	1.213	0.403	0.576	0.894	0.354	0.359	0.391	0.913	0.425
0.876	1.155	0.413	0.737	0.986	0.354	0.359	0.391	0.942	0.439
0.881	1.047	0.461	0.845	1.018	0.354	0.359	0.393	0.969	0.459
1.06	0.969	0.515	0.891	1.028	0.349	0.359	0.388	0.979	0.476
1.228	0.913	0.588	0.916	1.011	0.344	0.361	0.391	0.986	0.491
1.365	0.828	0.645	0.945	0.981	0.337	0.356	0.388	0.989	0.508
1.499	0.774	0.691	0.969	0.94	0.337	0.356	0.391	0.989	0.53
1.589	0.693	0.718	0.974	0.933	0.312	0.354	0.391	0.986	0.542
1.646	0.637	0.737	0.957	0.959	0.293	0.354	0.391	0.989	0.554
1.682	0.608	0.735	0.94	0.999	0.281	0.354	0.391	0.974	0.569
1.711	0.586	0.757	0.928	1.035	0.281	0.352	0.391	0.967	0.574
1.702	0.569	0.798	0.933	1.052	0.281	0.352	0.391	0.957	0.581
1.68	0.562	0.84	0.937	0.994	0.303	0.349	0.391	0.945	0.588
1.663	0.554	0.891	0.916	0.869	0.312	0.349	0.393	0.933	0.583
1.624	0.554	0.928	0.864	0.764	0.317	0.347	0.388	0.923	0.583
1.543	0.549	1.008	0.823	0.669	0.32	0.352	0.391	0.898	0.583
1.389	0.544	1.133	0.803	0.605	0.332	0.347	0.391	0.884	0.583
1.233	0.54	1.243	0.737	0.576	0.33	0.344	0.388	0.864	0.583
1.086	0.542	1.309	0.686	0.544	0.332	0.344	0.391	0.852	0.588
0.981	0.537	1.35	0.667	0.483	0.352	0.342	0.396	0.84	0.581
0.95	0.544	1.328	0.635	0.459	0.4	0.342	0.388	0.83	0.579
0.964	0.547	1.292	0.62	0.457	0.405	0.347	0.388	0.815	0.579
0.945	0.547	1.265	0.603	0.454	0.381	0.339	0.388	0.803	0.579
0.901	0.544	1.216	0.591	0.454	0.415	0.339	0.388	0.793	0.579
0.813	0.542	1.16	0.571	0.427	0.491	0.339	0.391	0.781	0.579
0.757	0.54	1.084	0.549	0.403	0.618	0.337	0.396	0.774	0.574
0.715	0.537	0.979	0.51	0.396	0.74	0.339	0.391	0.764	0.571
0.769	0.537	0.874	0.444	0.383	0.791	0.344	0.388	0.754	0.566
0.759	0.535	0.735	0.415	0.383	0.85	0.337	0.388	0.745	0.564
0.725	0.532	0.671	0.396	0.383	0.889	0.339	0.388	0.735	0.564
0.686	0.535	0.591	0.386	0.378	0.884	0.337	0.391	0.73	0.562
0.645	0.532	0.522	0.371	0.371	0.884	0.337	0.396	0.725	0.557
0.618	0.532	0.476	0.366	0.374	0.923	0.337	0.388	0.715	0.554
0.605	0.532	0.449	0.369	0.366	0.977	0.339	0.391	0.706	0.552
0.598	0.532	0.432	0.369	0.366	0.999	0.334	0.388	0.701	0.549
0.596	0.532	0.425	0.381	0.366	1.016	0.337	0.391	0.693	0.549
0.598	0.54	0.422	0.383	0.369	1.033	0.337	0.391	0.686	0.544
0.588	0.537	0.427	0.371	0.369	1.047	0.334	0.391	0.686	0.542
0.588	0.54	0.415	0.359	0.369	1.06	0.337	0.388	0.671	0.542
0.591	0.547	0.413	0.356	0.364	1.077	0.337	0.391	0.667	0.537
0.596	0.542	0.408	0.361	0.374	1.064	0.334	0.391	0.659	0.535
0.588	0.54	0.41	0.369	0.376	1.045	0.334	0.388	0.654	0.54
0.581	0.535	0.41	0.376	0.378	1.033	0.334	0.393	0.649	0.532
0.571	0.532	0.417	0.366	0.378	1.013	0.334	0.391	0.652	0.53
0.566	0.537	0.413	0.361	0.376	0.994	0.339	0.391	0.64	0.527
0.564	0.54	0.405	0.356	0.374	0.964	0.334	0.391	0.635	0.525
0.569	0.532	0.4	0.364	0.376	0.889	0.334	0.391	0.63	0.522
0.574	0.574	0.403	0.369	0.378	0.752	0.334	0.391	0.625	0.527
0.576	0.603	0.41	0.376	0.378	0.625	0.334	0.396	0.62	0.52
0.566	0.647	0.42	0.369	0.381	0.535	0.334	0.391	0.62	0.518
0.566	0.686	0.427	0.366	0.376	0.481	0.339	0.391	0.61	0.515
0.566	0.693	0.425	0.366	0.376	0.474	0.334	0.391	0.608	0.513
0.569	0.696	0.432	0.364	0.381	0.486	0.332	0.388	0.603	0.513
0.571	0.735	0.437	0.386	0.381	0.508	0.332	0.388	0.598	0.515
0.574	0.754	0.452	0.437	0.381	0.471	0.33	0.396	0.598	0.508
0.569	0.759	0.452	0.454	0.383	0.457	0.33	0.388	0.596	0.505
0.571	0.835	0.454	0.498	0.376	0.447	0.334	0.391	0.591	0.503
0.574	0.872	0.447	0.513	0.374	0.447	0.327	0.391	0.586	0.503
0.579	0.916	0.43	0.527	0.376	0.444	0.327	0.388	0.581	0.498
0.581	1.021	0.427	0.535	0.378	0.444	0.327	0.388	0.579	0.5
0.586	1.121	0.457	0.481	0.378	0.444	0.327	0.396	0.579	0.496
0.581	1.201	0.464	0.444	0.381	0.43	0.33	0.388	0.574	0.493
0.581	1.248	0.469	0.417	0.371	0.417	0.334	0.391	0.571	0.491
0.581	1.284	0.479	0.42	0.364	0.4	0.327	0.388	0.569	0.488
0.583	1.316	0.493	0.442	0.359	0.393	0.33	0.388	0.564	0.491
0.581	1.367	0.508	0.471	0.356	0.391	0.33	0.391	0.562	0.486
0.576	1.406	0.537	0.469	0.359	0.391	0.332	0.393	0.564	0.483
0.571	1.433	0.559	0.471	0.369	0.396	0.332	0.391	0.559	0.483
0.571	1.462	0.571	0.479	0.364	0.403	0.339	0.388	0.559	0.481
0.571	1.506	0.576	0.496	0.371	0.393	0.337	0.388	0.566	0.479
0.579	1.55	0.591	0.51	0.376	0.391	0.337	0.388	0.574	0.483
0.586	1.562	0.613	0.557	0.425	0.391	0.337	0.391	0.586	0.479
0.576	1.56	0.635	0.549	0.469	0.393	0.342	0.391	0.61	0.481
0.576	1.56	0.654	0.542	0.471	0.396	0.352	0.388	0.627	0.486
0.576	1.56	0.674	0.535	0.498	0.403	0.359	0.391	0.669	0.488
0.576	1.558	0.688	0.532	0.522	0.391	0.364	0.388	0.737	0.496
0.579	1.572	0.693	0.535	0.518	0.388	0.371	0.388	0.847	0.505
0.61	1.592	0.688	0.535	0.5	0.386	0.371	0.393	1.011	0.505
0.686	1.543	0.693	0.532	0.508	0.386	0.374	0.388	1.155	0.513
0.918	1.445	0.667	0.535	0.588	0.391	0.378	0.388	1.272	0.522
1.079	1.274	0.652	0.52	0.671	0.396	0.376	0.388	1.375	0.54
1.177	1.128	0.64	0.476	0.779	0.391	0.376	0.388	1.455	0.569
1.284	0.994	0.62	0.474	0.859	0.371	0.376	0.388	1.516	0.61
1.411	0.854	0.571	0.486	0.955	0.347	0.376	0.393	1.565	0.635
1.47	0.769	0.52	0.493	1.077	0.334	0.376	0.388	1.594	0.669
1.521	0.728	0.452	0.498	1.157	0.32	0.381	0.388	1.602	0.701
1.538	0.671	0.388	0.496	1.226	0.31	0.374	0.388	1.602	0.732
1.531	0.603	0.347	0.481	1.299	0.312	0.371	0.386	1.594	0.759
1.499	0.603	0.325	0.481	1.345	0.334	0.371	0.388	1.577	0.781
1.467	0.598	0.31	0.481	1.353	0.352	0.371	0.393	1.538	0.781
1.436	0.593	0.317	0.457	1.37	0.369	0.369	0.388	1.47	0.784
1.406	0.586	0.349	0.42	1.37	0.381	0.374	0.388	1.389	0.781
1.389	0.583	0.356	0.415	1.387	0.386	0.366	0.388	1.318	0.779
1.387	0.569	0.361	0.435	1.404	0.359	0.369	0.386	1.262	0.776
1.37	0.537	0.332	0.439	1.392	0.334	0.369	0.386	1.216	0.774
1.355	0.51	0.322	0.4	1.313	0.31	0.361	0.393	1.177	0.764
1.348	0.498	0.31	0.405	1.196	0.305	0.374	0.386	1.13	0.759
1.321	0.493	0.3	0.413	1.045	0.305	0.378	0.388	1.091	0.752
1.191	0.491	0.288	0.391	0.918	0.293	0.376	0.388	1.052	0.75
1.006	0.488	0.281	0.364	0.776	0.286	0.378	0.388	1.013	0.747
0.847	0.488	0.278	0.352	0.652	0.283	0.381	0.388	0.984	0.742
0.737	0.481	0.288	0.342	0.586	0.273	0.383	0.391	0.959	0.737
0.63	0.469	0.288	0.337	0.525	0.273	0.386	0.388	0.923	0.735
0.559	0.469	0.288	0.337	0.479	0.288	0.391	0.388	0.889	0.73
0.557	0.469	0.283	0.334	0.476	0.291	0.386	0.386	0.859	0.728
0.564	0.469	0.281	0.337	0.474	0.295	0.386	0.388	0.835	0.73
0.532	0.471	0.281	0.344	0.464	0.295	0.383	0.391	0.813	0.72
0.503	0.471	0.295	0.344	0.464	0.295	0.381	0.388	0.801	0.715
0.486	0.471	0.303	0.344	0.466	0.312	0.383	0.388	0.776	0.713
0.471	0.474	0.305	0.347	0.461	0.356	0.381	0.388	0.762	0.706
0.459	0.479	0.303	0.344	0.435	0.332	0.378	0.388	0.75	0.703
0.452	0.481	0.295	0.344	0.403	0.315	0.376	0.388	0.737	0.706
0.452	0.476	0.298	0.352	0.388	0.322	0.374	0.393	0.728	0.693
0.442	0.476	0.298	0.347	0.376	0.366	0.374	0.388	0.723	0.691
0.437	0.469	0.298	0.349	0.366	0.41	0.378	0.388	0.706	0.686
0.439	0.466	0.3	0.349	0.361	0.461	0.371	0.391	0.696	0.681
0.474	0.469	0.305	0.342	0.359	0.527	0.371	0.388	0.688	0.679
0.498	0.479	0.3	0.342	0.356	0.625	0.371	0.391	0.676	0.681
0.518	0.469	0.308	0.344	0.356	0.703	0.369	0.4	0.669	0.671
0.525	0.459	0.32	0.347	0.364	0.784	0.369	0.396	0.664	0.669
0.532	0.454	0.322	0.352	0.356	0.84	0.374	0.4	0.652	0.667
0.532	0.449	0.32	0.347	0.352	0.879	0.366	0.403	0.645	0.662
0.53	0.452	0.312	0.344	0.349	0.896	0.366	0.405	0.637	0.659
0.537	0.457	0.312	0.347	0.347	0.901	0.364	0.41	0.632	0.659
0.547	0.454	0.303	0.349	0.354	0.906	0.361	0.422	0.627	0.652
0.544	0.454	0.293	0.349	0.364	0.911	0.364	0.422	0.623	0.652
0.54	0.454	0.293	0.347	0.339	0.923	0.369	0.43	0.618	0.647
0.537	0.454	0.293	0.344	0.315	0.911	0.361	0.437	0.613	0.645
0.532	0.464	0.291	0.334	0.308	0.901	0.361	0.442	0.605	0.645
0.54	0.471	0.288	0.334	0.305	0.911	0.361	0.449	0.601	0.642
0.544	0.471	0.286	0.337	0.305	0.911	0.359	0.459	0.601	0.637
0.549	0.471	0.281	0.342	0.312	0.911	0.359	0.459	0.593	0.635
0.547	0.471	0.288	0.342	0.305	0.908	0.364	0.466	0.586	0.632
0.544	0.471	0.298	0.344	0.305	0.864	0.356	0.471	0.583	0.63
0.544	0.476	0.291	0.344	0.305	0.798	0.359	0.476	0.579	0.63
0.547	0.481	0.283	0.349	0.308	0.73	0.356	0.479	0.576	0.625
0.549	0.481	0.303	0.349	0.312	0.671	0.354	0.479	0.579	0.623
0.549	0.476	0.315	0.356	0.317	0.615	0.356	0.479	0.566	0.62
0.544	0.471	0.327	0.356	0.315	0.576	0.356	0.476	0.564	0.618
0.542	0.471	0.33	0.352	0.312	0.525	0.354	0.474	0.562	0.615
0.54	0.508	0.33	0.349	0.31	0.5	0.354	0.474	0.557	0.618
0.542	0.654	0.322	0.354	0.31	0.488	0.352	0.476	0.554	0.61
0.54	1.875	0.327	0.347	0.31	0.476	0.352	0.471	0.557	0.608
0.54	2.947	0.317	0.349	0.308	0.464	0.354	0.469	0.547	0.605
0.54	2.998	0.32	0.349	0.308	0.444	0.349	0.469	0.547	0.603
0.535	3.066	0.32	0.349	0.303	0.422	0.349	0.466	0.542	0.603
0.537	3.596	0.317	0.356	0.295	0.415	0.349	0.466	0.537	0.605
0.549	4.16	0.312	0.413	0.291	0.408	0.347	0.469	0.537	0.596
0.549	4.802	0.312	0.454	0.293	0.417	0.347	0.461	0.537	0.593
0.549	5.249	0.312	0.544	0.295	0.452	0.349	0.461	0.53	0.593
0.544	5.569	0.315	0.835	0.305	0.471	0.342	0.459	0.527	0.591
0.544	5.869	0.317	1.182	0.308	0.466	0.342	0.457	0.525	0.588
0.544	6.184	0.317	1.414	0.303	0.442	0.342	0.457	0.52	0.591
0.544	6.533	0.31	1.646	0.305	0.42	0.339	0.461	0.52	0.583
0.542	6.843	0.305	2.031	0.312	0.408	0.342	0.454	0.518	0.583
0.535	7.078	0.295	2.712	0.308	0.403	0.347	0.452	0.513	0.581
0.532	7.236	0.293	3.564	0.305	0.403	0.339	0.452	0.51	0.579
0.527	7.302	0.293	4.382	0.3	0.403	0.339	0.449	0.508	0.576
0.525	7.375	0.288	5.09	0.293	0.405	0.339	0.449	0.505	0.579
0.513	7.383	0.286	5.662	0.291	0.4	0.337	0.454	0.505	0.574
0.518	7.324	0.286	6.111	0.291	0.396	0.337	0.447	0.503	0.571
0.53	7.278	0.286	6.445	0.281	0.4	0.342	0.447	0.5	0.569
0.542	7.122	0.288	6.736	0.273	0.4	0.337	0.444	0.498	0.566
0.544	6.797	0.288	6.941	0.269	0.403	0.337	0.442	0.496	0.569
0.544	6.348	0.283	7.104	0.261	0.405	0.337	0.442	0.493	0.566
0.544	5.688	0.283	7.231	0.264	0.4	0.337	0.444	0.496	0.562
0.547	5.012	0.278	7.288	0.271	0.398	0.339	0.439	0.488	0.562
0.547	4.287	0.278	7.3	0.271	0.405	0.342	0.439	0.488	0.557
0.542	3.499	0.278	7.173	0.271	0.4	0.339	0.437	0.486	0.559
0.532	2.922	0.278	6.929	0.269	0.403	0.339	0.437	0.483	0.559
0.532	2.461	0.278	6.375	0.266	0.403	0.339	0.437	0.481	0.552
0.53	2.141	0.281	5.647	0.266	0.398	0.339	0.437	0.486	0.552
0.532	1.77	0.276	4.661	0.276	0.393	0.339	0.435	0.479	0.552
0.613	1.641	0.271	3.972	0.276	0.4	0.339	0.435	0.479	0.547
0.908	1.567	0.276	3.503	0.278	0.393	0.337	0.432	0.479	0.547
2.327	1.448	0.281	3.086	0.273	0.398	0.339	0.435	0.474	0.552
3.23	1.357	0.286	2.637	0.269	0.398	0.337	0.439	0.474	0.544
3.845	1.301	0.291	2.122	0.271	0.396	0.337	0.437	0.479	0.542
4.68	1.091	0.288	1.687	0.273	0.393	0.339	0.439	0.479	0.542
5.579	0.894	0.293	1.414	0.276	0.398	0.334	0.442	0.513	0.54
6.257	0.74	0.295	1.257	0.276	0.396	0.332	0.444	0.637	0.54
6.716	0.654	0.293	1.06	0.269	0.4	0.332	0.449	0.83	0.544
7.083	0.603	0.291	0.884	0.266	0.396	0.33	0.459	1.067	0.537
7.422	0.562	0.288	0.688	0.288	0.391	0.33	0.459	1.482	0.535
7.708	0.544	0.281	0.564	0.3	0.388	0.334	0.464	1.99	0.535
7.939	0.547	0.281	0.505	0.312	0.393	0.327	0.471	2.424	0.532
8.115	0.542	0.286	0.471	0.322	0.391	0.327	0.476	2.771	0.532
8.228	0.53	0.293	0.471	0.325	0.396	0.327	0.479	3.071	0.535
8.293	0.508	0.295	0.476	0.444	0.393	0.325	0.488	3.311	0.527
8.271	0.498	0.298	0.437	0.706	0.393	0.327	0.483	3.489	0.527
8.132	0.488	0.298	0.413	1.409	0.393	0.332	0.488	3.618	0.525
7.559	0.481	0.305	0.386	1.802	0.393	0.327	0.491	3.721	0.525
6.506	0.476	0.308	0.366	2.092	0.393	0.327	0.493	3.799	0.525
5.276	0.479	0.31	0.354	2.634	0.398	0.33	0.493	3.853	0.525
4.043	0.474	0.303	0.339	3.374	0.398	0.33	0.498	3.887	0.52
3.154	0.471	0.286	0.337	4.287	0.396	0.332	0.493	3.894	0.52
2.41	0.469	0.281	0.337	5.212	0.398	0.337	0.493	3.889	0.518
1.887	0.471	0.293	0.342	5.969	0.393	0.33	0.491	3.872	0.518
1.528	0.471	0.293	0.347	6.682	0.393	0.332	0.488	3.765	0.518
1.401	0.471	0.293	0.347	7.175	0.396	0.332	0.488	3.357	0.515
1.353	0.471	0.298	0.339	7.529	0.393	0.33	0.488	2.927	0.513
1.252	0.476	0.298	0.339	7.786	0.391	0.33	0.483	2.61	0.515
0.984	0.479	0.298	0.339	7.949	0.396	0.332	0.481	2.354	0.515
0.803	0.476	0.303	0.339	8.037	0.386	0.325	0.479	2.163	0.52
0.691	0.476	0.308	0.342	7.964	0.386	0.325	0.479	2.034	0.532
0.63	0.474	0.31	0.339	7.595	0.391	0.322	0.479	1.934	0.537
0.581	0.476	0.31	0.33	7.021	0.388	0.317	0.479	1.853	0.559
0.569	0.479	0.305	0.322	6.431	0.388	0.317	0.474	1.75	0.605
0.547	0.479	0.303	0.325	5.774	0.396	0.312	0.474	1.646	0.723
0.527	0.476	0.3	0.325	5.1	0.386	0.31	0.471	1.538	0.869
0.515	0.471	0.298	0.327	4.338	0.391	0.308	0.471	1.443	1.116
0.513	0.466	0.3	0.33	3.621	0.393	0.305	0.474	1.367	1.401
0.503	0.469	0.3	0.322	3.013	0.396	0.303	0.466	1.299	1.809
0.503	0.469	0.291	0.322	2.471	0.393	0.31	0.466	1.23	2.139
0.503	0.464	0.288	0.33	2.119	0.393	0.303	0.466	1.172	2.437
0.503	0.461	0.288	0.332	1.833	0.386	0.303	0.461	1.118	2.717
0.498	0.474	0.291	0.337	1.584	0.388	0.303	0.461	1.069	2.961
0.498	0.476	0.305	0.337	1.353	0.393	0.303	0.466	1.028	3.142
0.493	0.476	0.33	0.332	1.121	0.393	0.305	0.459	0.994	3.306
0.496	0.483	0.344	0.332	0.881	0.388	0.317	0.459	0.955	3.437
0.498	0.483	0.354	0.339	0.701	0.386	0.312	0.457	0.928	3.521
0.5	0.474	0.371	0.339	0.579	0.381	0.317	0.454	0.901	3.564
0.5	0.471	0.427	0.337	0.505	0.381	0.325	0.454	0.876	3.586
0.5	0.471	0.625	0.339	0.469	0.381	0.327	0.459	0.862	3.579
0.498	0.479	0.698	0.334	0.437	0.381	0.33	0.452	0.847	3.562
0.5	0.486	0.757	0.334	0.398	0.381	0.339	0.449	0.83	3.506
0.503	0.491	0.781	0.337	0.383	0.376	0.337	0.449	0.815	3.315
0.5	0.493	0.825	0.342	0.378	0.374	0.339	0.447	0.801	2.991
0.496	0.496	0.942	0.344	0.369	0.378	0.342	0.449	0.791	2.698
0.491	0.496	1.108	0.342	0.361	0.378	0.347	0.452	0.781	2.502
0.491	0.498	1.362	0.334	0.356	0.378	0.349	0.444	0.769	2.378
0.491	0.498	1.562	0.33	0.344	0.381	0.356	0.444	0.759	2.28
0.493	0.488	1.733	0.332	0.352	0.374	0.356	0.442	0.745	2.168
0.493	0.481	1.855	0.337	0.349	0.369	0.361	0.442	0.73	2.031
0.491	0.479	1.958	0.339	0.347	0.371	0.364	0.442	0.72	1.841
0.486	0.479	2.036	0.332	0.344	0.369	0.366	0.444	0.713	1.682
0.483	0.483	2.124	0.327	0.332	0.371	0.369	0.439	0.693	1.582
0.476	0.483	2.2	0.327	0.322	0.374	0.374	0.439	0.684	1.504
0.476	0.483	2.261	0.33	0.332	0.366	0.374	0.437	0.674	1.438
0.476	0.483	2.319	0.332	0.334	0.366	0.376	0.437	0.662	1.377
0.476	0.481	2.356	0.339	0.322	0.371	0.376	0.439	0.654	1.294
0.464	0.479	2.351	0.33	0.308	0.374	0.378	0.437	0.652	1.228
0.464	0.481	2.334	0.325	0.295	0.376	0.383	0.435	0.64	1.172
0.466	0.483	2.312	0.32	0.303	0.381	0.383	0.435	0.632	1.101
0.466	0.481	2.253	0.322	0.312	0.369	0.383	0.432	0.627	1.047
0.469	0.479	2.173	0.327	0.32	0.371	0.386	0.432	0.62	1.025
0.479	0.474	1.992	0.337	0.33	0.374	0.386	0.437	0.615	0.994
0.476	0.479	1.794	0.33	0.339	0.374	0.388	0.432	0.615	0.974
0.474	0.449	1.643	0.327	0.344	0.376	0.396	0.43	0.605	0.957
0.476	0.481	1.445	0.33	0.354	0.376	0.391	0.432	0.601	0.94
0.486	0.483	1.25	0.332	0.366	0.369	0.391	0.43	0.596	0.92
0.496	0.488	1.074	0.339	0.369	0.371	0.393	0.43	0.588	0.913
0.5	0.486	0.962	0.344	0.371	0.371	0.396	0.435	0.586	0.896
0.493	0.486	0.906	0.337	0.376	0.374	0.398	0.43	0.583	0.886
0.488	0.491	0.815	0.334	0.364	0.376	0.405	0.43	0.576	0.876
0.496	0.493	0.786	0.332	0.361	0.374	0.408	0.427	0.569	0.864
0.503	0.493	0.872	0.334	0.364	0.369	0.889	0.427	0.564	0.854
0.496	0.498	0.872	0.339	0.364	0.371	2.527	0.427	0.562	0.847
0.493	0.491	0.818	0.337	0.364	0.369	3.489	0.435	0.559	0.835
0.488	0.496	0.735	0.332	0.369	0.374	4.299	0.43	0.552	0.828
0.488	0.498	0.618	0.332	0.361	0.376	5.266	0.435	0.547	0.818
0.498	0.5	0.532	0.33	0.364	0.371	6.111	0.437	0.544	0.808
0.505	0.503	0.479	0.332	0.366	0.356	7.007	0.442	0.54	0.803
0.51	0.5	0.466	0.339	0.366	0.337	7.671	0.452	0.537	0.796
0.51	0.496	0.491	0.339	0.371	0.33	8.171	0.461	0.537	0.789
0.508	0.498	0.5	0.337	0.378	0.337	8.596	0.461	0.53	0.779
0.505	0.5	0.5	0.337	0.371	0.339	8.784	0.469	0.527	0.771
0.51	0.505	0.454	0.334	0.371	0.332	8.879	0.474	0.525	0.764
0.515	0.508	0.422	0.339	0.374	0.327	8.94	0.479	0.52	0.762
0.518	0.508	0.405	0.347	0.374	0.33	8.972	0.483	0.518	0.75
0.52	0.505	0.4	0.344	0.371	0.325	8.948	0.491	0.522	0.745
0.518	0.503	0.391	0.339	0.369	0.327	8.65	0.493	0.513	0.74
0.518	0.503	0.388	0.339	0.369	0.334	8.123	0.498	0.51	0.732
0.522	0.505	0.381	0.339	0.376	0.327	7.156	0.498	0.508	0.73
0.527	0.5	0.374	0.339	0.381	0.33	6.399	0.5	0.503	0.73
0.532	0.491	0.374	0.349	0.386	0.33	5.53	0.503	0.503	0.718
0.527	0.486	0.378	0.344	0.388	0.334	4.763	0.498	0.505	0.713
0.522	0.493	0.381	0.342	0.386	0.342	3.948	0.498	0.498	0.708
0.525	0.493	0.381	0.337	0.383	0.352	3.386	0.496	0.498	0.703
0.525	0.5	0.374	0.334	0.383	0.359	2.949	0.493	0.493	0.698
0.532	0.503	0.371	0.337	0.383	0.515	2.61	0.491	0.491	0.701
0.537	0.498	0.371	0.347	0.383	0.779	2.339	0.498	0.491	0.688
0.527	0.493	0.378	0.344	0.386	1.033	2.07	0.488	0.493	0.684
0.522	0.496	0.376	0.342	0.378	1.177	1.833	0.488	0.486	0.681
0.522	0.498	0.371	0.339	0.376	1.296	1.621	0.488	0.483	0.676
0.527	0.498	0.366	0.342	0.376	1.462	1.436	0.486	0.481	0.674
0.53	0.505	0.364	0.342	0.376	1.66	1.309	0.486	0.479	0.674
0.535	0.496	0.366	0.347	0.376	1.951	1.208	0.488	0.479	0.664
0.53	0.493	0.371	0.344	0.383	2.283	1.116	0.481	0.479	0.662
0.53	0.496	0.371	0.344	0.369	2.537	1.047	0.479	0.474	0.657
0.53	0.498	0.369	0.339	0.366	2.769	0.979	0.479	0.474	0.654
0.532	0.5	0.364	0.337	0.366	3.022	0.92	0.476	0.471	0.652
0.537	0.5	0.364	0.337	0.369	3.193	0.869	0.476	0.469	0.649
0.537	0.493	0.369	0.334	0.376	3.308	0.828	0.479	0.471	0.645
0.537	0.496	0.369	0.339	0.381	3.411	0.786	0.471	0.466	0.64
0.532	0.496	0.369	0.337	0.378	3.474	0.764	0.469	0.466	0.635
0.53	0.496	0.364	0.332	0.383	3.481	0.737	0.466	0.464	0.632
0.53	0.496	0.359	0.327	0.386	3.42	0.72	0.464	0.461	0.632
0.535	0.493	0.361	0.33	0.391	3.374	0.701	0.464	0.461	0.627
0.532	0.486	0.371	0.332	0.396	3.301	0.676	0.466	0.466	0.623
0.53	0.483	0.374	0.327	0.4	3.245	0.659	0.461	0.459	0.62
0.527	0.486	0.374	0.332	0.393	3.162	0.645	0.459	0.457	0.615
0.522	0.496	0.369	0.33	0.393	2.93	0.625	0.457	0.457	0.615
0.525	0.498	0.366	0.33	0.391	2.522	0.615	0.454	0.454	0.615
0.537	0.496	0.364	0.337	0.396	2.041	0.605	0.457	0.454	0.608
0.535	0.493	0.374	0.334	0.398	1.631	0.596	0.454	0.459	0.605
0.537	0.493	0.371	0.337	0.398	1.448	0.588	0.452	0.452	0.603
0.535	0.496	0.371	0.337	0.391	1.35	0.579	0.449	0.449	0.598
0.527	0.498	0.371	0.332	0.388	1.375	0.571	0.447	0.449	0.596
0.525	0.503	0.364	0.332	0.376	1.372	0.564	0.444	0.447	0.601
0.53	0.5	0.364	0.339	0.366	1.343	0.554	0.449	0.447	0.588
0.525	0.493	0.369	0.337	0.364	1.111	0.547	0.442	0.452	0.586
0.522	0.493	0.371	0.337	0.344	0.854	0.544	0.442	0.444	0.583
0.52	0.493	0.376	0.332	0.325	0.688	0.535	0.442	0.444	0.579
0.518	0.493	0.374	0.325	0.31	0.576	0.53	0.437	0.442	0.576
0.522	0.503	0.374	0.325	0.305	0.53	0.525	0.437	0.442	0.581
0.527	0.498	0.378	0.327	0.305	0.474	0.518	0.442	0.439	0.571
0.522	0.493	0.378	0.33	0.308	0.435	0.515	0.435	0.444	0.569
0.52	0.491	0.383	0.332	0.308	0.42	0.52	0.435	0.439	0.564
0.515	0.488	0.383	0.325	0.312	0.41	0.51	0.435	0.437	0.562
0.513	0.491	0.383	0.32	0.315	0.393	0.505	0.432	0.435	0.562
0.515	0.493	0.381	0.32	0.317	0.386	0.505	0.43	0.435	0.562
0.522	0.486	0.383	0.322	0.322	0.381	0.5	0.435	0.435	0.557
0.52	0.481	0.386	0.325	0.332	0.383	0.498	0.427	0.435	0.554
0.515	0.479	0.388	0.327	0.322	0.391	0.503	0.427	0.435	0.549
0.51	0.479	0.393	0.325	0.315	0.393	0.493	0.427	0.432	0.547
0.5	0.483	0.388	0.32	0.31	0.391	0.491	0.425	0.43	0.547
0.5	0.488	0.386	0.322	0.305	0.388	0.488	0.425	0.43	0.547
0.5	0.486	0.391	0.325	0.308	0.386	0.483	0.43	0.435	0.542
0.5	0.483	0.388	0.325	0.315	0.386	0.483	0.422	0.43	0.542
0.498	0.483	0.388	0.359	0.308	0.396	0.486	0.422	0.427	0.537
0.496	0.486	0.391	0.369	0.305	0.393	0.479	0.42	0.427	0.537
0.493	0.491	0.386	0.352	0.303	0.396	0.476	0.42	0.425	0.537
0.498	0.496	0.381	0.43	0.305	0.393	0.476	0.42	0.425	0.535
0.503	0.496	0.383	0.537	0.312	0.388	0.474	0.42	0.432	0.53
0.508	0.488	0.381	0.652	0.322	0.388	0.474	0.417	0.425	0.53
0.544	0.483	0.386	0.745	0.312	0.4	0.474	0.415	0.425	0.527
0.564	0.488	0.388	0.796	0.303	0.396	0.469	0.413	0.425	0.527
0.542	0.491	0.383	0.854	0.293	0.396	0.469	0.413	0.422	0.53
0.54	0.493	0.378	0.95	0.291	0.393	0.466	0.415	0.422	0.522
0.562	0.491	0.383	1.074	0.291	0.391	0.466	0.413	0.43	0.522
0.808	0.486	0.381	1.206	0.286	0.393	0.466	0.41	0.42	0.52
0.933	0.486	0.381	1.316	0.278	0.403	0.464	0.41	0.42	0.518
1.011	0.488	0.381	1.392	0.281	0.4	0.461	0.408	0.417	0.518
1.096	0.498	0.381	1.458	0.281	0.4	0.459	0.408	0.417	0.522
1.36	0.53	0.376	1.521	0.288	0.4	0.459	0.413	0.417	0.513
1.702	0.557	0.376	1.538	0.293	0.391	0.457	0.408	0.422	0.513
1.997	0.53	0.376	1.558	0.288	0.391	0.461	0.408	0.415	0.513
2.19	0.537	0.381	1.565	0.286	0.398	0.454	0.464	0.417	0.51
2.322	0.574	0.381	1.548	0.286	0.396	0.452	0.947	0.417	0.51
2.397	0.652	0.381	1.531	0.283	0.4	0.452	1.707	0.415	0.515
2.463	0.732	0.376	1.497	0.281	0.393	0.449	2.368	0.415	0.508
2.51	0.747	0.376	1.418	0.283	0.391	0.449	2.876	0.417	0.508
2.534	0.754	0.374	1.355	0.281	0.393	0.452	3.281	0.415	0.503
2.529	0.854	0.376	1.25	0.283	0.396	0.444	3.533	0.415	0.503
2.495	1.04	0.376	1.14	0.283	0.398	0.444	3.696	0.415	0.503
2.434	1.27	0.376	1.074	0.276	0.4	0.444	3.801	0.42	0.505
2.329	1.487	0.378	1.03	0.276	0.396	0.442	3.892	0.457	0.5
2.244	1.846	0.376	0.991	0.288	0.391	0.442	3.945	0.515	0.5
2.163	2.263	0.376	0.889	0.283	0.393	0.447	3.992	0.598	0.498
1.997	2.725	0.378	0.806	0.283	0.393	0.439	4.038	0.703	0.496
1.746	3.113	0.378	0.669	0.283	0.396	0.439	4.08	0.84	0.498
1.46	3.406	0.381	0.576	0.288	0.396	0.437	4.116	0.986	0.496
1.213	3.652	0.381	0.498	0.295	0.396	0.437	4.146	1.15	0.493
1.016	3.84	0.376	0.437	0.303	0.396	0.437	4.148	1.34	0.491
0.894	3.992	0.374	0.41	0.298	0.4	0.442	4.136	1.541	0.488
0.811	4.092	0.376	0.388	0.298	0.398	0.435	4.067	1.719	0.488
0.75	4.182	0.378	0.366	0.286	0.403	0.437	3.828	1.88	0.491
0.703	4.26	0.381	0.356	0.286	0.403	0.435	3.33	2.021	0.488
0.649	4.36	0.386	0.339	0.288	0.396	0.435	2.871	2.136	0.486
0.615	4.412	0.383	0.332	0.286	0.393	0.435	2.507	2.224	0.486
0.591	4.392	0.383	0.332	0.278	0.4	0.435	2.244	2.307	0.483
0.574	4.304	0.388	0.33	0.276	0.396	0.432	1.98	2.368	0.483
0.562	4.116	0.393	0.32	0.269	0.4	0.432	1.729	2.402	0.488
0.557	3.813	0.391	0.325	0.264	0.4	0.43	1.604	2.417	0.481
0.552	3.452	0.391	0.322	0.264	0.396	0.43	1.506	2.417	0.481
0.552	2.993	0.391	0.327	0.269	0.393	0.432	1.372	2.39	0.479
0.547	2.527	0.391	0.327	0.271	0.396	0.43	1.252	2.341	0.479
0.542	2.239	0.393	0.325	0.271	0.393	0.427	1.13	2.229	0.476
0.537	1.926	0.393	0.32	0.266	0.398	0.427	1.05	2.129	0.481
0.535	1.55	0.393	0.325	0.266	0.386	0.427	1.008	2	0.476
0.53	1.245	0.391	0.32	0.273	0.359	0.427	0.974	1.892	0.476
0.535	1.064	0.388	0.317	0.273	0.369	0.432	0.942	1.775	0.474
0.535	0.913	0.391	0.322	0.278	0.381	0.425	0.906	1.665	0.474
0.53	0.823	0.391	0.33	0.278	0.381	0.425	0.874	1.548	0.474
0.525	0.779	0.391	0.327	0.278	0.386	0.425	0.847	1.44	0.479
0.527	0.713	0.391	0.327	0.278	0.386	0.422	0.825	1.372	0.471
0.527	0.652	0.386	0.322	0.288	0.366	0.422	0.798	1.316	0.471
0.535	0.601	0.383	0.325	0.281	0.347	0.43	0.781	1.265	0.469
0.532	0.557	0.388	0.332	0.283	0.334	0.422	0.767	1.218	0.469
0.527	0.532	0.391	0.33	0.281	0.322	0.422	0.75	1.172	0.469
0.527	0.525	0.393	0.332	0.276	0.312	0.42	0.737	1.133	0.471
0.532	0.518	0.393	0.322	0.273	0.312	0.42	0.732	1.101	0.466
0.532	0.518	0.388	0.32	0.281	0.312	0.42	0.715	1.067	0.466
0.537	0.515	0.388	0.317	0.281	0.312	0.425	0.706	1.035	0.464
0.542	0.508	0.388	0.312	0.288	0.308	0.417	0.696	1.003	0.464
0.542	0.508	0.391	0.312	0.288	0.31	0.417	0.684	0.977	0.466
0.54	0.508	0.393	0.315	0.283	0.312	0.415	0.676	0.952	0.464
0.54	0.51	0.4	0.31	0.283	0.317	0.415	0.669	0.937	0.461
0.542	0.51	0.437	0.308	0.288	0.317	0.42	0.657	0.911	0.461
0.544	0.51	0.43	0.317	0.286	0.322	0.439	0.647	0.891	0.459
0.542	0.505	0.449	0.327	0.293	0.315	0.476	0.64	0.874	0.459
0.544	0.5	0.474	0.334	0.291	0.315	0.53	0.63	0.854	0.464
0.542	0.505	0.491	0.337	0.291	0.32	0.725	0.625	0.84	0.457
0.535	0.51	0.51	0.33	0.288	0.317	1.301	0.615	0.83	0.457
0.532	0.51	0.522	0.332	0.291	0.322	2.368	0.605	0.811	0.457
0.53	0.508	0.566	0.332	0.293	0.332	3.569	0.601	0.796	0.454
0.527	0.503	0.615	0.334	0.298	0.325	4.99	0.593	0.784	0.454
0.527	0.5	0.73	0.339	0.298	0.325	6.25	0.586	0.769	0.461
0.527	0.498	0.933	0.344	0.293	0.32	7.49	0.586	0.757	0.454
0.52	0.5	1.006	0.337	0.286	0.317	8.32	0.576	0.754	0.452
0.515	0.5	1.006	0.332	0.278	0.325	8.584	0.571	0.737	0.452
0.515	0.496	1.082	0.33	0.276	0.33	8.718	0.566	0.728	0.452
0.513	0.496	1.196	0.334	0.269	0.322	8.821	0.562	0.718	0.449
0.513	0.498	1.328	0.334	0.273	0.332	8.904	0.557	0.706	0.457
0.51	0.496	1.453	0.339	0.278	0.342	8.958	0.559	0.698	0.449
0.503	0.498	1.565	0.332	0.293	0.344	8.999	0.547	0.693	0.449
0.5	0.498	1.592	0.33	0.298	0.347	9.031	0.542	0.681	0.447
0.505	0.496	1.589	0.33	0.31	0.349	9.045	0.537	0.674	0.447
0.513	0.493	1.587	0.332	0.312	0.344	9.062	0.53	0.669	0.447
0.51	0.496	1.58	0.332	0.312	0.339	9.077	0.527	0.662	0.452
0.508	0.491	1.582	0.334	0.317	0.337	9.084	0.53	0.657	0.447
0.498	0.496	1.577	0.327	0.325	0.334	9.082	0.518	0.649	0.447
0.498	0.493	1.577	0.322	0.32	0.334	9.009	0.515	0.645	0.454
0.5	0.493	1.56	0.327	0.325	0.352	8.669	0.51	0.64	0.466
0.508	0.493	1.501	0.332	0.327	0.396	7.852	0.508	0.635	0.486
0.513	0.498	1.414	0.337	0.325	0.586	6.841	0.505	0.632	0.53
0.513	0.493	1.318	0.334	0.325	0.635	5.312	0.505	0.63	0.637
0.508	0.498	1.194	0.332	0.327	0.623	4.297	0.496	0.623	0.798
0.515	0.503	1.062	0.327	0.32	0.627	3.462	0.496	0.62	1.042
0.51	0.5	0.874	0.354	0.325	0.688	2.832	0.491	0.615	1.316
0.518	0.5	0.742	0.381	0.327	0.989	2.268	0.488	0.61	1.592
0.52	0.498	0.657	0.417	0.327	1.221	1.846	0.486	0.605	1.78
0.51	0.498	0.608	0.459	0.322	1.409	1.572	0.488	0.608	1.929
0.508	0.5	0.535	0.522	0.322	1.721	1.355	0.481	0.598	2.053
0.51	0.5	0.479	0.532	0.32	2.063	1.208	0.479	0.596	2.151
0.513	0.498	0.442	0.574	0.337	2.358	1.082	0.476	0.593	2.234
0.513	0.498	0.42	0.64	0.344	2.681	0.981	0.474	0.588	2.302
0.513	0.496	0.41	0.786	0.342	2.971	0.894	0.474	0.586	2.339
0.505	0.496	0.408	0.898	0.347	3.242	0.845	0.471	0.588	2.358
0.513	0.498	0.398	0.962	0.347	3.472	0.813	0.466	0.579	2.366
0.52	0.5	0.391	0.898	0.349	3.557	0.781	0.464	0.576	2.361
0.583	0.5	0.386	0.864	0.354	3.608	0.737	0.461	0.574	2.354
0.742	0.503	0.386	0.937	0.354	3.677	0.693	0.461	0.569	2.344
0.884	0.498	0.388	0.977	0.354	3.755	0.669	0.464	0.569	2.305
1.196	0.498	0.393	0.964	0.356	3.752	0.654	0.457	0.571	2.236
1.733	0.5	0.386	0.959	0.349	3.628	0.645	0.454	0.562	2.114
1.948	0.5	0.381	0.969	0.354	3.374	0.623	0.454	0.559	1.96
2.288	0.503	0.378	0.986	0.356	3.027	0.61	0.452	0.557	1.821
2.986	0.505	0.376	1.003	0.361	2.661	0.596	0.449	0.552	1.729
3.73	0.498	0.381	1.021	0.364	2.229	0.581	0.454	0.552	1.631
4.326	0.5	0.381	1.016	0.366	1.909	0.571	0.447	0.552	1.545
4.802	0.503	0.374	1.011	0.359	1.484	0.569	0.444	0.544	1.472
5.164	0.505	0.374	1.018	0.366	1.143	0.552	0.442	0.544	1.409
5.405	0.503	0.376	1.05	0.398	0.867	0.547	0.442	0.54	1.355
5.667	0.503	0.381	1.033	0.479	0.706	0.54	0.439	0.537	1.309
5.789	0.498	0.388	0.981	0.703	0.608	0.532	0.444	0.537	1.26
5.908	0.493	0.386	0.876	0.815	0.537	0.53	0.437	0.535	1.223
5.994	0.493	0.388	0.791	0.903	0.491	0.532	0.437	0.532	1.191
6.055	0.496	0.388	0.754	0.986	0.452	0.52	0.435	0.53	1.16
6.033	0.493	0.386	0.745	1.196	0.427	0.515	0.432	0.527	1.133
5.972	0.493	0.388	0.725	1.404	0.413	0.513	0.432	0.525	1.104
5.806	0.488	0.396	0.691	1.646	0.405	0.508	0.435	0.527	1.079
5.264	0.486	0.398	0.566	1.851	0.403	0.505	0.43	0.52	1.06
4.456	0.486	0.393	0.466	1.985	0.408	0.505	0.43	0.52	1.038
3.428	0.488	0.386	0.405	2.043	0.398	0.496	0.427	0.518	1.021
2.603	0.483	0.381	0.369	2.156	0.398	0.496	0.427	0.513	1.006
1.987	0.479	0.381	0.349	2.241	0.398	0.491	0.427	0.513	0.981
1.602	0.479	0.391	0.332	2.39	0.4	0.488	0.427	0.518	0.964
1.365	0.481	0.388	0.32	2.534	0.405	0.486	0.425	0.508	0.952
1.218	0.483	0.381	0.312	2.627	0.413	0.486	0.425	0.508	0.937
0.972	0.486	0.378	0.305	2.698	0.405	0.479	0.422	0.505	0.928
0.801	0.486	0.376	0.3	2.759	0.403	0.479	0.422	0.503	0.923
0.681	0.481	0.378	0.305	2.776	0.4	0.476	0.425	0.5	0.906
0.596	0.481	0.383	0.295	2.759	0.403	0.474	0.422	0.505	0.896
0.542	0.483	0.381	0.288	2.712	0.405	0.476	0.42	0.498	0.886
0.515	0.486	0.376	0.281	2.625	0.413	0.469	0.42	0.496	0.876
0.505	0.488	0.376	0.273	2.463	0.405	0.466	0.417	0.493	0.867
0.505	0.491	0.376	0.286	2.278	0.403	0.464	0.417	0.491	0.864
0.505	0.481	0.381	0.303	2.012	0.4	0.461	0.425	0.491	0.85
0.496	0.474	0.386	0.31	1.748	0.4	0.459	0.415	0.493	0.842
0.493	0.479	0.383	0.312	1.475	0.405	0.461	0.415	0.488	0.835
0.493	0.483	0.381	0.308	1.228	0.41	0.454	0.415	0.486	0.828
0.498	0.483	0.381	0.3	0.979	0.405	0.452	0.413	0.486	0.823
0.503	0.488	0.374	0.303	0.793	0.405	0.449	0.415	0.486	0.82
0.508	0.481	0.378	0.303	0.725	0.403	0.447	0.42	0.493	0.808
0.503	0.481	0.383	0.293	0.691	0.403	0.444	0.413	0.515	0.806
0.493	0.481	0.381	0.288	0.593	0.405	0.449	0.413	0.547	0.796
0.488	0.476	0.383	0.298	0.527	0.361	0.442	0.413	0.61	0.791
0.488	0.474	0.378	0.286	0.474	0.31	0.442	0.41	0.798	0.786
0.488	0.471	0.376	0.286	0.43	0.278	0.439	0.41	1.018	0.784
0.491	0.459	0.376	0.286	0.391	0.261	0.437	0.415	1.313	0.774
0.488	0.457	0.378	0.288	0.376	0.251	0.437	0.41	1.592	0.771
0.483	0.459	0.381	0.288	0.361	0.251	0.439	0.41	1.895	0.764
0.479	0.466	0.383	0.283	0.361	0.247	0.432	0.41	2.278	0.762
0.486	0.471	0.386	0.283	0.364	0.239	0.432	0.408	2.583	0.759
0.493	0.474	0.388	0.288	0.369	0.234	0.43	0.41	2.81	0.752
0.493	0.471	0.398	0.286	0.374	0.232	0.427	0.41	3.003	0.747
0.496	0.474	0.4	0.286	0.376	0.234	0.427	0.408	3.13	0.742
0.493	0.471	0.405	0.278	0.366	0.244	0.43	0.408	3.237	0.737
0.488	0.474	0.405	0.273	0.361	0.239	0.425	0.405	3.318	0.735
0.488	0.481	0.4	0.269	0.359	0.234	0.425	0.405	3.359	0.732
0.496	0.476	0.396	0.276	0.361	0.232	0.422	0.408	3.398	0.723
0.488	0.471	0.4	0.278	0.364	0.229	0.422	0.408	3.433	0.72
0.483	0.471	0.396	0.281	0.366	0.234	0.425	0.405	3.445	0.718
0.481	0.471	0.398	0.286	0.359	0.244	0.422	0.405	3.455	0.71
0.474	0.476	0.396	0.283	0.359	0.237	0.422	0.403	3.45	0.708
0.486	0.479	0.393	0.286	0.361	0.234	0.42	0.403	3.433	0.708
0.505	0.474	0.396	0.339	0.371	0.232	0.417	0.408	3.381	0.698
0.513	0.474	0.391	0.459	0.376	0.229	0.417	0.403	3.186	0.693
0.508	0.469	0.386	0.566	0.369	0.232	0.42	0.403	2.847	0.691
0.493	0.474	0.386	0.713	0.366	0.242	0.42	0.403	2.578	0.686
0.544	0.474	0.378	1.001	0.364	0.237	0.432	0.4	2.344	0.681
0.842	0.479	0.376	1.367	0.364	0.234	0.444	0.4	2.146	0.686
2.041	0.476	0.376	1.663	0.366	0.232	0.457	0.405	1.953	0.674
3.337	0.471	0.383	1.895	0.374	0.232	0.476	0.4	1.785	0.671
4.351	0.471	0.386	2.036	0.366	0.234	0.544	0.4	1.633	0.669
5.164	0.471	0.388	2.097	0.361	0.242	0.684	0.4	1.509	0.664
5.684	0.476	0.381	2.151	0.361	0.237	0.825	0.398	1.416	0.662
6.052	0.479	0.376	2.139	0.359	0.237	1.042	0.398	1.343	0.664
6.262	0.471	0.371	2.112	0.378	0.232	1.426	0.405	1.277	0.654
6.438	0.466	0.374	2.107	0.396	0.232	1.97	0.398	1.23	0.652
6.626	0.464	0.376	2.144	0.398	0.234	2.583	0.398	1.184	0.647
6.79	0.464	0.376	2.151	0.4	0.237	2.925	0.396	1.145	0.645
6.929	0.469	0.374	2.151	0.403	0.237	3.472	0.396	1.111	0.642
7.017	0.471	0.371	2.173	0.403	0.237	3.914	0.396	1.084	0.642
7.024	0.464	0.376	2.185	0.408	0.232	4.319	0.403	1.057	0.635
7.004	0.464	0.374	2.185	0.417	0.232	4.617	0.396	1.025	0.635
6.865	0.466	0.376	2.126	0.413	0.237	4.851	0.398	1.003	0.632
6.514	0.474	0.378	2.017	0.413	0.237	4.968	0.415	0.981	0.63
6.135	0.476	0.374	1.858	0.41	0.237	5.056	0.498	0.957	0.635
5.686	0.483	0.371	1.609	0.413	0.234	5.125	0.63	0.94	0.632
5.203	0.483	0.378	1.34	0.417	0.232	5.188	0.793	0.928	0.632
4.739	0.479	0.374	1.199	0.425	0.232	5.225	0.945	0.903	0.635
4.285	0.476	0.378	1.135	0.417	0.239	5.234	1.094	0.889	0.64
3.977	0.479	0.381	1.099	0.415	0.237	5.21	1.204	0.872	0.652
3.589	0.481	0.4	0.989	0.413	0.237	5.139	1.294	0.857	0.674
3.079	0.483	0.439	0.881	0.415	0.234	4.792	1.387	0.842	0.686
2.544	0.486	0.459	0.803	0.42	0.232	3.958	1.458	0.835	0.72
2.129	0.483	0.466	0.728	0.425	0.232	3.315	1.511	0.815	0.811
1.882	0.479	0.483	0.662	0.42	0.244	2.72	1.56	0.801	1.052
1.682	0.476	0.491	0.62	0.417	0.283	2.249	1.602	0.789	1.335
1.509	0.481	0.498	0.581	0.415	1.929	1.86	1.638	0.779	1.57
1.411	0.479	0.469	0.552	0.415	2.678	1.575	1.675	0.767	1.772
1.313	0.476	0.459	0.51	0.422	3.398	1.365	1.689	0.764	2.063
1.172	0.469	0.522	0.471	0.42	4.258	1.194	1.702	0.745	2.461
1.021	0.464	0.535	0.442	0.42	4.941	1.045	1.711	0.737	2.744
0.872	0.461	0.537	0.425	0.42	5.454	0.935	1.714	0.728	2.964
0.781	0.466	0.518	0.413	0.417	5.767	0.85	1.714	0.715	3.188
0.703	0.461	0.586	0.413	0.42	5.994	0.784	1.716	0.708	3.34
0.63	0.466	0.669	0.405	0.427	6.184	0.728	1.694	0.701	3.469
0.576	0.549	0.752	0.403	0.422	6.387	0.688	1.665	0.688	3.589
0.54	0.645	0.825	0.4	0.422	6.528	0.647	1.633	0.681	3.691
0.513	0.693	0.964	0.408	0.42	6.592	0.62	1.592	0.671	3.738
0.503	0.798	1.257	0.403	0.417	6.611	0.598	1.548	0.667	3.745
0.5	0.859	1.587	0.393	0.42	6.628	0.576	1.484	0.662	3.728
0.498	0.891	1.89	0.391	0.43	6.499	0.562	1.428	0.654	3.677
0.496	0.903	2.266	0.391	0.422	6.169	0.552	1.362	0.647	3.494
0.488	0.916	2.598	0.408	0.42	5.63	0.535	1.262	0.642	3.074
0.479	0.937	2.881	0.415	0.43	5.066	0.525	1.189	0.637	2.361
0.457	0.984	3.108	0.417	0.437	4.409	0.513	1.123	0.635	1.76
0.437	0.952	3.252	0.42	0.452	3.801	0.503	1.074	0.647	1.477
0.437	0.916	3.33	0.425	0.461	3.086	0.498	1.018	0.671	1.299
0.439	0.955	3.367	0.432	0.488	2.39	0.496	0.984	0.728	1.165
0.449	1.023	3.411	0.432	0.53	1.775	0.486	0.955	0.825	1.035
0.447	1.052	3.43	0.43	0.566	1.311	0.481	0.925	1.052	0.92
0.452	1.057	3.43	0.43	0.566	1.03	0.476	0.903	1.309	0.806
0.471	1.099	3.457	0.422	0.598	0.776	0.469	0.879	1.704	0.725
0.52	1.14	3.447	0.422	0.676	0.581	0.466	0.854	2.046	0.667
0.576	1.138	3.44	0.427	0.789	0.461	0.461	0.837	2.349	0.618
0.632	1.191	3.452	0.43	0.984	0.376	0.457	0.818	2.581	0.586
0.693	1.287	3.45	0.496	1.108	0.332	0.452	0.803	2.766	0.564
0.92	1.377	3.391	0.706	1.169	0.3	0.444	0.793	2.949	0.544
1.162	1.46	3.169	0.786	1.35	0.276	0.439	0.776	3.103	0.54
1.27	1.516	2.903	0.837	1.638	0.264	0.437	0.764	3.206	0.535
1.343	1.575	2.61	0.854	2.109	0.259	0.427	0.752	3.298	0.525
1.414	1.636	2.234	0.864	2.463	0.251	0.422	0.74	3.376	0.518
1.523	1.675	1.833	0.959	2.698	0.251	0.42	0.73	3.445	0.518
1.65	1.653	1.541	1.128	2.961	0.249	0.415	0.728	3.503	0.508
1.755	1.604	1.296	1.272	3.179	0.247	0.413	0.708	3.55	0.503
1.855	1.536	1.074	1.389	3.325	0.242	0.415	0.701	3.557	0.498
1.931	1.467	0.811	1.394	3.464	0.244	0.408	0.693	3.555	0.493
2.026	1.387	0.645	1.443	3.557	0.242	0.405	0.684	3.535	0.493
2.058	1.279	0.532	1.541	3.64	0.244	0.403	0.676	3.501	0.498
2.104	1.147	0.459	1.714	3.718	0.247	0.403	0.674	3.457	0.491
2.124	1.035	0.415	1.904	3.789	0.244	0.403	0.654	3.408	0.488
2.1	0.937	0.378	2.17	3.862	0.239	0.41	0.647	3.347	0.488
2.061	0.879	0.359	2.51	3.95	0.239	0.413	0.637	3.262	0.486
2.002	0.791	0.347	2.698	4.011	0.239	0.488	0.627	3.025	0.486
1.938	0.754	0.339	2.793	4.038	0.244	0.789	0.62	2.737	0.488
1.899	0.718	0.332	2.795	3.955	0.244	1.326	0.62	2.437	0.481
1.89	0.703	0.325	2.776	3.76	0.242	1.746	0.605	2.2	0.481
1.851	0.635	0.325	2.795	3.411	0.242	2.285	0.601	2.021	0.479
1.841	0.557	0.327	2.849	2.986	0.237	2.842	0.593	1.875	0.476
1.826	0.51	0.33	2.942	2.529	0.239	3.437	0.586	1.758	0.476
1.824	0.491	0.33	2.981	2.097	0.244	3.955	0.583	1.633	0.474
1.826	0.479	0.33	2.998	1.707	0.244	4.497	0.579	1.519	0.469
1.836	0.479	0.32	3.015	1.362	0.242	5.103	0.571	1.406	0.469
1.863	0.474	0.32	2.874	1.079	0.244	5.593	0.566	1.306	0.466
0	0.471	0.325	2.463	0.872	0.237	6.03	0.559	1.23	0.464
0	0.471	0.325	2.134	0.764	0.237	6.404	0.557	1.172	0.469
0	0.486	0.332	1.863	0.627	0.242	6.75	0.554	1.125	0.461
0	0.491	0.588	0	0.503	0.247	7.058	0.549	1.089	0.461
0	0.491	0.82	0	0.442	0.244	7.336	0.544	1.047	0.459
0	0.491	0.864	0	0.398	0.247	7.527	0.542	1.016	0.459
0	0.491	0.862	0	0.376	0.256	7.664	0.537	0.989	0.457
0	0.496	1.13	0	0.359	0.303	7.791	0.532	0.957	0.461
0	0.52	1.423	0	0.349	0.347	7.903	0.535	0.93	0.454
0	1.003	1.909	0	0.344	0.41	7.991	0.527	0.911	0.454
0	1.504	2.39	0	0.339	1.211	8.069	0.522	0.881	0.457
0	1.533	2.749	0	0.339	2.859	8.123	0.52	0.862	0.464
0	1.445	3.042	0	0.339	3.936	8.157	0.515	0.845	0.496
0	1.531	3.43	0	0.337	5	8.164	0.513	0.833	0.583
0	1.892	3.767	0	0.337	5.95	8.152	0.515	0.82	0.715
0	2.593	4.023	0	0.342	6.931	8.113	0.508	0.813	0.942
0	3.274	4.253	0	0.332	7.637	7.966	0.505	0.796	1.328
0	3.835	4.421	0	0.332	8.098	7.51	0.503	0.789	1.724
0	4.368	4.563	0	0.332	8.499	6.936	0.498	0.776	2.166
0	4.929	4.595	0	0.332	8.826	6.401	0.496	0.767	2.532
0	5.405	4.587	0	0.332	9.163	5.469	0.5	0.759	2.754
0	5.764	4.563	0	0.334	9.236	4.368	0.491	0.752	2.935
0	6.011	4.377	0	0.33	9.241	3.496	0.488	0.742	3.059
0	6.194	4.243	0	0.33	9.241	2.791	0.486	0.735	3.152
0	6.318	4.077	0	0.33	9.241	2.258	0.481	0.725	3.232
0	6.372	3.84	0	0.33	9.243	1.931	0.481	0.718	3.298
0	6.372	3.574	0	0.325	9.148	1.724	0.483	0.715	3.345
0	6.377	3.274	0	0.325	8.821	1.543	0.476	0.706	3.369
0	6.367	2.91	0	0.317	8.347	1.333	0.474	0.698	3.372
0	6.333	2.471	0	0.322	7.754	1.216	0.471	0.688	3.364
0	6.274	1.951	0	0.322	7.124	1.113	0.466	0.681	3.34
0	6.233	1.616	0	0.322	6.392	1.06	0.466	0.674	3.25
0	6.157	1.387	0	0.325	5.837	0.967	0.471	0.674	3.044
0	5.959	1.201	0	0.327	5.352	0.894	0.469	0.662	2.759
0	5.569	0.894	0	0.317	4.399	0.845	0.471	0.654	2.488
0	5.1	0.708	0	0.317	3.43	0.793	0.52	0.649	2.253
0	4.587	0.598	0	0.315	2.593	0.762	0.652	0.645	2.051
0	4.043	0.537	0	0.31	2.024	0.725	0.745	0.642	1.882
0	3.494	0.505	0	0.31	1.611	0.691	0.85	0.645	1.704
0	2.949	0.474	0	0.305	1.257	0.659	1.057	0.635	1.548
0	2.434	0.457	0	0.303	1.003	0.623	1.438	0.632	1.418
0	1.96	0.449	0	0.308	0.828	0.593	1.855	0.627	1.289
0	1.667	0.447	0	0.327	0.701	0.571	2.212	0.625	1.196
0	1.309	0.447	0	0.352	0.601	0.552	2.412	0.623	1.106
0	1.045	0.442	0	0.364	0.547	0.544	2.532	0.623	1.047
0	0.908	0.43	0	0.383	0.498	0.537	2.605	0.613	0.999
0	0.864	0.415	0	0.435	0.469	0.522	2.664	0.61	0.969
0	0.796	0.405	0	0.518	0.442	0.513	2.693	0.608	0.935
0	0.747	0.396	0	0.64	0.432	0.503	2.712	0.603	0.916
0	0.684	0.396	0	0.723	0.427	0.496	2.725	0.601	0.884
0	0.623	0.396	0	0.781	0.427	0.488	2.72	0.598	0.862
0	0.547	0.393	0	0.774	0.43	0.486	2.722	0.593	0.842
0	0.471	0.386	0	0.754	0.427	0.474	2.72	0.588	0.825
0	0.405	0.386	0	0.752	0.422	0.466	2.703	0.583	0.808
0	0.376	0.386	0	0.774	0.42	0.459	2.622	0.579	0.798
0	0.359	0.391	0	0.793	0.42	0.452	2.463	0.579	0.781
0	0.366	0.393	0	0.84	0.422	0.449	2.246	0.574	0.767
0	0.369	0.388	0	0.842	0.425	0.457	2.036	0.571	0.754
0	0.364	0.383	0	0.881	0.42	0.464	1.802	0.569	0.742
0	0.359	0.378	0	0.93	0.417	0.496	1.672	0.564	0.732
0	0.369	0.386	0	0.979	0.415	0.527	1.536	0.562	0.72
0	0.356	0.393	0	1.028	0.42	0.562	1.423	0.562	0.706
0	0.347	0.391	0	1.057	0.42	0.593	1.316	0.557	0.696
0	0.347	0.388	0	1.064	0.422	0.623	1.223	0.552	0.684
0	0.347	0.386	0	1.082	0.413	0.627	1.143	0.549	0.674
0	0.352	0.383	0	1.111	0.457	0.635	1.086	0.544	0.669
0	0.349	0.386	0	1.128	0.647	0.647	1.04	0.544	0.654
0	0.342	0.396	0	1.138	0.833	0.662	1.003	0.547	0.647
0	0.342	0.391	0	1.138	0.798	0.698	0.962	0.542	0.642
0	0.342	0.388	0	1.14	0.786	0.793	0.928	0.552	0.632
0	0.344	0.386	0	1.162	0.825	0.901	0.896	0.583	0.627
0	0.342	0.388	0	1.172	0.874	1.038	0.872	0.625	0.627
0	0.342	0.393	0	1.184	0.981	1.187	0.852	0.669	0.615
0	0.364	0.405	0	1.184	1.106	1.333	0.833	0.706	0.61
0	0.396	0.403	0	1.162	1.201	1.509	0.813	0.73	0.605
0	0.657	0.403	0	1.116	1.379	1.685	0.791	0.786	0.601
0	0.833	0.42	0	1.062	1.56	1.836	0.774	0.918	0.598
0	0.828	0.476	0	0.898	1.797	1.948	0.759	1.143	0.601
0	0.815	0.686	0	0.74	2.107	2.031	0.752	1.606	0.588
0	0.898	0.771	0	0.642	2.429	2.085	0.735	2.075	0.586
0	1.03	0.764	0	0.562	2.625	2.129	0.725	2.59	0.583
0	1.123	0.745	0	0.515	2.783	2.146	0.713	2.988	0.579
0	1.228	0.806	0	0.51	2.896	2.156	0.703	3.276	0.576
0	1.321	0.925	0	0.53	2.949	2.161	0.693	3.437	0.579
0	1.421	1.096	0	0.554	2.983	2.156	0.693	3.542	0.569
0	1.497	1.23	0	0.557	3.062	2.141	0.679	3.579	0.566
0	1.543	1.326	0	0.532	3.149	2.107	0.674	3.584	0.562
0	1.626	1.401	0	0.488	3.188	2.029	0.667	3.577	0.559
0	1.826	1.516	0	0.464	3.203	0	0.659	3.55	0.557
0	2.214	1.726	0	0.449	3.206	0	0.654	3.494	0.557
0	2.61	1.904	0	0.444	3.181	0	0.654	3.328	0.549
0	3.049	2.153	0	0.447	3.157	0	0.645	3.035	0.547
0	3.347	2.568	0	0.435	3.152	0	0.637	2.778	0.544
0	3.63	2.932	0	0.432	3.005	0	0.632	2.5	0.542
0	3.755	3.159	0	0.432	2.7	0	0.63	2.305	0.542
0	3.779	3.369	0	0.432	2.305	0	0.625	0	0.537
0	3.757	3.66	0	0.437	1.978	0	0.625	0	0.535
0	3.66	3.748	0	0.439	0	0	0.618	0	0.532
0	3.618	3.757	0	0.43	0	0	0.613	0	0.527
0	3.545	3.84	0	0.425	0	0	0.608	0	0.527
0	3.552	4.043	0	0.43	0	0	0.605	0	0.527
0	3.53	4.26	0	0.432	0	0	0.603	0	0.522
0	3.401	4.414	0	0.432	0	0	0.603	0	0.52
0	3.232	4.436	0	0.432	0	0	0.603	0	0.52
0	0	4.5	0	0.427	0	0	0.61	0	0.515
0	0	4.597	0	0.422	0	0	0.657	0	0.515
0	0	4.585	0	0.422	0	0	0.818	0	0.52
0	0	4.377	0	0.422	0	0	1.069	0	0.51
0	0	0	0	0.43	0	0	1.279	0	0.508
0	0	0	0	0.427	0	0	1.453	0	0.508
0	0	0	0	0.422	0	0	1.628	0	0.505
0	0	0	0	0.42	0	0	1.775	0	0.505
0	0	0	0	0.417	0	0	1.885	0	0.508
0	0	0	0	0.417	0	0	1.995	0	0.5
0	0	0	0	0.425	0	0	2.07	0	0.5
0	0	0	0	0.42	0	0	2.131	0	0.498
0	0	0	0	0.415	0	0	2.175	0	0.496
0	0	0	0	0.417	0	0	2.209	0	0.496
0	0	0	0	0.417	0	0	2.241	0	0.498
0	0	0	0	0.422	0	0	2.266	0	0.491
0	0	0	0	0.435	0	0	2.266	0	0.491
0	0	0	0	0.427	0	0	2.268	0	0.488
0	0	0	0	0.425	0	0	2.263	0	0.488
0	0	0	0	0.422	0	0	2.239	0	0.486
0	0	0	0	0.425	0	0	2.146	0	0.488
0	0	0	0	0.427	0	0	2.021	0	0.483
0	0	0	0	0.447	0	0	1.882	0	0.483
0	0	0	0	0.437	0	0	1.787	0	0.486
0	0	0	0	0.52	0	0	1.685	0	0.488
0	0	0	0	0.701	0	0	1.587	0	0.493
0	0	0	0	0.906	0	0	1.494	0	0.493
0	0	0	0	0.906	0	0	0	0	0.5
0	0	0	0	0.955	0	0	0	0	0.513
0	0	0	0	1.104	0	0	0	0	0.532
0	0	0	0	1.196	0	0	0	0	0.562
0	0	0	0	1.353	0	0	0	0	0.605
0	0	0	0	1.499	0	0	0	0	0.645
0	0	0	0	1.772	0	0	0	0	0.696
0	0	0	0	2.229	0	0	0	0	0.771
0	0	0	0	2.617	0	0	0	0	0.837
0	0	0	0	3.01	0	0	0	0	0.898
0	0	0	0	3.374	0	0	0	0	0.964
0	0	0	0	3.599	0	0	0	0	1.006
0	0	0	0	3.853	0	0	0	0	1.04
0	0	0	0	4.282	0	0	0	0	1.06
0	0	0	0	4.714	0	0	0	0	1.067
0	0	0	0	5.002	0	0	0	0	1.074
0	0	0	0	5.239	0	0	0	0	1.082
0	0	0	0	5.444	0	0	0	0	1.072
0	0	0	0	5.63	0	0	0	0	1.067
0	0	0	0	5.723	0	0	0	0	1.06
0	0	0	0	5.605	0	0	0	0	1.045
0	0	0	0	5.215	0	0	0	0	1.033
0	0	0	0	4.719	0	0	0	0	1.023
0	0	0	0	4.238	0	0	0	0	1.001
0	0	0	0	3.643	0	0	0	0	0
0	0	0	0	3.12	0	0	0	0	0
0	0	0	0	2.629	0	0	0	0	0
