0.693	0.842	0.798	0.818	0.869	0.818	0.767	0.581	0.452	0.613
0.693	0.84	0.798	0.818	0.867	0.823	0.771	0.574	0.452	0.61
0.693	0.84	0.793	0.823	0.867	0.823	0.774	0.574	0.449	0.613
0.681	0.84	0.791	0.823	0.869	0.82	0.774	0.576	0.449	0.618
0.684	0.835	0.796	0.82	0.864	0.82	0.771	0.576	0.444	0.62
0.686	0.833	0.793	0.825	0.867	0.818	0.776	0.576	0.447	0.62
0.688	0.83	0.796	0.823	0.859	0.823	0.769	0.566	0.449	0.618
0.691	0.83	0.793	0.825	0.864	0.823	0.769	0.566	0.449	0.615
0.691	0.833	0.791	0.825	0.864	0.823	0.769	0.564	0.452	0.618
0.686	0.833	0.796	0.823	0.874	0.823	0.764	0.569	0.449	0.62
0.681	0.833	0.801	0.823	0.874	0.828	0.769	0.571	0.447	0.62
0.684	0.835	0.798	0.823	0.876	0.825	0.771	0.576	0.447	0.623
0.681	0.833	0.798	0.818	0.872	0.83	0.774	0.574	0.449	0.615
0.684	0.835	0.798	0.818	0.867	0.835	0.776	0.569	0.449	0.618
0.691	0.833	0.791	0.818	0.867	0.835	0.781	0.562	0.449	0.618
0.686	0.828	0.793	0.818	0.874	0.835	0.786	0.566	0.452	0.62
0.684	0.825	0.796	0.815	0.874	0.83	0.784	0.574	0.444	0.62
0.688	0.825	0.798	0.818	0.876	0.83	0.784	0.579	0.444	0.62
0.688	0.828	0.796	0.815	0.874	0.83	0.781	0.576	0.452	0.613
0.688	0.833	0.796	0.815	0.872	0.833	0.789	0.574	0.449	0.615
0.688	0.835	0.789	0.818	0.864	0.833	0.793	0.576	0.452	0.618
0.679	0.83	0.791	0.82	0.869	0.835	0.796	0.576	0.454	0.618
0.676	0.833	0.793	0.815	0.869	0.83	0.791	0.579	0.476	0.618
0.681	0.828	0.793	0.815	0.864	0.828	0.789	0.635	0.503	0.62
0.686	0.828	0.798	0.808	0.859	0.83	0.786	0.674	0.525	0.613
0.688	0.833	0.798	0.811	0.857	0.828	0.786	0.784	0.554	0.618
0.691	0.83	0.796	0.813	0.854	0.833	0.786	0.847	0.547	0.62
0.686	0.825	0.796	0.818	0.84	0.818	0.808	0.842	0.537	0.623
0.681	0.818	0.801	0.818	0.862	0.771	0.852	0.842	0.532	0.625
0.693	0.813	0.801	0.798	0.901	0.791	0.894	0.83	0.544	0.659
0.713	0.776	0.791	0.823	0.962	0.784	0.889	0.793	0.598	0.825
0.71	0.757	0.718	0.852	0.996	0.71	0.837	0.767	0.674	0.74
0.718	0.774	0.676	0.811	1.023	0.693	0.764	0.745	0.742	0.671
0.767	0.789	0.708	0.754	1.023	0.713	0.735	0.73	0.771	0.642
0.791	0.803	0.723	0.703	1.021	0.737	0.764	0.723	0.842	0.642
0.806	0.803	0.73	0.657	1.084	0.747	0.857	0.723	0.896	0.642
0.823	0.808	0.73	0.63	1.143	0.793	0.959	0.71	0.891	0.64
0.901	0.811	0.735	0.618	1.201	0.857	1.067	0.703	0.884	0.657
1.011	0.803	0.791	0.61	1.245	0.891	1.135	0.696	0.874	0.718
1.118	0.798	0.854	0.608	1.311	0.93	1.145	0.688	0.852	0.789
1.216	0.803	0.918	0.625	1.392	0.977	1.123	0.679	0.833	0.798
1.289	0.862	0.967	0.63	1.438	1.018	1.15	0.667	0.818	0.806
1.323	0.937	1.006	0.632	1.467	1.045	1.165	0.649	0.786	0.823
1.362	0.981	1.025	0.642	1.482	1.067	1.182	0.63	0.737	0.835
1.372	0.996	1.052	0.645	1.501	1.084	1.157	0.618	0.645	0.852
1.384	1.025	1.084	0.623	1.501	1.084	1.123	0.605	0.605	0.84
1.399	1.042	1.101	0.613	1.499	1.06	1.101	0.598	0.549	0.786
1.401	1.05	1.099	0.593	1.489	0.967	1.069	0.591	0.515	0.752
1.392	0.974	1.084	0.586	1.458	0.874	1.052	0.586	0.493	0.659
1.289	0.889	1.05	0.586	1.426	0.811	1.033	0.581	0.479	0.596
1.157	0.811	0.981	0.588	1.353	0.74	0.962	0.574	0.474	0.54
1.074	0.789	0.891	0.591	1.223	0.696	0.903	0.569	0.457	0.513
1.133	0.769	0.964	0.664	1.133	0.667	0.825	0.576	0.452	0.488
1.052	0.723	0.964	0.708	1.062	0.632	0.786	0.569	0.449	0.464
0.923	0.696	0.862	0.73	1.025	0.618	0.771	0.569	0.449	0.457
0.845	0.691	0.752	0.752	1.072	0.605	0.752	0.564	0.452	0.464
0.791	0.698	0.688	0.767	1.089	0.603	0.706	0.564	0.454	0.471
0.752	0.713	0.649	0.742	1.064	0.591	0.681	0.566	0.444	0.479
0.725	0.725	0.632	0.723	1.045	0.586	0.662	0.569	0.444	0.491
0.713	0.752	0.62	0.708	1.001	0.618	0.647	0.569	0.444	0.474
0.71	0.767	0.615	0.703	0.884	0.686	0.64	0.566	0.447	0.505
0.735	0.784	0.603	0.706	0.798	0.737	0.637	0.559	0.452	0.537
0.767	0.791	0.596	0.715	0.74	0.769	0.64	0.562	0.454	0.559
0.776	0.803	0.618	0.71	0.708	0.786	0.642	0.564	0.447	0.574
0.784	0.808	0.669	0.698	0.723	0.811	0.635	0.569	0.449	0.576
0.801	0.818	0.706	0.693	0.75	0.828	0.627	0.569	0.449	0.581
0.823	0.818	0.73	0.701	0.774	0.837	0.627	0.566	0.452	0.586
0.825	0.823	0.74	0.701	0.789	0.845	0.63	0.562	0.454	0.588
0.835	0.825	0.745	0.706	0.791	0.852	0.635	0.562	0.452	0.591
0.835	0.833	0.752	0.723	0.796	0.842	0.637	0.562	0.449	0.593
0.837	0.828	0.759	0.728	0.815	0.828	0.63	0.569	0.444	0.591
0.842	0.83	0.767	0.73	0.823	0.811	0.625	0.579	0.447	0.586
0.847	0.828	0.767	0.735	0.82	0.801	0.63	0.583	0.447	0.591
0.845	0.833	0.764	0.754	0.823	0.798	0.632	0.581	0.452	0.586
0.845	0.833	0.769	0.771	0.82	0.801	0.632	0.579	0.447	0.591
0.852	0.83	0.774	0.771	0.823	0.793	0.637	0.588	0.444	0.598
0.852	0.823	0.779	0.803	0.833	0.789	0.632	0.586	0.444	0.591
0.852	0.82	0.789	0.833	0.84	0.786	0.63	0.583	0.444	0.588
0.862	0.82	0.781	0.835	0.842	0.791	0.63	0.583	0.444	0.586
0.857	0.823	0.779	0.801	0.85	0.801	0.635	0.579	0.452	0.591
0.852	0.828	0.779	0.857	0.84	0.881	0.635	0.576	0.447	0.596
0.857	0.823	0.779	0.957	0.84	0.942	0.635	0.583	0.452	0.608
0.859	0.82	0.784	1.018	0.842	0.903	0.632	0.583	0.449	0.601
0.864	0.828	0.791	1.04	0.842	0.862	0.696	0.586	0.447	0.598
0.872	0.835	0.789	1.033	0.842	0.847	0.72	0.586	0.447	0.596
0.862	0.842	0.823	1.021	0.847	0.84	0.688	0.586	0.454	0.62
0.862	0.847	0.837	1.04	0.854	0.833	0.674	0.588	0.452	0.679
0.859	0.842	0.813	1.072	0.854	0.83	0.659	0.596	0.449	0.723
0.859	0.84	0.854	1.096	0.854	0.83	0.649	0.598	0.442	0.75
0.864	0.842	0.955	1.086	0.852	0.833	0.654	0.601	0.442	0.774
0.872	0.845	0.994	1.064	0.852	0.825	0.671	0.601	0.447	0.786
0.872	0.85	0.945	1.057	0.842	0.85	0.674	0.598	0.452	0.798
0.867	0.852	0.884	1.055	0.835	0.872	0.728	0.593	0.447	0.808
0.889	0.842	0.862	1.05	0.828	0.906	0.75	0.598	0.444	0.825
0.923	0.833	0.886	1.033	0.828	0.923	0.762	0.591	0.444	0.823
0.967	0.833	0.916	1.011	0.823	0.933	0.784	0.586	0.444	0.798
0.999	0.903	0.923	0.974	0.828	0.942	0.811	0.586	0.449	0.781
1.023	1.072	0.93	0.935	0.828	0.955	0.833	0.579	0.452	0.779
1.033	1.089	0.935	0.901	0.869	0.955	0.85	0.576	0.449	0.762
1.033	1.096	0.933	0.874	0.908	0.942	0.845	0.583	0.447	0.708
1.028	1.106	0.935	0.84	0.937	0.923	0.85	0.583	0.444	0.674
1.025	1.14	0.94	0.818	0.977	0.884	0.842	0.586	0.444	0.647
1.021	1.184	0.942	0.813	1.035	0.859	0.813	0.581	0.454	0.632
0.979	1.23	0.937	0.818	1.101	0.852	0.774	0.581	0.452	0.625
0.94	1.262	0.933	0.815	1.187	0.84	0.735	0.581	0.449	0.623
0.913	1.27	0.933	0.806	1.277	0.835	0.698	0.579	0.449	0.615
0.898	1.284	0.937	0.801	1.326	0.835	0.676	0.581	0.444	0.61
0.896	1.292	0.937	0.796	1.384	0.835	0.659	0.583	0.444	0.61
0.886	1.306	0.925	0.791	1.428	0.837	0.649	0.581	0.452	0.608
0.872	1.313	0.886	0.791	1.448	0.842	0.645	0.579	0.452	0.608
0.867	1.321	0.84	0.793	1.458	0.833	0.647	0.576	0.449	0.615
0.857	1.326	0.818	0.791	1.47	0.83	0.642	0.579	0.447	0.608
0.85	1.313	0.813	0.789	1.438	0.83	0.64	0.581	0.442	0.608
0.854	1.255	0.818	0.786	1.414	0.83	0.637	0.583	0.442	0.605
0.854	1.206	0.835	0.781	1.399	0.828	0.64	0.583	0.449	0.603
0.852	1.152	0.808	0.784	1.348	0.825	0.64	0.581	0.447	0.603
0.85	1.118	0.791	0.791	1.274	0.825	0.645	0.583	0.447	0.61
0.845	1.101	0.789	0.789	1.172	0.823	0.642	0.581	0.447	0.61
0.847	1.069	0.793	0.786	1.084	0.818	0.637	0.581	0.439	0.608
0.852	1.016	0.791	0.781	1.018	0.815	0.635	0.588	0.442	0.608
0.847	0.972	0.789	0.776	0.962	0.82	0.64	0.583	0.449	0.608
0.847	0.935	0.784	0.781	0.918	0.82	0.647	0.581	0.449	0.61
0.845	0.906	0.779	0.786	0.898	0.82	0.645	0.583	0.452	0.615
0.84	0.884	0.784	0.786	0.889	0.82	0.647	0.581	0.447	0.613
0.842	0.874	0.791	0.781	0.881	0.813	0.645	0.583	0.444	0.61
0.842	0.864	0.791	0.776	0.879	0.811	0.637	0.583	0.444	0.603
0.85	0.867	0.791	0.771	0.876	0.818	0.637	0.579	0.452	0.605
0.85	0.876	0.791	0.769	0.872	0.815	0.642	0.579	0.449	0.61
0.845	0.874	0.793	0.764	0.874	0.815	0.637	0.579	0.452	0.615
0.845	0.874	0.793	0.762	0.874	0.815	0.637	0.579	0.449	0.618
0.847	0.874	0.796	0.759	0.876	0.811	0.637	0.579	0.447	0.615
0.845	0.869	0.796	0.757	0.886	0.813	0.632	0.581	0.447	0.613
0.847	0.872	0.796	0.754	0.884	0.823	0.632	0.581	0.449	0.618
0.847	0.876	0.793	0.767	0.881	0.823	0.642	0.579	0.449	0.664
0.845	0.879	0.791	0.771	0.881	0.823	0.637	0.581	0.447	0.637
0.85	0.876	0.796	0.771	0.876	0.818	0.635	0.588	0.444	0.627
0.854	0.874	0.796	0.769	0.881	0.815	0.635	0.64	0.442	0.686
0.854	0.867	0.798	0.791	0.889	0.813	0.632	0.632	0.442	0.791
0.862	0.867	0.793	0.869	0.879	0.815	0.635	0.61	0.442	0.879
0.864	0.867	0.789	0.881	0.876	0.815	0.642	0.598	0.444	0.986
0.869	0.859	0.784	0.879	0.869	0.815	0.642	0.603	0.444	1.091
0.867	0.854	0.786	0.879	0.864	0.815	0.647	0.62	0.439	1.279
0.874	0.854	0.786	0.937	0.869	0.811	0.637	0.63	0.439	1.436
0.872	0.852	0.789	0.962	0.876	0.813	0.635	0.642	0.442	1.499
0.874	0.859	0.793	0.999	0.876	0.815	0.64	0.64	0.442	1.538
0.874	0.857	0.791	1.042	0.879	0.815	0.645	0.64	0.479	1.555
0.908	0.859	0.789	1.06	0.876	0.815	0.647	0.632	0.532	1.533
0.911	0.857	0.793	1.072	0.879	0.813	0.642	0.63	0.496	1.479
0.908	0.852	0.789	1.118	0.881	0.811	0.637	0.632	0.474	1.433
0.896	0.852	0.789	1.152	0.889	0.818	0.635	0.627	0.466	1.262
1.094	0.859	0.784	1.187	0.884	0.818	0.635	0.623	0.459	1.082
1.387	0.859	0.776	1.194	0.881	0.823	0.637	0.61	0.454	0.977
1.824	0.859	0.781	1.082	0.879	0.825	0.64	0.596	0.457	0.864
2.402	0.857	0.786	0.981	0.879	0.818	0.642	0.608	0.461	0.789
2.954	0.854	0.786	0.911	0.881	0.815	0.637	0.613	0.471	0.732
3.313	0.854	0.786	0.864	0.881	0.82	0.64	0.601	0.493	0.691
3.516	0.864	0.784	0.835	0.879	0.818	0.642	0.593	0.493	0.669
3.645	0.859	0.781	0.815	0.876	0.82	0.642	0.598	0.481	0.657
3.674	0.862	0.793	0.806	0.869	0.82	0.642	0.596	0.469	0.647
3.445	0.852	0.806	0.801	0.869	0.82	0.642	0.591	0.459	0.642
2.937	0.842	0.798	0.791	0.869	0.818	0.637	0.588	0.454	0.642
2.397	0.845	0.796	0.784	0.864	0.823	0.767	0.586	0.457	0.642
1.938	0.85	0.791	0.779	0.862	0.818	0.908	0.583	0.457	0.645
1.533	0.847	0.781	0.776	0.889	0.828	0.803	0.581	0.461	0.645
1.26	0.85	0.776	0.776	1.15	0.84	0.742	0.579	0.488	0.647
1.099	0.852	0.771	0.779	1.052	1.128	0.72	0.581	0.479	0.652
0.994	0.854	0.781	0.771	0.994	1.414	0.752	0.581	0.469	0.647
0.933	0.854	0.801	0.769	0.947	1.265	0.789	0.583	0.459	0.645
0.898	0.867	0.813	0.771	0.913	1.116	0.876	0.586	0.454	0.645
0.884	0.874	0.815	0.767	0.879	1.055	0.935	0.581	0.454	0.64
0.874	0.879	0.82	0.769	0.852	1.052	0.974	0.579	0.449	0.642
0.867	0.884	0.82	0.767	0.845	1.069	0.974	0.586	0.447	0.645
0.869	1.343	0.823	0.767	0.85	1.082	0.959	0.586	0.452	0.647
0.867	1.55	0.825	0.764	0.845	1.104	0.942	0.588	0.449	0.642
0.864	1.455	0.833	0.767	0.84	1.123	0.964	0.593	0.452	0.645
0.859	1.389	0.823	0.759	0.83	1.138	0.959	0.586	0.454	0.637
0.859	1.411	0.801	0.759	0.82	1.145	0.886	0.588	0.449	0.64
0.862	1.465	0.779	0.757	0.818	1.145	0.793	0.588	0.447	0.637
0.854	1.545	0.771	0.747	0.83	1.15	0.735	0.591	0.449	0.637
0.845	1.79	0.786	0.74	0.833	1.184	0.71	0.593	0.444	0.635
0.84	1.985	0.793	0.745	0.852	1.216	0.698	0.593	0.447	0.635
0.833	2.131	0.781	0.745	0.884	1.238	0.684	0.586	0.452	0.632
0.833	2.244	0.779	0.747	0.898	1.245	0.693	0.583	0.452	0.635
0.83	2.334	0.779	0.745	0.876	1.238	0.688	0.583	0.447	0.637
0.833	2.28	0.781	0.742	0.894	1.221	0.684	0.586	0.449	0.64
0.837	2.144	0.784	0.742	0.886	1.174	0.667	0.586	0.444	0.637
0.845	1.885	0.784	0.74	0.862	1.111	0.657	0.591	0.449	0.637
0.852	1.653	0.781	0.74	0.845	1.013	0.654	0.583	0.449	0.635
0.857	1.384	0.781	0.745	0.835	0.957	0.654	0.581	0.447	0.645
0.862	1.184	0.776	0.745	0.83	0.928	0.645	0.583	0.444	0.647
0.862	1.064	0.779	0.735	0.828	0.891	0.642	0.586	0.447	0.652
0.867	1.013	0.779	0.735	0.83	0.859	0.647	0.586	0.447	0.649
0.869	0.981	0.779	0.732	0.833	0.852	0.642	0.586	0.449	0.649
0.869	0.945	0.779	0.737	0.828	0.842	0.642	0.581	0.449	0.649
0.869	0.913	0.776	0.742	0.828	0.83	0.642	0.581	0.449	0.649
0.864	0.894	0.774	0.742	0.83	0.82	0.642	0.581	0.449	0.649
0.857	0.876	0.776	0.742	0.825	0.818	0.637	0.583	0.444	0.649
0.857	0.867	0.781	0.742	0.825	0.818	0.637	0.583	0.439	0.649
0.859	0.854	0.781	0.74	0.818	0.818	0.635	0.586	0.444	0.647
0.862	0.859	0.776	0.737	0.815	0.823	0.635	0.581	0.447	0.647
0.864	0.867	0.771	0.737	0.82	0.823	0.64	0.581	0.447	0.649
0.857	0.867	0.776	0.737	0.83	0.823	0.637	0.583	0.449	0.649
0.854	0.864	0.779	0.735	0.833	0.825	0.635	0.588	0.447	0.649
0.854	0.857	0.784	0.735	0.835	0.823	0.64	0.591	0.447	0.657
0.862	0.852	0.784	0.73	0.833	0.828	0.635	0.591	0.449	0.649
0.862	0.847	0.786	0.73	0.833	0.833	0.64	0.583	0.449	0.652
0.862	0.84	0.789	0.737	0.833	0.833	0.64	0.583	0.449	0.654
0.857	0.835	0.793	0.735	0.842	0.835	0.637	0.583	0.452	0.657
0.854	0.835	0.796	0.737	0.842	0.835	0.637	0.588	0.444	0.659
0.859	0.83	0.801	0.74	0.842	0.828	0.645	0.593	0.444	0.657
0.864	0.825	0.806	0.735	0.842	0.83	0.64	0.588	0.449	0.647
0.864	0.82	0.811	0.742	0.842	0.83	0.645	0.586	0.449	0.647
0.869	0.82	0.803	0.75	0.842	0.825	0.645	0.579	0.452	0.647
0.859	0.823	0.803	0.752	0.85	0.833	0.642	0.583	0.454	0.652
0.857	0.828	0.803	0.752	0.85	0.825	0.645	0.588	0.447	0.647
0.857	0.823	0.803	0.757	0.847	0.823	0.642	0.591	0.449	0.652
0.862	0.828	0.803	0.759	0.842	0.823	0.642	0.583	0.452	0.642
0.864	0.835	0.803	0.764	0.842	0.828	0.642	0.583	0.452	0.645
0.857	0.837	0.801	0.774	0.842	0.823	0.645	0.581	0.449	0.642
0.847	0.837	0.803	0.784	0.845	0.828	0.642	0.583	0.454	0.642
0.845	0.84	0.808	0.793	0.85	0.823	0.645	0.586	0.449	0.64
0.847	0.84	0.813	0.798	0.85	0.823	0.637	0.596	0.449	0.64
0.85	0.842	0.813	0.803	0.854	0.828	0.635	0.588	0.452	0.635
0.857	0.845	0.811	0.808	0.852	0.828	0.637	0.583	0.452	0.635
0.854	0.845	0.806	0.813	0.852	0.833	0.64	0.583	0.452	0.637
0.85	0.845	0.811	0.82	0.852	0.835	0.637	0.586	0.452	0.64
0.847	0.84	0.811	0.82	0.854	0.83	0.642	0.591	0.449	0.642
0.85	0.833	0.811	0.818	0.857	0.828	0.637	0.593	0.449	0.64
0.847	0.837	0.811	0.808	0.854	0.825	0.637	0.586	0.449	0.637
0.854	0.84	0.811	0.813	0.857	0.825	0.64	0.583	0.447	0.635
0.852	0.837	0.806	0.808	0.857	0.828	0.64	0.581	0.452	0.64
0.852	0.847	0.806	0.811	0.852	0.83	0.637	0.583	0.444	0.735
0.85	0.859	0.811	0.813	0.854	0.825	0.642	0.588	0.442	1.221
0.85	0.859	0.813	0.803	0.854	0.823	0.635	0.588	0.444	1.501
0.852	0.864	0.818	0.803	0.852	0.823	0.637	0.586	0.444	1.536
0.859	0.869	0.811	0.803	0.845	0.828	0.64	0.583	0.444	1.523
0.852	0.872	0.808	0.806	0.837	0.828	0.642	0.583	0.449	1.521
0.85	0.869	0.811	0.808	0.835	0.828	0.642	0.586	0.442	1.514
0.845	0.862	0.811	0.806	0.84	0.823	0.642	0.591	0.439	1.489
0.842	0.862	0.815	0.791	0.84	0.82	0.64	0.586	0.437	1.475
0.847	0.859	0.82	0.791	0.84	0.823	0.64	0.703	0.437	1.465
0.854	0.862	0.813	0.789	0.84	0.828	0.64	0.789	0.442	1.467
0.845	0.867	0.811	0.789	0.842	0.83	0.64	0.837	0.442	1.472
0.845	0.867	0.808	0.791	0.835	0.823	0.642	0.942	0.439	1.479
0.842	0.864	0.811	0.793	0.837	0.818	0.642	1.055	0.439	1.489
0.845	0.869	0.813	0.791	0.842	0.813	0.64	1.067	0.439	1.482
0.852	0.869	0.818	0.789	0.845	0.815	0.637	1.077	0.442	1.46
0.862	0.869	0.811	0.789	0.837	0.82	0.64	1.147	0.447	1.489
0.857	0.872	0.811	0.789	0.837	0.825	0.645	1.208	0.452	1.475
0.854	0.876	0.803	0.793	0.833	0.818	0.649	1.35	0.571	1.421
0.854	0.869	0.808	0.798	0.833	0.815	0.642	1.47	0.715	1.353
0.859	0.867	0.813	0.796	0.835	0.815	0.64	1.562	0.842	1.335
0.872	0.872	0.815	0.793	0.835	0.818	0.64	1.663	0.925	1.274
0.874	0.874	0.811	0.793	0.84	0.825	0.642	1.738	0.979	1.262
0.872	0.876	0.808	0.803	0.837	0.833	0.642	1.802	1.003	1.184
0.867	0.881	0.803	0.806	0.84	0.83	0.647	1.863	1.111	1.123
0.859	0.872	0.811	0.803	0.84	0.83	0.645	1.909	1.216	1.157
0.859	0.872	0.818	0.801	0.842	0.825	0.642	1.941	1.306	1.13
0.862	0.874	0.82	0.806	0.845	0.825	0.642	1.943	1.394	1.055
0.857	0.876	0.808	0.806	0.845	0.833	0.645	1.936	1.458	0.93
0.854	0.881	0.803	0.803	0.84	0.837	0.649	1.943	1.526	0.835
0.852	0.886	0.801	0.806	0.84	0.83	0.652	1.948	1.587	0.798
0.85	0.879	0.801	0.793	0.842	0.828	0.647	1.98	1.685	0.742
0.85	0.879	0.801	0.793	0.84	0.825	0.645	2.024	1.78	0.701
0.862	0.881	0.806	0.789	0.84	0.828	0.642	2.036	1.868	0.679
0.854	0.884	0.803	0.786	0.84	0.83	0.647	1.995	1.926	0.664
0.854	0.881	0.801	0.791	0.835	0.835	0.647	1.897	1.96	0.659
0.847	0.886	0.801	0.793	0.837	0.83	0.652	1.763	1.951	0.686
0.847	0.881	0.801	0.789	0.84	0.823	0.654	1.602	1.895	0.671
0.842	0.881	0.808	0.786	0.84	0.82	0.691	1.355	1.86	0.659
0.847	0.881	0.801	0.789	0.842	0.823	0.762	1.179	1.816	0.649
0.847	0.881	0.798	0.793	0.845	0.825	0.937	1.106	1.758	0.645
0.85	0.881	0.803	0.796	0.835	0.825	1.082	1.038	1.711	0.645
0.986	0.879	0.806	0.808	0.837	0.823	1.16	0.933	1.621	0.649
1.228	0.874	0.808	0.942	0.837	0.823	1.27	0.83	1.46	0.647
1.394	0.876	0.815	1.089	0.835	0.82	1.362	0.791	1.321	0.647
1.428	0.881	0.806	1.25	0.837	0.823	1.428	0.725	1.135	0.647
1.472	0.886	0.801	1.396	0.84	0.828	1.409	0.728	1.05	0.649
1.599	0.894	0.793	1.504	0.833	0.828	1.423	0.681	0.972	0.652
1.799	0.889	0.789	1.631	0.833	0.828	1.455	0.652	0.872	0.657
1.877	0.891	0.786	1.628	0.84	0.823	1.482	0.63	0.767	0.652
1.992	0.894	0.791	1.65	0.845	0.818	1.526	0.618	0.647	0.647
2.112	0.894	0.786	1.68	0.847	0.823	1.548	0.605	0.61	0.645
2.246	0.901	0.913	1.697	0.84	0.825	1.589	0.596	0.552	0.647
2.336	0.903	1.125	1.689	0.83	0.82	1.599	0.593	0.508	0.652
2.378	0.896	1.467	1.675	0.83	0.818	1.575	0.598	0.479	0.654
2.363	0.898	1.711	1.689	0.828	0.815	1.536	0.598	0.461	0.652
2.273	0.903	1.814	1.702	0.828	0.813	1.504	0.598	0.454	0.652
2.097	0.906	1.873	1.707	0.833	0.818	1.511	0.596	0.481	0.645
1.963	0.908	1.919	1.699	0.828	0.823	1.482	0.593	0.469	0.645
1.863	0.913	1.943	1.702	0.823	0.82	1.465	0.591	0.457	0.649
1.782	0.906	1.975	1.675	0.823	0.82	1.443	0.593	0.452	0.652
1.724	0.903	2.073	1.628	0.828	0.818	1.353	0.596	0.442	0.647
1.692	0.903	2.156	1.582	0.83	0.813	1.323	0.598	0.442	0.642
1.658	0.911	2.217	1.555	0.835	0.818	1.311	0.596	0.444	0.64
1.606	0.913	2.268	1.577	0.828	0.825	1.313	0.591	0.449	0.64
1.597	0.918	2.3	1.567	0.825	0.823	1.238	0.591	0.444	0.649
1.519	0.906	2.327	1.531	0.83	0.82	1.216	0.591	0.442	0.652
1.411	0.901	2.354	1.428	0.833	0.82	1.194	0.593	0.437	0.649
1.455	0.891	2.388	1.348	0.837	0.835	1.138	0.596	0.442	0.649
1.475	0.891	2.405	1.333	0.845	0.898	1.045	0.588	0.447	0.647
1.445	0.894	2.385	1.372	0.842	0.937	1.013	0.588	0.447	0.647
1.396	0.896	2.361	1.36	0.845	1.067	0.933	0.591	0.447	0.654
1.392	0.886	2.246	1.252	0.847	1.211	0.84	0.588	0.442	0.649
1.321	0.876	2.229	1.16	0.852	1.36	0.771	0.591	0.439	0.649
1.208	0.874	2.048	1.062	0.857	1.484	0.72	0.596	0.442	0.647
1.091	0.881	1.794	0.981	0.859	1.641	0.693	0.591	0.447	0.642
1.008	0.886	1.643	0.923	0.857	1.982	0.676	0.591	0.444	0.64
0.955	0.886	1.465	0.896	0.852	2.319	0.669	0.598	0.447	0.649
0.925	0.884	1.289	0.872	0.852	2.595	0.664	0.593	0.442	0.647
0.906	0.884	1.169	0.852	0.85	2.864	0.669	0.593	0.439	0.647
0.916	0.884	1.035	0.84	0.847	3.115	0.657	0.593	0.442	0.645
0.908	0.886	0.984	0.837	0.85	3.34	0.652	0.591	0.449	0.642
0.906	0.889	1.045	0.84	0.845	3.542	0.654	0.588	0.447	0.645
0.901	0.884	1.069	0.84	0.847	3.733	0.649	0.591	0.447	0.649
0.896	0.886	1.057	0.833	0.845	3.894	0.649	0.588	0.442	0.652
0.896	0.884	1.069	0.83	0.85	3.997	0.645	0.591	0.442	0.652
0.886	0.881	1.079	0.823	0.852	4.111	0.64	0.593	0.442	0.647
0.879	0.879	1.028	0.823	0.852	4.214	0.637	0.591	0.447	0.645
0.879	0.884	0.967	0.823	0.85	4.233	0.647	0.591	0.442	0.645
0.876	0.881	0.891	0.825	0.845	4.246	0.647	0.593	0.444	0.647
0.876	0.879	0.852	0.828	0.845	4.238	0.645	0.593	0.442	0.647
0.876	0.874	0.825	0.82	0.85	4.146	0.642	0.596	0.439	0.645
0.874	0.867	0.811	0.818	0.854	4.053	0.64	0.596	0.442	0.642
0.876	0.872	0.796	0.815	0.85	3.975	0.64	0.593	0.444	0.642
0.879	0.881	0.789	0.82	0.845	3.831	0.647	0.591	0.447	0.642
0.876	0.879	0.781	0.82	0.842	3.721	0.645	0.591	0.447	0.652
0.872	0.879	0.781	0.815	0.845	3.53	0.645	0.591	0.442	0.679
0.876	0.876	0.779	0.815	0.845	3.318	0.642	0.593	0.442	0.974
0.874	0.874	0.776	0.811	0.85	3.201	0.64	0.588	0.444	1.333
0.879	0.876	0.774	0.808	0.845	2.886	0.642	0.591	0.447	1.345
0.884	0.879	0.767	0.815	0.837	2.488	0.649	0.591	0.447	1.279
0.881	0.876	0.764	0.815	0.84	2.136	0.647	0.588	0.449	1.218
0.876	0.876	0.767	0.813	0.837	1.804	0.649	0.591	0.442	1.187
0.879	0.876	0.762	0.811	0.845	1.55	0.645	0.591	0.439	1.169
0.876	0.881	0.762	0.803	0.854	1.348	0.64	0.588	0.447	1.155
0.876	0.889	0.762	0.801	0.85	1.169	0.642	0.588	0.447	1.15
0.872	0.896	0.759	0.806	0.842	1.133	0.649	0.596	0.447	1.15
0.869	0.896	0.764	0.798	0.835	1.079	0.647	0.696	0.447	1.147
0.864	0.896	0.774	0.803	0.833	0.994	0.649	0.967	0.442	1.152
0.869	0.896	0.779	0.806	0.84	0.964	0.642	0.967	0.439	1.147
0.862	0.896	0.789	0.808	0.85	0.935	0.64	0.913	0.447	1.128
0.862	0.901	0.791	0.811	0.852	0.92	0.642	0.935	0.444	1.04
0.862	0.901	0.789	0.818	0.852	0.928	0.645	0.981	0.447	0.923
0.857	0.898	0.784	0.82	0.847	0.898	0.647	1.013	0.444	0.847
0.857	0.898	0.789	0.815	0.845	0.876	0.645	1.055	0.442	0.823
0.854	0.898	0.776	0.813	0.847	0.862	0.642	1.079	0.439	0.793
0.854	0.901	0.779	0.811	0.847	0.852	0.642	1.118	0.444	0.737
0.859	0.906	0.776	0.808	0.845	0.84	0.645	1.147	0.444	0.713
0.859	0.906	0.776	0.811	0.842	0.84	0.647	1.172	0.449	0.693
0.859	0.908	0.781	0.815	0.84	0.837	0.645	1.174	0.447	0.693
0.859	0.911	0.784	0.82	0.842	0.83	0.645	1.167	0.442	0.708
0.854	0.906	0.776	0.818	0.845	0.83	0.642	1.113	0.496	0.701
0.859	0.903	0.776	0.813	0.842	0.835	0.64	1.035	1.003	0.684
0.869	0.913	0.774	0.811	0.845	0.835	0.647	0.937	1.184	0.669
0.876	0.911	0.774	0.808	0.845	0.837	0.645	0.864	1.023	0.664
0.881	0.913	0.776	0.811	0.842	0.84	0.649	0.85	0.937	0.662
0.884	0.908	0.776	0.811	0.842	0.837	0.652	0.784	0.928	0.659
0.879	0.947	0.781	0.808	0.85	0.837	0.645	0.74	0.933	0.654
0.886	1.05	0.781	0.808	0.85	0.842	0.645	0.686	0.952	0.652
0.889	1.226	0.781	0.808	0.852	0.84	0.649	0.649	0.996	0.654
0.889	1.487	0.776	0.806	0.847	0.845	0.652	0.61	1.057	0.652
0.884	1.604	0.776	0.806	0.842	0.847	0.654	0.574	1.099	0.652
0.881	1.667	0.774	0.806	0.845	0.845	0.652	0.559	1.133	0.654
0.876	1.729	0.776	0.801	0.847	0.842	0.647	0.552	1.165	0.654
0.874	1.824	0.779	0.798	0.842	0.847	0.645	0.544	1.184	0.652
0.879	1.902	0.779	0.801	0.84	0.847	0.649	0.542	1.177	0.657
0.879	1.951	0.774	0.796	0.833	0.847	0.647	0.535	1.067	0.654
0.913	1.975	0.774	0.801	0.833	0.85	0.649	0.535	0.974	0.657
1.045	2.073	0.762	0.806	0.828	0.847	0.647	0.535	0.911	0.662
1.084	2.153	0.767	0.803	0.84	0.845	0.652	0.535	0.881	0.659
1.096	2.241	0.767	0.803	0.842	0.847	0.652	0.537	0.803	0.659
1.104	2.329	0.767	0.847	0.842	0.847	0.676	0.542	0.774	0.659
1.121	2.4	0.771	1.121	0.842	0.852	0.74	0.532	0.771	0.654
1.133	2.493	0.776	1.421	0.842	0.85	0.793	0.53	0.662	0.657
1.143	2.554	0.767	1.375	0.847	0.85	0.835	0.527	0.586	0.659
1.15	2.644	0.784	1.353	0.852	0.85	0.852	0.527	0.532	0.659
1.147	2.7	0.835	1.372	0.852	0.845	0.867	0.532	0.498	0.654
1.15	2.659	0.891	1.401	0.854	0.85	0.92	0.54	0.486	0.654
1.162	2.59	0.911	1.426	0.852	0.852	0.989	0.535	0.474	0.649
1.172	2.539	0.925	1.455	0.85	0.852	1.008	0.532	0.464	0.649
1.157	2.478	0.925	1.479	0.94	0.852	1.011	0.532	0.452	0.654
1.121	2.358	0.94	1.487	1.343	0.852	1.028	0.537	0.452	0.654
1.069	2.246	0.942	1.499	2.073	0.847	1.033	0.54	0.447	0.654
0.996	2.168	0.94	1.504	2.424	0.847	1.035	0.542	0.447	0.654
0.952	2.063	0.935	1.509	2.502	0.85	1.038	0.54	0.444	0.654
0.925	1.919	0.908	1.489	2.544	0.85	1.03	0.54	0.444	0.659
0.901	1.729	0.896	1.436	2.615	0.852	1.006	0.542	0.444	0.659
0.886	1.602	0.879	1.36	2.693	0.854	0.925	0.544	0.442	0.657
0.879	1.455	0.837	1.338	2.786	0.852	0.859	0.547	0.442	0.657
0.876	1.348	0.808	1.284	2.905	0.852	0.808	0.549	0.442	0.654
0.876	1.245	0.793	1.196	2.996	0.852	0.789	0.547	0.442	0.649
0.881	1.13	0.791	1.094	3.066	0.852	0.786	0.544	0.449	0.654
0.872	1.096	0.786	0.996	3.142	0.85	0.742	0.542	0.442	0.654
0.869	1.138	0.789	0.935	3.208	0.852	0.713	0.547	0.437	0.654
0.874	1.099	0.781	0.901	3.24	0.845	0.693	0.549	0.439	0.657
0.879	1.077	0.774	0.874	3.223	0.847	0.674	0.547	0.442	0.649
0.881	1.072	0.771	0.854	3.184	0.847	0.671	0.544	0.444	0.649
0.881	1.072	0.767	0.842	3.223	0.85	0.662	0.544	0.447	0.649
0.872	1.011	0.769	0.83	3.154	0.847	0.654	0.547	0.447	0.652
0.867	0.957	0.771	0.823	2.971	0.847	0.649	0.544	0.439	0.652
0.869	0.925	0.774	0.818	2.91	0.84	0.647	0.547	0.439	0.654
0.874	0.911	0.779	0.801	2.827	0.847	0.645	0.532	0.439	0.647
0.867	0.901	0.779	0.796	2.524	1.038	0.645	0.522	0.442	0.645
0.867	0.891	0.771	0.798	2.205	1.304	0.647	0.527	0.439	0.649
0.869	0.886	0.769	0.801	1.895	1.316	0.647	0.525	0.444	0.652
0.872	0.881	0.774	0.803	1.687	1.365	0.645	0.535	0.437	0.649
0.874	0.874	0.774	0.806	1.55	1.409	0.642	0.537	0.437	0.652
0.881	0.874	0.771	0.798	1.443	1.44	0.642	0.53	0.444	0.645
0.886	0.879	0.774	0.803	1.323	1.475	0.645	0.527	0.447	0.645
0.889	0.881	0.767	0.811	1.211	1.528	0.645	0.527	0.449	0.647
0.886	0.879	0.774	0.811	1.094	1.572	0.649	0.527	0.449	0.649
0.889	0.886	0.769	0.808	0.996	1.602	0.647	0.53	0.442	0.649
0.891	0.879	0.769	0.806	0.994	1.614	0.642	0.537	0.439	0.649
0.894	0.879	0.769	0.798	0.94	1.621	0.642	0.53	0.444	0.647
0.896	0.881	0.769	0.806	0.903	1.619	0.647	0.527	0.447	0.649
0.894	0.881	0.764	0.806	0.881	1.614	0.652	0.527	0.444	0.652
0.886	0.884	0.764	0.813	0.862	1.58	0.652	0.53	0.444	0.654
0.879	0.884	0.769	0.813	0.854	1.516	0.652	0.527	0.439	0.657
0.881	0.876	0.771	0.811	0.854	1.428	0.642	0.532	0.442	0.654
0.886	0.874	0.771	0.806	0.845	1.318	0.64	0.525	0.444	0.649
0.896	0.876	0.771	0.806	0.847	1.257	0.645	0.52	0.447	0.649
0.891	0.876	0.767	0.811	0.847	1.196	0.647	0.52	0.447	0.654
0.889	0.879	0.764	0.808	0.845	1.145	0.647	0.522	0.442	0.659
0.886	0.879	0.767	0.808	0.845	1.035	0.652	0.53	0.439	0.662
0.881	0.874	0.771	0.801	0.847	0.957	0.642	0.535	0.439	0.669
0.886	0.876	0.779	0.798	0.847	0.903	0.642	0.53	0.444	0.759
0.894	0.879	0.769	0.798	0.852	0.869	0.645	0.522	0.447	2.175
0.891	0.881	0.769	0.798	0.854	0.859	0.645	0.522	0.449	1.943
0.889	0.881	0.771	0.796	0.845	0.852	0.645	0.525	0.439	1.753
0.889	0.879	0.776	0.801	0.85	0.845	0.645	0.527	0.439	1.775
0.894	0.876	0.784	0.793	0.854	0.842	0.637	0.525	0.437	1.804
0.898	0.879	0.789	0.791	0.85	0.84	0.637	0.576	0.439	1.902
0.906	0.881	0.784	0.791	0.847	0.84	0.642	0.574	0.444	2.026
0.903	0.889	0.781	0.796	0.85	0.845	0.642	0.698	0.447	2.129
0.906	0.891	0.781	0.803	0.845	0.84	0.645	0.959	0.439	2.202
0.903	0.886	0.786	0.803	0.845	0.835	0.642	1.165	0.437	2.271
0.906	0.884	0.789	0.796	0.84	0.828	0.635	1.323	0.439	2.341
0.911	0.889	0.791	0.796	0.835	0.823	0.635	1.531	0.439	2.344
0.923	0.891	0.789	0.791	0.835	0.823	0.64	1.709	0.444	2.324
0.913	0.894	0.784	0.793	0.835	0.825	0.642	1.89	0.449	2.239
0.911	0.898	0.781	0.796	0.833	0.815	0.645	2.039	0.439	2.114
0.908	0.891	0.786	0.796	0.835	0.811	0.645	2.266	0.437	1.943
0.908	0.891	0.791	0.789	0.835	0.811	0.642	2.463	0.488	1.777
0.923	0.967	0.793	0.789	0.835	0.813	0.64	2.646	0.498	1.633
0.989	1.143	0.789	0.784	0.837	0.815	0.642	2.781	0.652	1.431
1.067	1.243	0.784	0.789	0.835	0.825	0.645	2.82	1.445	1.26
1.34	1.279	0.781	0.793	0.835	0.813	0.647	2.898	1.716	1.14
1.631	1.304	0.784	0.801	0.84	0.808	0.64	2.927	2.075	0.986
1.694	1.35	0.789	0.798	0.842	0.808	0.637	2.886	2.957	0.862
1.777	1.443	0.791	0.796	0.85	0.801	0.642	2.751	3.843	0.786
2.124	1.499	0.784	0.798	0.857	0.801	0.637	2.563	4.387	0.745
2.534	1.533	0.781	0.803	0.852	0.803	0.64	2.317	4.636	0.728
2.91	1.499	0.791	0.808	0.854	0.796	0.647	2.012	4.783	0.718
3.13	1.489	0.876	0.803	0.85	0.798	0.637	1.682	4.917	0.691
3.225	1.475	1.062	0.798	0.852	0.801	0.632	1.362	4.912	0.671
3.286	1.438	1.338	0.793	0.857	0.798	0.632	1.116	4.924	0.657
3.296	1.379	1.467	0.791	0.859	0.801	0.637	0.928	4.922	0.647
3.32	1.333	1.516	0.793	0.852	0.811	0.642	0.789	4.929	0.647
3.296	1.301	1.55	0.801	0.852	0.803	0.645	0.696	4.81	0.654
3.188	1.272	1.58	0.801	0.854	0.801	0.64	0.637	4.431	0.652
3.064	1.25	1.597	0.801	0.854	0.796	0.637	0.601	3.989	0.647
2.92	1.204	1.572	0.803	0.854	0.806	0.64	0.581	3.413	0.645
2.678	1.174	1.516	0.806	0.857	0.811	0.642	0.566	2.815	0.645
2.268	1.128	1.472	0.808	0.847	0.815	0.642	0.552	2.275	0.647
1.921	1.038	1.423	0.808	0.847	0.811	0.647	0.549	1.743	0.657
1.665	0.969	1.372	0.806	0.847	0.815	0.64	0.547	1.355	0.652
1.472	0.93	1.343	0.806	0.845	0.811	0.637	0.547	1.079	0.647
1.299	0.903	1.309	0.806	0.845	0.811	0.637	0.544	0.884	0.645
1.157	0.894	1.277	0.808	0.847	0.815	0.637	0.544	0.725	0.642
1.06	0.886	1.25	0.872	0.842	0.818	0.642	0.542	0.615	0.647
0.989	0.876	1.233	1.008	0.845	0.818	0.645	0.549	0.547	0.654
0.942	0.869	1.238	1.633	0.845	0.815	0.64	0.547	0.51	0.652
0.925	0.864	1.218	2.104	0.85	0.813	0.637	0.547	0.496	0.649
0.913	0.867	1.194	2.034	0.85	0.82	0.635	0.54	0.481	0.647
0.898	0.869	1.086	2.002	0.847	0.83	0.64	0.535	0.474	0.645
0.891	0.872	1.003	2.136	0.833	0.833	0.642	0.532	0.461	0.647
0.884	0.864	0.947	2.422	0.825	0.833	0.637	0.535	0.452	0.652
0.869	0.862	0.889	2.676	0.825	0.83	0.637	0.532	0.447	0.647
0.862	0.862	0.864	2.983	0.83	0.825	0.632	0.535	0.444	0.645
0.857	0.864	0.845	3.191	0.837	0.825	0.63	0.527	0.447	0.64
0.852	0.872	0.823	3.35	0.84	0.869	0.632	0.525	0.447	0.64
0.852	0.879	0.808	3.406	0.85	0.994	0.64	0.522	0.444	0.645
0.847	0.874	0.798	3.435	0.916	1.802	0.637	0.527	0.439	0.647
0.847	0.874	0.798	3.464	1.084	2.222	0.632	0.525	0.437	0.649
0.85	0.874	0.801	3.462	1.106	2.393	0.63	0.527	0.437	0.649
0.85	0.876	0.798	3.396	1.101	2.659	0.627	0.527	0.442	0.647
0.85	0.879	0.791	3.125	1.086	3.132	0.63	0.525	0.447	0.647
0.847	0.884	0.791	2.712	1.077	3.528	0.637	0.525	0.447	0.647
0.84	0.879	0.791	2.327	1.074	3.843	0.632	0.522	0.439	0.649
0.842	0.874	0.801	1.965	1.069	4.175	0.632	0.525	0.437	0.649
0.85	0.876	0.803	1.68	1.077	4.639	0.632	0.547	0.439	0.649
0.845	0.879	0.803	1.467	1.077	5.088	0.632	0.603	0.442	0.645
0.85	0.884	0.801	1.265	1.072	5.405	0.635	0.667	0.437	0.645
0.852	0.886	0.798	1.125	1.064	5.662	0.645	0.874	0.439	0.652
0.85	0.884	0.796	1.035	1.069	5.825	0.635	0.862	0.439	0.649
0.852	0.881	0.801	0.974	1.062	5.706	0.632	0.833	0.432	0.649
0.857	0.879	0.801	0.93	1.052	5.276	0.627	0.845	0.432	0.649
0.857	0.879	0.798	0.901	1.045	4.624	0.625	0.894	0.439	0.713
0.859	0.884	0.803	0.881	0.994	3.855	0.627	1.121	0.439	0.898
0.859	0.881	0.801	0.879	0.933	3.088	0.632	1.382	0.437	1.003
0.854	0.876	0.801	0.867	0.911	2.473	0.632	1.58	0.437	1.106
0.85	0.876	0.803	0.859	0.918	2.065	0.63	1.777	0.435	1.27
0.852	0.872	0.801	0.857	0.911	1.77	0.623	2.019	0.437	1.57
0.847	0.874	0.801	0.852	0.896	1.519	0.627	2.314	0.444	1.858
0.85	0.881	0.798	0.857	0.874	1.294	0.63	2.507	0.442	2.156
0.847	0.876	0.793	0.859	0.859	1.113	0.635	2.607	0.442	2.375
0.842	0.876	0.798	0.857	0.85	0.991	0.635	2.617	0.437	2.549
0.842	0.876	0.808	0.859	0.854	0.916	0.63	2.456	0.435	2.69
0.845	0.872	0.806	0.864	0.859	0.869	0.625	2.19	0.437	2.803
0.847	0.876	0.806	0.869	0.854	0.842	0.627	1.907	0.437	2.876
0.857	0.884	0.803	0.867	0.852	0.828	0.635	1.609	0.461	2.915
0.852	0.879	0.801	0.867	0.847	0.818	0.635	1.416	0.508	2.939
0.845	0.876	0.798	0.867	0.847	0.811	0.637	1.145	0.63	2.959
0.847	0.872	0.803	0.864	0.852	0.803	0.635	0.896	0.791	2.925
0.845	0.901	0.801	0.862	0.857	0.798	0.63	0.745	0.911	2.72
0.847	0.952	0.801	0.859	0.854	0.801	0.63	0.649	1.072	2.383
0.852	1.204	0.796	0.864	0.852	0.796	0.635	0.571	1.211	2.092
0.85	1.75	0.793	0.862	0.85	0.798	0.632	0.522	1.328	1.787
0.918	1.775	0.796	0.859	0.85	0.791	0.635	0.493	1.436	1.436
0.952	1.775	0.796	0.854	0.852	0.784	0.635	0.479	1.516	1.191
0.972	2.205	0.798	0.852	0.857	0.784	0.635	0.466	1.575	1.023
1.111	2.937	0.798	0.854	0.852	0.789	0.635	0.457	1.594	0.881
1.274	3.572	0.793	0.859	0.847	0.791	0.64	0.469	1.616	0.798
1.44	3.984	0.791	0.859	0.842	0.791	0.637	0.457	1.616	0.747
1.565	4.119	0.796	0.859	0.842	0.789	0.637	0.449	1.597	0.715
1.567	4.163	0.796	0.857	0.847	0.789	0.632	0.452	1.572	0.693
1.465	4.207	0.798	0.854	0.857	0.791	0.63	0.452	1.514	0.674
1.389	4.15	0.798	0.852	0.854	0.793	0.635	0.449	1.401	0.667
1.379	3.962	0.798	0.857	0.845	0.798	0.637	0.452	1.35	0.659
1.401	3.655	0.798	0.857	0.837	0.803	0.64	0.444	1.299	0.657
1.436	3.235	0.801	0.867	0.835	0.803	0.64	0.447	1.24	0.657
1.46	2.766	0.801	0.952	0.84	0.798	0.64	0.447	1.086	0.659
1.455	2.258	0.806	1.082	0.845	0.796	0.635	0.447	0.991	0.657
1.455	1.86	0.801	1.089	0.845	0.796	0.635	0.447	0.854	0.657
1.453	1.565	0.798	1.096	0.842	0.803	0.637	0.449	0.764	0.662
1.455	1.355	0.798	1.089	0.84	0.808	0.642	0.442	0.696	0.659
1.455	1.172	0.801	1.101	0.842	0.808	0.64	0.444	0.652	0.659
1.436	1.033	0.803	1.235	0.845	0.808	0.637	0.447	0.62	0.662
1.418	0.947	0.808	1.372	0.847	0.815	0.635	0.449	0.576	0.659
1.382	0.903	0.813	1.528	0.845	0.813	0.635	0.449	0.522	0.657
1.345	0.862	0.908	1.665	0.84	0.813	0.635	0.452	0.491	0.657
1.338	0.835	0.952	1.768	0.833	0.808	0.637	0.444	0.471	0.657
1.27	0.813	0.923	1.833	0.837	0.803	0.64	0.447	0.459	0.659
1.24	0.801	0.903	1.87	0.835	0.796	0.637	0.452	0.447	0.654
1.216	0.798	0.898	1.877	0.835	0.796	0.635	0.454	0.444	0.654
1.172	0.798	0.908	1.895	0.835	0.791	0.642	0.452	0.444	0.657
1.121	0.798	0.959	1.902	0.833	0.793	0.642	0.452	0.447	0.657
1.057	0.798	1.021	1.914	0.83	0.796	0.645	0.513	0.449	0.662
1.013	0.796	1.123	1.887	0.83	0.798	0.645	0.857	0.442	0.664
0.955	0.791	1.206	1.809	0.835	0.796	0.637	1.489	0.437	0.679
0.906	0.789	1.267	1.626	0.83	0.801	0.635	1.602	0.437	0.779
0.881	0.791	1.316	1.467	0.833	0.793	0.64	1.575	0.439	1.489
0.867	0.791	1.345	1.323	0.828	0.798	0.635	1.538	0.439	1.672
0.854	0.791	1.367	1.223	0.828	0.798	0.635	1.582	0.437	1.746
0.83	0.791	1.389	1.143	0.828	0.796	0.632	1.709	0.437	1.836
0.813	0.791	1.401	1.089	0.833	0.796	0.635	1.77	0.439	1.951
0.808	0.793	1.418	1.055	0.833	0.796	0.637	1.851	0.435	2.063
0.813	0.786	1.421	1.016	0.83	0.835	0.645	1.938	0.437	2.234
0.811	0.784	1.326	0.959	0.823	0.93	0.642	1.992	0.437	2.4
0.808	0.786	1.211	0.928	0.82	0.957	0.645	2.017	0.437	2.476
0.811	0.784	1.113	0.906	0.825	0.977	0.64	2.031	0.435	2.568
0.806	0.781	1.042	0.889	0.833	1.035	0.64	2.017	0.437	2.629
0.811	0.786	0.996	0.876	0.845	1.177	0.637	1.982	0.435	2.612
0.811	0.789	0.955	0.879	0.881	1.282	0.64	1.924	0.435	2.585
0.811	0.793	0.935	0.876	1.013	1.428	0.642	1.833	0.435	2.554
0.815	0.791	0.942	0.881	1.733	1.572	0.645	1.663	0.435	2.517
0.815	0.789	0.923	0.884	1.775	1.799	0.642	1.523	0.432	2.471
0.813	0.786	0.903	0.884	1.709	2.056	0.64	1.458	0.432	2.419
0.813	0.793	0.903	0.881	2.141	2.246	0.64	1.421	0.427	2.339
0.82	0.796	0.886	0.881	2.573	2.383	0.637	1.387	0.435	2.227
0.825	0.801	0.854	0.881	2.825	2.468	0.637	1.338	0.483	2.1
0.881	0.803	0.84	0.886	2.988	2.424	0.637	1.267	0.637	1.99
1.504	0.806	0.82	0.889	3.115	2.31	0.637	1.172	0.981	1.882
2.417	0.803	0.818	0.889	3.22	2.119	0.637	1.116	1.167	1.812
2.217	0.803	0.811	0.889	3.24	1.863	0.637	1.069	1.265	1.736
1.99	0.801	0.808	0.894	3.218	1.672	0.632	1.038	1.316	1.616
1.892	0.803	0.803	0.891	3.201	1.514	0.632	0.989	1.316	1.519
1.941	0.803	0.801	0.894	3.118	1.35	0.635	0.937	1.406	1.384
2.036	0.803	0.801	0.894	2.896	1.184	0.635	0.864	1.594	1.333
2.114	0.803	0.801	0.891	2.72	1.064	0.637	0.815	1.704	1.25
2.17	0.806	0.801	0.891	2.549	0.977	0.635	0.789	1.721	0
2.178	0.801	0.803	0.906	2.261	0.937	0.632	0.762	1.714	0
2.17	0.798	0.811	0.925	1.963	0.957	0.637	0.676	1.699	0
2.18	0.801	0.811	1.023	1.663	0.979	0.64	0	1.675	0
2.178	0.803	0.811	1.201	1.411	0.959	0.64	0	1.643	0
2.192	0.801	0.813	1.343	1.235	0.906	0.635	0	1.643	0
2.183	0.808	0.818	1.438	1.082	0.857	0.637	0	1.636	0
2.178	0.808	0.818	1.504	0.972	0.833	0.632	0	1.675	0
2.153	0.811	0.823	1.597	0.901	0.823	0.637	0	1.707	0
2.131	0.84	0.82	1.709	0.85	0.815	0.637	0	1.721	0
2.087	0.862	0.818	1.777	0.825	0.811	0.637	0	1.714	0
2.004	1.05	0.823	1.863	0.813	0.806	0.637	0	1.677	0
1.897	1.228	0.825	1.929	0.813	0.798	0.635	0	1.638	0
1.804	1.304	0.83	1.956	0.801	0.801	0.632	0	1.602	0
1.753	1.367	0.833	1.948	0.789	0.801	0.632	0	1.587	0
1.729	1.389	0.825	1.929	0.784	0.803	0.632	0	1.597	0
1.702	1.335	0.837	1.899	0.781	0.803	0.635	0	1.589	0
1.665	1.304	0.842	1.86	0.771	0.798	0.635	0	1.567	0
1.614	1.287	0.845	1.831	0.776	0.796	0.635	0	1.504	0
1.538	1.272	0.854	1.794	0.779	0.798	0.632	0	1.414	0
1.504	1.255	0.869	1.743	0.774	0.803	0.635	0	1.282	0
1.487	1.238	0.867	1.687	0.771	0.808	0.64	0	1.167	0
1.462	1.23	0.862	1.602	0.771	0.811	0.64	0	1.079	0
1.428	1.211	0.862	1.523	0.769	0.803	0.64	0	0.94	0
1.401	1.194	0.874	1.472	0.767	0.801	0.635	0	0.889	0
1.367	1.204	0.881	1.426	0.769	0.801	0.635	0	0.862	0
0	1.201	0.884	1.396	0.774	0.818	0.688	0	0	0
0	1.177	0.886	1.377	0.779	0.854	0.793	0	0	0
0	1.135	0.898	1.335	0.779	1.125	1.387	0	0	0
0	1.113	0.913	1.27	0.784	1.389	1.931	0	0	0
0	1.062	0.889	1.218	0.786	1.55	1.667	0	0	0
0	1.079	0.869	0	0.781	1.641	1.592	0	0	0
0	1.055	0.847	0	0.779	1.697	1.646	0	0	0
0	0.996	0.833	0	0.781	1.731	1.843	0	0	0
0	0.959	0.833	0	0.776	1.733	2.083	0	0	0
0	0.945	0.845	0	0.776	1.738	2.356	0	0	0
0	1.028	0.854	0	0.779	1.768	2.549	0	0	0
0	1.013	0.854	0	0.781	1.829	2.681	0	0	0
0	0.974	0.837	0	0.781	1.917	2.732	0	0	0
0	0.918	0.828	0	0.781	1.97	2.747	0	0	0
0	0.874	0.82	0	0.779	2	2.661	0	0	0
0	0.845	0.818	0	0.784	2.002	2.524	0	0	0
0	0.818	0.818	0	0.786	2.017	2.415	0	0	0
0	0.806	0.823	0	0.789	1.992	2.195	0	0	0
0	0.798	0.813	0	0.784	1.965	1.929	0	0	0
0	0.791	0.803	0	0.784	1.956	1.738	0	0	0
0	0.791	0.801	0	0.771	1.956	1.553	0	0	0
0	0.789	0.803	0	0.771	1.941	1.365	0	0	0
0	0.789	0.806	0	0.767	1.934	1.167	0	0	0
0	0.791	0.815	0	0.767	1.909	0.964	0	0	0
0	0.791	0.806	0	0.767	1.892	0.828	0	0	0
0	0.791	0.801	0	0.769	1.88	0.742	0	0	0
0	0.789	0.798	0	0.771	1.833	0.681	0	0	0
0	0.784	0.798	0	0.774	1.76	0.642	0	0	0
0	0.779	0.801	0	0.774	1.653	0.62	0	0	0
0	0.779	0.803	0	0.774	1.567	0.618	0	0	0
0	0.781	0.796	0	0.774	0	0.618	0	0	0
0	0.789	0.791	0	0.774	0	0.608	0	0	0
0	0.793	0.791	0	0.771	0	0.605	0	0	0
0	0.781	0.796	0	0.774	0	0.591	0	0	0
0	0.776	0.801	0	0.779	0	0.586	0	0	0
0	0.781	0.808	0	0.781	0	0.583	0	0	0
0	0.784	0.798	0	0.779	0	0.583	0	0	0
0	0.789	0.798	0	0.769	0	0.583	0	0	0
0	0.793	0.796	0	0.764	0	0.588	0	0	0
0	0.786	0.798	0	0.767	0	0.583	0	0	0
0	0.784	0.801	0	0.767	0	0.581	0	0	0
0	0.793	0.796	0	0.774	0	0.581	0	0	0
0	0.85	0.796	0	0.779	0	0.581	0	0	0
0	1.128	0.793	0	0.75	0	0.583	0	0	0
0	1.382	0.791	0	0.737	0	0.588	0	0	0
0	1.462	0.796	0	0.781	0	0.579	0	0	0
0	1.465	0.801	0	0.984	0	0.576	0	0	0
0	1.487	0.796	0	1.282	0	0.576	0	0	0
0	1.572	0.796	0	1.492	0	0.581	0	0	0
0	1.667	0.793	0	1.572	0	0.586	0	0	0
0	1.763	0.793	0	1.663	0	0.591	0	0	0
0	1.826	0.796	0	2.039	0	0.583	0	0	0
0	1.87	0.803	0	2.422	0	0.586	0	0	0
0	1.909	0.801	0	2.754	0	0.642	0	0	0
0	1.973	0.801	0	3.074	0	0.693	0	0	0
0	2.087	0.796	0	3.337	0	0.735	0	0	0
0	2.156	0.793	0	3.552	0	0.75	0	0	0
0	2.185	0.796	0	3.738	0	0.73	0	0	0
0	2.19	0.803	0	3.87	0	0.75	0	0	0
0	2.19	0.798	0	3.972	0	0.796	0	0	0
0	2.219	0.798	0	4.058	0	0.815	0	0	0
0	2.246	0.793	0	4.102	0	0.842	0	0	0
0	2.219	0.793	0	4.141	0	0.859	0	0	0
0	2.197	0.796	0	4.163	0	0.945	0	0	0
0	2.168	0.803	0	4.062	0	1.045	0	0	0
0	2.17	0.798	0	3.787	0	1.086	0	0	0
0	2.158	0.796	0	3.455	0	1.116	0	0	0
0	2.163	0.789	0	3.083	0	1.155	0	0	0
0	2.153	0.789	0	2.617	0	1.196	0	0	0
0	2.141	0.791	0	2.239	0	1.206	0	0	0
0	2.131	0.793	0	1.895	0	1.179	0	0	0
0	2.126	0.793	0	1.565	0	1.123	0	0	0
0	2.131	0.791	0	1.228	0	1.045	0	0	0
0	2.095	0.791	0	1.064	0	0.984	0	0	0
0	0	0.793	0	0.935	0	0.908	0	0	0
0	0	0.798	0	0.857	0	0.845	0	0	0
0	0	0.798	0	0.811	0	0.774	0	0	0
0	0	0.801	0	0.776	0	0.725	0	0	0
0	0	0.793	0	0.723	0	0.693	0	0	0
0	0	0.789	0	0.664	0	0.706	0	0	0
0	0	0.786	0	0.63	0	0.715	0	0	0
0	0	0.789	0	0.61	0	0.686	0	0	0
0	0	0.791	0	0.596	0	0.642	0	0	0
0	0	0.789	0	0.591	0	0.618	0	0	0
0	0	0.786	0	0.583	0	0.603	0	0	0
0	0	0.781	0	0.579	0	0.598	0	0	0
0	0	0.781	0	0.566	0	0.591	0	0	0
0	0	0.791	0	0.554	0	0.583	0	0	0
0	0	0.789	0	0.579	0	0.576	0	0	0
0	0	0.793	0	0.645	0	0.581	0	0	0
0	0	0.793	0	0.681	0	0.579	0	0	0
0	0	0.791	0	0.703	0	0.579	0	0	0
0	0	0.791	0	0.723	0	0.579	0	0	0
0	0	0.798	0	0.735	0	0.576	0	0	0
0	0	0.796	0	0.75	0	0.574	0	0	0
0	0	0.835	0	0.747	0	0.576	0	0	0
0	0	0.894	0	0.75	0	0.581	0	0	0
0	0	0.93	0	0.747	0	0.583	0	0	0
0	0	0.908	0	0.747	0	0.583	0	0	0
0	0	1.052	0	0.759	0	0.581	0	0	0
0	0	1.282	0	0.796	0	0.574	0	0	0
0	0	1.523	0	1.152	0	0.574	0	0	0
0	0	1.677	0	1.506	0	0.579	0	0	0
0	0	1.763	0	1.57	0	0.576	0	0	0
0	0	1.855	0	1.553	0	0.576	0	0	0
0	0	2.024	0	1.541	0	0.574	0	0	0
0	0	2.195	0	1.541	0	0.571	0	0	0
0	0	2.202	0	1.541	0	0.571	0	0	0
0	0	2.4	0	1.543	0	0.576	0	0	0
0	0	2.883	0	1.55	0	0.574	0	0	0
0	0	3.364	0	1.575	0	0.571	0	0	0
0	0	3.789	0	1.602	0	0.571	0	0	0
0	0	4.072	0	1.624	0	0.566	0	0	0
0	0	4.316	0	1.619	0	0.564	0	0	0
0	0	4.47	0	1.616	0	0.571	0	0	0
0	0	4.551	0	1.611	0	0.632	0	0	0
0	0	4.563	0	1.597	0	0.681	0	0	0
0	0	4.504	0	1.589	0	0.962	0	0	0
0	0	4.414	0	1.577	0	1.265	0	0	0
0	0	4.375	0	1.538	0	1.375	0	0	0
0	0	4.343	0	1.511	0	1.414	0	0	0
0	0	4.29	0	1.484	0	1.448	0	0	0
0	0	4.089	0	1.462	0	1.501	0	0	0
0	0	3.831	0	1.462	0	1.636	0	0	0
0	0	3.594	0	1.462	0	1.851	0	0	0
0	0	3.298	0	1.465	0	2.063	0	0	0
0	0	3.052	0	1.46	0	2.158	0	0	0
0	0	2.729	0	1.448	0	2.19	0	0	0
0	0	2.432	0	1.411	0	2.124	0	0	0
0	0	0	0	0	0	2.073	0	0	0
0	0	0	0	0	0	2.087	0	0	0
0	0	0	0	0	0	2.092	0	0	0
0	0	0	0	0	0	2.029	0	0	0
0	0	0	0	0	0	1.982	0	0	0
0	0	0	0	0	0	1.919	0	0	0
0	0	0	0	0	0	1.87	0	0	0
0	0	0	0	0	0	1.848	0	0	0
0	0	0	0	0	0	1.87	0	0	0
0	0	0	0	0	0	1.86	0	0	0
0	0	0	0	0	0	1.831	0	0	0
0	0	0	0	0	0	1.755	0	0	0
0	0	0	0	0	0	1.665	0	0	0
0	0	0	0	0	0	1.609	0	0	0
0	0	0	0	0	0	1.519	0	0	0
0	0	0	0	0	0	1.36	0	0	0
0	0	0	0	0	0	1.27	0	0	0
0	0	0	0	0	0	1.189	0	0	0
