0.386	0.432	0.454	0.415	0.4	0.43	0.439	0.435	0.43	0.403
0.396	0.435	0.457	0.41	0.393	0.427	0.427	0.439	0.43	0.403
0.4	0.425	0.454	0.408	0.391	0.43	0.415	0.439	0.435	0.4
0.425	0.422	0.449	0.41	0.388	0.43	0.41	0.435	0.435	0.4
0.442	0.42	0.457	0.413	0.391	0.425	0.415	0.432	0.42	0.398
0.449	0.42	0.457	0.417	0.393	0.422	0.417	0.432	0.415	0.41
0.454	0.422	0.459	0.413	0.393	0.43	0.43	0.43	0.413	0.408
0.461	0.42	0.457	0.41	0.398	0.43	0.427	0.435	0.417	0.405
0.471	0.417	0.454	0.408	0.403	0.432	0.422	0.439	0.425	0.398
0.471	0.415	0.457	0.408	0.408	0.427	0.42	0.437	0.432	0.393
0.469	0.415	0.461	0.41	0.408	0.422	0.417	0.435	0.427	0.403
0.464	0.413	0.459	0.415	0.41	0.417	0.415	0.437	0.425	0.413
0.461	0.417	0.459	0.413	0.408	0.42	0.42	0.437	0.422	0.415
0.466	0.42	0.449	0.41	0.405	0.425	0.422	0.442	0.425	0.413
0.476	0.417	0.417	0.41	0.405	0.427	0.42	0.444	0.43	0.41
0.474	0.417	0.415	0.413	0.398	0.42	0.42	0.439	0.432	0.41
0.471	0.415	0.425	0.42	0.4	0.417	0.415	0.435	0.427	0.415
0.466	0.42	0.43	0.42	0.4	0.422	0.417	0.437	0.42	0.42
0.464	0.422	0.435	0.417	0.396	0.422	0.422	0.435	0.417	0.42
0.466	0.422	0.43	0.413	0.398	0.427	0.425	0.437	0.425	0.415
0.474	0.417	0.42	0.41	0.4	0.427	0.425	0.439	0.43	0.408
0.471	0.415	0.417	0.41	0.398	0.422	0.42	0.437	0.435	0.405
0.471	0.408	0.427	0.417	0.403	0.417	0.417	0.437	0.427	0.405
0.466	0.461	0.432	0.417	0.408	0.415	0.417	0.432	0.43	0.41
0.466	0.562	0.437	0.415	0.403	0.413	0.417	0.435	0.43	0.432
0.471	0.654	0.435	0.41	0.4	0.417	0.42	0.437	0.447	0.479
0.476	0.698	0.427	0.41	0.405	0.422	0.415	0.437	0.522	0.483
0.476	0.728	0.42	0.413	0.393	0.425	0.417	0.464	0.535	0.483
0.474	0.737	0.415	0.425	0.398	0.425	0.459	0.503	0.537	0.53
0.479	0.742	0.413	0.417	0.4	0.437	0.522	0.481	0.535	0.586
0.493	0.745	0.405	0.41	0.403	0.508	0.559	0.5	0.535	0.637
0.51	0.747	0.403	0.405	0.4	0.532	0.618	0.525	0.562	0.688
0.515	0.752	0.41	0.398	0.398	0.574	0.657	0.542	0.581	0.728
0.527	0.74	0.415	0.398	0.413	0.579	0.659	0.552	0.603	0.762
0.535	0.72	0.42	0.408	0.457	0.564	0.64	0.562	0.649	0.771
0.535	0.723	0.42	0.403	0.444	0.559	0.618	0.583	0.674	0.752
0.527	0.718	0.413	0.403	0.466	0.557	0.596	0.652	0.696	0.706
0.547	0.713	0.403	0.403	0.496	0.557	0.591	0.732	0.73	0.671
0.547	0.701	0.393	0.405	0.54	0.559	0.601	0.789	0.759	0.642
0.562	0.696	0.4	0.425	0.647	0.552	0.605	0.808	0.762	0.627
0.559	0.691	0.408	0.439	0.637	0.544	0.608	0.803	0.747	0.63
0.557	0.688	0.422	0.491	0.71	0.549	0.615	0.793	0.735	0.623
0.571	0.696	0.42	0.596	0.745	0.557	0.605	0.801	0.703	0.623
0.586	0.688	0.43	0.679	0.742	0.569	0.591	0.82	0.681	0.62
0.603	0.684	0.435	0.745	0.74	0.574	0.579	0.835	0.681	0.61
0.608	0.674	0.437	0.803	0.75	0.571	0.564	0.845	0.681	0.618
0.603	0.669	0.437	0.85	0.737	0.571	0.564	0.854	0.684	0.63
0.605	0.669	0.432	0.884	0.703	0.581	0.564	0.85	0.664	0.64
0.613	0.671	0.471	0.906	0.657	0.574	0.552	0.847	0.62	0.64
0.625	0.671	0.5	0.913	0.635	0.583	0.547	0.847	0.598	0.637
0.63	0.674	0.508	0.916	0.61	0.586	0.54	0.845	0.588	0.627
0.637	0.662	0.52	0.925	0.603	0.576	0.527	0.85	0.579	0.615
0.64	0.654	0.532	0.935	0.601	0.576	0.518	0.854	0.571	0.593
0.637	0.652	0.547	0.945	0.596	0.598	0.518	0.852	0.566	0.576
0.63	0.657	0.554	0.95	0.593	0.63	0.52	0.859	0.562	0.566
0.62	0.659	0.547	0.95	0.596	0.662	0.518	0.867	0.562	0.554
0.613	0.662	0.542	0.955	0.601	0.676	0.515	0.867	0.547	0.535
0.603	0.654	0.537	0.969	0.61	0.691	0.513	0.869	0.522	0.505
0.583	0.657	0.532	0.967	0.613	0.708	0.515	0.872	0.505	0.483
0.552	0.664	0.552	0.955	0.613	0.718	0.518	0.869	0.488	0.474
0.522	0.671	0.559	0.937	0.63	0.725	0.525	0.872	0.474	0.454
0.498	0.671	0.576	0.923	0.645	0.737	0.571	0.879	0.469	0.444
0.488	0.671	0.586	0.925	0.647	0.742	0.625	0.874	0.464	0.432
0.479	0.659	0.588	0.94	0.625	0.75	0.61	0.842	0.461	0.43
0.471	0.654	0.588	0.942	0.615	0.747	0.564	0.801	0.459	0.422
0.466	0.615	0.596	0.952	0.608	0.742	0.527	0.757	0.491	0.422
0.466	0.537	0.605	0.955	0.601	0.752	0.508	0.698	0.486	0.425
0.464	0.488	0.605	0.952	0.581	0.762	0.486	0.652	0.476	0.422
0.469	0.459	0.608	0.957	0.603	0.767	0.454	0.605	0.471	0.452
0.469	0.452	0.605	0.972	0.625	0.767	0.415	0.544	0.466	0.452
0.5	0.474	0.61	0.972	0.635	0.764	0.388	0.471	0.461	0.444
0.498	0.469	0.618	0.972	0.63	0.754	0.369	0.449	0.454	0.435
0.483	0.471	0.615	0.969	0.596	0.75	0.344	0.405	0.452	0.422
0.474	0.474	0.632	0.952	0.566	0.75	0.361	0.388	0.464	0.417
0.471	0.479	0.623	0.889	0.508	0.742	0.374	0.376	0.461	0.41
0.466	0.454	0.642	0.825	0.476	0.754	0.383	0.376	0.461	0.41
0.461	0.437	0.664	0.769	0.457	0.764	0.393	0.359	0.459	0.469
0.459	0.427	0.686	0.718	0.447	0.759	0.396	0.349	0.457	0.53
0.459	0.422	0.667	0.654	0.442	0.757	0.403	0.347	0.449	0.557
0.454	0.479	0.608	0.623	0.437	0.742	0.405	0.347	0.459	0.576
0.457	0.52	0.569	0.586	0.449	0.715	0.393	0.352	0.461	0.593
0.457	0.542	0.53	0.581	0.469	0.684	0.381	0.347	0.461	0.615
0.454	0.562	0.496	0.542	0.466	0.64	0.388	0.337	0.461	0.623
0.452	0.579	0.452	0.505	0.452	0.608	0.388	0.332	0.459	0.63
0.452	0.598	0.425	0.471	0.442	0.576	0.391	0.334	0.461	0.635
0.457	0.603	0.41	0.464	0.435	0.535	0.391	0.334	0.459	0.64
0.532	0.581	0.4	0.461	0.43	0.513	0.391	0.332	0.459	0.63
0.579	0.574	0.386	0.464	0.43	0.479	0.388	0.33	0.459	0.618
0.586	0.576	0.388	0.464	0.427	0.454	0.388	0.325	0.454	0.591
0.618	0.574	0.398	0.464	0.43	0.437	0.391	0.322	0.449	0.549
0.63	0.574	0.4	0.459	0.432	0.432	0.4	0.325	0.444	0.5
0.637	0.576	0.43	0.464	0.425	0.427	0.403	0.327	0.493	0.466
0.637	0.564	0.474	0.464	0.42	0.43	0.403	0.327	0.552	0.442
0.632	0.552	0.5	0.461	0.42	0.432	0.403	0.33	0.593	0.43
0.632	0.547	0.52	0.464	0.425	0.43	0.4	0.322	0.61	0.42
0.627	0.537	0.52	0.476	0.43	0.427	0.403	0.322	0.62	0.422
0.618	0.542	0.513	0.488	0.439	0.432	0.41	0.325	0.632	0.422
0.613	0.54	0.486	0.498	0.432	0.43	0.413	0.327	0.64	0.422
0.61	0.532	0.471	0.503	0.43	0.432	0.41	0.33	0.647	0.422
0.61	0.53	0.461	0.503	0.427	0.437	0.41	0.327	0.657	0.42
0.613	0.53	0.461	0.51	0.43	0.43	0.4	0.322	0.659	0.425
0.613	0.505	0.459	0.513	0.432	0.43	0.403	0.32	0.659	0.427
0.596	0.53	0.459	0.5	0.437	0.43	0.408	0.32	0.659	0.43
0.588	0.54	0.461	0.481	0.432	0.432	0.408	0.327	0.657	0.427
0.586	0.537	0.457	0.474	0.432	0.432	0.41	0.334	0.662	0.427
0.581	0.53	0.457	0.469	0.43	0.432	0.41	0.327	0.667	0.417
0.571	0.54	0.459	0.466	0.432	0.425	0.405	0.327	0.669	0.42
0.579	0.544	0.464	0.466	0.437	0.425	0.41	0.332	0.667	0.422
0.583	0.559	0.464	0.461	0.437	0.425	0.41	0.334	0.667	0.42
0.591	0.52	0.459	0.459	0.432	0.427	0.413	0.339	0.662	0.42
0.591	0.481	0.454	0.461	0.425	0.435	0.413	0.344	0.662	0.422
0.586	0.454	0.452	0.461	0.42	0.435	0.413	0.334	0.664	0.41
0.581	0.439	0.459	0.469	0.422	0.43	0.408	0.33	0.662	0.415
0.583	0.432	0.461	0.471	0.422	0.427	0.41	0.322	0.659	0.417
0.574	0.444	0.471	0.466	0.422	0.427	0.41	0.322	0.662	0.42
0.586	0.464	0.476	0.466	0.422	0.432	0.413	0.325	0.659	0.42
0.601	0.444	0.474	0.466	0.417	0.435	0.413	0.327	0.664	0.417
0.625	0.43	0.471	0.469	0.415	0.435	0.405	0.32	0.664	0.413
0.635	0.42	0.486	0.471	0.42	0.43	0.4	0.315	0.664	0.413
0.63	0.415	0.5	0.469	0.425	0.427	0.413	0.303	0.662	0.415
0.618	0.42	0.498	0.464	0.422	0.43	0.435	0.315	0.664	0.415
0.586	0.415	0.5	0.464	0.42	0.437	0.43	0.327	0.664	0.425
0.544	0.41	0.491	0.459	0.417	0.442	0.417	0.332	0.662	0.422
0.52	0.403	0.486	0.464	0.415	0.439	0.413	0.347	0.664	0.415
0.505	0.396	0.486	0.466	0.417	0.437	0.403	0.369	0.654	0.417
0.493	0.398	0.496	0.464	0.427	0.432	0.405	0.383	0.649	0.417
0.493	0.405	0.5	0.461	0.425	0.435	0.408	0.398	0.645	0.417
0.488	0.4	0.503	0.464	0.425	0.439	0.405	0.408	0.632	0.417
0.483	0.4	0.498	0.461	0.42	0.447	0.405	0.415	0.581	0.408
0.479	0.4	0.496	0.464	0.42	0.439	0.4	0.415	0.535	0.408
0.474	0.403	0.496	0.464	0.42	0.437	0.396	0.417	0.505	0.41
0.466	0.408	0.498	0.464	0.422	0.435	0.403	0.417	0.486	0.43
0.459	0.415	0.5	0.459	0.417	0.432	0.427	0.425	0.471	0.435
0.459	0.417	0.486	0.459	0.413	0.435	0.459	0.43	0.466	0.43
0.466	0.466	0.464	0.454	0.408	0.442	0.471	0.432	0.466	0.42
0.466	0.491	0.452	0.452	0.405	0.435	0.457	0.43	0.466	0.415
0.469	0.488	0.447	0.454	0.408	0.43	0.452	0.43	0.459	0.415
0.461	0.481	0.444	0.457	0.415	0.427	0.449	0.427	0.459	0.422
0.461	0.491	0.447	0.457	0.403	0.427	0.454	0.432	0.454	0.422
0.461	0.488	0.439	0.459	0.403	0.435	0.461	0.442	0.457	0.425
0.466	0.481	0.435	0.447	0.396	0.442	0.459	0.439	0.461	0.417
0.469	0.479	0.427	0.447	0.425	0.432	0.454	0.439	0.461	0.41
0.486	0.476	0.43	0.444	0.442	0.425	0.452	0.437	0.461	0.422
0.505	0.479	0.43	0.442	0.435	0.422	0.452	0.435	0.464	0.425
0.513	0.481	0.437	0.437	0.42	0.422	0.452	0.439	0.457	0.432
0.508	0.483	0.432	0.432	0.41	0.43	0.454	0.447	0.457	0.435
0.505	0.479	0.43	0.425	0.403	0.437	0.454	0.444	0.471	0.432
0.508	0.479	0.43	0.476	0.396	0.437	0.447	0.437	0.461	0.432
0.52	0.479	0.432	0.54	0.4	0.435	0.447	0.43	0.459	0.43
0.513	0.479	0.437	0.61	0.405	0.43	0.449	0.427	0.459	0.435
0.513	0.476	0.447	0.649	0.413	0.43	0.452	0.435	0.449	0.435
0.513	0.476	0.447	0.662	0.41	0.435	0.454	0.444	0.454	0.432
0.518	0.459	0.447	0.676	0.425	0.444	0.457	0.444	0.454	0.427
0.525	0.452	0.439	0.696	0.439	0.449	0.449	0.442	0.452	0.42
0.527	0.447	0.444	0.718	0.461	0.449	0.444	0.425	0.452	0.417
0.513	0.457	0.454	0.728	0.474	0.449	0.442	0.4	0.452	0.435
0.505	0.457	0.464	0.725	0.476	0.454	0.439	0.393	0.449	0.42
0.503	0.459	0.459	0.696	0.466	0.459	0.437	0.396	0.452	0.42
0.503	0.439	0.454	0.676	0.454	0.459	0.437	0.386	0.457	0.422
0.505	0.43	0.449	0.693	0.452	0.464	0.435	0.374	0.459	0.422
0.503	0.427	0.449	0.71	0.447	0.454	0.43	0.361	0.459	0.422
0.5	0.439	0.459	0.728	0.435	0.452	0.422	0.361	0.457	0.432
0.498	0.442	0.464	0.74	0.427	0.452	0.425	0.366	0.454	0.432
0.498	0.435	0.466	0.747	0.427	0.459	0.435	0.371	0.457	0.43
0.508	0.422	0.461	0.754	0.425	0.459	0.432	0.369	0.459	0.425
0.515	0.405	0.461	0.759	0.43	0.459	0.425	0.366	0.464	0.415
0.513	0.391	0.461	0.769	0.437	0.452	0.427	0.359	0.464	0.422
0.505	0.405	0.469	0.771	0.442	0.447	0.439	0.361	0.461	0.425
0.503	0.4	0.469	0.774	0.444	0.449	0.435	0.366	0.457	0.43
0.503	0.408	0.469	0.769	0.442	0.454	0.439	0.366	0.459	0.425
0.513	0.408	0.466	0.769	0.437	0.454	0.435	0.369	0.464	0.42
0.52	0.405	0.464	0.776	0.437	0.452	0.427	0.364	0.461	0.422
0.518	0.405	0.466	0.781	0.439	0.452	0.425	0.361	0.466	0.427
0.513	0.413	0.474	0.757	0.439	0.444	0.422	0.359	0.459	0.435
0.51	0.427	0.474	0.735	0.442	0.444	0.425	0.354	0.454	0.449
0.51	0.457	0.471	0.693	0.444	0.447	0.435	0.349	0.459	0.452
0.513	0.476	0.466	0.681	0.449	0.439	0.427	0.347	0.461	0.444
0.515	0.479	0.459	0.681	0.457	0.439	0.422	0.349	0.461	0.437
0.508	0.491	0.442	0.698	0.459	0.427	0.417	0.356	0.464	0.437
0.508	0.5	0.427	0.715	0.461	0.422	0.417	0.371	0.457	0.442
0.503	0.513	0.417	0.72	0.464	0.42	0.425	0.374	0.457	0.447
0.5	0.552	0.398	0.684	0.461	0.422	0.435	0.374	0.454	0.442
0.508	0.657	0.366	0.64	0.459	0.42	0.427	0.369	0.457	0.437
0.515	0.754	0.369	0.62	0.459	0.42	0.464	0.356	0.461	0.435
0.515	0.837	0.376	0.608	0.461	0.415	0.515	0.349	0.459	0.435
0.505	0.889	0.393	0.608	0.464	0.417	0.581	0.342	0.449	0.439
0.488	0.928	0.4	0.613	0.466	0.422	0.608	0.347	0.447	0.444
0.474	0.93	0.396	0.61	0.459	0.427	0.625	0.337	0.449	0.437
0.471	0.876	0.386	0.61	0.444	0.43	0.625	0.334	0.452	0.432
0.476	0.833	0.381	0.601	0.439	0.432	0.676	0.317	0.454	0.432
0.469	0.798	0.386	0.596	0.435	0.43	0.713	0.334	0.457	0.437
0.459	0.771	0.393	0.588	0.439	0.427	0.767	0.349	0.452	0.442
0.454	0.762	0.4	0.554	0.442	0.432	0.837	0.369	0.452	0.442
0.452	0.767	0.4	0.53	0.435	0.527	0.864	0.374	0.454	0.439
0.457	0.764	0.398	0.513	0.427	0.632	0.889	0.383	0.459	0.435
0.457	0.769	0.391	0.51	0.43	0.745	0.906	0.381	0.461	0.43
0.532	0.789	0.391	0.515	0.42	0.745	0.918	0.376	0.461	0.432
0.649	0.798	0.391	0.505	0.43	0.791	0.923	0.376	0.457	0.439
0.664	0.803	0.391	0.476	0.486	0.776	0.913	0.374	0.454	0.435
0.715	0.806	0.391	0.457	0.571	0.757	0.901	0.371	0.449	0.437
0.791	0.808	0.386	0.447	0.593	0.715	0.901	0.371	0.452	0.435
0.808	0.811	0.391	0.444	0.603	0.703	0.903	0.371	0.457	0.432
0.82	0.815	0.393	0.444	0.671	0.698	0.898	0.371	0.452	0.435
0.852	0.815	0.396	0.452	0.701	0.696	0.896	0.378	0.447	0.515
0.911	0.82	0.4	0.444	0.73	0.701	0.903	0.376	0.447	0.576
0.962	0.82	0.403	0.437	0.767	0.703	0.898	0.388	0.447	0.598
1.008	0.798	0.398	0.43	0.864	0.708	0.894	0.396	0.452	0.627
1.018	0.789	0.396	0.435	0.923	0.71	0.891	0.396	0.459	0.669
1.003	0.771	0.398	0.439	0.994	0.713	0.881	0.398	0.457	0.74
0.974	0.767	0.396	0.454	1.05	0.72	0.889	0.4	0.454	0.793
0.969	0.798	0.393	0.452	1.138	0.73	0.881	0.403	0.454	0.881
0.991	0.806	0.388	0.447	1.189	0.752	0.862	0.42	0.452	0.928
1.021	0.813	0.383	0.442	1.228	0.781	0.806	0.432	0.496	0.95
1.038	0.803	0.383	0.444	1.27	0.808	0.757	0.432	0.571	0.955
1.038	0.803	0.383	0.444	1.304	0.813	0.73	0.435	0.613	0.952
1.035	0.798	0.383	0.447	1.331	0.791	0.728	0.444	0.623	0.967
1.038	0.801	0.386	0.447	1.353	0.784	0.745	0.442	0.627	0.955
1.042	0.83	0.383	0.476	1.362	0.769	0.764	0.447	0.625	0.942
1.042	0.823	0.378	0.488	1.367	0.754	0.779	0.447	0.659	0.933
1.04	0.762	0.386	0.474	1.372	0.74	0.725	0.449	0.737	0.933
1.025	0.742	0.391	0.466	1.382	0.725	0.718	0.452	0.806	0.94
1.006	0.676	0.393	0.457	1.389	0.71	0.645	0.449	0.83	0.95
0.972	0.623	0.393	0.449	1.404	0.701	0.576	0.439	0.854	0.957
0.952	0.552	0.393	0.444	1.409	0.662	0.527	0.43	0.862	0.947
0.955	0.498	0.393	0.439	1.406	0.64	0.486	0.417	0.872	0.916
0.94	0.469	0.391	0.439	1.404	0.63	0.461	0.41	0.872	0.859
0.942	0.444	0.386	0.447	1.414	0.605	0.447	0.41	0.862	0.82
0.933	0.435	0.386	0.447	1.416	0.591	0.442	0.41	0.85	0.803
0.93	0.43	0.383	0.447	1.423	0.583	0.442	0.408	0.84	0.808
0.955	0.42	0.378	0.442	1.421	0.605	0.437	0.41	0.823	0.845
0.986	0.417	0.378	0.439	1.423	0.64	0.435	0.41	0.815	0.845
0.964	0.42	0.376	0.491	1.418	0.703	0.432	0.413	0.811	0.828
0.92	0.415	0.381	0.635	1.414	0.742	0.43	0.41	0.803	0.779
0.779	0.41	0.386	0.72	1.401	0.708	0.435	0.408	0.793	0.728
0.667	0.41	0.391	0.771	1.375	0.674	0.43	0.41	0.789	0.674
0.586	0.415	0.388	0.796	1.34	0.627	0.435	0.41	0.779	0.61
0.54	0.413	0.383	0.811	1.292	0.583	0.435	0.41	0.781	0.549
0.505	0.417	0.386	0.833	1.267	0.554	0.432	0.408	0.774	0.508
0.488	0.415	0.381	0.85	1.304	0.54	0.43	0.408	0.764	0.483
0.469	0.417	0.386	0.857	1.292	0.576	0.435	0.403	0.759	0.464
0.461	0.42	0.391	0.876	1.26	0.588	0.432	0.403	0.742	0.452
0.464	0.42	0.388	0.884	1.228	0.559	0.437	0.405	0.73	0.447
0.459	0.415	0.388	0.879	1.135	0.515	0.435	0.408	0.732	0.439
0.457	0.415	0.393	0.852	1.089	0.486	0.427	0.413	0.742	0.435
0.457	0.408	0.383	0.837	0.981	0.464	0.43	0.408	0.754	0.435
0.449	0.413	0.388	0.828	0.833	0.454	0.435	0.398	0.771	0.435
0.447	0.413	0.398	0.823	0.706	0.447	0.43	0.398	0.757	0.439
0.452	0.415	0.403	0.825	0.603	0.449	0.435	0.405	0.718	0.437
0.449	0.413	0.403	0.833	0.554	0.444	0.439	0.408	0.688	0.432
0.452	0.413	0.41	0.847	0.557	0.439	0.437	0.403	0.647	0.427
0.449	0.413	0.408	0.872	0.515	0.435	0.435	0.408	0.603	0.43
0.444	0.413	0.41	0.894	0.486	0.432	0.439	0.403	0.569	0.425
0.442	0.415	0.41	0.891	0.466	0.43	0.442	0.503	0.525	0.425
0.444	0.413	0.405	0.879	0.457	0.432	0.444	0.664	0.503	0.42
0.447	0.41	0.403	0.874	0.442	0.43	0.449	0.798	0.496	0.417
0.449	0.403	0.405	0.869	0.435	0.432	0.442	0.842	0.483	0.413
0.444	0.398	0.4	0.872	0.437	0.43	0.439	0.872	0.474	0.417
0.442	0.43	0.408	0.876	0.439	0.452	0.442	0.859	0.466	0.42
0.435	0.498	0.41	0.881	0.439	0.483	0.439	0.84	0.459	0.425
0.437	0.569	0.405	0.886	0.439	0.532	0.439	0.828	0.461	0.422
0.439	0.623	0.405	0.881	0.432	0.574	0.43	0.813	0.461	0.447
0.439	0.659	0.405	0.884	0.43	0.593	0.422	0.803	0.464	0.459
0.439	0.676	0.405	0.869	0.432	0.613	0.417	0.789	0.461	0.488
0.435	0.696	0.408	0.847	0.435	0.62	0.415	0.747	0.457	0.513
0.437	0.703	0.41	0.83	0.437	0.63	0.422	0.723	0.454	0.53
0.439	0.713	0.413	0.806	0.442	0.654	0.427	0.703	0.459	0.532
0.444	0.725	0.413	0.811	0.437	0.679	0.43	0.688	0.459	0.535
0.447	0.723	0.405	0.85	0.437	0.732	0.471	0.679	0.457	0.591
0.447	0.728	0.405	0.862	0.439	0.774	0.544	0.671	0.457	0.649
0.447	0.74	0.415	0.872	0.439	0.813	0.632	0.671	0.452	0.664
0.444	0.75	0.43	0.886	0.432	0.854	0.686	0.669	0.452	0.679
0.439	0.745	0.447	0.874	0.432	0.879	0.723	0.669	0.457	0.698
0.444	0.742	0.454	0.879	0.422	0.886	0.811	0.674	0.457	0.706
0.442	0.73	0.454	0.908	0.415	0.869	0.847	0.679	0.459	0.71
0.439	0.72	0.454	0.92	0.408	0.857	0.803	0.679	0.459	0.71
0.442	0.723	0.459	0.901	0.41	0.85	0.781	0.681	0.454	0.708
0.444	0.725	0.464	0.845	0.415	0.847	0.854	0.686	0.454	0.693
0.442	0.725	0.469	0.784	0.413	0.847	0.906	0.688	0.457	0.676
0.442	0.725	0.474	0.718	0.415	0.859	0.945	0.706	0.454	0.662
0.442	0.713	0.474	0.691	0.457	0.869	0.984	0.708	0.459	0.645
0.442	0.701	0.479	0.659	0.496	0.862	1.016	0.691	0.459	0.632
0.437	0.664	0.491	0.596	0.547	0.847	1.011	0.686	0.454	0.62
0.437	0.603	0.5	0.537	0.576	0.84	1.033	0.686	0.454	0.603
0.435	0.54	0.503	0.488	0.588	0.815	1.055	0.718	0.459	0.583
0.439	0.486	0.496	0.452	0.596	0.745	1.064	0.784	0.459	0.571
0.439	0.449	0.491	0.439	0.681	0.669	1.03	0.776	0.461	0.564
0.437	0.432	0.493	0.435	0.793	0.586	0.989	0.745	0.464	0.562
0.432	0.43	0.496	0.42	0.876	0.525	0.95	0.698	0.503	0.574
0.432	0.42	0.498	0.41	0.891	0.491	0.923	0.654	0.53	0.542
0.427	0.413	0.498	0.41	0.881	0.481	0.881	0.576	0.569	0.532
0.427	0.405	0.496	0.415	0.862	0.469	0.83	0.532	0.645	0.515
0.427	0.396	0.493	0.413	0.854	0.457	0.75	0.493	0.691	0.486
0.427	0.396	0.496	0.425	0.85	0.447	0.647	0.476	0.708	0.469
0.425	0.396	0.505	0.435	0.854	0.442	0.591	0.442	0.789	0.461
0.425	0.4	0.51	0.432	0.859	0.435	0.557	0.422	0.933	0.457
0.425	0.408	0.51	0.432	0.852	0.437	0.515	0.413	0.996	0.452
0.427	0.403	0.505	0.427	0.852	0.439	0.486	0.417	1.057	0.447
0.425	0.396	0.5	0.43	0.833	0.439	0.466	0.425	1.079	0.437
0.43	0.396	0.503	0.437	0.798	0.43	0.452	0.425	1.086	0.437
0.425	0.393	0.503	0.442	0.781	0.422	0.444	0.425	1.094	0.439
0.422	0.398	0.503	0.442	0.769	0.422	0.439	0.425	1.099	0.439
0.432	0.405	0.493	0.442	0.752	0.417	0.435	0.43	1.106	0.435
0.442	0.398	0.498	0.442	0.757	0.417	0.427	0.437	1.125	0.432
0.469	0.396	0.571	0.444	0.737	0.415	0.427	0.435	1.133	0.43
0.476	0.391	0.61	0.444	0.667	0.408	0.42	0.435	1.14	0.43
0.481	0.393	0.737	0.442	0.608	0.403	0.42	0.43	1.138	0.435
0.515	0.396	0.808	0.442	0.559	0.4	0.425	0.43	1.145	0.437
0.62	0.4	0.811	0.488	0.5	0.403	0.432	0.435	1.135	0.442
0.676	0.393	0.796	0.579	0.461	0.405	0.437	0.437	1.118	0.442
0.693	0.388	0.796	0.649	0.437	0.408	0.437	0.43	1.082	0.437
0.703	0.386	0.786	0.703	0.425	0.403	0.427	0.422	1.025	0.437
0.757	0.388	0.779	0.732	0.425	0.398	0.425	0.42	0.935	0.442
0.813	0.391	0.784	0.752	0.422	0.403	0.43	0.422	0.835	0.444
0.859	0.396	0.813	0.798	0.413	0.41	0.432	0.427	0.789	0.444
0.876	0.388	0.83	0.896	0.408	0.422	0.435	0.435	0.74	0.439
0.874	0.386	0.85	0.989	0.413	0.43	0.437	0.41	0.647	0.43
0.876	0.386	0.852	1.077	0.413	0.425	0.43	0.398	0.603	0.432
0.898	0.391	0.881	1.194	0.417	0.42	0.432	0.393	0.547	0.432
0.908	0.393	0.95	1.257	0.422	0.42	0.437	0.391	0.515	0.435
0.945	0.391	1.011	1.294	0.417	0.425	0.442	0.391	0.488	0.435
0.969	0.439	1.038	1.299	0.408	0.405	0.437	0.393	0.481	0.432
1.006	0.481	1.055	1.255	0.4	0.457	0.439	0.388	0.474	0.42
1.035	0.64	1.057	1.184	0.398	0.515	0.435	0.383	0.466	0.42
1.055	0.974	1.082	1.101	0.405	0.603	0.43	0.383	0.461	0.425
1.062	1.257	1.094	1.067	0.4	0.701	0.43	0.386	0.457	0.43
1.057	1.377	1.111	1.064	0.391	0.754	0.435	0.386	0.452	0.442
1.062	1.414	1.113	1.03	0.386	0.774	0.435	0.391	0.457	0.527
1.079	1.421	1.108	1.011	0.383	0.811	0.435	0.388	0.459	0.623
1.086	1.531	1.099	0.994	0.386	0.93	0.43	0.386	0.457	0.713
1.074	1.733	1.101	0.95	0.383	1.033	0.43	0.386	0.452	0.803
1.045	1.887	1.082	0.854	0.378	1.189	0.435	0.388	0.447	0.884
1.003	2	1.05	0.779	0.381	1.309	0.437	0.417	0.447	0.928
0.894	2.068	0.996	0.654	0.381	1.396	0.439	0.442	0.454	0.876
0.791	2.075	0.935	0.574	0.383	1.46	0.432	0.461	0.457	0.828
0.696	2.095	0.881	0.525	0.388	1.482	0.43	0.466	0.457	0.823
0.598	2.019	0.815	0.488	0.4	1.509	0.427	0.481	0.459	0.837
0.537	1.833	0.764	0.474	0.398	1.521	0.43	0.527	0.454	0.859
0.498	1.643	0.728	0.459	0.398	1.567	0.435	0.601	0.454	0.869
0.474	1.56	0.698	0.444	0.393	1.587	0.437	0.667	0.454	0.854
0.459	1.509	0.674	0.439	0.393	1.565	0.43	0.703	0.452	0.845
0.457	1.545	0.696	0.442	0.396	1.543	0.425	0.728	0.457	0.833
0.449	1.504	0.762	0.447	0.405	1.558	0.425	0.72	0.459	0.83
0.444	1.46	0.801	0.439	0.405	1.472	0.427	0.728	0.447	0.835
0.444	1.423	0.742	0.435	0.4	1.335	0.437	0.735	0.447	0.84
0.444	1.396	0.674	0.427	0.4	1.187	0.454	0.728	0.452	0.835
0.452	1.396	0.598	0.432	0.405	1.042	0.454	0.728	0.454	0.842
0.452	1.394	0.552	0.439	0.483	0.95	0.518	0.73	0.452	0.842
0.444	1.382	0.505	0.442	0.564	0.894	0.64	0.73	0.454	0.847
0.442	1.343	0.476	0.442	0.691	0.857	0.745	0.72	0.447	0.837
0.444	1.284	0.452	0.437	0.823	0.837	0.833	0.713	0.447	0.845
0.444	1.216	0.432	0.432	0.903	0.818	0.876	0.698	0.452	0.833
0.449	1.145	0.42	0.435	0.967	0.84	0.925	0.696	0.457	0.83
0.449	1.084	0.415	0.437	1.013	0.891	1.03	0.696	0.457	0.82
0.439	1.013	0.415	0.439	1.011	0.854	1.113	0.63	0.459	0.791
0.442	0.935	0.422	0.435	1.042	0.781	1.121	0.574	0.452	0.745
0.439	0.852	0.417	0.432	1.091	0.723	1.165	0.54	0.449	0.706
0.442	0.828	0.415	0.425	1.106	0.674	1.277	0.505	0.452	0.635
0.442	0.835	0.408	0.425	1.077	0.61	1.338	0.461	0.457	0.557
0.449	0.793	0.4	0.43	1.055	0.591	1.384	0.425	0.454	0.505
0.439	0.671	0.403	0.43	1.052	0.608	1.428	0.403	0.452	0.476
0.435	0.588	0.403	0.427	1.021	0.547	1.455	0.393	0.444	0.461
0.439	0.54	0.398	0.42	0.981	0.486	1.467	0.393	0.444	0.447
0.444	0.505	0.391	0.415	0.93	0.444	1.465	0.393	0.452	0.439
0.444	0.483	0.383	0.417	0.901	0.417	1.458	0.391	0.454	0.43
0.444	0.459	0.386	0.42	0.889	0.41	1.443	0.381	0.457	0.425
0.439	0.452	0.393	0.422	0.879	0.422	1.428	0.376	0.452	0.425
0.439	0.437	0.4	0.42	0.881	0.43	1.416	0.376	0.447	0.43
0.437	0.432	0.398	0.408	0.869	0.439	1.411	0.383	0.447	0.417
0.437	0.427	0.396	0.408	0.852	0.447	1.396	0.381	0.449	0.413
0.439	0.403	0.393	0.417	0.847	0.454	1.348	0.383	0.452	0.41
0.442	0.374	0.391	0.447	0.857	0.459	1.257	0.378	0.53	0.41
0.437	0.4	0.396	0.53	0.862	0.457	1.169	0.376	0.588	0.417
0.432	0.415	0.396	0.884	0.869	0.457	1.062	0.376	0.647	0.425
0.432	0.425	0.398	1.248	0.876	0.471	0.984	0.374	0.71	0.417
0.444	0.425	0.396	1.472	0.874	0.479	0.93	0.378	0.757	0.41
0.464	0.425	0.4	1.584	0.84	0.479	0.894	0.381	0.793	0.408
0.483	0.422	0.471	1.772	0.828	0.476	0.869	0.374	0.857	0.41
0.61	0.43	0.593	2.051	0.808	0.464	0.842	0.374	0.886	0.415
0.735	0.432	0.684	2.344	0.801	0.466	0.825	0.383	0.911	0.425
0.842	0.435	0.747	2.534	0.828	0.474	0.786	0.383	0.959	0.417
1.003	0.435	0.781	2.634	0.835	0.496	0.652	0.386	1.016	0.454
1.208	0.432	0.835	2.676	0.806	0.559	0.566	0.381	1.055	0.488
1.309	0.43	0.92	2.561	0.774	0.601	0.51	0.366	1.069	0.466
1.443	0.437	0.981	2.41	0.742	0.652	0.498	0.361	1.052	0.454
1.655	0.439	1.001	2.195	0.679	0.725	0.491	0.364	1.018	0.515
1.797	0.437	0.999	2.036	0.647	0.784	0.479	0.359	0.984	0.613
1.88	0.437	0.986	1.904	0.635	0.901	0.466	0.359	0.957	0.701
1.895	0.435	0.955	1.755	0.645	0.967	0.457	0.356	0.933	0.718
1.943	0.437	0.935	1.714	0.583	0.986	0.449	0.349	0.918	0.745
1.946	0.442	0.901	1.58	0.515	1.045	0.439	0.347	0.903	0.781
1.895	0.447	0.876	1.455	0.503	1.113	0.442	0.352	0.894	0.823
1.792	0.447	0.837	1.328	0.498	1.199	0.444	0.366	0.884	0.857
1.653	0.439	0.808	1.228	0.474	1.252	0.442	0.376	0.874	0.891
1.577	0.437	0.779	1.165	0.461	1.287	0.437	0.381	0.874	0.923
1.531	0.439	0.762	1.167	0.442	1.392	0.432	0.378	0.867	0.95
1.531	0.435	0.762	1.147	0.427	1.506	0.43	0.378	0.813	0.947
1.499	0.439	0.762	1.099	0.422	1.592	0.435	0.383	0.786	0.935
1.44	0.444	0.759	1.03	0.417	1.646	0.439	0.383	0.801	0.879
1.416	0.439	0.745	0.974	0.417	1.707	0.442	0.386	0.83	0.884
1.355	0.435	0.725	0.911	0.42	1.772	0.435	0.383	0.852	0.847
1.262	0.43	0.708	0.83	0.42	1.821	0.422	0.383	0.85	0.779
1.221	0.43	0.63	0.745	0.42	1.855	0.422	0.388	0.789	0.745
1.218	0.437	0.571	0.669	0.41	1.882	0.43	0.408	0.693	0.715
1.204	0.43	0.532	0.618	0.41	1.912	0.422	0.413	0.632	0.703
1.179	0.422	0.513	0.579	0.408	1.926	0.422	0.425	0.571	0.686
1.106	0.415	0.486	0.51	0.413	1.936	0.42	0.535	0.535	0.686
1.089	0.417	0.454	0.481	0.415	1.929	0.417	0.684	0.525	0.674
1.055	0.425	0.43	0.481	0.427	1.934	0.449	0.815	0.496	0.671
1.018	0.554	0.42	0.474	0.503	1.941	0.51	0.876	0.481	0.654
0.967	0.667	0.417	0.466	0.571	1.953	0.549	0.916	0.476	0.642
0.92	0.74	0.41	0.459	0.627	1.968	0.623	0.95	0.488	0.645
0.84	0.872	0.403	0.439	0.671	1.973	0.811	0.952	0.503	0.647
0.718	1.001	0.408	0.417	0.684	1.965	0.977	0.962	0.5	0.662
0.627	1.106	0.403	0.403	0.72	1.963	1.089	0.974	0.481	0.681
0.554	1.221	0.405	0.393	0.776	1.97	1.177	0.94	0.471	0.686
0.525	1.306	0.405	0.383	0.815	1.97	1.223	0.937	0.461	0.688
0.5	1.372	0.4	0.386	0.835	1.934	1.255	0.996	0.461	0.681
0.479	1.396	0.396	0.391	0.872	1.87	1.267	1.062	0.469	0.681
0.464	1.404	0.398	0.393	0.94	1.782	1.267	1.047	0.461	0.681
0.454	1.418	0.398	0.398	0.979	1.685	1.272	1.021	0.457	0.684
0.449	1.443	0.403	0.393	1.016	1.592	1.284	0.967	0.461	0.659
0.457	1.465	0.403	0.388	1.104	1.467	1.287	0.925	0.464	0.632
0.464	1.477	0.4	0.383	1.201	1.311	1.287	0.889	0.471	0.635
0.454	1.45	0.398	0.383	1.274	1.16	1.282	0.85	0.481	0.664
0.447	1.416	0.4	0.381	1.326	1.106	1.284	0.823	0.474	0.671
0.442	1.396	0.396	0.383	1.348	1.042	1.284	0.811	0.464	0.671
0.437	1.37	0.4	0.383	1.379	0.952	1.289	0.791	0.457	0.664
0.439	1.365	0.4	0.378	1.387	0.876	1.289	0.784	0.532	0.662
0.444	1.345	0.396	0.376	1.389	0.862	1.287	0.779	0.745	0.637
0.444	1.335	0.396	0.374	1.384	0.955	1.282	0.774	0.972	0.632
0.447	1.35	0.4	0.383	1.389	1.025	1.279	0.771	1.128	0.63
0.442	1.379	0.396	0.383	1.387	1.067	1.279	0.74	1.331	0.63
0.442	1.406	0.398	0.383	1.372	1.057	1.27	0.684	1.724	0.605
0.444	1.428	0.396	0.371	1.355	1.011	1.184	0.608	2.024	0.544
0.452	1.423	0.396	0.366	1.338	0.996	1.062	0.518	2.249	0.496
0.449	1.414	0.393	0.369	1.318	0.986	0.955	0.471	2.407	0.469
0.449	1.406	0.391	0.396	1.311	0.996	0.854	0.442	2.517	0.479
0.447	1.414	0.396	0.425	1.318	0.974	0.781	0.444	2.595	0.479
0.442	1.438	0.4	0.43	1.328	0.94	0.73	0.464	2.642	0.476
0.442	1.458	0.4	0.42	1.323	0.935	0.691	0.432	2.683	0.488
0.442	1.47	0.396	0.43	1.321	0.935	0.669	0.408	2.712	0.479
0.442	1.462	0.41	0.481	1.301	0.928	0.635	0.4	2.729	0.479
0.435	1.448	0.427	0.525	1.287	0.916	0.591	0.403	2.737	0.464
0.425	1.438	0.471	0.542	1.289	0.906	0.574	0.4	2.737	0.452
0.41	1.423	0.549	0.554	1.282	0.889	0.52	0.386	2.734	0.447
0.41	1.404	0.652	0.566	1.27	0.886	0.496	0.376	2.734	0.442
0.405	1.353	0.715	0.574	1.243	0.884	0.479	0.366	2.734	0.442
0.408	1.277	0.774	0.605	1.223	0.859	0.461	0.359	2.712	0.435
0.398	1.157	0.806	0.72	1.216	0.83	0.486	0.359	2.683	0.427
0.393	1.082	0.85	0.852	1.208	0.82	0.505	0.349	2.666	0.422
0.388	0.999	0.918	0.92	1.208	0.808	0.51	0.349	2.654	0.42
0.388	0.908	0.994	0.962	1.208	0.811	0.52	0.352	2.646	0.42
0.386	0.835	1.057	0.994	1.206	0.811	0.54	0.354	2.62	0.415
0.386	0.796	1.086	1.018	1.172	0.808	0.549	0.347	2.529	0.415
0.386	0.742	1.091	1.05	1.084	0.806	0.554	0.349	2.332	0.417
0.386	0.696	1.111	1.057	1.016	0.806	0.562	0.339	2.09	0.417
0.383	0.679	1.125	1.047	0.991	0.801	0.566	0.347	1.897	0.42
0.388	0.669	1.145	1.057	1.003	0.801	0.564	0.349	1.685	0.413
0.391	0.659	1.157	1.062	1.089	0.806	0.576	0.354	1.467	0.403
0.4	0.635	1.24	1.064	1.089	0	0.591	0.354	1.233	0.398
0.4	0.603	1.331	1.072	1.057	0	0.593	0.354	1.055	0.43
0.393	0.559	1.389	1.079	1.04	0	0.613	0.349	0.906	0.449
0.393	0.53	1.414	1.086	1.057	0	0.613	0.347	0.801	0.457
0.396	0.518	1.357	1.084	1.099	0	0.615	0.349	0.715	0.483
0.388	0.503	1.304	1.084	1.145	0	0.615	0.354	0.654	0.503
0.386	0.488	1.245	1.094	1.208	0	0.623	0.359	0.613	0.525
0.383	0.486	1.184	1.104	1.265	0	0.64	0.359	0.549	0.547
0.378	0.486	1.125	1.111	1.284	0	0.657	0.354	0.491	0.559
0.374	0.483	1.082	1.106	1.282	0	0.698	0.356	0.452	0.576
0.374	0.486	1.038	1.101	1.257	0	0.718	0.361	0.43	0.598
0.381	0.481	0.967	1.096	1.216	0	0.72	0.364	0.417	0.596
0.381	0.466	0.918	1.101	1.189	0	0.701	0.366	0.413	0.593
0.386	0.454	0.876	1.094	1.238	0	0.696	0.361	0.413	0.598
0.383	0.452	0.84	1.091	1.321	0	0.688	0.349	0.439	0.615
0.393	0.471	0.823	1.091	1.365	0	0.688	0.347	0.469	0.635
0.403	0.483	0.852	1.089	1.353	0	0.688	0.347	0.508	0.647
0.42	0.488	0.891	1.084	1.323	0	0.688	0.347	0.542	0.652
0.425	0.476	0.852	1.084	1.304	0	0.701	0.354	0.571	0.662
0.43	0.471	0.835	1.084	1.296	0	0.715	0.354	0.588	0.659
0.427	0.474	0.815	1.089	1.306	0	0.728	0.359	0.586	0
0.442	0.488	0.774	1.091	1.304	0	0.71	0.361	0.564	0
0.42	0.498	0.757	1.091	1.309	0	0.703	0.366	0.569	0
0.413	0.505	0.728	1.084	1.316	0	0.693	0.371	0.571	0
0.403	0	0.688	1.089	1.335	0	0.688	0.378	0.576	0
0.396	0	0.686	1.089	1.362	0	0.684	0.388	0.583	0
0.378	0	0.688	1.096	1.375	0	0.681	0.398	0.591	0
0.381	0	0.593	1.094	1.387	0	0.686	0.393	0.591	0
0.449	0	0.525	1.089	1.396	0	0.691	0.391	0.586	0
0.522	0	0.51	1.086	0	0	0.688	0.386	0.576	0
0.479	0	0.488	1.091	0	0	0.688	0.405	0.579	0
0.459	0	0.452	1.096	0	0	0.688	0.403	0.571	0
0.452	0	0.432	1.104	0	0	0.686	0.417	0.559	0
0.457	0	0.422	1.099	0	0	0.688	0.432	0.566	0
0.593	0	0.413	1.101	0	0	0.696	0.457	0.571	0
0.796	0	0.408	1.101	0	0	0.696	0.5	0.574	0
1.042	0	0.398	1.104	0	0	0.688	0.537	0.576	0
1.257	0	0.396	1.106	0	0	0.691	0.564	0.569	0
1.423	0	0.4	1.116	0	0	0.684	0.627	0.569	0
1.621	0	0.405	1.113	0	0	0.693	0.684	0.574	0
1.787	0	0.41	1.111	0	0	0	0.74	0.576	0
1.98	0	0.41	1.111	0	0	0	0.803	0.583	0
2.161	0	0.405	1.108	0	0	0	0.864	0.598	0
2.28	0	0.405	1.108	0	0	0	0.896	0.605	0
2.378	0	0.408	1.108	0	0	0	0.918	0.61	0
2.461	0	0.41	1.106	0	0	0	0.937	0.608	0
2.537	0	0.413	1.104	0	0	0	0.959	0.605	0
2.551	0	0.408	1.104	0	0	0	0.979	0.601	0
2.532	0	0.4	1.104	0	0	0	0.996	0.581	0
2.517	0	0.403	1.108	0	0	0	1.018	0.581	0
2.493	0	0.405	1.121	0	0	0	1.035	0.598	0
2.471	0	0.413	1.133	0	0	0	1.042	0.605	0
2.476	0	0.417	1.152	0	0	0	1.042	0.61	0
2.495	0	0.413	1.152	0	0	0	1.05	0.615	0
2.507	0	0.405	1.147	0	0	0	1.042	0.62	0
2.512	0	0.398	1.157	0	0	0	1.042	0.625	0
2.52	0	0.393	1.165	0	0	0	1.042	0.625	0
2.517	0	0.393	1.133	0	0	0	1.047	0.62	0
2.529	0	0.398	1.108	0	0	0	1.047	0.598	0
2.549	0	0.391	1.057	0	0	0	1.057	0.581	0
2.59	0	0.391	0.977	0	0	0	1.069	0	0
2.642	0	0.391	1.021	0	0	0	1.072	0	0
2.664	0	0.396	1.086	0	0	0	1.077	0	0
2.666	0	0.393	1.138	0	0	0	1.082	0	0
2.666	0	0.405	1.13	0	0	0	1.094	0	0
2.649	0	0.535	1.06	0	0	0	1.104	0	0
2.62	0	0.715	0.989	0	0	0	1.099	0	0
2.542	0	0.857	0.937	0	0	0	1.072	0	0
2.437	0	1.006	0.891	0	0	0	1.03	0	0
2.258	0	1.24	0.842	0	0	0	0.984	0	0
2.058	0	1.448	0.808	0	0	0	0.891	0	0
1.772	0	1.628	0.784	0	0	0	0.811	0	0
1.475	0	1.797	0.762	0	0	0	0.745	0	0
1.213	0	1.948	0.74	0	0	0	0.691	0	0
1.033	0	2.092	0.713	0	0	0	0.637	0	0
0.903	0	2.146	0.693	0	0	0	0.603	0	0
0.845	0	2.183	0.698	0	0	0	0.586	0	0
0.854	0	2.205	0.667	0	0	0	0.579	0	0
0.854	0	2.19	0.64	0	0	0	0.564	0	0
0.815	0	2.161	0.62	0	0	0	0.547	0	0
0.75	0	2.153	0.615	0	0	0	0.532	0	0
0.859	0	2.139	0.615	0	0	0	0.493	0	0
0.92	0	2.117	0.618	0	0	0	0.469	0	0
0.935	0	2.102	0.618	0	0	0	0.452	0	0
0.906	0	2.092	0.625	0	0	0	0.454	0	0
0.891	0	2.08	0.637	0	0	0	0.439	0	0
0.886	0	2.075	0.645	0	0	0	0.459	0	0
0.862	0	2.085	0.645	0	0	0	0.479	0	0
0.864	0	2.087	0.645	0	0	0	0.479	0	0
0.879	0	2.085	0.637	0	0	0	0.605	0	0
0.901	0	2.075	0.637	0	0	0	0.681	0	0
0.911	0	2.056	0.642	0	0	0	0.713	0	0
0.92	0	2.061	0.649	0	0	0	0.735	0	0
0.913	0	2.075	0	0	0	0	0.752	0	0
0.879	0	2.075	0	0	0	0	0.771	0	0
0.857	0	2.083	0	0	0	0	0.781	0	0
0.84	0	2.087	0	0	0	0	0.801	0	0
0.828	0	2.087	0	0	0	0	0.825	0	0
0.801	0	2.092	0	0	0	0	0.825	0	0
0.762	0	2.078	0	0	0	0	0.818	0	0
0.745	0	2.039	0	0	0	0	0.793	0	0
0.737	0	1.99	0	0	0	0	0.774	0	0
0.742	0	1.882	0	0	0	0	0.764	0	0
0.737	0	1.75	0	0	0	0	0.776	0	0
0.723	0	1.633	0	0	0	0	0.801	0	0
0.73	0	1.553	0	0	0	0	0.818	0	0
0.735	0	1.467	0	0	0	0	0.83	0	0
0.735	0	1.377	0	0	0	0	0.835	0	0
0.737	0	1.262	0	0	0	0	0.835	0	0
0.735	0	1.167	0	0	0	0	0.82	0	0
0.725	0	1.057	0	0	0	0	0.801	0	0
0.72	0	0.981	0	0	0	0	0.793	0	0
0.718	0	0.937	0	0	0	0	0.781	0	0
0.693	0	0.918	0	0	0	0	0.769	0	0
0.686	0	0.901	0	0	0	0	0.767	0	0
0.674	0	0.828	0	0	0	0	0.774	0	0
0.664	0	0.774	0	0	0	0	0.764	0	0
0.657	0	0.715	0	0	0	0	0.759	0	0
0.654	0	0.693	0	0	0	0	0.747	0	0
0.635	0	0.649	0	0	0	0	0.742	0	0
0.637	0	0.64	0	0	0	0	0.759	0	0
0	0	0.601	0	0	0	0	0.74	0	0
0	0	0.588	0	0	0	0	0.698	0	0
0	0	0.579	0	0	0	0	0.674	0	0
0	0	0.571	0	0	0	0	0.654	0	0
0	0	0.579	0	0	0	0	0.645	0	0
0	0	0.591	0	0	0	0	0.645	0	0
0	0	0.608	0	0	0	0	0.647	0	0
0	0	0.618	0	0	0	0	0.662	0	0
0	0	0.613	0	0	0	0	0	0	0
0	0	0.598	0	0	0	0	0	0	0
0	0	0.588	0	0	0	0	0	0	0
0	0	0.579	0	0	0	0	0	0	0
0	0	0.571	0	0	0	0	0	0	0
0	0	0.579	0	0	0	0	0	0	0
0	0	0.576	0	0	0	0	0	0	0
0	0	0.569	0	0	0	0	0	0	0
0	0	0.552	0	0	0	0	0	0	0
0	0	0.53	0	0	0	0	0	0	0
0	0	0.515	0	0	0	0	0	0	0
0	0	0.498	0	0	0	0	0	0	0
0	0	0.508	0	0	0	0	0	0	0
0	0	0.522	0	0	0	0	0	0	0
0	0	0.547	0	0	0	0	0	0	0
0	0	0.544	0	0	0	0	0	0	0
0	0	0.532	0	0	0	0	0	0	0
0	0	0.515	0	0	0	0	0	0	0
0	0	0.498	0	0	0	0	0	0	0
0	0	0.51	0	0	0	0	0	0	0
0	0	0.537	0	0	0	0	0	0	0
0	0	0.554	0	0	0	0	0	0	0
0	0	0.574	0	0	0	0	0	0	0
0	0	0.588	0	0	0	0	0	0	0
0	0	0.605	0	0	0	0	0	0	0
0	0	0.615	0	0	0	0	0	0	0
0	0	0.608	0	0	0	0	0	0	0
0	0	0.603	0	0	0	0	0	0	0
