1.067	0.466	0.503	0.437	0.417	0.767	0.347	0.381	0.381	0.359
1.033	0.466	0.64	0.442	0.42	0.889	0.349	0.378	0.449	0.356
1.13	0.466	0.762	0.439	0.432	0.93	0.352	0.378	0.623	0.356
1.399	0.508	0.798	0.444	0.569	1.116	0.356	0.378	0.71	0.359
1.467	0.513	0.803	0.527	0.701	1.26	0.466	0.378	0.776	0.361
1.577	0.647	0.879	0.864	0.83	1.331	0.942	0.381	0.945	0.364
1.772	0.71	0.955	1.021	0.879	1.47	0.762	0.386	1.069	0.374
1.824	0.725	1.082	1.018	1.018	1.75	0.62	0.496	1.162	0.383
1.963	0.725	1.213	1.094	1.257	1.97	0.762	0.72	1.216	0.461
2.034	0.762	1.399	1.243	1.323	2.202	0.962	0.835	1.306	0.444
2.18	0.82	1.467	1.333	1.335	2.38	1.067	0.859	1.311	0.615
2.222	0.869	1.582	1.321	1.404	2.6	1.204	0.874	1.343	0.667
2.249	0.906	1.675	1.411	1.553	2.725	1.416	0.959	1.377	0.701
2.241	0.908	1.848	1.443	1.814	2.878	1.528	1.067	1.433	0.825
2.227	0.942	2.068	1.553	1.951	2.935	1.658	1.116	1.558	0.918
2.236	0.964	2.253	1.694	2.161	3.186	1.77	1.252	1.604	1.05
2.246	1.025	2.356	1.77	2.29	3.335	1.763	1.458	1.626	1.089
2.197	1.069	2.312	1.851	2.415	3.411	1.831	1.577	1.655	1.084
2.039	1.155	2.317	1.975	2.52	3.521	2.034	1.592	1.729	1.133
1.882	1.289	2.327	1.98	2.688	3.579	2.197	1.643	1.777	1.216
1.68	1.355	2.312	2.009	2.871	3.552	2.295	1.733	1.785	1.331
1.499	1.372	2.283	2.068	2.986	3.518	2.468	1.938	1.746	1.418
1.304	1.399	2.249	2.166	3.113	3.447	2.673	2.073	1.733	1.399
1.135	1.387	2.2	2.187	3.13	3.345	2.769	2.183	1.724	1.416
0.986	1.379	2.227	2.19	3.086	3.103	2.834	2.229	1.719	1.482
0.869	1.35	2.278	2.212	3.044	2.742	2.832	2.253	1.714	1.57
0.737	1.348	2.256	2.231	2.969	2.463	2.812	2.236	1.67	1.616
0.681	1.355	2.202	2.239	2.903	2.153	2.715	2.231	1.609	1.646
0.679	1.362	2.083	2.192	2.869	1.826	2.539	2.236	1.431	1.672
0.693	1.34	1.836	2.092	2.791	1.44	2.327	2.283	1.238	1.707
0.642	1.333	1.536	1.919	2.717	1.123	2.07	2.31	1.104	1.78
0.669	1.335	1.321	1.753	2.556	0.913	1.909	2.317	0.911	1.792
0.667	1.338	1.116	1.602	2.29	0.818	1.748	2.285	0.789	1.785
0.581	1.25	0.874	1.399	1.978	0.676	1.545	2.07	0.632	1.782
0.532	1.072	0.767	1.162	1.633	0.576	1.323	1.841	0.53	1.785
0.535	0.894	0.688	1.001	1.353	0.571	1.094	1.597	0.486	1.772
0.525	0.786	0.632	0.85	1.165	0.525	0.916	1.323	0.454	1.76
0.483	0.732	0.557	0.686	1.021	0.476	0.732	1.082	0.459	1.75
0.469	0.684	0.525	0.615	0.891	0.43	0.664	0.886	0.457	1.753
0.461	0.664	0.535	0.562	0.808	0.413	0.574	0.728	0.449	1.743
0.459	0.583	0.51	0.564	0.706	0.413	0.54	0.62	0.449	1.707
0.461	0.562	0.474	0.54	0.637	0.415	0.505	0.542	0.391	1.624
0.461	0.537	0.461	0.52	0.564	0.417	0.479	0.515	0.364	1.421
0.464	0.527	0.459	0.532	0.549	0.415	0.442	0.483	0.361	1.221
0.461	0.493	0.459	0.518	0.522	0.413	0.42	0.474	0.366	0.94
0.459	0.476	0.461	0.52	0.486	0.41	0.378	0.454	0.366	0.732
0.457	0.469	0.469	0.476	0.432	0.413	0.356	0.439	0.364	0.676
0.459	0.466	0.461	0.447	0.42	0.415	0.349	0.403	0.361	0.552
0.461	0.466	0.457	0.437	0.417	0.415	0.349	0.388	0.361	0.474
0.461	0.464	0.452	0.449	0.417	0.41	0.352	0.388	0.359	0.449
0.461	0.469	0.454	0.437	0.417	0.408	0.356	0.383	0.361	0.459
0.457	0.469	0.459	0.435	0.415	0.405	0.356	0.378	0.361	0.449
0.457	0.471	0.459	0.43	0.413	0.41	0.352	0.378	0.364	0.41
0.454	0.469	0.457	0.432	0.41	0.413	0.349	0.376	0.359	0.369
0.459	0.466	0.452	0.435	0.413	0.415	0.349	0.378	0.356	0.369
0.461	0.464	0.454	0.437	0.415	0.415	0.349	0.378	0.354	0.366
0.459	0.466	0.457	0.435	0.42	0.41	0.354	0.374	0.361	0.359
0.459	0.469	0.461	0.435	0.42	0.403	0.354	0.374	0.366	0.359
0.457	0.471	0.464	0.435	0.422	0.4	0.352	0.374	0.364	0.361
0.459	0.471	0.464	0.435	0.417	0.405	0.349	0.376	0.364	0.364
0.461	0.464	0.459	0.435	0.42	0.408	0.347	0.378	0.361	0.364
0.464	0.464	0.457	0.437	0.425	0.408	0.349	0.378	0.364	0.359
0.461	0.464	0.464	0.435	0.422	0.408	0.352	0.378	0.366	0.356
0.459	0.466	0.464	0.435	0.425	0.408	0.354	0.376	0.369	0.361
0.457	0.469	0.469	0.432	0.42	0.415	0.354	0.376	0.366	0.364
0.459	0.469	0.466	0.435	0.417	0.415	0.349	0.376	0.366	0.364
0.461	0.464	0.464	0.435	0.417	0.415	0.347	0.381	0.364	0.364
0.464	0.461	0.461	0.439	0.42	0.415	0.347	0.381	0.364	0.359
0.461	0.469	0.464	0.437	0.422	0.41	0.352	0.378	0.364	0.361
0.461	0.466	0.466	0.432	0.422	0.408	0.352	0.374	0.364	0.364
0.459	0.469	0.469	0.43	0.417	0.408	0.354	0.376	0.361	0.364
0.461	0.466	0.469	0.432	0.415	0.415	0.347	0.374	0.361	0.366
0.503	0.461	0.464	0.437	0.417	0.415	0.347	0.378	0.361	0.361
0.525	0.461	0.459	0.437	0.42	0.41	0.347	0.378	0.359	0.359
0.535	0.464	0.461	0.439	0.422	0.41	0.354	0.376	0.366	0.361
0.571	0.466	0.476	0.435	0.422	0.408	0.356	0.374	0.366	0.361
0.608	0.469	0.532	0.432	0.42	0.41	0.354	0.371	0.369	0.366
0.662	0.464	0.544	0.435	0.417	0.415	0.352	0.374	0.364	0.366
0.73	0.464	0.542	0.435	0.42	0.417	0.347	0.378	0.361	0.544
0.811	0.461	0.557	0.435	0.422	0.415	0.349	0.383	0.359	0.493
0.872	0.461	0.588	0.454	0.427	0.41	0.347	0.378	0.364	0.476
0.957	0.466	0.637	0.525	0.425	0.598	0.354	0.376	0.366	0.479
1.091	0.469	0.747	0.583	0.422	0.933	0.356	0.376	0.366	0.508
1.211	0.469	0.918	0.647	0.42	0.691	0.364	0.376	0.366	0.559
1.384	0.466	1.064	0.659	0.42	0.889	0.403	0.378	0.361	0.645
1.506	0.464	1.152	0.706	0.427	1.592	0.662	0.381	0.359	0.781
1.58	0.464	1.274	1.084	0.439	2.07	0.518	0.378	0.364	0.923
1.624	0.464	1.499	1.45	0.515	2.471	0.496	0.374	0.366	1.042
1.643	0.469	1.709	1.68	0.623	3.025	0.635	0.391	0.391	1.125
1.692	0.469	1.902	2.012	0.569	3.452	0.869	0.461	0.43	1.257
1.721	0.464	2.08	2.332	0.581	3.965	1.091	1.66	1.086	1.331
1.733	0.461	2.234	2.551	0.813	4.519	1.47	1.465	1.042	1.411
1.714	0.459	2.329	2.739	1.05	5.059	1.877	1.301	1.108	1.487
1.694	0.469	2.395	2.981	1.23	5.779	2.256	1.565	1.313	1.536
1.648	0.471	2.444	3.269	1.555	6.36	2.537	2.021	1.484	1.597
1.577	0.469	2.461	3.535	1.929	6.66	2.979	2.471	1.667	1.631
1.504	0.466	2.451	3.718	2.302	7.036	3.521	2.747	1.902	1.633
1.46	0.52	2.419	3.813	2.849	7.256	3.906	3.159	2.141	1.624
1.406	0.569	2.341	3.887	3.416	7.351	4.26	3.447	2.458	1.628
1.345	0.559	2.231	3.94	3.835	7.351	4.541	3.799	2.839	1.616
1.265	0.576	2.095	3.962	4.209	7.334	4.729	4.114	3.125	1.543
1.201	1.062	1.985	3.984	4.421	7.332	4.875	4.392	3.477	1.509
1.101	1.458	1.924	4.004	4.541	7.324	4.973	4.675	3.811	1.436
1.003	1.658	1.848	4.043	4.761	7.314	5.112	4.851	4.041	1.333
0.923	1.902	1.699	4.045	4.963	7.129	5.181	4.946	4.29	1.226
0.845	2.117	1.597	4.038	5.193	6.907	5.212	4.995	4.49	1.104
0.75	2.292	1.514	4.05	5.293	6.611	5.22	5.044	4.6	0.972
0.688	2.554	1.299	4.038	5.337	6.252	5.171	5.083	4.692	0.869
0.618	2.815	1.138	3.882	5.347	5.823	4.976	5.115	4.771	0.779
0.605	2.991	0.964	3.679	5.371	5.383	4.695	5.115	4.824	0.676
0.564	3.103	0.847	3.403	5.352	4.873	4.438	5.083	4.863	0.579
0.503	3.228	0.811	3.127	5.271	4.309	4.121	5.066	4.868	0.508
0.479	3.364	0.732	2.856	5.085	3.713	3.792	5.059	4.878	0.457
0.466	3.43	0.671	2.537	4.873	3.176	3.547	5.015	4.832	0.439
0.464	3.484	0.625	2.185	4.526	2.686	3.142	4.993	4.59	0.403
0.466	3.555	0.581	1.868	4.075	2.271	2.732	4.946	4.209	0.371
0.466	3.608	0.527	1.58	3.662	1.833	2.393	4.805	3.826	0.366
0.461	3.604	0.491	1.27	3.298	1.423	2.141	4.492	3.43	0.364
0.459	3.606	0.476	0.962	2.856	1.001	1.802	4.089	3.047	0.366
0.459	3.547	0.471	0.789	2.505	0.847	1.448	3.75	2.673	0.366
0.464	3.494	0.466	0.715	2.136	0.74	1.14	3.313	2.363	0.364
0.466	3.406	0.464	0.601	1.953	0.627	0.881	2.864	2.073	0.364
0.469	3.293	0.466	0.566	1.682	0.566	0.684	2.341	1.785	0.361
0.461	3.088	0.466	0.522	1.379	0.5	0.586	1.885	1.57	0.366
0.459	2.844	0.469	0.459	1.072	0.432	0.525	1.501	1.343	0.366
0.457	2.673	0.466	0.437	0.779	0.417	0.474	1.172	1.035	0.364
0.461	2.417	0.464	0.437	0.701	0.413	0.403	0.908	0.806	0.366
0.464	2.185	0.461	0.439	0.623	0.413	0.366	0.759	0.627	0.361
0.464	2.048	0.464	0.435	0.576	0.408	0.356	0.62	0.547	0.361
0.461	1.882	0.464	0.43	0.52	0.403	0.354	0.508	0.52	0.364
0.459	1.624	0.466	0.43	0.449	0.408	0.354	0.439	0.469	0.366
0.459	1.184	0.464	0.435	0.425	0.413	0.349	0.405	0.42	0.369
0.461	0.911	0.461	0.435	0.42	0.417	0.349	0.393	0.381	0.366
0.466	0.84	0.461	0.437	0.422	0.415	0.347	0.386	0.371	0.361
0.464	0.764	0.461	0.435	0.422	0.413	0.352	0.381	0.369	0.361
0.461	0.701	0.464	0.435	0.425	0.415	0.354	0.378	0.374	0.364
0.459	0.627	0.466	0.43	0.422	0.417	0.352	0.381	0.376	0.369
0.464	0.559	0.464	0.432	0.417	0.42	0.347	0.381	0.371	0.369
0.464	0.493	0.461	0.432	0.42	0.422	0.344	0.383	0.369	0.366
0.466	0.471	0.461	0.437	0.422	0.42	0.344	0.386	0.366	0.364
0.466	0.469	0.464	0.435	0.422	0.417	0.352	0.383	0.371	0.364
0.464	0.469	0.466	0.425	0.422	0.415	0.352	0.378	0.371	0.364
0.459	0.469	0.466	0.427	0.42	0.417	0.352	0.378	0.374	0.369
0.464	0.471	0.469	0.43	0.415	0.417	0.344	0.381	0.371	0.369
0.464	0.466	0.464	0.435	0.415	0.42	0.342	0.383	0.366	0.366
0.466	0.464	0.461	0.435	0.417	0.42	0.349	0.386	0.364	0.364
0.466	0.469	0.464	0.435	0.42	0.417	0.356	0.378	0.366	0.364
0.464	0.471	0.466	0.432	0.42	0.415	0.359	0.378	0.369	0.364
0.461	0.474	0.466	0.43	0.42	0.417	0.354	0.381	0.371	0.366
0.464	0.471	0.464	0.435	0.413	0.42	0.349	0.381	0.364	0.366
0.466	0.469	0.464	0.435	0.42	0.42	0.349	0.383	0.364	0.366
0.469	0.466	0.461	0.437	0.417	0.42	0.349	0.386	0.364	0.361
0.466	0.466	0.464	0.435	0.422	0.415	0.354	0.383	0.364	0.364
0.461	0.471	0.469	0.432	0.422	0.415	0.356	0.378	0.369	0.364
0.461	0.474	0.469	0.432	0.417	0.413	0.356	0.383	0.371	0.366
0.461	0.469	0.466	0.435	0.417	0.42	0.352	0.383	0.366	0.369
0.466	0.469	0.464	0.437	0.417	0.42	0.352	0.383	0.366	0.366
0.466	0.466	0.461	0.439	0.425	0.417	0.354	0.383	0.364	0.361
0.466	0.469	0.464	0.437	0.425	0.417	0.354	0.381	0.366	0.361
0.461	0.474	0.466	0.432	0.425	0.415	0.359	0.378	0.369	0.364
0.461	0.474	0.469	0.427	0.422	0.417	0.359	0.381	0.371	0.369
0.459	0.474	0.464	0.425	0.42	0.42	0.354	0.381	0.369	0.366
0.464	0.469	0.464	0.427	0.42	0.425	0.352	0.386	0.366	0.364
0.469	0.466	0.461	0.422	0.422	0.417	0.352	0.386	0.366	0.361
0.469	0.466	0.459	0.425	0.425	0.417	0.356	0.383	0.369	0.364
0.464	0.471	0.469	0.42	0.425	0.415	0.359	0.381	0.371	0.361
0.461	0.474	0.466	0.42	0.422	0.417	0.359	0.378	0.369	0.366
0.466	0.471	0.469	0.417	0.42	0.422	0.354	0.383	0.369	0.366
0.498	0.469	0.464	0.422	0.417	0.422	0.352	0.386	0.364	0.364
0.518	0.469	0.461	0.427	0.42	0.42	0.352	0.388	0.364	0.364
0.525	0.466	0.464	0.439	0.422	0.417	0.356	0.386	0.366	0.376
0.552	0.471	0.464	0.425	0.42	0.417	0.359	0.383	0.369	0.415
0.513	0.474	0.466	0.425	0.417	0.417	0.354	0.378	0.366	0.413
0.562	0.474	0.464	0.425	0.415	0.422	0.354	0.383	0.364	0.41
0.623	0.471	0.474	0.43	0.417	0.422	0.352	0.386	0.364	0.41
0.674	0.466	0.491	0.432	0.42	0.422	0.352	0.386	0.366	0.54
0.737	0.469	0.513	0.432	0.422	0.417	0.356	0.386	0.364	0.674
0.881	0.471	0.537	0.43	0.42	0.417	0.356	0.381	0.366	0.815
1.052	0.474	0.649	0.432	0.417	0.42	0.359	0.381	0.369	1.089
1.177	0.471	0.881	0.454	0.417	0.422	0.361	0.383	0.366	1.267
1.296	0.471	1.038	0.471	0.42	0.422	0.437	0.386	0.359	1.382
1.387	0.466	1.289	0.503	0.42	0.422	0.544	0.391	0.366	1.492
1.401	0.469	1.45	0.469	0.422	0.42	0.554	0.383	0.366	1.658
1.453	0.474	1.56	0.508	0.422	0.415	0.613	0.381	0.371	1.86
1.521	0.474	1.614	0.615	0.42	0.417	0.881	0.383	0.371	2.168
1.65	0.474	1.699	0.762	0.417	0.42	1.145	0.381	0.369	2.437
1.719	0.471	1.89	0.935	0.415	0.422	1.367	0.386	0.366	2.715
1.826	0.469	2.129	1.147	0.42	0.42	1.55	0.388	0.366	3.027
1.909	0.469	2.356	1.353	0.422	0.417	1.687	0.417	0.364	3.298
2.017	0.474	2.546	1.482	0.422	0.417	1.855	0.452	0.369	3.538
2.095	0.474	2.747	1.65	0.422	0.417	2.046	0.454	0.369	3.748
2.156	0.471	2.944	2.041	0.417	0.42	2.205	0.447	0.383	3.896
2.192	0.471	3.191	2.451	0.43	0.422	2.363	0.632	0.386	3.945
2.224	0.466	3.352	2.737	0.444	0.422	2.639	0.84	0.393	3.989
2.244	0.474	3.44	3	0.461	0.417	2.874	1.143	0.41	4.026
2.253	0.51	3.489	3.516	0.469	0.452	3.137	1.311	0.491	4.021
2.256	0.53	3.513	3.938	0.53	0.486	3.345	1.421	0.63	3.997
2.283	0.544	3.528	4.39	0.708	0.554	3.521	1.602	0.742	3.967
2.305	0.542	3.552	4.788	0.886	0.566	3.628	1.902	0.95	3.818
2.312	0.525	3.582	5.042	1.125	0.493	3.687	2.219	1.152	3.552
2.258	0.571	3.586	5.254	1.472	0.569	3.716	2.466	1.316	3.242
2.158	0.64	3.608	5.337	1.77	0.701	3.679	2.937	1.416	2.842
2.009	0.73	3.586	5.369	2.046	0.881	3.665	3.35	1.509	2.429
1.797	0.879	3.552	5.393	2.3	1.167	3.667	3.826	1.567	2.148
1.609	1.003	3.411	5.403	2.607	1.416	3.538	4.133	1.748	1.848
1.399	1.094	3.191	5.403	2.925	1.594	3.262	4.536	1.948	1.65
1.24	1.169	2.891	5.461	3.428	1.78	2.969	5.005	2.109	1.455
1.101	1.25	2.605	5.508	3.948	2.131	2.581	5.378	2.253	1.106
0.811	1.338	2.241	5.5	4.338	2.434	2.29	5.674	2.478	0.835
0.667	1.294	1.943	5.476	4.622	2.776	2	5.82	2.661	0.601
0.586	1.248	1.531	5.273	4.883	3.142	1.692	5.952	2.759	0.525
0.51	1.23	1.14	4.937	5.183	3.557	1.306	6.011	2.781	0.464
0.486	1.24	0.759	4.485	5.422	3.958	0.859	5.991	2.827	0.427
0.466	1.252	0.615	3.975	5.566	4.333	0.569	5.977	2.856	0.396
0.469	1.282	0.513	3.521	5.674	4.631	0.439	5.981	2.861	0.479
0.461	1.287	0.483	3.113	5.754	4.883	0.381	5.913	2.842	0.432
0.464	1.265	0.481	2.686	5.808	4.985	0.383	5.835	2.791	0.391
0.466	1.243	0.476	2.148	5.811	5.056	0.391	5.701	2.583	0.383
0.464	1.223	0.476	1.685	5.811	5.085	0.383	5.281	2.3	0.364
0.459	1.208	0.466	1.135	5.82	5.11	0.369	4.924	2.021	0.347
0.459	1.199	0.464	0.701	5.764	5.1	0.361	4.58	1.77	0.342
0.457	1.191	0.457	0.566	5.61	5.088	0.361	4.06	1.575	0.344
0.459	1.165	0.459	0.469	5.278	5.071	0.354	3.689	1.401	0.342
0.459	1.133	0.457	0.439	4.756	5.071	0.356	3.347	1.172	0.337
0.459	1.072	0.459	0.466	4.165	5.078	0.361	2.854	0.935	0.334
0.457	0.933	0.459	0.474	3.718	5.093	0.364	2.214	0.64	0.339
0.454	0.767	0.461	0.43	3.093	5.039	0.364	1.707	0.493	0.342
0.459	0.654	0.461	0.425	2.512	4.932	0.359	1.104	0.437	0.342
0.459	0.596	0.457	0.427	1.99	4.529	0.356	0.688	0.386	0.339
0.461	0.562	0.452	0.425	1.455	3.975	0.356	0.537	0.361	0.337
0.461	0.503	0.449	0.422	1.013	3.386	0.356	0.466	0.376	0.334
0.457	0.491	0.442	0.417	0.679	2.61	0.361	0.427	0.369	0.337
0.454	0.493	0.442	0.415	0.532	2.017	0.361	0.476	0.364	0.337
0.452	0.488	0.444	0.415	0.466	1.328	0.359	0.452	0.359	0.339
0.459	0.486	0.437	0.425	0.452	0.767	0.356	0.427	0.356	0.334
0.461	0.474	0.437	0.425	0.447	0.549	0.356	0.417	0.349	0.334
0.461	0.466	0.439	0.425	0.43	0.452	0.361	0.378	0.352	0.334
0.459	0.469	0.442	0.42	0.425	0.427	0.364	0.356	0.356	0.337
0.454	0.474	0.442	0.42	0.42	0.427	0.361	0.352	0.359	0.339
0.457	0.471	0.439	0.42	0.415	0.41	0.359	0.352	0.354	0.344
0.459	0.471	0.439	0.42	0.417	0.41	0.356	0.359	0.352	0.342
0.461	0.469	0.435	0.422	0.417	0.405	0.356	0.361	0.349	0.334
0.464	0.469	0.437	0.42	0.417	0.403	0.359	0.356	0.352	0.334
0.459	0.471	0.442	0.422	0.422	0.403	0.361	0.354	0.359	0.334
0.457	0.474	0.442	0.42	0.415	0.403	0.364	0.354	0.359	0.337
0.457	0.474	0.439	0.422	0.413	0.403	0.361	0.356	0.356	0.337
0.461	0.471	0.439	0.427	0.415	0.403	0.356	0.356	0.352	0.334
0.461	0.469	0.437	0.427	0.417	0.396	0.359	0.356	0.352	0.334
0.464	0.469	0.437	0.422	0.42	0.393	0.361	0.361	0.354	0.332
0.459	0.471	0.442	0.425	0.415	0.386	0.364	0.359	0.356	0.334
0.457	0.474	0.444	0.425	0.415	0.393	0.366	0.356	0.361	0.339
0.457	0.476	0.439	0.43	0.415	0.4	0.359	0.359	0.359	0.339
0.459	0.471	0.437	0.432	0.417	0.398	0.356	0.361	0.354	0.337
0.461	0.469	0.437	0.432	0.422	0.403	0.354	0.364	0.352	0.332
0.461	0.469	0.435	0.427	0.422	0.403	0.359	0.364	0.356	0.332
0.459	0.474	0.435	0.427	0.422	0.403	0.364	0.361	0.364	0.334
0.457	0.474	0.437	0.425	0.42	0.405	0.359	0.359	0.366	0.339
0.457	0.474	0.435	0.427	0.417	0.41	0.359	0.359	0.366	0.339
0.459	0.471	0.435	0.427	0.417	0.41	0.356	0.364	0.361	0.337
0.461	0.469	0.437	0.43	0.422	0.413	0.356	0.366	0.361	0.334
0.459	0.466	0.437	0.427	0.425	0.405	0.361	0.361	0.361	0.332
0.459	0.474	0.442	0.425	0.422	0.405	0.364	0.359	0.359	0.337
0.457	0.476	0.444	0.422	0.42	0.4	0.361	0.356	0.359	0.337
0.457	0.476	0.442	0.425	0.417	0.41	0.359	0.361	0.361	0.339
0.461	0.471	0.439	0.427	0.415	0.41	0.356	0.364	0.359	0.337
0.464	0.469	0.437	0.43	0.42	0.396	0.359	0.366	0.354	0.334
0.464	0.471	0.439	0.427	0.422	0.391	0.359	0.361	0.359	0.332
0.461	0.474	0.444	0.425	0.422	0.386	0.361	0.359	0.364	0.334
0.459	0.474	0.444	0.425	0.417	0.386	0.359	0.361	0.359	0.337
0.459	0.474	0.442	0.425	0.417	0.393	0.356	0.356	0.359	0.339
0.461	0.471	0.442	0.427	0.417	0.398	0.356	0.366	0.356	0.339
0.464	0.469	0.439	0.43	0.417	0.393	0.359	0.364	0.356	0.337
0.464	0.469	0.437	0.43	0.422	0.391	0.361	0.361	0.359	0.334
0.461	0.471	0.442	0.425	0.422	0.391	0.361	0.359	0.359	0.334
0.457	0.474	0.444	0.425	0.42	0.388	0.361	0.359	0.364	0.339
0.459	0.471	0.444	0.427	0.417	0.393	0.359	0.361	0.366	0.337
0.464	0.469	0.439	0.43	0.42	0.4	0.356	0.364	0.361	0.334
0.464	0.466	0.437	0.427	0.42	0.396	0.356	0.366	0.359	0.334
0.464	0.469	0.439	0.43	0.422	0.4	0.361	0.366	0.361	0.334
0.461	0.471	0.439	0.427	0.417	0.396	0.361	0.364	0.366	0.334
0.459	0.474	0.442	0.422	0.42	0.393	0.361	0.361	0.366	0.339
0.461	0.474	0.442	0.422	0.417	0.398	0.359	0.364	0.366	0.337
0.464	0.471	0.437	0.425	0.417	0.396	0.354	0.366	0.361	0.339
0.466	0.469	0.435	0.425	0.422	0.396	0.356	0.366	0.359	0.337
0.469	0.469	0.437	0.425	0.425	0.393	0.359	0.369	0.361	0.337
0.466	0.471	0.437	0.422	0.425	0.391	0.361	0.361	0.364	0.337
0.461	0.474	0.439	0.42	0.42	0.391	0.361	0.361	0.364	0.342
0.464	0.476	0.442	0.42	0.42	0.393	0.356	0.361	0.364	0.344
0.466	0.471	0.439	0.422	0.417	0.398	0.354	0.366	0.359	0.342
0.469	0.466	0.435	0.425	0.425	0.396	0.356	0.369	0.359	0.339
0.466	0.469	0.435	0.427	0.427	0.396	0.359	0.369	0.359	0.337
0.464	0.471	0.439	0.422	0.43	0.393	0.361	0.364	0.364	0.339
0.461	0.474	0.442	0.417	0.425	0.393	0.356	0.359	0.364	0.344
0.461	0.471	0.442	0.42	0.422	0.396	0.356	0.364	0.364	0.344
0.466	0.471	0.437	0.425	0.422	0.398	0.354	0.366	0.359	0.339
0.469	0.469	0.437	0.425	0.425	0.398	0.356	0.366	0.359	0.339
0.466	0.466	0.437	0.43	0.427	0.393	0.359	0.349	0.356	0.337
0.464	0.474	0.439	0.422	0.425	0.391	0.361	0.347	0.361	0.337
0.461	0.474	0.442	0.422	0.422	0.386	0.359	0.342	0.364	0.342
0.464	0.471	0.437	0.422	0.42	0.391	0.356	0.349	0.361	0.342
0.466	0.471	0.435	0.422	0.422	0.391	0.354	0.352	0.356	0.342
0.466	0.469	0.432	0.422	0.422	0.391	0.354	0.354	0.354	0.337
0.464	0.469	0.432	0.425	0.427	0.393	0.356	0.354	0.352	0.334
0.459	0.474	0.435	0.422	0.427	0.393	0.361	0.349	0.359	0.337
0.457	0.474	0.439	0.417	0.427	0.393	0.361	0.347	0.364	0.339
0.457	0.469	0.437	0.42	0.42	0.396	0.356	0.349	0.361	0.342
0.459	0.469	0.432	0.422	0.422	0.403	0.354	0.352	0.356	0.339
0.461	0.464	0.432	0.422	0.427	0.403	0.356	0.354	0.356	0.337
0.461	0.466	0.432	0.425	0.427	0.396	0.359	0.352	0.359	0.334
0.457	0.471	0.437	0.425	0.43	0.398	0.361	0.352	0.361	0.337
0.457	0.474	0.439	0.422	0.422	0.396	0.361	0.349	0.364	0.337
0.459	0.474	0.437	0.425	0.417	0.4	0.359	0.352	0.359	0.339
0.464	0.471	0.432	0.425	0.415	0.403	0.356	0.354	0.359	0.339
0.464	0.466	0.435	0.432	0.425	0.403	0.356	0.354	0.356	0.334
0.461	0.466	0.437	0.43	0.427	0.396	0.361	0.354	0.361	0.334
0.457	0.469	0.439	0.427	0.432	0.393	0.364	0.352	0.364	0.334
0.454	0.471	0.442	0.427	0.42	0.393	0.361	0.352	0.366	0.339
0.457	0.469	0.439	0.427	0.417	0.398	0.359	0.352	0.364	0.342
0.459	0.466	0.432	0.427	0.422	0.4	0.356	0.356	0.361	0.339
0.461	0.466	0.43	0.43	0.422	0.398	0.352	0.359	0.359	0.337
0.461	0.466	0.43	0.43	0.427	0.393	0.359	0.359	0.361	0.337
0.459	0.469	0.435	0.422	0.427	0.393	0.361	0.354	0.364	0.337
0.457	0.471	0.435	0.42	0.422	0.391	0.364	0.352	0.366	0.339
0.459	0.476	0.435	0.42	0.417	0.4	0.361	0.352	0.364	0.342
0.459	0.469	0.432	0.425	0.42	0.405	0.356	0.356	0.359	0.339
0.461	0.466	0.43	0.43	0.422	0.403	0.356	0.359	0.359	0.337
0.459	0.464	0.427	0.43	0.425	0.4	0.359	0.356	0.361	0.337
0.457	0.469	0.43	0.427	0.425	0.4	0.361	0.352	0.364	0.344
0.454	0.474	0.435	0.422	0.422	0.398	0.356	0.352	0.366	0.342
0.459	0.474	0.437	0.425	0.42	0.403	0.359	0.354	0.364	0.342
0.461	0.469	0.432	0.427	0.42	0.405	0.356	0.354	0.364	0.342
0.461	0.466	0.43	0.43	0.422	0.405	0.359	0.354	0.361	0.339
0.479	0.469	0.432	0.432	0.427	0.403	0.359	0.354	0.364	0.337
0.476	0.471	0.435	0.43	0.427	0.4	0.364	0.352	0.366	0.337
0.552	0.474	0.437	0.43	0.422	0.4	0.361	0.352	0.369	0.342
0.806	0.483	0.435	0.43	0.42	0.4	0.361	0.352	0.364	0.342
1.477	0.496	0.432	0.43	0.42	0.405	0.359	0.354	0.361	0.339
1.758	0.493	0.43	0.432	0.425	0.405	0.359	0.354	0.361	0.337
1.892	0.488	0.43	0.435	0.425	0.403	0.361	0.352	0.364	0.337
2.31	0.681	0.435	0.432	0.42	0.403	0.364	0.347	0.366	0.337
2.551	0.884	0.437	0.43	0.42	0.405	0.364	0.344	0.366	0.339
2.683	1.089	0.435	0.43	0.42	0.408	0.361	0.344	0.369	0.347
2.812	1.14	0.432	0.432	0.422	0.41	0.356	0.349	0.361	0.354
2.952	1.362	0.43	0.437	0.425	0.413	0.359	0.349	0.364	0.508
3.142	1.726	0.432	0.435	0.427	0.413	0.361	0.347	0.361	0.82
3.34	2.209	0.432	0.432	0.43	0.405	0.364	0.344	0.364	1.248
3.625	2.549	0.435	0.43	0.425	0.405	0.361	0.342	0.369	1.306
3.875	2.778	0.435	0.43	0.42	0.41	0.361	0.349	0.366	1.426
4.026	3.064	0.435	0.432	0.42	0.413	0.359	0.352	0.361	1.997
4.172	3.513	0.432	0.43	0.425	0.413	0.359	0.354	0.361	2.219
4.27	3.87	0.432	0.43	0.425	0.41	0.364	0.354	0.361	2.461
4.348	4.119	0.437	0.427	0.425	0.408	0.364	0.349	0.366	3.01
4.417	4.397	0.439	0.427	0.422	0.408	0.366	0.347	0.366	3.628
4.456	4.553	0.439	0.422	0.42	0.41	0.364	0.349	0.364	3.994
4.47	4.59	0.435	0.427	0.42	0.413	0.366	0.352	0.361	4.382
4.521	4.666	0.435	0.432	0.42	0.413	0.51	0.354	0.361	4.709
4.561	4.836	0.432	0.432	0.422	0.408	1.323	0.349	0.359	5.073
4.595	4.99	0.437	0.43	0.422	0.405	2.161	0.361	0.366	5.356
4.592	5.12	0.442	0.425	0.42	0.408	2.297	0.366	0.366	5.759
4.583	5.217	0.439	0.427	0.417	0.41	2.546	0.369	0.366	6.152
4.604	5.281	0.435	0.432	0.413	0.413	2.847	0.371	0.376	6.387
4.585	5.332	0.432	0.432	0.422	0.413	3.02	0.371	0.417	6.523
4.514	5.347	0.435	0.427	0.422	0.408	3.22	0.371	0.559	6.616
4.319	5.31	0.435	0.427	0.425	0.408	3.501	0.369	0.867	6.646
3.994	5.283	0.437	0.425	0.422	0.408	3.669	0.364	1.108	6.729
3.582	5.264	0.437	0.427	0.417	0.41	3.984	0.369	1.208	6.833
3.154	5.229	0.432	0.435	0.42	0.413	4.333	0.366	1.707	6.88
2.703	5.146	0.43	0.437	0.417	0.413	4.646	0.371	2.131	6.899
2.209	4.944	0.432	0.437	0.422	0.408	4.954	0.371	2.549	6.907
1.792	4.731	0.435	0.437	0.422	0.405	5.479	0.366	2.896	6.87
1.494	4.487	0.435	0.435	0.422	0.405	5.876	0.366	3.308	6.87
1.189	4.163	0.435	0.435	0.42	0.41	6.128	0.366	3.723	6.846
0.935	3.755	0.432	0.437	0.422	0.413	6.323	0.371	4.077	6.765
0.803	3.303	0.427	0.439	0.422	0.413	6.492	0.371	4.407	6.621
0.725	2.917	0.432	0.432	0.425	0.408	6.633	0.371	4.646	6.436
0.632	2.449	0.435	0.43	0.427	0.408	6.66	0.364	4.819	6.169
0.503	1.995	0.435	0.425	0.42	0.405	6.68	0.361	4.883	5.901
0.479	1.589	0.435	0.427	0.417	0.408	6.716	0.361	4.961	5.627
0.474	1.333	0.432	0.43	0.417	0.413	6.687	0.366	5.081	5.242
0.476	1.104	0.427	0.43	0.422	0.41	6.667	0.366	5.186	4.79
0.466	0.916	0.432	0.432	0.425	0.41	6.55	0.361	5.273	4.333
0.459	0.825	0.435	0.427	0.425	0.405	6.37	0.359	5.312	3.96
0.459	0.684	0.437	0.422	0.422	0.405	6.108	0.356	5.33	3.506
0.461	0.63	0.437	0.422	0.422	0.408	5.908	0.354	5.359	3.091
0.461	0.515	0.43	0.425	0.422	0.41	5.613	0.364	5.361	2.5
0.461	0.476	0.427	0.43	0.422	0.41	5.269	0.369	5.396	1.97
0.461	0.476	0.43	0.432	0.425	0.405	4.927	0.366	5.386	1.416
0.457	0.479	0.435	0.43	0.425	0.4	4.553	0.364	5.339	1.079
0.457	0.471	0.435	0.427	0.422	0.403	4.238	0.361	5.293	0.937
0.452	0.471	0.437	0.43	0.42	0.405	3.826	0.361	5.208	0.842
0.459	0.469	0.435	0.432	0.42	0.41	3.459	0.366	4.937	0.676
0.461	0.466	0.432	0.432	0.422	0.41	3.042	0.369	4.602	0.552
0.461	0.464	0.432	0.437	0.427	0.408	2.5	0.366	4.265	0.474
0.459	0.466	0.437	0.43	0.427	0.405	2.231	0.364	3.989	0.386
0.457	0.469	0.439	0.427	0.422	0.403	1.777	0.361	3.66	0.359
0.454	0.469	0.437	0.427	0.422	0.408	1.35	0.361	3.154	0.366
0.459	0.466	0.435	0.427	0.42	0.408	1.089	0.366	2.607	0.356
0.461	0.464	0.43	0.43	0.422	0.408	0.864	0.371	2.048	0.344
0.464	0.461	0.435	0.432	0.427	0.405	0.691	0.366	1.636	0.339
0.459	0.466	0.435	0.427	0.425	0.405	0.62	0.361	1.287	0.337
0.457	0.469	0.439	0.422	0.425	0.405	0.532	0.359	0.947	0.342
0.454	0.466	0.439	0.422	0.42	0.408	0.432	0.361	0.725	0.342
0.457	0.464	0.437	0.427	0.42	0.41	0.386	0.366	0.681	0.339
0.464	0.461	0.435	0.432	0.422	0.41	0.383	0.369	0.635	0.337
0.461	0.461	0.432	0.427	0.425	0.408	0.393	0.369	0.522	0.334
0.454	0.469	0.435	0.449	0.425	0.408	0.374	0.366	0.422	0.339
0.452	0.469	0.439	0.449	0.42	0.41	0.366	0.364	0.391	0.342
0.454	0.471	0.437	0.593	0.42	0.41	0.364	0.364	0.393	0.344
0.457	0.466	0.435	0.811	0.422	0.41	0.361	0.369	0.374	0.342
0.461	0.464	0.432	1.282	0.425	0.413	0.359	0.369	0.361	0.339
0.459	0.464	0.432	1.414	0.425	0.408	0.361	0.369	0.361	0.339
0.459	0.466	0.435	1.538	0.422	0.405	0.366	0.364	0.366	0.342
0.457	0.469	0.437	1.938	0.422	0.408	0.364	0.361	0.366	0.344
0.454	0.471	0.439	2.205	0.42	0.41	0.359	0.364	0.364	0.344
0.461	0.469	0.435	2.402	0.42	0.413	0.356	0.366	0.361	0.344
0.464	0.466	0.432	2.559	0.425	0.413	0.356	0.366	0.359	0.342
0.461	0.466	0.432	2.786	0.427	0.41	0.356	0.364	0.361	0.339
0.459	0.469	0.435	3.069	0.43	0.405	0.361	0.366	0.364	0.344
0.457	0.471	0.439	3.35	0.425	0.405	0.361	0.364	0.366	0.339
0.457	0.469	0.437	3.552	0.422	0.408	0.361	0.366	0.361	0.342
0.459	0.466	0.435	3.689	0.422	0.413	0.359	0.369	0.356	0.342
0.461	0.464	0.432	3.901	0.422	0.413	0.359	0.371	0.359	0.342
0.461	0.464	0.432	4.207	0.425	0.41	0.364	0.371	0.359	0.339
0.459	0.466	0.435	4.468	0.427	0.408	0.364	0.366	0.361	0.356
0.457	0.469	0.439	4.653	0.425	0.403	0.364	0.366	0.364	0.344
0.457	0.466	0.437	4.866	0.42	0.41	0.359	0.366	0.361	0.347
0.459	0.466	0.435	5.039	0.42	0.408	0.356	0.369	0.359	0.347
0.461	0.464	0.432	5.125	0.422	0.405	0.359	0.371	0.356	0.342
0.464	0.464	0.437	5.203	0.425	0.4	0.359	0.366	0.359	0.342
0.457	0.469	0.437	5.261	0.422	0.398	0.361	0.361	0.361	0.339
0.454	0.469	0.439	5.293	0.417	0.398	0.364	0.361	0.361	0.344
0.457	0.469	0.437	5.298	0.417	0.403	0.361	0.356	0.361	0.347
0.461	0.469	0.435	5.254	0.415	0.405	0.356	0.364	0.359	0.344
0.464	0.464	0.432	5.21	0.42	0.403	0.356	0.364	0.356	0.342
0.461	0.464	0.432	5.181	0.422	0.403	0.359	0.361	0.359	0.339
0.459	0.466	0.437	5.156	0.425	0.396	0.361	0.361	0.361	0.344
0.457	0.471	0.439	5.122	0.422	0.398	0.361	0.359	0.361	0.344
0.457	0.471	0.437	5.073	0.42	0.4	0.356	0.359	0.359	0.344
0.459	0.466	0.435	4.944	0.422	0.4	0.356	0.364	0.359	0.344
0.464	0.464	0.432	4.629	0.427	0.403	0.356	0.366	0.356	0.342
0.483	0.464	0.435	4.182	0.427	0.398	0.359	0.364	0.356	0.342
0.493	0.469	0.435	3.77	0.427	0.396	0.361	0.361	0.361	0.344
0.557	0.471	0.437	3.34	0.427	0.405	0.361	0.359	0.364	0.347
0.62	0.471	0.432	3.003	0.422	0.4	0.359	0.361	0.364	0.349
0.613	0.466	0.435	2.476	0.42	0.405	0.356	0.366	0.361	0.347
0.674	0.464	0.454	2.051	0.422	0.405	0.356	0.366	0.359	0.342
0.723	0.464	0.481	1.648	0.427	0.4	0.359	0.364	0.361	0.339
0.806	0.469	0.662	1.411	0.427	0.4	0.361	0.364	0.364	0.342
0.862	0.471	1.15	1.072	0.425	0.398	0.359	0.364	0.366	0.344
0.896	0.469	1.445	0.857	0.42	0.403	0.361	0.369	0.366	0.344
0.959	0.469	1.436	0.725	0.42	0.405	0.356	0.366	0.361	0.342
1.018	0.464	1.567	0.691	0.422	0.405	0.359	0.369	0.361	0.342
1.038	0.464	1.948	0.613	0.425	0.403	0.359	0.366	0.359	0.339
1.04	0.466	2.285	0.493	0.427	0.398	0.361	0.364	0.366	0.342
1.016	0.469	2.373	0.447	0.425	0.393	0.361	0.361	0.366	0.344
1.089	0.466	2.539	0.435	0.422	0.396	0.359	0.361	0.366	0.347
1.125	0.469	2.727	0.452	0.42	0.396	0.356	0.364	0.364	0.344
1.177	0.464	2.9	0.442	0.425	0.396	0.354	0.366	0.361	0.339
1.204	0.464	3.071	0.437	0.425	0.388	0.359	0.369	0.366	0.337
1.201	0.466	3.228	0.432	0.427	0.386	0.361	0.364	0.364	0.337
1.201	0.469	3.516	0.43	0.425	0.383	0.361	0.364	0.369	0.342
1.223	0.461	3.708	0.43	0.42	0.383	0.361	0.361	0.366	0.344
1.226	0.461	3.813	0.432	0.417	0.391	0.356	0.366	0.361	0.342
1.233	0.459	3.872	0.435	0.425	0.396	0.356	0.369	0.359	0.342
1.235	0.459	3.916	0.435	0.425	0.393	0.359	0.369	0.359	0.339
1.201	0.461	3.916	0.435	0.427	0.393	0.361	0.364	0.361	0.342
1.189	0.466	3.933	0.427	0.422	0.396	0.361	0.364	0.361	0.344
1.165	0.464	3.923	0.43	0.42	0.396	0.359	0.361	0.359	0.344
1.116	0.459	3.916	0.43	0.42	0.4	0.356	0.369	0.356	0.347
0.986	0.459	3.906	0.435	0.425	0.405	0.356	0.369	0.359	0.342
0.891	0.459	3.862	0.432	0.427	0.403	0.356	0.371	0.359	0.339
0.674	0.466	3.713	0.43	0.43	0.4	0.361	0.364	0.364	0.342
0.515	0.469	3.374	0.425	0.425	0.4	0.364	0.364	0.364	0.344
0.471	0.466	3.03	0.422	0.422	0.403	0.361	0.366	0.364	0.344
0.474	0.459	2.751	0.427	0.422	0.405	0.359	0.369	0.361	0.342
0.464	0.459	2.434	0.43	0.42	0.403	0.359	0.369	0.359	0.342
0.444	0.459	1.995	0.432	0.422	0.4	0.359	0.371	0.361	0.342
0.442	0.464	1.589	0.427	0.422	0.398	0.361	0.376	0.364	0.342
0.454	0.505	1.265	0.425	0.422	0.398	0.364	0.364	0.364	0.344
0.457	0.525	1.011	0.425	0.422	0.4	0.359	0.364	0.364	0.344
0.442	0.54	0.869	0.43	0.42	0.403	0.356	0.366	0.361	0.347
0.439	0.61	0.859	0.435	0.42	0.405	0.354	0.369	0.354	0.342
0.437	0.693	0.784	0.435	0.425	0.4	0.361	0.369	0.356	0.342
0.432	0.732	0.667	0.435	0.422	0.398	0.361	0.366	0.361	0.342
0.432	0.75	0.654	0.432	0.427	0.398	0.366	0.364	0.364	0.344
0.432	0.82	0.598	0.432	0.422	0.398	0.359	0.364	0.361	0.347
0.435	0.969	0.513	0.435	0.422	0.4	0.359	0.366	0.359	0.347
0.437	1.045	0.486	0.435	0.425	0.398	0.356	0.369	0.356	0.342
0.439	1.145	0.471	0.435	0.427	0.393	0.361	0.369	0.359	0.342
0.437	1.235	0.483	0.43	0.427	0.393	0.361	0.366	0.364	0.339
0.435	1.357	0.486	0.422	0.427	0.393	0.359	0.364	0.364	0.347
0.437	1.44	0.454	0.427	0.422	0.398	0.359	0.364	0.366	0.347
0.439	1.511	0.435	0.425	0.425	0.403	0.356	0.366	0.361	0.349
0.444	1.56	0.43	0.43	0.425	0.405	0.359	0.366	0.356	0.344
0.442	1.621	0.427	0.432	0.427	0.398	0.361	0.366	0.356	0.342
0.437	1.628	0.432	0.425	0.43	0.396	0.364	0.361	0.361	0.344
0.435	1.677	0.432	0.425	0.425	0.396	0.364	0.364	0.364	0.347
0.437	1.68	0.432	0.425	0.425	0.4	0.359	0.364	0.361	0.347
0.439	1.667	0.427	0.427	0.425	0.403	0.359	0.371	0.359	0.347
0.442	1.655	0.425	0.427	0.425	0.403	0.359	0.371	0.359	0.344
0.439	1.672	0.427	0.427	0.43	0.4	0.359	0.376	0.361	0.342
0.437	1.665	0.43	0.425	0.43	0.396	0.364	0.369	0.361	0.339
0.437	1.628	0.432	0.42	0.427	0.393	0.366	0.366	0.364	0.344
0.437	1.489	0.43	0.422	0.42	0.396	0.361	0.369	0.371	0.347
0.437	1.345	0.43	0.427	0.422	0.4	0.356	0.369	0.371	0.347
0.437	1.167	0.427	0.432	0.422	0.398	0.356	0.371	0.4	0.344
0.437	0.964	0.427	0.437	0.427	0.393	0.359	0.366	0.476	0.342
0.437	0.791	0.43	0.432	0.427	0.393	0.364	0.364	0.542	0.344
0.435	0.662	0.435	0.427	0.427	0.386	0.364	0.356	0.549	0.347
0.43	0.554	0.435	0.43	0.422	0.396	0.361	0.356	0.586	0.349
0.435	0.559	0.432	0.432	0.422	0.398	0.359	0.361	0.645	0.349
0.437	0.527	0.43	0.437	0.425	0.4	0.356	0.364	0.74	0.344
0.439	0.493	0.43	0.437	0.427	0.4	0.359	0.361	0.793	0.342
0.435	0.483	0.432	0.435	0.43	0.396	0.366	0.349	0.789	0.342
0.439	0.488	0.432	0.432	0.427	0.396	0.378	0.352	0.815	0.344
0.439	0.476	0.432	0.43	0.422	0.4	0.417	0.352	0.823	0.347
0.442	0.471	0.43	0.432	0.422	0.403	0.459	0.354	0.85	0.347
0.442	0.469	0.427	0.437	0.425	0.4	0.542	0.354	0.874	0.344
0.442	0.471	0.43	0.439	0.43	0.4	0.544	0.354	0.913	0.342
0.439	0.464	0.435	0.437	0.425	0.396	0.559	0.352	0.94	0.344
0.435	0.469	0.437	0.435	0.425	0.393	0.603	0.352	1.011	0.347
0.437	0.464	0.437	0.435	0.422	0.393	0.669	0.352	1.033	0.349
0.437	0.461	0.432	0.435	0.425	0.4	0.823	0.354	1.038	0.349
0.442	0.459	0.427	0.439	0.425	0.393	0.92	0.354	1.038	0.347
0.439	0.459	0.427	0.442	0.43	0.383	1.016	0.352	1.055	0.344
0.439	0.461	0.43	0.442	0.432	0.378	1.062	0.349	1.084	0.344
0.432	0.461	0.432	0.435	0.427	0.378	1.072	0.349	1.077	0.347
0.435	0.464	0.432	0.435	0.425	0.381	1.094	0.349	1.074	0.349
0.437	0.457	0.43	0.439	0.422	0.383	1.169	0.349	1.062	0.347
0.444	0.454	0.427	0.442	0.427	0.378	1.211	0.352	1.038	0.344
0.447	0.452	0.427	0.442	0.43	0.381	1.277	0.349	1.028	0.342
0.439	0.457	0.435	0.439	0.43	0.376	1.345	0.347	0.957	0.344
0.439	0.461	0.437	0.435	0.43	0.374	1.367	0.349	0.85	0.347
0.437	0.466	0.435	0.435	0.427	0.378	1.384	0.356	0.769	0.347
0.442	0.464	0.432	0.437	0.427	0.383	1.387	0.356	0.64	0.347
0.442	0.461	0.432	0.442	0.427	0.383	1.428	0.356	0.493	0.344
0.439	0.461	0.43	0.439	0.43	0.378	1.462	0.354	0.403	0.342
0.435	0.464	0.432	0.437	0.432	0.374	1.465	0.361	0.396	0.342
0.432	0.461	0.437	0.435	0.43	0.376	1.416	0.374	0.415	0.347
0.432	0.459	0.432	0.437	0.427	0.378	1.338	0.391	0.405	0.344
0.435	0.457	0.432	0.437	0.427	0.381	1.233	0.391	0.381	0.347
0.437	0.454	0.43	0.439	0.43	0.381	1.077	0.469	0.369	0.344
0.439	0.454	0.427	0.442	0.432	0.383	0.964	0.645	0.369	0.339
0.439	0.457	0.432	0.437	0.432	0.41	0.862	0.957	0.369	0.339
0.435	0.461	0.435	0.432	0.43	0.454	0.728	1.128	0.369	0.342
0.435	0.459	0.435	0.435	0.425	0.659	0.625	1.267	0.371	0.347
0.437	0.457	0.435	0.437	0.425	1.238	0.522	1.721	0.366	0.344
0.459	0.454	0.43	0.439	0.43	1.467	0.422	2.09	0.364	0.344
0.454	0.452	0.427	0.439	0.43	1.482	0.435	2.258	0.366	0.342
0.447	0.457	0.435	0.437	0.43	1.904	0.439	2.6	0.366	0.342
0.603	0.461	0.435	0.432	0.439	2.209	0.425	3.181	0.371	0.347
1.13	0.461	0.435	0.432	0.439	2.346	0.417	3.655	0.369	0.349
1.299	0.459	0.432	0.437	0.481	2.449	0.396	4.058	0.369	0.349
1.404	0.457	0.43	0.437	0.659	2.571	0.359	4.597	0.366	0.344
1.672	0.457	0.43	0.439	1.006	2.82	0.359	5.181	0.366	0.342
1.917	0.459	0.435	0.442	1.228	3.098	0.359	5.684	0.369	0.339
2.048	0.461	0.439	0.442	1.272	3.291	0.354	6.055	0.371	0.344
2.168	0.461	0.439	0.471	1.47	3.503	0.359	6.187	0.374	0.347
2.222	0.459	0.435	0.503	1.833	3.638	0.356	6.296	0.369	0.342
2.28	0.457	0.432	0.537	2.092	3.762	0.349	6.394	0.366	0.344
2.329	0.459	0.432	0.549	2.207	4.094	0.356	6.433	0.366	0.344
2.346	0.454	0.435	0.583	2.366	4.402	0.356	6.484	0.369	0.344
2.351	0.459	0.439	0.735	2.493	4.6	0.359	6.497	0.369	0.344
2.344	0.459	0.437	0.762	2.742	4.731	0.354	6.509	0.366	0.347
2.334	0.454	0.435	0.842	3.064	4.854	0.352	6.582	0.366	0.347
2.344	0.454	0.432	0.984	3.416	4.917	0.347	6.599	0.364	0.344
2.378	0.452	0.432	1.147	3.604	4.958	0.349	6.577	0.366	0.342
2.38	0.454	0.435	1.211	3.706	4.941	0.349	6.587	0.369	0.342
2.378	0.459	0.437	1.311	3.723	4.944	0.349	6.538	0.371	0.344
2.4	0.459	0.437	1.367	3.718	4.917	0.352	6.504	0.371	0.347
2.412	0.454	0.432	1.472	3.762	4.861	0.347	6.472	0.371	0.347
2.437	0.452	0.432	1.631	3.787	4.739	0.349	6.409	0.366	0.342
2.432	0.449	0.43	1.812	3.809	4.387	0.352	6.367	0.369	0.339
2.427	0.457	0.435	1.892	3.806	4.07	0.352	6.326	0.371	0.342
2.366	0.459	0.435	1.914	3.787	3.735	0.349	6.282	0.374	0.344
2.146	0.459	0.437	1.98	3.774	3.379	0.349	6.223	0.376	0.347
1.897	0.459	0.435	2.012	3.74	3.018	0.347	6.135	0.371	0.347
1.614	0.454	0.432	2.036	3.726	2.585	0.342	6.04	0.369	0.344
1.365	0.454	0.43	2.051	3.643	2.058	0.347	5.937	0.366	0.342
1.145	0.457	0.432	2.051	3.491	1.792	0.352	5.786	0.366	0.364
0.969	0.459	0.435	2.021	3.289	1.506	0.354	5.278	0.369	0.381
0.708	0.461	0.435	1.931	3.086	1.165	0.352	4.573	0.366	0.403
0.574	0.459	0.432	1.851	2.805	0.925	0.347	3.926	0.366	0.498
0.53	0.457	0.43	1.777	2.524	0.757	0.349	3.359	0.361	0.515
0.518	0.454	0.432	1.68	2.324	0.632	0.354	2.795	0.361	0.52
0.5	0.457	0.435	1.599	2.043	0.591	0.356	2.119	0.366	0.527
0.483	0.459	0.437	1.418	1.689	0.518	0.356	1.599	0.371	0.542
0.469	0.459	0.432	1.165	1.328	0.437	0.356	1.165	0.371	0.559
0.466	0.457	0.432	0.906	0.989	0.396	0.347	0.967	0.369	0.613
0.459	0.457	0.43	0.667	0.994	0.4	0.347	0.813	0.366	0.737
0.457	0.457	0.43	0.564	0.937	0.393	0.349	0.696	0.366	0.793
0.459	0.457	0.43	0.537	0.847	0.378	0.352	0.547	0.366	0.808
0.454	0.459	0.435	0.493	0.718	0.378	0.352	0.508	0.369	0.85
0.454	0.476	0.435	0.464	0.649	0.378	0.349	0.398	0.369	0.857
0.457	0.525	0.432	0.437	0.603	0.386	0.347	0.369	0.369	0.898
0.459	0.588	0.427	0.447	0.498	0.386	0.347	0.364	0.364	0.947
0.459	0.662	0.427	0.435	0.476	0.381	0.354	0.366	0.364	0.977
0.454	0.793	0.432	0.427	0.444	0.378	0.354	0.371	0.366	1.038
0.454	0.928	0.432	0.425	0.432	0.376	0.354	0.359	0.366	1.094
0.454	0.984	0.432	0.422	0.432	0.376	0.352	0.356	0.361	1.101
0.454	1.304	0.43	0.425	0.427	0.381	0.344	0.359	0.361	1.072
0.461	1.438	0.427	0.427	0.427	0.378	0.347	0.361	0.356	1.033
0.461	1.519	0.427	0.43	0.43	0.378	0.349	0.366	0.359	0.918
0.459	1.736	0.43	0.432	0.432	0.378	0.352	0.356	0.359	0.82
0.459	2.031	0.435	0.425	0.43	0.378	0.349	0.354	0.361	0.681
0.459	2.222	0.435	0.422	0.427	0.378	0.349	0.354	0.361	0.613
0.459	2.351	0.432	0.425	0.422	0.381	0.344	0.359	0.364	0.603
0.461	2.388	0.427	0.427	0.427	0.383	0.344	0.361	0.361	0.54
0.459	2.407	0.427	0.425	0.43	0.378	0.349	0.361	0.361	0.469
0.459	2.441	0.43	0.427	0.43	0.378	0.352	0.356	0.366	0.474
0.452	2.485	0.432	0.42	0.43	0.378	0.354	0.354	0.369	0.491
0.454	2.527	0.432	0.42	0.425	0.378	0.352	0.354	0.374	0.481
0.457	2.549	0.435	0.422	0.422	0.383	0.352	0.356	0.366	0.461
0.459	2.551	0.432	0.43	0.425	0.381	0.349	0.359	0.364	0.427
0.459	2.537	0.432	0.427	0.427	0.378	0.352	0.359	0.366	0.393
0.459	2.524	0.432	0.425	0.432	0.376	0.354	0.359	0.369	0.386
0.457	2.507	0.437	0.425	0.43	0.378	0.354	0.354	0.391	0.386
0.454	2.468	0.437	0.427	0.427	0.376	0.354	0.354	0.437	0.388
0.457	2.371	0.435	0.43	0.425	0.381	0.354	0.356	0.801	0.386
0.461	2.063	0.432	0.43	0.43	0.381	0.349	0.359	1.35	0.383
0.461	1.763	0.435	0.427	0.43	0.378	0.354	0.359	1.133	0.381
0.461	1.541	0.435	0.422	0.43	0.376	0.356	0.354	1.56	0.383
0.457	1.389	0.437	0.422	0.427	0.376	0.356	0.354	2.214	0.386
0.452	1.184	0.435	0.425	0.425	0.381	0.354	0.356	2.395	0.388
0.459	1.001	0.435	0.427	0.427	0.381	0.349	0.359	2.529	0.386
0.461	0.833	0.43	0.43	0.425	0.381	0.352	0.361	2.842	0.383
0.461	0.64	0.43	0.43	0.432	0.371	0.354	0.361	2.908	0.381
0.459	0.588	0.432	0.425	0.432	0.376	0.354	0.359	2.961	0.383
0.457	0.591	0.437	0.425	0.43	0.378	0.354	0.359	3.013	0.386
0.457	0.559	0.439	0.425	0.427	0.381	0.352	0.359	3.027	0.386
0.459	0.53	0.432	0.422	0.425	0.383	0.349	0.356	2.998	0.391
0.461	0.518	0.432	0.427	0.427	0.386	0.349	0.364	2.957	0.383
0.461	0.488	0.435	0.427	0.432	0.383	0.349	0.364	2.922	0.383
0.459	0.481	0.435	0.425	0.432	0.376	0.354	0.359	2.808	0.383
0.457	0.483	0.437	0.422	0.43	0.371	0.354	0.354	2.659	0.388
0.459	0.481	0.437	0.42	0.427	0.374	0.352	0.354	2.542	0.391
0.461	0.469	0.432	0.427	0.425	0.381	0.352	0.359	2.446	0.391
0.466	0.461	0.43	0.427	0.427	0.381	0.352	0.361	2.339	0.386
0.466	0.461	0.427	0.43	0.432	0.376	0.356	0.364	2.263	0.383
0.464	0.464	0.435	0.425	0.435	0.376	0.354	0.359	2.151	0.386
0.459	0.466	0.435	0.425	0.43	0.376	0.356	0.356	1.982	0.388
0.459	0.464	0.435	0.422	0.427	0.378	0.352	0.354	1.875	0.388
0.461	0.466	0.43	0.427	0.427	0.381	0.349	0.356	1.653	0.388
0.466	0.464	0.427	0.43	0.427	0.381	0.349	0.359	1.313	0.388
0.466	0.466	0.425	0.43	0.432	0.378	0.352	0.361	1.064	0.383
0.461	0.466	0.43	0.427	0.432	0.376	0.354	0.354	0.981	0.386
0.459	0.469	0.435	0.425	0.432	0.376	0.354	0.356	0.774	0.386
0.457	0.469	0.435	0.417	0.427	0.378	0.354	0.354	0.642	0.388
0.459	0.464	0.43	0.42	0.427	0.383	0.347	0.352	0.591	0.386
0.461	0.464	0.43	0.425	0.427	0.378	0.347	0.356	0.537	0.386
0.459	0.464	0.427	0.43	0.43	0.378	0.349	0.354	0.486	0.383
0.461	0.464	0.432	0.427	0.432	0.374	0.352	0.354	0.425	0.383
0.459	0.469	0.435	0.422	0.43	0.374	0.349	0.352	0.393	0.388
0.461	0.469	0.435	0.427	0.427	0.376	0.349	0.352	0.393	0.388
0.461	0.466	0.432	0.432	0.425	0.378	0.347	0.352	0.391	0.391
0.461	0.461	0.432	0.435	0.427	0.381	0.349	0.356	0.378	0.386
0.461	0.461	0.432	0.435	0.432	0.378	0.354	0.359	0.381	0.383
0.459	0.464	0.435	0.43	0.432	0.374	0.356	0.354	0.378	0.383
0.454	0.469	0.437	0.427	0.43	0.376	0.356	0.354	0.383	0.386
0.452	0.469	0.439	0.422	0.427	0.391	0.352	0.356	0.383	0.388
0.457	0.469	0.432	0.43	0.425	0.442	0.352	0.359	0.381	0.388
0.459	0.464	0.432	0.432	0.427	0.601	0.354	0.361	0.376	0.386
0.461	0.464	0.43	0.43	0.43	0.73	0.356	0.359	0.378	0.383
0.459	0.464	0.432	0.427	0.432	0.754	0.359	0.356	0.381	0.383
0.457	0.466	0.435	0.422	0.432	0.825	0.359	0.356	0.383	0.386
0.454	0.466	0.435	0.422	0.457	1.018	0.354	0.356	0.381	0.388
0.459	0.464	0.432	0.42	0.498	1.145	0.354	0.359	0.378	0.391
0.464	0.461	0.427	0.425	0.488	1.179	0.354	0.364	0.376	0.383
0.464	0.457	0.427	0.422	0.571	1.172	0.354	0.361	0.376	0.381
0.464	0.461	0.432	0.417	0.647	1.218	0.356	0.361	0.381	0.383
0.459	0.466	0.435	0.417	0.684	1.235	0.359	0.354	0.381	0.386
0.457	0.464	0.435	0.415	0.691	1.24	0.361	0.354	0.383	0.388
0.461	0.464	0.432	0.415	0.742	1.24	0.354	0.359	0.378	0.388
0.464	0.476	0.43	0.427	0.806	1.238	0.354	0.359	0.374	0.383
0.464	0.493	0.43	0.457	0.913	1.245	0.359	0.359	0.374	0.383
0.459	0.503	0.432	0.466	1.023	1.257	0.361	0.356	0.376	0.381
0.457	0.513	0.435	0.454	1.091	1.274	0.359	0.352	0.378	0.386
0.454	0.515	0.435	0.525	1.179	1.279	0.356	0.352	0.381	0.388
0.457	0.554	0.432	0.698	1.218	1.279	0.352	0.354	0.378	0.386
0.461	0.728	0.43	0.842	1.204	1.277	0.352	0.359	0.376	0.383
0.464	1.562	0.43	0.874	1.296	1.282	0.354	0.356	0.417	0.383
0.464	1.882	0.432	1.282	1.416	1.265	0.356	0.356	0.491	0.383
0.459	1.948	0.435	1.692	1.445	1.262	0.359	0.356	0.664	0.386
0.459	2.136	0.432	1.96	1.475	1.272	0.354	0.352	0.723	0.388
0.459	2.478	0.432	2.205	1.511	1.257	0.352	0.356	0.762	0.388
0.464	2.849	0.43	2.498	1.548	1.24	0.354	0.359	0.996	0.383
0.464	3.337	0.43	2.893	1.572	1.169	0.354	0.356	1.599	0.383
0.459	3.896	0.432	3.149	1.594	1.033	0.359	0.356	1.985	0.381
0.459	4.414	0.435	3.279	1.675	0.894	0.359	0.354	2.273	0.386
0.459	4.719	0.437	3.428	1.697	0.779	0.356	0.356	2.668	0.403
0.459	4.99	0.432	3.628	1.714	0.774	0.354	0.356	2.981	0.42
0.464	5.188	0.43	3.733	1.721	0.713	0.352	0.359	3.228	0.469
0.464	5.347	0.435	3.921	1.692	0.586	0.354	0.359	3.455	1.016
0.461	5.513	0.432	3.989	1.643	0.481	0.356	0.356	3.687	1.382
0.457	5.688	0.437	4.05	1.575	0.459	0.359	0.356	3.962	1.396
0.454	5.823	0.437	4.109	1.489	0.415	0.356	0.356	4.292	1.736
0.459	5.852	0.435	4.199	1.353	0.417	0.352	0.356	4.546	2.109
0.461	5.996	0.432	4.255	1.208	0.408	0.352	0.359	4.766	2.451
0.461	6.125	0.432	4.241	0.908	0.374	0.352	0.359	5.073	2.761
0.459	6.211	0.435	4.111	0.698	0.366	0.356	0.356	5.273	2.969
0.459	6.179	0.437	3.916	0.576	0.364	0.359	0.354	5.378	3.12
0.457	6.15	0.439	3.66	0.488	0.369	0.356	0.356	5.562	3.25
0.461	6.052	0.437	3.298	0.493	0.364	0.352	0.359	5.681	3.252
0.464	5.984	0.432	2.927	0.496	0.364	0.349	0.359	5.732	3.245
0.464	5.923	0.43	2.368	0.481	0.361	0.354	0.359	5.776	3.235
0.464	5.61	0.435	1.758	0.454	0.359	0.354	0.354	5.801	3.208
0.459	5.088	0.437	1.362	0.425	0.359	0.356	0.352	5.808	3.232
0.457	4.612	0.439	0.945	0.43	0.359	0.354	0.354	5.813	3.218
0.461	4.097	0.432	0.627	0.42	0.366	0.349	0.356	5.762	3.196
0.464	3.445	0.43	0.542	0.41	0.366	0.349	0.359	5.591	3.152
0.466	2.686	0.43	0.53	0.408	0.364	0.352	0.359	5.312	3.098
0.464	2.126	0.435	0.471	0.403	0.359	0.356	0.354	4.905	3.074
0.461	1.431	0.437	0.449	0.4	0.354	0.354	0.352	4.453	3.083
0.461	1.128	0.435	0.447	0.396	0.354	0.352	0.354	4.006	3.064
0.461	1.035	0.432	0.452	0.396	0.356	0.349	0.356	3.638	2.966
0.466	0.891	0.43	0.452	0.396	0.361	0.344	0.359	3.098	2.773
0.466	0.718	0.43	0.452	0.393	0.359	0.349	0.354	2.437	2.607
0.464	0.605	0.432	0.437	0.396	0.356	0.354	0.352	1.75	2.344
0.461	0.527	0.435	0.43	0.396	0.359	0.354	0.349	1.174	2.051
0.461	0.518	0.437	0.427	0.393	0.361	0.354	0.352	0.916	1.719
0.461	0.488	0.435	0.43	0.393	0.364	0.352	0.354	0.718	1.431
0.466	0.466	0.432	0.422	0.393	0.364	0.352	0.356	0.586	1.143
0.466	0.459	0.43	0.42	0.396	0.361	0.352	0.359	0.491	0.913
0.461	0.464	0.432	0.415	0.398	0.359	0.359	0.354	0.439	0.686
0.459	0.466	0.435	0.413	0.396	0.356	0.364	0.354	0.439	0.637
0.459	0.464	0.432	0.413	0.393	0.359	0.527	0.354	0.454	0.591
0.461	0.461	0.432	0.415	0.391	0.366	1.316	0.356	0.43	0.486
0.464	0.461	0.43	0.42	0.393	0.369	0.933	0.359	0.393	0.432
0.464	0.459	0.427	0.42	0.396	0.359	0.957	0.364	0.388	0.41
0.461	0.461	0.432	0.417	0.398	0.359	1.399	0.359	0.386	0.403
0.457	0.464	0.437	0.415	0.391	0.359	1.711	0.359	0.388	0.381
0.459	0.466	0.442	0.417	0.386	0.364	1.802	0.356	0.391	0.386
0.459	0.459	0.435	0.422	0.383	0.366	1.909	0.361	0.383	0.386
0.461	0.459	0.43	0.425	0.383	0.366	1.946	0.364	0.381	0.378
0.464	0.457	0.43	0.422	0.388	0.366	1.997	0.364	0.381	0.376
0.461	0.461	0.435	0.417	0.391	0.361	2.021	0.361	0.381	0.376
0.457	0.461	0.435	0.415	0.391	0.359	2.061	0.359	0.383	0.378
0.457	0.464	0.437	0.42	0.388	0.359	2.075	0.356	0.388	0.381
0.459	0.461	0.432	0.417	0.383	0.361	1.975	0.359	0.386	0.381
0.464	0.459	0.43	0.42	0.381	0.361	1.833	0.364	0.381	0.378
0.461	0.461	0.427	0.42	0.386	0.361	1.709	0.361	0.378	0.376
0.459	0.461	0.435	0.415	0.391	0.359	1.658	0.359	0.383	0.376
0.457	0.461	0.435	0.41	0.388	0.356	1.616	0.356	0.386	0.378
0.457	0.466	0.432	0.415	0.383	0.359	1.531	0.356	0.383	0.381
0.459	0.461	0.432	0.413	0.381	0.361	1.423	0.359	0.383	0.378
0.464	0.459	0.427	0.417	0.383	0.364	1.24	0.361	0.381	0.378
0.464	0.457	0.427	0.422	0.386	0.359	1.084	0.361	0.383	0.376
0.464	0.461	0.43	0.417	0.388	0.356	0.93	0.361	0.383	0.374
0.459	0.464	0.435	0.415	0.386	0.356	0.825	0.356	0.386	0.376
0.459	0.466	0.435	0.415	0.381	0.356	0.659	0.356	0.386	0.383
0.461	0.461	0.43	0.415	0.381	0.359	0.637	0.361	0.383	0.386
0.464	0.459	0.427	0.42	0.383	0.361	0.525	0.364	0.381	0.383
0.464	0.459	0.427	0.417	0.386	0.359	0.479	0.364	0.381	0.391
0.461	0.464	0.432	0.417	0.388	0.354	0.471	0.361	0.383	0.391
0.457	0.466	0.435	0.417	0.388	0.356	0.461	0.359	0.386	0.459
0.457	0.464	0.435	0.415	0.381	0.356	0.444	0.356	0.381	0.649
0.459	0.461	0.432	0.417	0.388	0.359	0.437	0.359	0.383	0.947
0.461	0.461	0.43	0.42	0.391	0.359	0.435	0.364	0.383	0.994
0.461	0.459	0.427	0.42	0.4	0.359	0.427	0.364	0.381	1.091
0.457	0.461	0.432	0.417	0.4	0.356	0.403	0.361	0.386	1.316
0.454	0.464	0.437	0.415	0.398	0.354	0.417	0.374	0.388	1.497
0.454	0.464	0.435	0.41	0.398	0.359	0.4	0.381	0.386	1.711
0.457	0.461	0.432	0.413	0.391	0.359	0.383	0.432	0.386	1.956
0.461	0.461	0.43	0.415	0.388	0.361	0.376	0.547	0.383	2.231
0.461	0.459	0.432	0.417	0.393	0.356	0.378	0.63	0.383	2.473
0.459	0.461	0.43	0.415	0.398	0.354	0.381	0.667	0.383	2.883
0.454	0.464	0.432	0.413	0.405	0.354	0.383	0.715	0.388	3.154
0.454	0.464	0.432	0.413	0.398	0.354	0.383	0.811	0.386	3.381
0.457	0.461	0.432	0.415	0.396	0.359	0.378	0.818	0.386	3.528
0.459	0.459	0.432	0.417	0.396	0.359	0.376	0.864	0.381	3.721
0.461	0.454	0.43	0.42	0.405	0.359	0.376	0.916	0.383	3.977
0.459	0.459	0.432	0.417	0.405	0.352	0.381	0.974	0.383	4.219
0.454	0.464	0.435	0.415	0.405	0.354	0.383	0.999	0.388	4.465
0.457	0.464	0.435	0.415	0.4	0.356	0.383	1.03	0.388	4.663
0.457	0.461	0.432	0.417	0.398	0.359	0.378	1.057	0.386	4.807
0.459	0.459	0.43	0.422	0.4	0.361	0.378	1.082	0.381	4.956
0.461	0.459	0.439	0.422	0.405	0.359	0.376	1.094	0.383	5.032
0.459	0.464	0.493	0.447	0.408	0.356	0.381	1.086	0.386	5.076
0.454	0.464	0.549	0.457	0.408	0.354	0.383	1.084	0.388	5.12
0.454	0.464	0.571	0.454	0.4	0.359	0.381	1.099	0.388	5.103
0.459	0.459	0.542	0.461	0.408	0.361	0.381	1.118	0.386	4.983
0.464	0.459	0.532	0.505	0.4	0.361	0.378	1.147	0.383	4.644
0.466	0.457	0.552	0.791	0.403	0.359	0.381	1.155	0.386	4.397
0.459	0.461	0.676	0.979	0.405	0.356	0.381	1.157	0.386	3.999
0.459	0.464	0.769	1.016	0.403	0.356	0.383	1.16	0.388	3.54
0.457	0.464	0.857	1.062	0.405	0.356	0.381	1.155	0.386	2.974
0.459	0.464	1.018	1.194	0.403	0.361	0.378	1.15	0.383	2.39
0.461	0.459	1.133	1.379	0.403	0.361	0.378	1.138	0.381	1.899
0.464	0.459	1.279	1.641	0.405	0.359	0.378	1.106	0.378	1.511
0.461	0.461	1.382	1.948	0.408	0.439	0.383	1.03	0.383	1.174
0.459	0.461	1.465	2.17	0.403	0.444	0.386	0.994	0.386	0.923
0.457	0.461	1.562	2.388	0.403	0.618	0.383	0.93	0.396	0.781
0.457	0.461	1.624	2.732	0.396	1.14	0.388	0.867	0.388	0.657
0.461	0.457	1.665	3.193	0.4	1.101	0.378	0.823	0.383	0.571
0.461	0.459	1.707	3.506	0.403	1.177	0.42	0.598	0.381	0.52
0.457	0.461	1.733	3.701	0.403	1.738	0.571	0.444	0.381	0.43
0.457	0.464	1.741	3.933	0.403	2.217	1.409	0.403	0.386	0.415
0.457	0.466	1.743	4.255	0.396	2.649	1.721	0.41	0.383	0.417
0.459	0.464	1.741	4.497	0.396	2.935	2.041	0.398	0.381	0.417
0.464	0.459	1.748	4.7	0.398	3.159	2.607	0.393	0	0.415
0.464	0.457	1.741	4.797	0.405	3.22	3.152	0.374	0	0.408
0.461	0.459	1.692	4.819	0.408	3.281	3.699	0.364	0	0.391
0.459	0.464	1.633	4.829	0.405	3.291	4.248	0.354	0	0.388
0.459	0.464	1.499	4.878	0.405	3.315	4.663	0.354	0	0.388
0.464	0.464	1.306	4.902	0.405	3.354	5.01	0.356	0	0.388
0.466	0.459	1.101	4.919	0.4	3.32	5.291	0.359	0	0.386
0.481	0.457	0.889	4.944	0.408	3.257	5.525	0.356	0	0.383
0.464	0.459	0.698	4.783	0.41	3.247	5.847	0.356	0	0.381
0.461	0.464	0.601	4.272	0.408	3.254	6.108	0.354	0	0.386
0.459	0.464	0.562	3.765	0.403	3.223	6.238	0.354	0	0.388
0.464	0.464	0.566	3.418	0.403	3.03	6.472	0.354	0	0.388
0.466	0.459	0.581	3.081	0.403	2.834	6.775	0.359	0	0.386
0.469	0.457	0.515	2.454	0.405	2.625	7	0.356	0	0.386
0.466	0.461	0.479	1.833	0.405	2.417	7.126	0.354	0	0.383
0.461	0.464	0.466	1.343	0.408	2.266	7.249	0.352	0	0.386
0.464	0.464	0.457	0.977	0.405	2.046	7.288	0.352	0	0.388
0.466	0.461	0.447	0.881	0.405	1.77	7.305	0.354	0	0.391
0.469	0.459	0.442	0.847	0.403	1.343	7.271	0.359	0	0.386
0.469	0.459	0.437	0.764	0.408	1.104	7.239	0.359	0	0.383
0.466	0	0.442	0.696	0.41	0.837	7.148	0.354	0	0.383
0.461	0	0.444	0.625	0.41	0.659	7.004	0.354	0	0.386
0.461	0	0.447	0.532	0.405	0.598	6.865	0.352	0	0.388
0.466	0	0.442	0.481	0.405	0.552	6.533	0.356	0	0.386
0.469	0	0.439	0.498	0.405	0.481	5.879	0.364	0	0.388
0.469	0	0.439	0.454	0.41	0.422	5.261	0.364	0	0.386
0.466	0	0.439	0.425	0.41	0.388	4.707	0.359	0	0.381
0.461	0	0.442	0.415	0.41	0.378	3.967	0.354	0	0.386
0.459	0	0.444	0.413	0.405	0.378	3.132	0.352	0	0.388
0.464	0	0.444	0.415	0.405	0.381	2.249	0.354	0	0.391
0.466	0	0.437	0.417	0.405	0.381	1.528	0.356	0	0.386
0.466	0	0.439	0.42	0.408	0.378	1.055	0.356	0	0.383
0.466	0	0.444	0.415	0.413	0.378	0.815	0.356	0	0.378
0.464	0	0.447	0.408	0.413	0.376	0.662	0.356	0	0.386
0.461	0	0.447	0.413	0.408	0.374	0.581	0.354	0	0.388
0.464	0	0.447	0.41	0.408	0.376	0.51	0.354	0	0.388
0.469	0	0.444	0.41	0.408	0.378	0.466	0.359	0	0.386
0.469	0	0.444	0.415	0.41	0.374	0.439	0.356	0	0.383
0.466	0	0.449	0.413	0.41	0.374	0.437	0.359	0	0.383
0.464	0	0.454	0.41	0.413	0.371	0.4	0.354	0	0.386
0.461	0	0.454	0.408	0.408	0.374	0.383	0.354	0	0.388
0.464	0	0.452	0.41	0.405	0.376	0.381	0.356	0	0.388
0.464	0	0.449	0.417	0.41	0.376	0.378	0.359	0	0.386
0.466	0	0.447	0.417	0.41	0.378	0.378	0.359	0	0.383
0.464	0	0.454	0.413	0.413	0.376	0.381	0.356	0	0.381
0.461	0	0.454	0.405	0.405	0.374	0.383	0.354	0	0.383
0.461	0	0.457	0.408	0.403	0.376	0.383	0.354	0	0.386
0.459	0	0.452	0.41	0.4	0.378	0.378	0.359	0	0.386
0.481	0	0.449	0.417	0.403	0.381	0.378	0.359	0	0.386
0.562	0	0.449	0.417	0.408	0.381	0.376	0.356	0	0.381
2.214	0	0.454	0.415	0.413	0.378	0.383	0.354	0	0.383
2.791	0	0.457	0.413	0.41	0.378	0.386	0.356	0	0.383
2.749	0	0.457	0.413	0.408	0.378	0.381	0.354	0	0.388
2.803	0	0.454	0.415	0.408	0.383	0.378	0.356	0	0.388
2.896	0	0.447	0.417	0.408	0.386	0.376	0.359	0	0.383
3.025	0	0.447	0.417	0.408	0.383	0.376	0.361	0	0.383
3.159	0	0.447	0.417	0.41	0.378	0.381	0.354	0	0.381
3.323	0	0.452	0.415	0.405	0.378	0.386	0.354	0	0.383
3.484	0	0.447	0.415	0.408	0.378	0.383	0.349	0	0
3.552	0	0.449	0.417	0.403	0.383	0.378	0.354	0	0
3.589	0	0.447	0.422	0.405	0.383	0.381	0.356	0	0
3.618	0	0.442	0.422	0.405	0.378	0.378	0.356	0	0
3.823	0	0.444	0.422	0.408	0.378	0.383	0.354	0	0
3.948	0	0.447	0.415	0.408	0.378	0.388	0.352	0	0
4.001	0	0.444	0.415	0.405	0.376	0.381	0.352	0	0
4.055	0	0.447	0.415	0.403	0.376	0.374	0.352	0	0
4.109	0	0.444	0.42	0.405	0.378	0.376	0.354	0	0
4.182	0	0.442	0.422	0.408	0.376	0.386	0.356	0	0
4.211	0	0.447	0.42	0.41	0.376	0.388	0.352	0	0
4.25	0	0.449	0.417	0.41	0.374	0.391	0.352	0	0
4.27	0	0.447	0.413	0.403	0.376	0.388	0.349	0	0
4.28	0	0.442	0.417	0.403	0.383	0.386	0.352	0	0
4.27	0	0.442	0.42	0.403	0.403	0.383	0.356	0	0
4.27	0	0.442	0.422	0.408	0.393	0.386	0.356	0	0
4.25	0	0.444	0.42	0.41	0.483	0.388	0.352	0	0
4.231	0	0.447	0.42	0.408	0.999	0.391	0.352	0	0
4.192	0	0.449	0.415	0.403	1.201	0.388	0.352	0	0
4.104	0	0.447	0.417	0.403	1.245	0.386	0.354	0	0
4.031	0	0.442	0.422	0.403	1.438	0.378	0.356	0	0
3.872	0	0.444	0.422	0.405	1.775	0.378	0.356	0	0
3.608	0	0.447	0.42	0.41	2.053	0.383	0.359	0	0
3.347	0	0.452	0.415	0.41	2.312	0.386	0.354	0	0
3.181	0	0.449	0.415	0.405	2.605	0.386	0.354	0	0
3.137	0	0.447	0.42	0.403	2.888	0.381	0.354	0	0
2.881	0	0.447	0.422	0.403	3.162	0.378	0.356	0	0
2.417	0	0.447	0.425	0.408	3.413	0.378	0.356	0	0
1.987	0	0.447	0.422	0.408	3.845	0.381	0.356	0	0
1.521	0	0.452	0.42	0.408	4.341	0.383	0.356	0	0
1.179	0	0.452	0.417	0.403	4.646	0.381	0.356	0	0
1.042	0	0.452	0.42	0.4	5.034	0.381	0.356	0	0
0.957	0	0.447	0.422	0.405	5.381	0.378	0.359	0	0
0.852	0	0.447	0.425	0.405	5.676	0.378	0.359	0	0
0.75	0	0.449	0.422	0.408	5.95	0.381	0.354	0	0
0.635	0	0.452	0.42	0.405	6.155	0.381	0.349	0	0
0.552	0	0.452	0.417	0.403	6.267	0.383	0.347	0	0
0.496	0	0.449	0.417	0.403	6.304	0.378	0.354	0	0
0.479	0	0.447	0.422	0.403	6.367	0.378	0.356	0	0
0.486	0	0.444	0.422	0.408	6.414	0.381	0.352	0	0
0.474	0	0.449	0.422	0.408	6.438	0.383	0.354	0	0
0.479	0	0.452	0.42	0.408	6.399	0.386	0.354	0	0
0.476	0	0.449	0.417	0.405	6.306	0.381	0.354	0	0
0.474	0	0.449	0.422	0.41	6.206	0.381	0.356	0	0
0.476	0	0.444	0.425	0.459	5.808	0.381	0.361	0	0
0.476	0	0.447	0.425	0.676	5.31	0.381	0.381	0	0
0.474	0	0.449	0.422	0.806	4.827	0.383	0.437	0	0
0.471	0	0.454	0.42	0.82	4.094	0.386	1.038	0	0
0.469	0	0.457	0.42	1.008	3.533	0.383	1.084	0	0
0.476	0	0.449	0.422	1.353	3.035	0.381	1.04	0	0
0.476	0	0.449	0.422	1.658	2.417	0.378	1.519	0	0
0.476	0	0.444	0	1.836	1.804	0.381	1.885	0	0
0.476	0	0.449	0	2.017	1.309	0.383	2.083	0	0
0.471	0	0.452	0	2.19	0.962	0.386	2.288	0	0
0.471	0	0.452	0	2.278	0.752	0.383	2.351	0	0
0.471	0	0.449	0	2.341	0.662	0.386	2.349	0	0
0.476	0	0.447	0	2.402	0.615	0.383	2.366	0	0
0.476	0	0.444	0	2.473	0.544	0.383	2.39	0	0
0.476	0	0.447	0	2.561	0.483	0.391	2.334	0	0
0.471	0	0.452	0	2.632	0.459	0.391	2.3	0	0
0.469	0	0.454	0	2.717	0.466	0.391	2.261	0	0
0.471	0	0.449	0	2.837	0.415	0.386	2.222	0	0
0.476	0	0.444	0	2.949	0.391	0.386	2.151	0	0
0.476	0	0.447	0	3.096	0.383	0	2.095	0	0
0.474	0	0.449	0	3.125	0.381	0	2.048	0	0
0.471	0	0.449	0	3.152	0.376	0	2.014	0	0
0.469	0	0.449	0	3.167	0.376	0	1.953	0	0
0.469	0	0.449	0	3.164	0.383	0	1.875	0	0
0.474	0	0.444	0	3.188	0.383	0	1.763	0	0
0.476	0	0.442	0	3.159	0.381	0	1.655	0	0
0.471	0	0.444	0	3.093	0.378	0	1.531	0	0
0.469	0	0.449	0	2.9	0.376	0	1.389	0	0
0.469	0	0.452	0	2.659	0.376	0	1.187	0	0
0.469	0	0.447	0	2.419	0.381	0	1.035	0	0
0.474	0	0.444	0	2.092	0.383	0	0.874	0	0
0.476	0	0.444	0	1.814	0.381	0	0.688	0	0
0.474	0	0.447	0	1.536	0.378	0	0.53	0	0
0.471	0	0.449	0	1.289	0.378	0	0.479	0	0
0.469	0	0.449	0	0.959	0.378	0	0.447	0	0
0.471	0	0.447	0	0.698	0.381	0	0.425	0	0
0.476	0	0.442	0	0.54	0.381	0	0.41	0	0
0.474	0	0.442	0	0.505	0.381	0	0.391	0	0
0.474	0	0.447	0	0.479	0.378	0	0.391	0	0
0.471	0	0.449	0	0.454	0.378	0	0.386	0	0
0.471	0	0.452	0	0.439	0.378	0	0.383	0	0
0.474	0	0.447	0	0.432	0.381	0	0.386	0	0
0.476	0	0.447	0	0.427	0.383	0	0.388	0	0
0.479	0	0.444	0	0.42	0.381	0	0.388	0	0
0.476	0	0.447	0	0.408	0.378	0	0.388	0	0
0.474	0	0.449	0	0.4	0.376	0	0.386	0	0
0.471	0	0.447	0	0.398	0.376	0	0.386	0	0
0.471	0	0.447	0	0.396	0.381	0	0.386	0	0
0.476	0	0.444	0	0.396	0.381	0	0.388	0	0
0.474	0	0.447	0	0.4	0.378	0	0.391	0	0
0.479	0	0.449	0	0.405	0.378	0	0.388	0	0
0.471	0	0.454	0	0.405	0.374	0	0.383	0	0
0.471	0	0.454	0	0.396	0.376	0	0.383	0	0
0.471	0	0.452	0	0.396	0.378	0	0.386	0	0
0.476	0	0.449	0	0.396	0.381	0	0.388	0	0
0.476	0	0.452	0	0.4	0.381	0	0.391	0	0
0.474	0	0.452	0	0.403	0.378	0	0.388	0	0
0.471	0	0.452	0	0.405	0.376	0	0.383	0	0
0.469	0	0.452	0	0.4	0.378	0	0.383	0	0
0.469	0	0.452	0	0.398	0.378	0	0.386	0	0
0.476	0	0.447	0	0.4	0.381	0	0.388	0	0
0.476	0	0.447	0	0.403	0.381	0	0.391	0	0
0.474	0	0.449	0	0.403	0.376	0	0.383	0	0
0.469	0	0.452	0	0.4	0.374	0	0.381	0	0
0.469	0	0.452	0	0.396	0.376	0	0.383	0	0
0.479	0	0.449	0	0.393	0.378	0	0.386	0	0
0.547	0	0.444	0	0.4	0.381	0	0.391	0	0
0.544	0	0.444	0	0.4	0.381	0	0.391	0	0
0.72	0	0.444	0	0.405	0.378	0	0.388	0	0
1.021	0	0.449	0	0.408	0.376	0	0.386	0	0
1.357	0	0.452	0	0.405	0.376	0	0.388	0	0
1.343	0	0.454	0	0.403	0.378	0	0.391	0	0
0	0	0.449	0	0.398	0.381	0	0.476	0	0
0	0	0.449	0	0.4	0.381	0	1.301	0	0
0	0	0.447	0	0.4	0.376	0	1.89	0	0
0	0	0.449	0	0.4	0.376	0	2.053	0	0
0	0	0.449	0	0.4	0.378	0	2.456	0	0
0	0	0.449	0	0.396	0.378	0	2.998	0	0
0	0	0.447	0	0.4	0.381	0	3.325	0	0
0	0	0.444	0	0.408	0.381	0	3.713	0	0
0	0	0.447	0	0.413	0.376	0	4.038	0	0
0	0	0.449	0	0.425	0.376	0	4.253	0	0
0	0	0.452	0	0.505	0.378	0	4.46	0	0
0	0	0.449	0	0.735	0.381	0	4.648	0	0
0	0	0.444	0	0.886	0.381	0	4.714	0	0
0	0	0.444	0	0.916	0.381	0	4.844	0	0
0	0	0.447	0	1.067	0.376	0	5.044	0	0
0	0	0.449	0	1.404	0.376	0	5.144	0	0
0	0	0.452	0	1.765	0.378	0	5.242	0	0
0	0	0.447	0	2.085	0.378	0	5.312	0	0
0	0	0.444	0	2.393	0.381	0	5.43	0	0
0	0	0.444	0	2.683	0.378	0	5.466	0	0
0	0	0.452	0	2.944	0.378	0	5.491	0	0
0	0	0.935	0	3.174	0.374	0	5.503	0	0
0	0	1.604	0	3.506	0.376	0	5.544	0	0
0	0	1.082	0	3.816	0.378	0	5.576	0	0
0	0	1.125	0	4.148	0.381	0	5.564	0	0
0	0	1.687	0	4.509	0	0	5.442	0	0
0	0	1.953	0	4.814	0	0	5.286	0	0
0	0	2.134	0	4.971	0	0	5.159	0	0
0	0	2.329	0	5.034	0	0	4.829	0	0
0	0	2.419	0	5.098	0	0	4.275	0	0
0	0	2.573	0	5.156	0	0	3.589	0	0
0	0	2.705	0	5.166	0	0	2.998	0	0
0	0	2.773	0	5.171	0	0	2.38	0	0
0	0	2.832	0	5.198	0	0	1.721	0	0
0	0	2.915	0	5.21	0	0	1.216	0	0
0	0	2.932	0	5.215	0	0	0.945	0	0
0	0	2.959	0	5.034	0	0	0.764	0	0
0	0	2.949	0	4.502	0	0	0.654	0	0
0	0	2.996	0	4.031	0	0	0.549	0	0
0	0	3.086	0	3.687	0	0	0.427	0	0
0	0	3.137	0	3.303	0	0	0.41	0	0
0	0	3.127	0	2.708	0	0	0.415	0	0
0	0	3.225	0	2.029	0	0	0.403	0	0
0	0	3.323	0	1.445	0	0	0.391	0	0
0	0	3.374	0	1.035	0	0	0.383	0	0
0	0	3.384	0	0.901	0	0	0.381	0	0
0	0	3.335	0	0.835	0	0	0.378	0	0
0	0	3.162	0	0.781	0	0	0.378	0	0
0	0	2.998	0	0.635	0	0	0.381	0	0
0	0	2.849	0	0.525	0	0	0.381	0	0
0	0	2.644	0	0.469	0	0	0.386	0	0
0	0	2.388	0	0.479	0	0	0.378	0	0
0	0	1.951	0	0.437	0	0	0.378	0	0
0	0	1.641	0	0.41	0	0	0.378	0	0
0	0	1.34	0	0.403	0	0	0.383	0	0
0	0	0.984	0	0.405	0	0	0.383	0	0
0	0	0.696	0	0.408	0	0	0.381	0	0
0	0	0.564	0	0.405	0	0	0.381	0	0
0	0	0.508	0	0.4	0	0	0.378	0	0
0	0	0.491	0	0.398	0	0	0.378	0	0
0	0	0.476	0	0.393	0	0	0.381	0	0
0	0	0.476	0	0.4	0	0	0.381	0	0
0	0	0.457	0	0.4	0	0	0.374	0	0
0	0	0.442	0	0.4	0	0	0.378	0	0
0	0	0.437	0	0.398	0	0	0.378	0	0
0	0	0.442	0	0.396	0	0	0.378	0	0
0	0	0.43	0	0.398	0	0	0.383	0	0
0	0	0.427	0	0.403	0	0	0.383	0	0
0	0	0.43	0	0.408	0	0	0.378	0	0
0	0	0.432	0	0.405	0	0	0.378	0	0
0	0	0.437	0	0.405	0	0	0.376	0	0
0	0	0.435	0	0.405	0	0	0.378	0	0
0	0	0.432	0	0.405	0	0	0.381	0	0
0	0	0.427	0	0.405	0	0	0.383	0	0
0	0	0.432	0	0.41	0	0	0.381	0	0
0	0	0.435	0	0.41	0	0	0.376	0	0
0	0	0.435	0	0.408	0	0	0.374	0	0
0	0	0.435	0	0.405	0	0	0.376	0	0
0	0	0.43	0	0.4	0	0	0.378	0	0
0	0	0.427	0	0.405	0	0	0.381	0	0
0	0	0.43	0	0.408	0	0	0.381	0	0
0	0	0.435	0	0.408	0	0	0.378	0	0
0	0	0.432	0	0.405	0	0	0.378	0	0
0	0	0.432	0	0.4	0	0	0.381	0	0
0	0	0.43	0	0.403	0	0	0.381	0	0
0	0	0.427	0	0.405	0	0	0.383	0	0
0	0	0.43	0	0.408	0	0	0.383	0	0
0	0	0.435	0	0.408	0	0	0.378	0	0
0	0	0.432	0	0.405	0	0	0.376	0	0
0	0	0.432	0	0.403	0	0	0.381	0	0
0	0	0.43	0	0.403	0	0	0.381	0	0
0	0	0.425	0	0.403	0	0	0.378	0	0
0	0	0.427	0	0.403	0	0	0.383	0	0
0	0	0.43	0	0.405	0	0	0.378	0	0
0	0	0.43	0	0.4	0	0	0.378	0	0
0	0	0.43	0	0.398	0	0	0.378	0	0
0	0	0.425	0	0.4	0	0	0.381	0	0
0	0	0.425	0	0.4	0	0	0.383	0	0
0	0	0.425	0	0.405	0	0	0.383	0	0
0	0	0.43	0	0.408	0	0	0.378	0	0
0	0	0.427	0	0.405	0	0	0.376	0	0
0	0	0.427	0	0.403	0	0	0.378	0	0
0	0	0.422	0	0.405	0	0	0.381	0	0
0	0	0.42	0	0.408	0	0	0.381	0	0
0	0	0.466	0	0.408	0	0	0.381	0	0
0	0	0.603	0	0.408	0	0	0.378	0	0
0	0	1.204	0	0.405	0	0	0.378	0	0
0	0	1.428	0	0.405	0	0	0.381	0	0
0	0	1.45	0	0.405	0	0	0.381	0	0
0	0	1.609	0	0.408	0	0	0.383	0	0
0	0	2.019	0	0.413	0	0	0.383	0	0
0	0	2.471	0	0.41	0	0	0.381	0	0
0	0	2.834	0	0.408	0	0	0.376	0	0
0	0	3.223	0	0.405	0	0	0.381	0	0
0	0	3.577	0	0.403	0	0	0.381	0	0
0	0	3.97	0	0.408	0	0	0.383	0	0
0	0	4.263	0	0.41	0	0	0.381	0	0
0	0	4.614	0	0.41	0	0	0.381	0	0
0	0	5.027	0	0.408	0	0	0.381	0	0
0	0	5.352	0	0.405	0	0	0.378	0	0
0	0	5.525	0	0.405	0	0	0.383	0	0
0	0	5.654	0	0.408	0	0	0.383	0	0
0	0	5.784	0	0.43	0	0	0	0	0
0	0	5.901	0	0	0	0	0	0	0
0	0	5.955	0	0	0	0	0	0	0
0	0	6.001	0	0	0	0	0	0	0
0	0	5.979	0	0	0	0	0	0	0
0	0	5.933	0	0	0	0	0	0	0
0	0	5.92	0	0	0	0	0	0	0
0	0	5.842	0	0	0	0	0	0	0
0	0	5.557	0	0	0	0	0	0	0
0	0	5.186	0	0	0	0	0	0	0
0	0	4.68	0	0	0	0	0	0	0
0	0	4.097	0	0	0	0	0	0	0
0	0	3.564	0	0	0	0	0	0	0
0	0	3.02	0	0	0	0	0	0	0
0	0	2.507	0	0	0	0	0	0	0
0	0	1.968	0	0	0	0	0	0	0
0	0	1.399	0	0	0	0	0	0	0
0	0	1.077	0	0	0	0	0	0	0
0	0	0.894	0	0	0	0	0	0	0
0	0	0.735	0	0	0	0	0	0	0
0	0	0.627	0	0	0	0	0	0	0
0	0	0.532	0	0	0	0	0	0	0
0	0	0.496	0	0	0	0	0	0	0
0	0	0.493	0	0	0	0	0	0	0
0	0	0.522	0	0	0	0	0	0	0
0	0	0.471	0	0	0	0	0	0	0
0	0	0.449	0	0	0	0	0	0	0
0	0	0.439	0	0	0	0	0	0	0
0	0	0.437	0	0	0	0	0	0	0
0	0	0.435	0	0	0	0	0	0	0
0	0	0.437	0	0	0	0	0	0	0
0	0	0.439	0	0	0	0	0	0	0
0	0	0.439	0	0	0	0	0	0	0
0	0	0.439	0	0	0	0	0	0	0
0	0	0.435	0	0	0	0	0	0	0
0	0	0.432	0	0	0	0	0	0	0
0	0	0.437	0	0	0	0	0	0	0
0	0	0.439	0	0	0	0	0	0	0
0	0	0.442	0	0	0	0	0	0	0
0	0	0.435	0	0	0	0	0	0	0
0	0	0.435	0	0	0	0	0	0	0
0	0	0.432	0	0	0	0	0	0	0
0	0	0.439	0	0	0	0	0	0	0
0	0	0.439	0	0	0	0	0	0	0
0	0	0.439	0	0	0	0	0	0	0
0	0	0.437	0	0	0	0	0	0	0
0	0	0.435	0	0	0	0	0	0	0
0	0	0.435	0	0	0	0	0	0	0
0	0	0.435	0	0	0	0	0	0	0
0	0	0.437	0	0	0	0	0	0	0
0	0	0.439	0	0	0	0	0	0	0
0	0	0.437	0	0	0	0	0	0	0
0	0	0.435	0	0	0	0	0	0	0
0	0	0.432	0	0	0	0	0	0	0
0	0	0.437	0	0	0	0	0	0	0
0	0	0.439	0	0	0	0	0	0	0
0	0	0.439	0	0	0	0	0	0	0
0	0	0.437	0	0	0	0	0	0	0
0	0	0.432	0	0	0	0	0	0	0
0	0	0.432	0	0	0	0	0	0	0
0	0	0.435	0	0	0	0	0	0	0
0	0	0.437	0	0	0	0	0	0	0
0	0	0.439	0	0	0	0	0	0	0
0	0	0.437	0	0	0	0	0	0	0
0	0	0.435	0	0	0	0	0	0	0
0	0	0.435	0	0	0	0	0	0	0
0	0	0.435	0	0	0	0	0	0	0
0	0	0.439	0	0	0	0	0	0	0
0	0	0.439	0	0	0	0	0	0	0
0	0	0.435	0	0	0	0	0	0	0
0	0	0.435	0	0	0	0	0	0	0
0	0	0.432	0	0	0	0	0	0	0
0	0	0.437	0	0	0	0	0	0	0
0	0	0.437	0	0	0	0	0	0	0
0	0	0.437	0	0	0	0	0	0	0
0	0	0.435	0	0	0	0	0	0	0
0	0	0.432	0	0	0	0	0	0	0
0	0	0.43	0	0	0	0	0	0	0
0	0	0.432	0	0	0	0	0	0	0
0	0	0.437	0	0	0	0	0	0	0
0	0	0.437	0	0	0	0	0	0	0
0	0	0.435	0	0	0	0	0	0	0
0	0	0.432	0	0	0	0	0	0	0
0	0	0.435	0	0	0	0	0	0	0
0	0	0.435	0	0	0	0	0	0	0
0	0	0.437	0	0	0	0	0	0	0
0	0	0.437	0	0	0	0	0	0	0
0	0	0.437	0	0	0	0	0	0	0
0	0	0.432	0	0	0	0	0	0	0
0	0	0.432	0	0	0	0	0	0	0
0	0	0.432	0	0	0	0	0	0	0
0	0	0.437	0	0	0	0	0	0	0
0	0	0.439	0	0	0	0	0	0	0
0	0	0.435	0	0	0	0	0	0	0
0	0	0.432	0	0	0	0	0	0	0
0	0	0.435	0	0	0	0	0	0	0
0	0	0.435	0	0	0	0	0	0	0
0	0	0.437	0	0	0	0	0	0	0
0	0	0.457	0	0	0	0	0	0	0
0	0	0.471	0	0	0	0	0	0	0
0	0	0.481	0	0	0	0	0	0	0
