0.53	0.437	0.5	0.383	0.481	0.476	0.469	0.474	0.574	0.635
0.532	0.444	0.5	0.381	0.476	0.469	0.466	0.471	0.574	0.63
0.53	0.449	0.498	0.386	0.476	0.466	0.461	0.474	0.569	0.627
0.53	0.447	0.493	0.393	0.481	0.471	0.461	0.469	0.564	0.627
0.532	0.447	0.488	0.388	0.486	0.474	0.469	0.469	0.564	0.635
0.532	0.444	0.496	0.386	0.488	0.476	0.469	0.474	0.569	0.632
0.532	0.447	0.496	0.381	0.479	0.474	0.469	0.474	0.576	0.637
0.532	0.447	0.493	0.383	0.476	0.469	0.464	0.471	0.576	0.632
0.53	0.454	0.486	0.386	0.476	0.469	0.461	0.474	0.576	0.627
0.525	0.452	0.483	0.396	0.479	0.474	0.461	0.469	0.571	0.63
0.527	0.449	0.483	0.391	0.486	0.476	0.466	0.471	0.571	0.635
0.532	0.444	0.491	0.386	0.481	0.479	0.471	0.474	0.576	0.635
0.535	0.442	0.493	0.386	0.481	0.476	0.466	0.476	0.579	0.635
0.532	0.447	0.496	0.386	0.479	0.471	0.466	0.471	0.581	0.63
0.527	0.457	0.493	0.391	0.481	0.471	0.461	0.471	0.579	0.627
0.527	0.452	0.491	0.398	0.483	0.474	0.464	0.469	0.576	0.627
0.532	0.447	0.488	0.391	0.488	0.476	0.466	0.471	0.574	0.632
0.535	0.442	0.491	0.388	0.486	0.479	0.469	0.474	0.579	0.635
0.537	0.439	0.493	0.386	0.481	0.474	0.469	0.474	0.576	0.635
0.532	0.449	0.493	0.386	0.479	0.471	0.464	0.474	0.574	0.63
0.53	0.452	0.496	0.388	0.479	0.471	0.461	0.471	0.571	0.627
0.527	0.449	0.491	0.396	0.483	0.474	0.466	0.466	0.566	0.63
0.527	0.444	0.493	0.393	0.491	0.476	0.466	0.469	0.566	0.63
0.53	0.444	0.493	0.388	0.486	0.479	0.471	0.471	0.574	0.635
0.537	0.439	0.498	0.383	0.483	0.474	0.471	0.476	0.571	0.635
0.532	0.444	0.5	0.386	0.479	0.469	0.464	0.474	0.571	0.63
0.53	0.454	0.496	0.454	0.481	0.466	0.464	0.469	0.574	0.635
0.53	0.449	0.503	0.647	0.483	0.469	0.466	0.432	0.571	2.883
0.532	0.503	0.508	0.879	0.647	0.474	0.469	0.471	0.601	5.525
0.532	0.547	0.518	1.045	1.934	0.479	0.52	0.474	1.379	4.106
0.542	0.559	0.559	1.108	2.7	0.471	1.382	0.503	3.159	2.896
0.715	0.62	0.601	1.16	2.3	0.5	1.973	2.388	2.69	2.529
1.16	0.725	0.625	1.196	2.07	0.547	2.112	4.026	2.043	2.876
1.423	0.84	0.632	1.208	2.153	0.71	2.244	2.915	1.643	2.874
1.536	0.901	0.654	1.218	2.354	0.901	2.346	2.148	1.489	2.773
1.589	0.93	0.728	1.216	2.493	0.962	2.424	1.987	1.467	2.678
1.624	0.952	0.752	1.206	2.603	0.984	2.446	2.205	1.411	2.527
1.643	0.994	0.762	1.204	2.661	1.003	2.451	2.285	1.357	2.251
1.653	1.011	0.725	1.204	2.681	1.008	2.439	2.249	1.299	1.98
1.655	1.035	0.706	1.187	2.693	1.008	2.451	2.173	1.196	1.831
1.663	1.045	0.703	1.133	2.646	1.013	2.458	2.004	1.104	1.687
1.68	1.06	0.688	1.084	2.449	1.013	2.461	1.78	0.977	1.455
1.689	1.069	0.698	0.923	2.263	1.003	2.437	1.543	0.942	1.294
1.689	1.079	0.698	0.737	2	0.996	2.334	1.287	0.867	1.162
1.68	1.074	0.684	0.652	1.772	0.994	2.124	1.091	0.789	1.018
1.68	1.062	0.688	0.591	1.458	0.994	1.775	0.952	0.742	0.908
1.638	1.042	0.688	0.515	1.226	0.999	1.384	0.925	0.681	0.811
1.567	0.977	0.684	0.466	0.974	0.977	1.099	0.872	0.642	0.75
1.426	0.876	0.667	0.432	0.847	0.925	0.884	0.789	0.62	0.708
1.233	0.771	0.671	0.417	0.715	0.862	0.725	0.735	0.605	0.676
1.028	0.654	0.635	0.413	0.645	0.774	0.627	0.693	0.591	0.659
0.859	0.566	0.618	0.408	0.603	0.674	0.566	0.637	0.583	0.649
0.759	0.508	0.593	0.4	0.559	0.605	0.53	0.579	0.583	0.647
0.713	0.471	0.557	0.391	0.532	0.554	0.51	0.54	0.579	0.642
0.691	0.452	0.537	0.386	0.515	0.518	0.498	0.518	0.581	0.64
0.635	0.447	0.527	0.386	0.5	0.496	0.483	0.498	0.579	0.635
0.586	0.437	0.518	0.391	0.496	0.483	0.481	0.486	0.574	0.632
0.559	0.432	0.508	0.391	0.498	0.481	0.474	0.479	0.569	0.625
0.542	0.427	0.503	0.391	0.493	0.483	0.474	0.479	0.571	0.623
0.54	0.422	0.505	0.386	0.491	0.476	0.474	0.479	0.571	0.623
0.53	0.422	0.51	0.381	0.486	0.474	0.471	0.479	0.576	0.618
0.525	0.427	0.508	0.386	0.486	0.469	0.469	0.471	0.579	0.61
0.518	0.427	0.508	0.388	0.486	0.466	0.469	0.466	0.574	0.613
0.522	0.425	0.508	0.388	0.491	0.469	0.464	0.469	0.569	0.605
0.525	0.422	0.503	0.388	0.491	0.476	0.466	0.469	0.574	0.603
0.532	0.422	0.503	0.383	0.488	0.471	0.469	0.474	0.571	0.601
0.52	0.425	0.505	0.383	0.483	0.466	0.466	0.479	0.576	0.598
0.51	0.427	0.505	0.388	0.481	0.464	0.466	0.474	0.576	0.593
0.505	0.439	0.505	0.388	0.481	0.464	0.464	0.469	0.574	0.593
0.5	0.449	0.508	0.391	0.488	0.466	0.461	0.466	0.605	0.588
0.513	0.452	0.503	0.393	0.488	0.474	0.464	0.471	0.635	0.588
0.549	0.454	0.505	0.386	0.491	0.471	0.469	0.476	0.674	0.618
0.593	0.493	0.51	0.383	0.483	0.469	0.469	0.479	0.757	0.75
0.698	0.632	0.515	0.391	0.483	0.464	0.464	0.471	0.793	1.953
0.845	0.688	0.53	0.388	0.486	0.464	0.464	0.469	0.759	2.556
1.057	0.769	0.547	0.391	0.488	0.469	0.461	0.466	0.742	2.751
1.226	0.825	0.586	0.4	0.493	0.474	0.469	0.469	0.74	2.888
1.353	0.867	0.691	0.408	0.525	0.476	0.469	0.483	0.73	2.957
1.445	0.925	0.815	0.417	0.623	0.479	0.476	0.522	0.735	2.981
1.504	0.986	0.964	0.474	1.565	0.559	0.496	0.671	0.745	3.02
1.548	1.062	0.972	0.542	2.151	0.681	0.498	1.462	0.75	3.064
1.58	1.113	0.977	0.632	2.444	1.104	0.586	2.095	0.752	3.123
1.614	1.143	0.972	0.774	2.634	1.423	0.635	2.446	0.752	3.169
1.633	1.16	0.969	0.872	2.756	1.584	0.618	2.642	0.754	3.188
1.643	1.182	0.952	0.901	2.859	1.665	0.62	2.725	0.737	2.986
1.646	1.194	0.945	0.933	2.959	1.799	0.627	2.737	0.713	2.637
1.599	1.206	0.933	0.947	3.069	1.931	0.618	2.734	0.681	2.346
1.501	1.191	0.925	0.95	3.145	2.046	0.615	2.732	0.654	1.99
1.399	1.169	0.918	0.952	3.22	2.134	0.615	2.712	0.671	1.616
1.296	1.15	0.92	0.947	3.262	2.185	0.618	2.666	0.676	1.292
1.196	1.099	0.923	0.918	3.167	2.236	0.618	2.617	0.667	1.082
1.101	1.052	0.928	0.898	2.852	2.249	0.61	2.493	0.627	0.898
0.994	1.021	0.93	0.869	2.542	2.166	0.576	2.261	0.608	0.781
0.911	0.989	0.93	0.808	2.253	2.019	0.559	2.036	0.596	0.71
0.884	0.969	0.937	0.742	1.868	1.838	0.576	1.733	0.583	0.667
0.811	0.94	0.942	0.664	1.489	1.633	0.571	1.401	0.583	0.645
0.764	0.903	0.891	0.586	1.145	1.394	0.547	1.123	0.583	0.625
0.715	0.864	0.828	0.562	0.947	1.121	0.52	0.923	0.579	0.618
0.62	0.859	0.779	0.508	0.828	0.906	0.513	0.767	0.576	0.603
0.564	0.789	0.703	0.466	0.701	0.793	0.515	0.654	0.574	0.601
0.54	0.703	0.652	0.435	0.632	0.725	0.549	0.588	0.569	0.603
0.527	0.64	0.652	0.415	0.608	0.635	0.544	0.547	0.571	0.601
0.53	0.62	0.659	0.405	0.581	0.569	0.513	0.52	0.576	0.601
0.53	0.623	0.645	0.396	0.542	0.525	0.496	0.5	0.574	0.601
0.532	0.579	0.601	0.396	0.522	0.505	0.479	0.486	0.571	0.591
0.54	0.557	0.566	0.393	0.513	0.496	0.474	0.479	0.571	0.591
0.571	0.559	0.547	0.391	0.505	0.488	0.471	0.479	0.566	0.596
0.603	0.53	0.537	0.386	0.498	0.479	0.474	0.483	0.566	0.601
0.652	0.518	0.53	0.388	0.491	0.474	0.469	0.479	0.569	0.601
0.713	0.52	0.527	0.383	0.491	0.466	0.466	0.474	0.571	0.608
0.791	0.557	0.527	0.388	0.488	0.464	0.461	0.469	0.569	0.706
0.854	0.605	0.518	0.391	0.488	0.471	0.461	0.469	0.566	1.152
0.906	0.613	0.518	0.386	0.491	0.471	0.464	0.474	0.559	1.26
1.016	0.642	0.518	0.383	0.488	0.471	0.464	0.479	0.566	1.311
1.106	0.686	0.588	0.386	0.486	0.464	0.471	0.474	0.574	1.396
1.16	0.728	0.659	0.383	0.488	0.461	0.461	0.474	0.645	1.497
1.211	0.757	0.715	0.386	0.483	0.464	0.457	0.505	1.182	1.65
1.323	0.801	0.759	0.388	0.488	0.466	0.459	0.579	1.467	1.716
1.448	0.852	0.793	0.388	0.491	0.422	0.461	0.698	1.282	1.77
1.541	0.898	0.815	0.383	0.522	0.469	0.464	0.781	1.228	1.873
1.599	0.918	0.842	0.383	0.583	0.464	0.466	0.908	1.277	2
1.633	0.955	0.847	0.383	0.645	0.461	0.461	1.104	1.335	2.07
1.67	0.977	0.879	0.386	0.686	0.464	0.457	1.279	1.406	2.141
1.711	0.981	0.945	0.386	0.72	0.466	0.459	1.443	1.477	2.202
1.721	0.989	0.999	0.388	0.737	0.466	0.461	1.619	1.538	2.253
1.731	0.999	1.067	0.388	0.747	0.469	0.464	1.704	1.594	2.273
1.702	1.001	1.106	0.442	0.828	0.464	0.469	1.76	1.643	2.168
1.663	1.008	1.14	0.562	0.947	0.461	0.459	1.799	1.704	1.995
1.562	1.035	1.152	0.789	1.062	0.464	0.457	1.809	1.729	1.833
1.506	1.084	1.167	1.072	1.172	0.474	0.479	1.824	1.721	1.658
1.357	1.111	1.162	1.26	1.191	0.635	0.564	1.75	1.616	1.516
1.165	1.116	1.138	1.411	1.152	1.133	0.771	1.56	1.489	1.387
0.962	1.13	1.14	1.482	1.13	1.113	0.964	1.387	1.362	1.243
0.811	1.135	1.15	1.567	1.116	1.033	1.052	1.211	1.24	1.052
0.691	1.138	1.138	1.604	1.099	0.977	1.121	1.099	1.069	0.889
0.623	1.135	1.133	1.631	1.108	0.947	1.128	0.996	0.881	0.784
0.569	1.118	1.128	1.709	1.118	0.979	1.101	0.92	0.767	0.728
0.537	1.008	1.113	1.763	1.13	0.981	1.069	0.864	0.696	0.681
0.515	0.857	1.084	1.819	1.133	0.991	1.016	0.82	0.649	0.649
0.496	0.75	1.04	1.882	1.133	1.016	0.967	0.723	0.618	0.623
0.483	0.635	0.913	1.941	1.123	1.04	0.928	0.64	0.598	0.605
0.493	0.562	0.825	1.96	1.13	1.05	0.916	0.581	0.579	0.603
0.496	0.508	0.745	1.921	1.099	1.057	0.913	0.549	0.569	0.598
0.505	0.469	0.662	1.79	1.072	1.057	0.906	0.522	0.566	0.598
0.505	0.449	0.61	1.67	1.082	1.052	0.894	0.505	0.566	0.596
0.5	0.442	0.579	1.577	1.06	1.057	0.881	0.491	0.566	0.588
0.5	0.437	0.549	1.382	0.94	1.055	0.864	0.483	0.562	0.583
0.498	0.432	0.532	1.174	0.83	1.04	0.884	0.476	0.559	0.583
0.505	0.43	0.525	0.989	0.715	1.006	0.854	0.481	0.559	0.588
0.508	0.42	0.52	0.793	0.63	0.955	0.828	0.479	0.564	0.591
0.508	0.42	0.52	0.64	0.579	0.925	0.776	0.479	0.566	0.588
0.503	0.422	0.518	0.544	0.537	0.85	0.715	0.474	0.576	0.586
0.5	0.425	0.513	0.488	0.518	0.786	0.671	0.471	0.566	0.581
0.5	0.425	0.505	0.457	0.508	0.725	0.642	0.474	0.557	0.583
0.503	0.427	0.503	0.432	0.503	0.632	0.596	0.474	0.562	0.586
0.505	0.42	0.505	0.415	0.498	0.571	0.552	0.476	0.564	0.591
0.503	0.42	0.51	0.4	0.496	0.527	0.518	0.476	0.566	0.588
0.5	0.422	0.51	0.396	0.488	0.505	0.491	0.471	0.569	0.581
0.505	0.425	0.505	0.393	0.488	0.488	0.479	0.469	0.562	0.581
0.5	0.427	0.503	0.396	0.491	0.483	0.471	0.471	0.562	0.581
0.503	0.425	0.498	0.393	0.491	0.481	0.471	0.474	0.562	0.586
0.505	0.42	0.503	0.388	0.493	0.476	0.474	0.476	0.564	0.596
0.503	0.42	0.51	0.386	0.493	0.471	0.469	0.474	0.566	0.593
0.498	0.422	0.508	0.386	0.486	0.471	0.464	0.471	0.571	0.591
0.5	0.425	0.505	0.388	0.486	0.469	0.461	0.469	0.566	0.586
0.498	0.43	0.5	0.391	0.491	0.469	0.464	0.471	0.559	0.583
0.498	0.425	0.5	0.391	0.493	0.471	0.469	0.471	0.564	0.586
0.493	0.422	0.505	0.386	0.493	0.471	0.476	0.476	0.564	0.593
0.488	0.425	0.515	0.381	0.491	0.466	0.469	0.476	0.569	0.586
0.486	0.425	0.51	0.383	0.488	0.469	0.469	0.471	0.574	0.586
0.486	0.427	0.508	0.386	0.488	0.464	0.466	0.466	0.566	0.583
0.488	0.432	0.508	0.388	0.491	0.466	0.464	0.471	0.564	0.586
0.496	0.427	0.503	0.391	0.491	0.471	0.471	0.471	0.559	0.591
0.5	0.42	0.508	0.381	0.491	0.469	0.476	0.474	0.566	0.598
0.503	0.422	0.518	0.381	0.488	0.466	0.474	0.474	0.574	0.596
0.493	0.425	0.515	0.381	0.486	0.466	0.469	0.469	0.579	0.591
0.488	0.43	0.515	0.381	0.488	0.464	0.466	0.469	0.569	0.586
0.483	0.432	0.51	0.386	0.491	0.469	0.464	0.471	0.562	0.586
0.486	0.425	0.51	0.388	0.496	0.469	0.471	0.471	0.559	0.593
0.486	0.422	0.513	0.381	0.498	0.471	0.471	0.476	0.562	0.601
0.488	0.425	0.52	0.376	0.491	0.466	0.469	0.476	0.566	0.596
0.488	0.427	0.518	0.381	0.486	0.466	0.466	0.469	0.566	0.591
0.483	0.427	0.515	0.381	0.491	0.466	0.464	0.469	0.566	0.588
0.486	0.435	0.51	0.386	0.491	0.469	0.464	0.469	0.562	0.591
0.488	0.425	0.51	0.388	0.493	0.469	0.469	0.471	0.557	0.596
0.488	0.422	0.513	0.381	0.498	0.469	0.469	0.476	0.562	0.598
0.486	0.422	0.518	0.378	0.488	0.469	0.469	0.474	0.569	0.601
0.488	0.427	0.518	0.381	0.486	0.464	0.464	0.469	0.566	0.605
0.481	0.43	0.515	0.386	0.488	0.464	0.459	0.469	0.562	0.786
0.483	0.432	0.51	0.388	0.491	0.469	0.461	0.469	0.557	1.436
0.488	0.427	0.51	0.383	0.493	0.469	0.471	0.471	0.559	2.187
0.488	0.422	0.515	0.381	0.496	0.471	0.469	0.476	0.564	2.48
0.486	0.425	0.515	0.378	0.488	0.469	0.464	0.474	0.574	2.6
0.486	0.427	0.515	0.378	0.488	0.461	0.464	0.471	0.571	2.666
0.481	0.43	0.513	0.381	0.486	0.464	0.459	0.471	0.564	2.708
0.483	0.427	0.51	0.383	0.491	0.469	0.461	0.471	0.562	2.722
0.488	0.425	0.508	0.383	0.496	0.471	0.469	0.474	0.559	2.712
0.488	0.42	0.518	0.378	0.496	0.471	0.466	0.476	0.564	2.634
0.488	0.422	0.518	0.378	0.488	0.471	0.466	0.474	0.574	2.546
0.491	0.425	0.52	0.415	0.486	0.464	0.461	0.471	0.571	2.427
0.486	0.43	0.515	0.601	0.486	0.464	0.459	0.474	0.571	2.341
0.488	0.43	0.51	0.71	0.491	0.466	0.459	0.469	0.571	2.385
0.493	0.425	0.535	0.85	0.496	0.469	0.469	0.471	0.569	2.273
0.493	0.422	0.562	0.945	0.496	0.469	0.466	0.474	0.574	1.985
0.491	0.42	0.559	1.021	0.488	0.471	0.466	0.474	0.583	1.602
0.493	0.425	0.75	1.077	0.486	0.461	0.461	0.479	0.598	1.228
0.488	0.435	0.82	1.099	0.486	0.461	0.459	0.496	0.771	1.011
0.493	0.427	0.935	1.108	0.491	0.466	0.461	0.698	1.052	0.886
0.496	0.425	1.069	1.084	0.498	0.469	0.466	0.908	1.55	0.823
0.662	0.422	1.174	1.062	0.496	0.469	0.466	1.26	1.802	0.767
0.842	0.422	1.235	1.05	0.491	0.469	0.466	1.45	1.929	0.703
1.013	0.425	1.257	1.05	0.488	0.461	0.459	1.565	2.026	0.664
1.123	0.43	1.265	1.06	0.488	0.461	0.459	1.646	2.095	0.635
1.204	0.427	1.243	1.052	0.493	0.464	0.461	1.699	2.129	0.62
1.255	0.439	1.221	0.969	0.5	0.469	0.464	1.753	2.139	0.62
1.294	0.471	1.211	0.857	0.496	0.469	0.471	1.792	2.075	0.615
1.338	0.63	1.201	0.723	0.491	0.466	0.464	1.821	1.899	0.61
1.345	0.95	1.199	0.603	0.488	0.464	0.459	1.809	1.638	0.603
1.355	1.331	1.152	0.54	0.488	0.461	0.459	1.794	1.475	0.598
1.309	1.506	1.113	0.518	0.493	0.464	0.464	1.758	1.426	0.603
1.187	1.575	1.062	0.466	0.498	0.469	0.464	1.614	1.409	0.605
1.067	1.633	1.016	0.454	0.491	0.469	0.466	1.392	1.331	0.608
0.92	1.704	0.964	0.432	0.488	0.464	0.464	1.238	1.27	0.608
0.764	1.746	0.859	0.408	0.486	0.461	0.459	1.172	1.042	0.603
0.674	1.782	0.725	0.403	0.488	0.476	0.457	1.042	0.884	0.598
0.615	1.772	0.649	0.391	0.491	0.493	0.481	0.955	0.793	0.603
0.601	1.665	0.618	0.386	0.496	0.623	0.515	0.789	0.754	0.603
0.569	1.528	0.596	0.378	0.491	0.754	0.774	0.698	0.708	0.608
0.549	1.362	0.583	0.374	0.488	0.901	1.323	0.657	0.659	0.61
0.527	1.313	0.581	0.374	0.486	1.016	1.836	0.637	0.627	0.605
0.518	1.23	0.557	0.378	0.486	1.086	2.051	0.586	0.605	0.601
0.515	1.211	0.535	0.386	0.493	1.123	2.156	0.554	0.586	0.601
0.51	1.055	0.527	0.378	0.496	1.125	2.205	0.542	0.581	0.598
0.513	0.903	0.52	0.374	0.493	1.121	2.246	0.542	0.579	0.598
0.513	0.735	0.52	0.369	0.488	1.108	2.28	0.542	0.574	0.596
0.505	0.64	0.515	0.371	0.483	1.099	2.268	0.54	0.576	0.591
0.505	0.598	0.51	0.381	0.486	1.067	2.178	0.53	0.574	0.591
0.505	0.566	0.505	0.378	0.493	1.055	2.109	0.532	0.571	0.598
0.508	0.53	0.508	0.376	0.496	1.008	2.017	0.535	0.571	0.598
0.508	0.488	0.508	0.374	0.491	0.908	2.031	0.537	0.576	0.598
0.513	0.464	0.508	0.374	0.486	0.842	1.936	0.535	0.579	0.601
0.51	0.452	0.51	0.376	0.486	0.706	1.675	0.525	0.576	0.593
0.508	0.444	0.503	0.383	0.488	0.625	1.421	0.5	0.569	0.591
0.51	0.439	0.503	0.381	0.493	0.593	1.086	0.488	0.566	0.598
0.515	0.43	0.505	0.378	0.493	0.576	0.874	0.483	0.566	0.598
0.52	0.425	0.503	0.374	0.491	0.562	0.774	0.483	0.571	0.601
0.52	0.425	0.505	0.371	0.486	0.532	0.723	0.481	0.571	0.598
0.515	0.432	0.51	0.376	0.486	0.508	0.645	0.479	0.571	0.593
0.508	0.427	0.5	0.381	0.486	0.488	0.591	0.474	0.566	0.591
0.508	0.427	0.503	0.381	0.493	0.481	0.542	0.471	0.564	0.593
0.51	0.422	0.505	0.378	0.491	0.479	0.515	0.474	0.566	0.596
0.518	0.42	0.508	0.374	0.491	0.476	0.498	0.476	0.566	0.598
0.51	0.42	0.51	0.371	0.486	0.471	0.483	0.476	0.569	0.598
0.505	0.43	0.51	0.371	0.481	0.464	0.476	0.476	0.569	0.593
0.503	0.427	0.505	0.381	0.483	0.464	0.474	0.471	0.564	0.591
0.503	0.427	0.5	0.378	0.491	0.469	0.469	0.471	0.562	0.593
0.505	0.422	0.493	0.378	0.491	0.474	0.471	0.474	0.566	0.596
0.513	0.417	0.493	0.374	0.488	0.469	0.471	0.476	0.566	0.598
0.508	0.42	0.496	0.374	0.483	0.466	0.466	0.479	0.569	0.596
0.503	0.427	0.496	0.374	0.483	0.461	0.464	0.474	0.569	0.593
0.5	0.43	0.493	0.378	0.483	0.461	0.466	0.471	0.564	0.593
0.503	0.425	0.493	0.378	0.491	0.466	0.464	0.466	0.564	0.593
0.505	0.422	0.498	0.378	0.491	0.474	0.466	0.474	0.566	0.598
0.513	0.42	0.493	0.374	0.488	0.469	0.469	0.476	0.566	0.601
0.508	0.42	0.498	0.371	0.483	0.449	0.464	0.481	0.569	0.598
0.503	0.425	0.498	0.378	0.481	0.461	0.464	0.474	0.569	0.593
0.498	0.427	0.498	0.378	0.483	0.466	0.464	0.471	0.566	0.596
0.508	0.425	0.498	0.381	0.491	0.466	0.464	0.471	0.562	0.601
0.513	0.42	0.491	0.378	0.491	0.474	0.464	0.474	0.566	0.667
0.52	0.417	0.498	0.374	0.488	0.466	0.469	0.479	0.564	1.125
0.513	0.422	0.498	0.371	0.483	0.464	0.466	0.481	0.566	1.45
0.505	0.422	0.498	0.378	0.486	0.457	0.461	0.474	0.566	1.218
0.503	0.425	0.493	0.376	0.486	0.459	0.464	0.471	0.562	1.042
0.498	0.425	0.493	0.381	0.493	0.464	0.461	0.471	0.557	0.928
0.505	0.42	0.486	0.376	0.559	0.471	0.464	0.476	0.562	0.867
0.508	0.42	0.488	0.371	0.964	0.466	0.466	0.479	0.562	0.83
0.505	0.425	0.496	0.371	1.631	0.461	0.466	0.483	0.566	0.811
0.505	0.422	0.493	0.378	2.058	0.457	0.461	0.474	0.566	0.796
0.503	0.425	0.493	0.376	2.2	0.459	0.461	0.471	0.566	0.789
0.505	0.425	0.496	0.378	2.305	0.464	0.461	0.469	0.564	0.786
0.513	0.42	0.496	0.376	2.393	0.469	0.464	0.474	0.562	0.781
0.515	0.417	0.5	0.371	2.451	0.464	0.464	0.479	0.564	0.762
0.513	0.425	0.505	0.369	2.485	0.461	0.464	0.481	0.569	0.703
0.513	0.422	0.505	0.376	2.446	0.459	0.464	0.474	0.569	0.664
0.522	0.427	0.503	0.376	2.361	0.461	0.459	0.469	0.564	0.642
0.532	0.425	0.498	0.378	2.288	0.464	0.459	0.469	0.566	0.625
0.566	0.42	0.496	0.376	2.324	0.466	0.464	0.474	0.564	0.62
0.61	0.42	0.496	0.371	2.302	0.466	0.466	0.479	0.564	0.618
0.728	0.425	0.5	0.369	2.136	0.461	0.464	0.476	0.566	0.613
0.813	0.422	0.5	0.376	1.853	0.457	0.466	0.474	0.564	0.608
0.879	0.425	0.498	0.378	1.558	0.459	0.459	0.469	0.564	0.601
0.928	0.425	0.493	0.378	1.238	0.466	0.459	0.469	0.566	0.603
0.969	0.42	0.491	0.376	0.969	0.466	0.464	0.474	0.562	0.605
0.984	0.42	0.493	0.374	0.803	0.466	0.464	0.479	0.566	0.603
0.979	0.422	0.496	0.371	0.698	0.461	0.466	0.479	0.566	0.605
0.977	0.425	0.496	0.374	0.64	0.457	0.464	0.474	0.566	0.605
0.955	0.427	0.5	0.376	0.593	0.461	0.461	0.471	0.564	0.598
0.928	0.425	0.493	0.376	0.552	0.469	0.461	0.469	0.564	0.596
0.879	0.422	0.491	0.374	0.532	0.469	0.464	0.476	0.557	0.601
0.84	0.42	0.496	0.371	0.515	0.466	0.464	0.481	0.562	0.603
0.798	0.42	0.5	0.376	0.5	0.461	0.464	0.476	0.564	0.603
0.706	0.425	0.5	0.371	0.493	0.459	0.464	0.474	0.564	0.605
0.654	0.427	0.503	0.376	0.493	0.461	0.459	0.471	0.564	0.598
0.61	0.425	0.498	0.378	0.493	0.469	0.459	0.471	0.564	0.598
0.588	0.422	0.498	0.376	0.491	0.466	0.464	0.476	0.559	0.603
0.569	0.422	0.5	0.374	0.488	0.466	0.466	0.481	0.564	0.603
0.554	0.42	0.503	0.376	0.483	0.461	0.466	0.476	0.564	0.605
0.542	0.422	0.503	0.376	0.483	0.459	0.464	0.474	0.562	0.608
0.535	0.427	0.503	0.381	0.483	0.461	0.459	0.469	0.559	0.605
0.535	0.425	0.496	0.386	0.488	0.469	0.461	0.469	0.557	0.605
0.537	0.42	0.488	0.381	0.486	0.469	0.464	0.476	0.554	0.608
0.535	0.422	0.496	0.376	0.486	0.466	0.469	0.481	0.562	0.61
0.532	0.42	0.498	0.381	0.483	0.461	0.469	0.476	0.803	0.61
0.525	0.425	0.503	0.378	0.483	0.459	0.464	0.474	2.383	0.608
0.522	0.43	0.5	0.383	0.483	0.461	0.461	0.471	2.158	0.603
0.527	0.425	0.496	0.383	0.486	0.466	0.461	0.469	1.643	0.605
0.532	0.425	0.496	0.381	0.488	0.466	0.466	0.474	1.367	0.608
0.53	0.425	0.496	0.378	0.488	0.469	0.469	0.479	1.284	0.61
0.527	0.422	0.498	0.381	0.483	0.461	0.469	0.476	1.267	0.608
0.525	0.425	0.498	0.378	0.486	0.459	0.464	0.471	1.255	0.605
0.522	0.427	0.498	0.383	0.481	0.459	0.464	0.469	1.25	0.601
0.53	0.425	0.496	0.386	0.486	0.464	0.461	0.469	1.233	0.603
0.53	0.42	0.496	0.383	0.488	0.469	0.466	0.476	1.199	0.605
0.532	0.422	0.498	0.378	0.486	0.464	0.469	0.476	1.055	0.605
0.532	0.42	0.503	0.381	0.481	0.459	0.476	0.479	0.947	0.608
0.525	0.425	0.508	0.378	0.483	0.459	0.559	0.474	0.854	0.601
0.525	0.425	0.508	0.383	0.481	0.464	1.743	0.469	0.796	0.598
0.532	0.422	0.508	0.383	0.486	0.466	2.102	0.471	0.75	0.601
0.53	0.422	0.503	0.381	0.488	0.466	1.648	0.476	0.73	0.603
0.53	0.42	0.5	0.381	0.488	0.466	1.316	0.515	0.693	0.605
0.53	0.42	0.464	0.378	0.483	0.461	1.118	0.791	0.642	0.608
0.527	0.425	0.439	0.378	0.486	0.459	1.001	1.292	0.608	0.601
0.525	0.425	0.413	0.383	0.483	0.466	0.935	1.204	0.591	0.598
0.53	0.422	0.393	0.383	0.488	0.466	0.898	1.096	0.566	0.601
0.53	0.422	0.386	0.383	0.488	0.469	0.881	1.042	0.554	0.605
0.53	0.42	0.386	0.381	0.486	0.466	0.872	1.055	0.547	0.608
0.527	0.417	0.388	0.386	0.483	0.461	0.859	1.113	0.54	0.61
0.525	0.422	0.391	0.769	0.486	0.459	0.842	1.15	0.532	0.601
0.522	0.425	0.383	3.34	0.483	0.469	0.813	1.167	0.527	0.601
0.527	0.425	0.376	2.964	0.488	0.466	0.713	1.191	0.515	0.601
0.527	0.425	0.378	2.175	0.488	0.469	0.662	1.226	0.513	0.605
0.53	0.42	0.378	1.78	0.488	0.464	0.632	1.204	0.513	0.608
0.527	0.417	0.381	1.614	0.486	0.459	0.601	1.145	0.518	0.61
0.525	0.425	0.386	1.497	0.483	0.459	0.581	1.035	0.52	0.603
0.525	0.425	0.381	1.384	0.483	0.464	0.547	0.891	0.518	0.601
0.527	0.425	0.376	1.277	0.488	0.464	0.52	0.776	0.515	0.603
0.527	0.457	0.376	1.204	0.488	0.466	0.505	0.706	0.518	0.605
0.53	0.835	0.378	1.155	0.486	0.464	0.498	0.637	0.522	0.608
0.527	1.865	0.383	1.104	0.488	0.459	0.488	0.598	0.525	0.608
0.527	1.765	0.386	1.028	0.479	0.459	0.479	0.547	0.525	0.601
0.527	1.538	0.381	1.016	0.483	0.464	0.474	0.515	0.518	0.601
0.527	1.433	0.376	0.977	0.488	0.464	0.474	0.5	0.508	0.601
0.53	1.418	0.374	0.886	0.488	0.466	0.476	0.496	0.508	0.603
0.535	1.433	0.376	0.811	0.486	0.464	0.479	0.488	0.513	0.605
0.53	1.448	0.383	0.759	0.486	0.461	0.479	0.483	0.515	0.605
0.525	1.45	0.383	0.676	0.481	0.461	0.476	0.476	0.518	0.601
0.522	1.421	0.381	0.615	0.481	0.461	0.471	0.471	0.515	0.596
0.52	1.367	0.376	0.576	0.486	0.464	0.474	0.471	0.513	0.598
0.525	1.279	0.374	0.549	0.486	0.466	0.479	0.474	0.513	0.603
0.525	1.118	0.378	0.532	0.486	0.466	0.483	0.476	0.513	0.608
0.518	0.999	0.388	0.518	0.486	0.461	0.479	0.479	0.515	0.603
0.513	0.925	0.417	0.518	0.481	0.464	0.474	0.474	0.513	0.598
0.515	0.796	0.481	0.518	0.481	0.461	0.471	0.471	0.508	0.596
0.513	0.686	0.664	0.518	0.486	0.466	0.471	0.474	0.508	0.598
0.518	0.591	0.811	0.518	0.486	0.466	0.476	0.476	0.508	0.601
0.518	0.513	0.852	0.518	0.483	0.466	0.483	0.479	0.508	0.608
0.518	0.469	0.869	0.518	0.483	0.535	0.476	0.479	0.513	0.601
0.515	0.442	0.874	0.515	0.479	1.235	0.474	0.474	0.513	0.596
0.518	0.427	0.874	0.513	0.479	1.479	0.469	0.471	0.505	0.596
0.515	0.415	0.872	0.51	0.481	1.189	0.471	0.476	0.503	0.598
0.52	0.405	0.874	0.51	0.483	0.962	0.476	0.476	0.503	0.601
0.52	0.396	0.891	0.503	0.483	0.842	0.481	0.476	0.513	0.61
0.518	0.393	0.911	0.496	0.481	0.852	0.479	0.476	0.518	0.601
0.515	0.396	0.93	0.493	0.479	0.908	0.474	0.471	0.522	0.596
0.52	0.396	0.881	0.491	0.479	0.957	0.471	0.469	0.518	0.596
0.518	0.4	0.806	0.496	0.483	0.986	0.474	0.474	0.513	0.598
0.52	0.391	0.662	0.505	0.483	1.006	0.479	0.474	0.513	0.608
0.52	0.388	0.571	0.5	0.486	1.025	0.479	0.476	0.515	0.613
0.52	0.388	0.537	0.5	0.488	1.018	0.476	0.471	0.522	0.603
0.518	0.391	0.496	0.503	0.476	0.93	0.474	0.466	0.52	0.596
0.518	0.393	0.466	0.503	0.479	0.813	0.471	0.464	0.518	0.593
0.52	0.4	0.454	0.503	0.481	0.737	0.474	0.469	0.513	0.596
0.525	0.388	0.435	0.505	0.486	0.669	0.479	0.469	0.513	0.598
0.525	0.388	0.415	0.498	0.486	0.632	0.479	0.471	0.518	0.603
0.525	0.391	0.41	0.493	0.479	0.579	0.479	0.471	0.522	0.598
0.522	0.393	0.398	0.493	0.498	0.532	0.474	0.466	0.52	0.593
0.52	0.396	0.391	0.496	0.703	0.503	0.474	0.466	0.515	0.591
0.522	0.396	0.383	0.5	1.865	0.491	0.474	0.469	0.513	0.593
0.522	0.391	0.383	0.503	2.012	0.483	0.481	0.471	0.547	0.601
0.522	0.386	0.383	0.5	1.79	0.474	0.479	0.474	0.667	0.605
0.522	0.391	0.383	0.505	1.655	0.469	0.479	0.469	0.928	0.601
0.525	0.393	0.383	0.503	1.57	0.461	0.474	0.469	1.199	0.593
0.52	0.393	0.381	0.505	1.514	0.461	0.471	0.471	1.504	0.591
0.522	0.396	0.376	0.508	1.47	0.464	0.474	0.469	1.667	0.596
0.527	0.391	0.374	0.508	1.47	0.464	0.481	0.471	1.704	0.601
0.527	0.386	0.383	0.503	1.484	0.461	0.479	0.474	1.746	0.598
0.525	0.391	0.383	0.5	1.433	0.464	0.476	0.471	1.807	0.598
0.525	0.393	0.381	0.5	1.304	0.457	0.474	0.469	1.831	0.593
0.52	0.393	0.381	0.505	1.106	0.459	0.471	0.471	1.86	0.593
0.522	0.396	0.376	0.505	0.947	0.461	0.474	0.469	1.873	0.596
0.525	0.391	0.374	0.505	0.845	0.464	0.479	0.471	1.86	0.603
0.525	0.388	0.381	0.5	0.776	0.464	0.476	0.476	1.831	0.601
0.522	0.388	0.381	0.496	0.698	0.464	0.474	0.474	1.78	0.598
0.576	0.393	0.381	0.498	0.649	0.457	0.471	0.471	1.694	0.596
0.769	0.4	0.378	0.505	0.608	0.459	0.469	0.474	1.492	0.593
0.981	0.396	0.374	0.51	0.574	0.461	0.474	0.474	1.279	0.598
1.25	0.391	0.374	0.508	0.537	0.464	0.479	0.471	1.084	0.605
1.711	0.391	0.381	0.5	0.513	0.466	0.479	0.476	0.894	0.603
2.144	0.391	0.381	0.498	0.493	0.461	0.476	0.471	0.757	0.605
2.334	0.393	0.381	0.5	0.483	0.457	0.471	0.469	0.667	0.603
2.517	0.4	0.378	0.505	0.479	0.459	0.479	0.471	0.608	0.686
2.62	0.393	0.374	0.513	0.479	0.464	0.645	0.469	0.569	0.903
2.671	0.391	0.371	0.505	0.476	0.464	0.874	0.474	0.547	1.34
2.747	0.388	0.378	0.503	0.474	0.464	1.265	0.474	0.54	2.087
2.812	0.388	0.381	0.503	0.466	0.464	1.672	0.471	0.535	2.192
2.783	0.393	0.381	0.505	0.466	0.457	1.875	0.469	0.527	2.004
2.737	0.4	0.378	0.51	0.469	0.459	1.904	0.471	0.52	1.882
2.683	0.393	0.374	0.513	0.471	0.461	1.931	0.471	0.513	1.78
2.556	0.388	0.374	0.503	0.476	0.464	1.951	0.474	0.51	1.714
2.41	0.386	0.378	0.498	0.476	0.464	1.931	0.474	0.518	1.665
2.292	0.391	0.381	0.496	0.476	0.459	1.887	0.476	0.518	1.672
2.178	0.393	0.381	0.498	0.476	0.459	1.868	0.474	0.513	1.694
2.07	0.4	0.378	0.498	0.474	0.457	1.848	0.474	0.51	1.687
1.931	0.393	0.374	0.5	0.476	0.461	1.819	0.474	0.508	1.655
1.777	0.391	0.376	0.498	0.481	0.464	1.812	0.476	0.508	1.633
1.577	0.391	0.378	0.491	0.474	0.466	1.79	0.479	0.518	1.653
1.379	0.391	0.381	0.496	0.469	0.459	1.731	0.479	0.515	1.616
1.206	0.396	0.383	0.5	0.469	0.459	1.589	0.479	0.515	1.479
0.957	0.4	0.378	0.508	0.466	0.459	1.436	0.474	0.515	1.348
0.791	0.396	0.374	0.513	0.471	0.461	1.255	0.479	0.513	1.213
0.72	0.391	0.376	0.513	0.476	0.466	1.025	0.479	0.515	1.062
0.647	0.391	0.378	0.508	0.471	0.469	0.842	0.483	0.525	0.908
0.605	0.391	0.381	0.503	0.466	0.459	0.703	0.481	0.522	0.789
0.571	0.396	0.378	0.701	0.464	0.457	0.613	0.481	0.522	0.713
0.552	0.4	0.376	0.898	0.469	0.459	0.557	0.476	0.52	0.667
0.544	0.396	0.376	1.113	0.471	0.461	0.53	0.476	0.518	0.647
0.54	0.391	0.381	1.709	0.476	0.466	0.513	0.479	0.518	0.627
0.537	0.388	0.376	1.997	0.471	0.469	0.503	0.481	0.525	0.62
0.537	0.391	0.381	2.036	0.466	0.461	0.488	0.481	0.522	0.61
0.527	0.398	0.359	2.021	0.464	0.459	0.479	0.481	0.52	0.601
0.522	0.396	0.378	1.995	0.466	0.461	0.474	0.476	0.515	0.596
0.522	0.393	0.376	2.024	0.471	0.466	0.479	0.474	0.51	0.601
0.527	0.391	0.381	2.09	0.471	0.469	0.476	0.479	0.515	0.601
0.527	0.386	0.376	2.153	0.469	0.471	0.479	0.481	0.518	0.601
0.527	0.391	0.383	2.114	0.466	0.464	0.474	0.481	0.52	0.598
0.525	0.398	0.383	1.973	0.464	0.461	0.471	0.579	0.52	0.591
0.522	0.396	0.378	1.863	0.466	0.464	0.469	0.73	0.513	0.591
0.527	0.393	0.376	1.809	0.471	0.466	0.474	1.606	0.513	0.596
0.53	0.391	0.378	1.721	0.474	0.469	0.476	3.604	0.515	0.596
0.53	0.388	0.378	1.577	0.466	0.469	0.479	3.691	0.518	0.593
0.527	0.391	0.383	1.445	0.464	0.461	0.474	3.804	0.518	0.596
0.527	0.4	0.388	1.274	0.459	0.459	0.469	4.114	0.518	0.596
0.525	0.396	0.562	1.111	0.466	0.461	0.474	4.436	0.554	0.593
0.527	0.396	0.667	0.967	0.476	0.466	0.471	4.685	0.669	0.598
0.53	0.391	0.818	0.83	0.474	0.469	0.474	4.89	1.646	0.601
0.535	0.388	0.908	0.706	0.471	0.466	0.479	5.029	2.727	0.603
0.53	0.427	0.964	0.635	0.466	0.461	0.476	4.983	2.644	0.598
0.527	0.476	0.979	0.586	0.466	0.459	0.474	4.692	2.466	0.598
0.525	0.671	1.079	0.557	0.471	0.461	0.476	4.272	2.39	0.598
0.525	1.111	1.14	0.54	0.476	0.464	0.474	3.916	2.4	0.596
0.527	1.807	1.174	0.522	0.476	0.469	0.479	3.684	2.449	0.598
0.535	1.995	1.23	0.513	0.471	0.466	0.479	3.254	2.471	0.598
0.522	2.124	1.267	0.508	0.469	0.481	0.476	2.688	2.466	0.596
0.52	2.268	1.287	0.508	0.466	0.522	0.474	2.178	2.388	0.591
0.52	2.432	1.272	0.51	0.469	0.686	0.479	1.714	2.18	0.593
0.52	2.527	1.238	0.51	0.476	0.801	0.474	1.27	1.868	0.593
0.525	2.593	1.157	0.505	0.474	0.911	0.479	0.979	1.636	0.601
0.53	2.629	0.999	0.5	0.471	0.962	0.481	0.796	1.443	0.601
0.522	2.585	0.823	0.5	0.466	0.979	0.476	0.686	1.267	0.601
0.52	2.476	0.708	0.503	0.466	1.021	0.476	0.603	1.079	0.596
0.518	2.339	0.635	0.505	0.469	1.062	0.476	0.571	0.928	0.649
0.515	2.114	0.552	0.508	0.471	1.094	0.476	0.554	0.789	0.842
0.518	1.765	0.496	0.508	0.471	1.094	0.479	0.557	0.728	1.455
0.52	1.479	0.454	0.505	0.469	1.101	0.479	0.557	0.657	1.807
0.518	1.16	0.43	0.503	0.466	1.096	0.479	0.559	0.613	2.041
0.576	0.916	0.413	0.51	0.513	1.013	0.476	0.547	0.581	2.148
0.623	0.73	0.398	0.508	0.586	0.872	0.476	0.547	0.564	2.227
0.945	0.603	0.396	0.51	0.776	0.767	0.476	0.547	0.591	2.266
2.227	0.522	0.388	0.505	1.221	0.684	0.5	0.549	0.569	2.305
3.174	0.474	0.391	0.5	1.941	0.601	0.583	0.547	0.549	2.334
3.606	0.447	0.391	0.503	2.144	0.544	1.555	0.547	0.54	2.334
3.823	0.427	0.386	0.51	2.275	0.51	2.778	0.535	0.53	2.307
3.977	0.415	0.383	0.508	2.466	0.493	2.661	0.54	0.52	2.234
4.104	0.408	0.381	0.513	2.61	0.486	2.395	0.535	0.515	2.141
4.163	0.398	0.376	0.51	2.712	0.483	2.256	0.537	0.515	1.819
4.165	0.391	0.381	0.508	2.8	0.476	2.166	0.54	0.518	1.863
4.114	0.4	0.383	0.505	2.815	0.469	2.097	0.54	0.52	1.97
4.004	0.396	0.383	0.51	2.686	0.474	2.053	0.532	0.515	1.899
3.821	0.396	0.381	0.51	2.478	0.471	2.004	0.532	0.51	1.692
3.447	0.393	0.378	0.515	2.305	0.476	1.843	0.537	0.51	1.392
2.908	0.391	0.378	0.513	2.08	0.474	1.565	0.54	0.505	1.106
2.329	0.388	0.381	0.508	1.812	0.471	1.45	0.542	0.508	0.918
1.982	0.393	0.383	0.505	1.548	0.466	1.411	0.54	0.513	0.798
1.67	0.393	0.381	0.508	1.23	0.464	1.384	0.537	0.513	0.725
1.411	0.396	0.383	0.508	0.991	0.464	1.306	0.537	0.508	0.679
1.177	0.393	0.378	0.51	0.828	0.471	1.199	0.537	0.51	0.649
0.955	0.388	0.376	0.508	0.715	0.471	0.991	0.544	0.505	0.632
0.796	0.388	0.381	0.505	0.642	0.466	0.815	0.547	0.508	0.62
0.723	0.391	0.386	0.51	0.596	0.461	0.698	0.542	0.51	0.613
0.674	0.393	0.386	0.51	0.566	0.459	0.618	0.537	0.505	0.608
0.613	0.396	0.386	0.513	0.554	0.461	0.557	0.537	0.503	0.601
0.576	0.391	0.378	0.513	0.547	0.469	0.527	0.535	0.503	0.603
0.562	0.388	0.378	0.503	0.537	0.469	0.508	0.535	0.498	0.605
0.54	0.391	0.381	0.503	0.525	0.464	0.496	0.542	0.503	0.608
0.527	0.391	0.383	0.532	0.518	0.461	0.488	0.537	0.503	0.608
0.518	0.393	0.386	0.664	0.515	0.459	0.483	0.535	0.503	0.608
0.515	0.393	0.386	1.213	0.515	0.461	0.476	0.537	0.5	0.598
0.515	0.391	0.381	1.997	0.515	0.469	0.479	0.537	0.5	0.601
0.52	0.388	0.378	2.17	0.515	0.469	0.479	0.54	0.5	0.605
0.518	0.391	0.383	2.129	0.508	0.464	0.479	0.549	0.503	0.605
0.518	0.391	0.386	2.144	0.503	0.459	0.479	0.542	0.505	0.603
0.515	0.393	0.386	2.144	0.505	0.457	0.476	0.54	0.508	0.601
0.515	0.393	0.386	2.158	0.503	0.459	0.469	0.537	0.503	0.596
0.52	0.391	0.381	2.158	0.505	0.466	0.474	0.542	0.508	0.598
0.522	0.391	0.381	2.085	0.505	0.464	0.479	0.562	0.627	0.603
0.522	0.393	0.381	1.892	0.503	0.464	0.479	0.657	0.847	0.601
0.518	0.391	0.386	1.599	0.498	0.459	0.479	1.316	1.56	0.603
0.513	0.393	0.388	1.399	0.5	0.459	0.474	2.468	2.795	0.601
0.515	0.396	0.386	1.191	0.498	0.461	0.474	2.385	3.32	0.598
0.518	0.391	0.378	1.021	0.498	0.466	0.476	2.178	3.296	0.598
0.518	0.388	0.381	0.901	0.5	0.469	0.476	2.017	3.328	0.603
0.518	0.393	0.383	0.803	0.498	0.464	0.479	1.917	3.508	0.605
0.515	0.388	0.398	0.713	0.5	0.461	0.481	1.851	3.73	0.601
0.51	0.393	0.449	0.645	0.508	0.461	0.476	1.809	3.843	0.596
0.51	0.396	0.667	0.598	0.503	0.466	0.474	1.785	3.879	0.593
0.518	0.535	1.191	0.569	0.508	0.466	0.476	1.677	3.892	0.593
0.518	1.934	1.743	0.547	0.508	0.471	0.479	1.543	3.872	0.596
0.515	3.347	1.96	0.532	0.508	0.466	0.479	1.694	3.718	0.664
0.515	3.152	2.004	0.547	0.505	0.461	0.481	1.721	3.437	0.73
0.513	2.798	2.021	0.562	0.505	0.459	0.474	1.707	3.101	1.086
0.515	2.59	2.046	0.576	0.505	0.466	0.474	1.589	2.81	1.638
0.52	2.476	2.058	0.581	0.51	0.466	0.496	1.423	2.539	2.183
0.52	2.405	2.08	0.583	0.508	0.469	0.596	1.177	2.324	2.463
0.52	2.354	2.087	0.586	0.508	0.466	0.63	0.974	2.085	2.578
0.515	2.297	2.004	0.588	0.505	0.459	1.067	0.828	1.711	2.644
0.51	2.266	1.726	0.588	0.505	0.459	1.653	0.735	1.313	2.681
0.51	2.185	1.467	0.588	0.505	0.466	2.195	0.674	1.018	2.686
0.569	1.841	1.56	0.593	0.51	0.471	2.458	0.647	0.852	2.666
0.654	1.548	1.636	0.591	0.508	0.681	2.556	0.63	0.781	2.617
0.728	1.287	1.548	0.591	0.508	1.802	2.529	0.613	0.696	2.537
0.857	1.05	1.392	0.588	0.564	2.876	2.505	0.603	0.627	2.466
1.155	0.896	1.201	0.593	0.752	2.698	2.476	0.596	0.586	2.341
1.484	0.779	0.928	0.598	1.392	2.38	2.439	0.588	0.559	2.173
1.816	0.664	0.73	0.598	2.485	2.18	2.373	0.588	0.537	1.926
2.109	0.569	0.598	0.591	2.856	2.065	2.268	0.598	0.522	1.67
2.263	0.508	0.522	0.591	2.688	1.995	2.219	0.603	0.52	1.458
2.319	0.479	0.479	0.586	2.573	1.946	2.087	0.598	0.52	1.184
2.349	0.452	0.452	0.591	2.498	1.909	1.858	0.593	0.518	0.962
2.363	0.43	0.43	0.593	2.466	1.887	1.504	0.593	0.513	0.847
2.334	0.415	0.42	0.591	2.422	1.841	1.16	0.598	0	0.786
2.288	0.408	0.439	0.591	2.354	1.714	0.918	0.605	0	0.718
2.244	0.393	0.457	0.588	2.202	1.489	0.774	0.605	0	0.674
2.129	0.396	0.457	0.588	1.819	1.509	0.669	0.608	0	0.642
1.963	0.398	0.435	0.591	1.892	1.638	0.632	0.603	0	0.618
1.843	0.4	0.408	0.593	2.097	1.719	0.603	0.601	0	0.608
1.724	0.393	0.405	0.591	2.148	1.648	0.559	0.603	0	0.601
1.577	0.396	0.4	0.588	1.931	1.416	0.54	0.608	0	0.603
1.372	0.391	0.398	0.586	1.626	1.111	0.527	0.608	0	0.603
1.128	0.393	0.4	0.581	1.255	0.894	0.51	0.605	0	0.596
0.981	0.393	0.393	0.586	1.042	0.759	0.5	0.598	0	0.591
0.879	0.393	0.393	0.593	0.911	0.664	0.496	0.593	0	0
0.835	0.393	0.388	0.596	0.767	0.596	0.496	0.598	0	0
0.796	0.393	0.386	0.593	0.686	0.552	0.498	0.596	0	0
0.752	0.388	0.391	0.591	0.642	0.522	0	0.593	0	0
0.71	0.393	0.398	0.591	0.618	0.498	0	0.588	0	0
0.679	0.396	0.391	0.588	0.581	0.491	0	0.583	0	0
0.664	0.398	0.391	0.593	0.557	0.481	0	0.581	0	0
0.652	0.396	0.386	0.63	0.54	0.481	0	0.588	0	0
0.649	0.396	0.386	0.737	0.53	0.479	0	0.588	0	0
0.647	0.391	0.388	0.789	0.52	0.474	0	0.588	0	0
0	0.393	0.396	1.016	0.515	0.469	0	0.588	0	0
0	0.393	0.393	1.555	0.51	0.471	0	0.581	0	0
0	0.398	0.388	2.273	0.51	0.469	0	0.581	0	0
0	0.396	0.386	2.927	0.513	0.471	0	0.588	0	0
0	0.391	0.383	3.34	0.513	0.471	0	0.588	0	0
0	0.388	0.388	3.582	0.513	0.469	0	0.588	0	0
0	0.388	0.396	3.623	0.508	0.464	0	0.586	0	0
0	0.391	0.393	3.628	0.505	0.466	0	0.579	0	0
0	0.391	0.388	3.579	0.505	0.464	0	0.608	0	0
0	0.393	0.386	3.506	0.508	0.466	0	0.74	0	0
0	0.386	0.386	3.45	0.51	0.464	0	1.086	0	0
0	0.383	0.388	3.413	0.51	0.464	0	1.812	0	0
0	0.471	0.393	3.354	0.503	0.461	0	2.905	0	0
0	0.537	0.393	3.23	0.503	0.461	0	3.45	0	0
0	0.979	0.391	2.961	0.508	0.461	0	3.584	0	0
0	1.626	0.386	2.705	0.51	0.466	0	3.718	0	0
0	1.96	0.386	2.388	0.513	0.464	0	3.792	0	0
0	2.122	0.391	2.087	0.513	0.466	0	3.882	0	0
0	2.17	0.396	1.819	0.505	0.461	0	3.909	0	0
0	2.114	0.391	1.567	0.503	0.459	0	3.877	0	0
0	2.092	0.388	1.25	0.505	0.464	0	3.86	0	0
0	2.063	0.388	1.016	0.508	0.466	0	3.752	0	0
0	1.992	0.496	0.862	0.51	0.469	0	3.508	0	0
0	1.929	0.613	0.781	0.513	0.466	0	3.184	0	0
0	1.833	0.645	0.708	0.627	0.464	0	2.935	0	0
0	1.724	0.659	0.647	0.801	0.461	0	2.661	0	0
0	1.57	0.955	0.608	0.859	0.461	0	2.366	0	0
0	1.458	1.387	0.579	1.106	0.466	0	2.002	0	0
0	1.262	1.812	0.562	1.58	0.466	0	1.565	0	0
0	0.979	2.173	0.547	2.461	0.466	0	1.233	0	0
0	0.771	2.371	0.544	3.157	0.466	0	1.03	0	0
0	0.637	2.441	0.542	3.542	0.593	0	0.928	0	0
0	0.576	2.468	0	3.765	0.759	0	0.813	0	0
0	0.515	2.456	0	3.875	1.494	0	0.732	0	0
0	0.474	2.412	0	3.921	2.461	0	0.681	0	0
0	0.452	2.336	0	3.906	3.103	0	0.654	0	0
0	0.425	2.261	0	3.76	3.43	0	0.63	0	0
0	0.415	2.119	0	3.496	3.594	0	0.613	0	0
0	0.41	2	0	3.127	3.677	0	0.605	0	0
0	0.396	1.851	0	2.727	3.711	0	0.598	0	0
0	0.388	1.545	0	2.432	3.669	0	0.598	0	0
0	0.386	1.23	0	2.119	3.625	0	0.598	0	0
0	0.383	0.925	0	1.86	3.562	0	0.593	0	0
0	0.386	0.73	0	1.616	3.494	0	0	0	0
0	0.391	0.637	0	1.309	3.354	0	0	0	0
0	0.386	0.566	0	1.033	3.105	0	0	0	0
0	0	0.5	0	0.881	2.874	0	0	0	0
0	0	0.464	0	0.754	2.607	0	0	0	0
0	0	0.437	0	0.679	2.288	0	0	0	0
0	0	0.42	0	0.637	1.987	0	0	0	0
0	0	0.405	0	0.598	1.633	0	0	0	0
0	0	0.396	0	0.571	1.252	0	0	0	0
0	0	0.393	0	0.557	0.974	0	0	0	0
0	0	0.393	0	0.535	0.796	0	0	0	0
0	0	0.396	0	0.525	0.691	0	0	0	0
0	0	0.391	0	0.52	0.657	0	0	0	0
0	0	0	0	0.518	0.615	0	0	0	0
0	0	0	0	0.518	0.566	0	0	0	0
0	0	0	0	0.522	0.527	0	0	0	0
0	0	0	0	0.515	0.508	0	0	0	0
0	0	0	0	0	0.486	0	0	0	0
0	0	0	0	0	0.476	0	0	0	0
0	0	0	0	0	0.474	0	0	0	0
