0.386	0.383	0.398	0.413	0.376	0.388	0.4	0.405	0.356	0.388
0.388	0.386	0.405	0.41	0.378	0.391	0.398	0.413	0.352	0.391
0.393	0.581	0.576	0.627	0.383	0.391	0.4	0.439	0.364	0.383
0.43	3.494	3.291	4.363	0.444	0.391	0.405	1.367	0.479	0.386
0.996	5.251	5.02	5.896	2.617	0.408	0.583	5.317	3.582	0.393
5.334	5.017	5.254	5.796	7.073	0.483	4.045	6.272	5.842	0.43
6.646	4.265	5.154	5.066	7.561	2.769	6.201	5.767	6.123	0.62
5.752	4.026	5.042	4.712	6.284	5.515	5.918	5.037	5.764	2.334
4.893	3.967	4.9	4.507	5.562	5.935	5.186	4.861	5.464	3.445
4.609	3.76	4.636	4.326	5.249	5.635	4.885	4.807	5.3	3.486
4.248	3.799	4.395	4.187	4.915	5.398	4.824	4.67	5.005	3.394
4.05	3.889	4.067	4.072	4.685	5.215	4.707	4.419	4.785	3.335
3.955	3.87	3.708	3.958	4.57	5.12	4.617	4.121	4.68	3.337
3.87	3.733	3.181	3.735	4.497	5.01	4.475	4.048	4.407	3.293
3.828	3.401	2.227	3.171	4.265	4.836	4.287	3.591	4.087	3.291
3.65	2.993	1.396	2.563	3.767	4.668	4.038	3.083	3.635	3.313
3.267	2.515	0.95	2.075	3.142	4.233	3.572	2.529	3.044	3.303
2.751	1.938	0.823	1.763	2.478	3.66	3.035	1.707	2.441	3.284
2.139	1.492	0.791	1.377	1.851	2.93	2.458	1.191	1.938	3.154
1.653	1.101	0.703	1.072	1.382	2.131	1.907	0.867	1.555	2.671
1.199	0.815	0.586	0.754	1.028	1.479	1.384	1.125	1.16	2.034
0.894	0.654	0.51	0.603	0.742	1.042	0.996	2.341	0.913	1.392
0.679	0.605	0.466	1.602	0.618	0.764	0.74	2.449	0.62	0.925
0.681	1.243	0.486	2.427	0.588	0.635	0.625	2.493	0.569	0.671
0.645	2.415	0.937	2.488	0.889	0.515	0.527	2.891	1.458	0.566
0.93	2.341	1.56	2.778	1.562	0.449	0.449	3.125	2.136	0.464
0.969	2.366	1.729	3.284	1.68	0.415	0.42	3.157	2.024	0.972
0.928	2.959	1.819	3.42	1.75	0.4	0.41	3.005	2	2.917
0.896	3.354	1.841	3.42	1.753	0.408	0.432	2.559	2.007	3.245
0.916	3.469	1.843	3.359	1.738	0.566	1.328	1.975	2.014	3.215
0.947	3.43	1.814	3.25	1.719	2.329	2.058	1.375	2.017	3.279
0.952	3.14	1.694	2.905	1.719	2.4	2.065	0.913	2.002	3.423
0.979	2.468	1.538	2.363	1.694	2.283	2.102	0.684	1.995	3.489
0.942	1.885	1.367	1.824	1.555	2.249	2.151	0.544	1.921	3.496
0.84	1.458	1.208	1.367	1.294	2.231	2.19	0.52	1.667	3.474
0.75	1.138	0.962	1.001	1.055	2.224	2.202	0.542	1.287	3.391
0.671	0.803	0.691	0.747	0.752	2.246	2.219	0.457	0.898	3.049
0.605	0.625	0.537	0.613	0.559	2.244	2.102	0.42	0.662	2.332
0.549	0.557	0.488	0.586	0.481	2.163	1.709	0.413	0.601	1.624
0.505	0.488	0.459	0.53	0.425	1.77	1.333	0.413	0.564	0.974
0.518	0.422	0.435	0.461	0.396	1.367	0.928	0.41	0.498	0.737
0.471	0.417	0.432	0.444	0.386	0.991	0.659	0.408	0.422	0.652
0.432	0.413	0.435	0.447	0.383	0.718	0.53	0.405	0.398	0.544
0.435	0.41	0.427	0.444	0.383	0.547	0.498	0.405	0.391	0.457
0.43	0.408	0.422	0.444	0.386	0.493	0.432	0.408	0.391	0.396
0.432	0.403	0.422	0.442	0.391	0.461	0.398	0.41	0.391	0.381
0.432	0.4	0.422	0.444	0.386	0.405	0.391	0.41	0.391	0.378
0.427	0.398	0.427	0.444	0.383	0.386	0.391	0.408	0.386	0.391
0.427	0.403	0.43	0.449	0.381	0.383	0.396	0.405	0.386	0.403
0.43	0.405	0.427	0.449	0.383	0.386	0.396	0.408	0.383	0.388
0.432	0.4	0.427	0.447	0.388	0.388	0.396	0.41	0.383	0.347
0.437	0.4	0.427	0.439	0.393	0.386	0.391	0.413	0.388	0.376
0.437	0.398	0.432	0.439	0.383	0.383	0.391	0.413	0.391	0.378
0.432	0.398	0.435	0.442	0.381	0.381	0.391	0.408	0.388	0.383
0.427	0.396	0.437	0.447	0.381	0.383	0.396	0.405	0.386	0.383
0.432	0.403	0.432	0.444	0.381	0.388	0.396	0.408	0.386	0.383
0.439	0.408	0.432	0.442	0.386	0.391	0.393	0.408	0.388	0.381
0.442	0.405	0.43	0.442	0.386	0.388	0.391	0.408	0.388	0.378
0.444	0.396	0.43	0.439	0.381	0.386	0.391	0.408	0.386	0.378
0.444	0.398	0.432	0.439	0.381	0.386	0.393	0.403	0.386	0.378
0.442	0.403	0.432	0.442	0.381	0.386	0.396	0.4	0.386	0.378
0.447	0.408	0.43	0.444	0.381	0.388	0.393	0.403	0.386	0.376
0.447	0.408	0.43	0.442	0.383	0.391	0.415	0.405	0.388	0.374
0.452	0.408	0.425	0.437	0.383	0.391	0.386	0.408	0.393	0.371
0.454	0.403	0.425	0.437	0.381	0.388	0.386	0.41	0.393	0.369
0.452	0.4	0.427	0.432	0.376	0.386	0.388	0.405	0.391	0.371
0.444	0.4	0.427	0.439	0.381	0.386	0.391	0.403	0.388	0.374
0.444	0.4	0.43	0.444	0.383	0.388	0.393	0.403	0.386	0.376
0.452	0.396	0.425	0.447	0.381	0.393	0.391	0.405	0.386	0.371
0.449	0.4	0.427	0.442	0.386	0.393	0.391	0.405	0.391	0.369
0.449	0.396	0.43	0.442	0.386	0.391	0.391	0.408	0.396	0.369
0.447	0.396	0.432	0.439	0.386	0.388	0.398	0.408	0.396	0.369
0.442	0.4	0.432	0.447	0.391	0.388	0.396	0.403	0.391	0.376
0.444	0.403	0.432	0.447	0.391	0.393	0.396	0.405	0.391	0.371
0.447	0.403	0.43	0.444	0.393	0.396	0.396	0.41	0.393	0.369
0.452	0.405	0.425	0.444	0.393	0.393	0.391	0.41	0.393	0.369
0.452	0.4	0.427	0.437	0.391	0.391	0.393	0.41	0.391	0.366
0.452	0.4	0.43	0.437	0.391	0.388	0.393	0.405	0.391	0.371
0.452	0.396	0.432	0.439	0.388	0.388	0.4	0.403	0.388	0.374
0.454	0.396	0.43	0.442	0.391	0.391	0.398	0.408	0.381	0.371
0.457	0.403	0.427	0.439	0.393	0.393	0.398	0.41	0.378	0.371
0.459	0.537	0.425	0.437	0.391	0.391	0.393	0.41	0.383	0.371
0.457	3.943	0.427	0.447	0.388	0.391	0.391	0.41	0.388	1.248
0.452	5.542	0.43	0.693	0.386	0.388	1.516	0.405	0.388	5.417
0.449	5.283	0.43	3.398	0.388	0.391	6.692	0.403	0.386	6.409
0.452	4.653	0.427	4.934	0.383	0.393	7.419	0.405	0.381	5.244
0.454	4.526	0.427	4.878	0.393	0.393	5.808	0.408	0.383	4.021
0.457	4.299	0.425	3.848	0.391	0.391	4.973	0.41	0.388	3.301
0.457	3.865	0.425	3.12	0.393	0.388	4.69	0.41	0.415	2.41
0.452	3.481	0.425	2.659	0.398	0.388	4.075	0.405	3.843	1.687
0.452	3.025	0.427	2.122	1.853	0.396	3.325	0.403	6.096	1.355
0.452	2.515	0.427	1.812	6.724	1.697	2.961	0.405	4.963	1.191
0.457	1.985	0.422	1.606	7.178	5.1	2.554	0.408	3.206	0.95
0.457	1.531	0.42	1.335	5.923	5.618	1.98	0.41	2.351	0.632
0.454	0.942	0.422	0.989	4.783	4.448	1.313	0.41	1.995	0.588
0.449	0.667	0.425	0.688	4.36	3.582	0.767	0.408	1.772	0.479
0.447	0.61	0.464	0.581	3.635	3.313	0.613	0.405	1.685	0.439
0.449	0.576	3.96	0.591	3.267	2.764	0.527	0.452	1.536	0.41
0.452	0.552	6.514	0.593	3.047	2.363	0.483	4.502	1.338	0.366
0.454	0.518	5.535	0.525	2.827	2.163	0.444	7.029	0.994	0.352
0.454	0.476	3.999	0.461	2.251	1.895	0.408	5.586	0.647	0.347
0.452	0.442	3.108	0.439	1.572	1.599	0.383	4.028	0.457	0.349
0.459	0.435	2.754	0.444	0.918	1.167	0.378	3.091	0.405	0.349
2.012	0.439	2.383	0.447	0.574	0.713	0.376	2.664	0.359	0.349
5.688	0.439	2.253	0.444	0.474	0.542	0.374	2.361	0.352	0.344
5.811	0.437	2.187	0.442	0.422	0.449	0.376	2.258	0.349	0.342
4.402	0.435	1.946	0.439	0.396	0.4	0.374	2.034	0.347	0.342
3.328	0.435	1.538	0.439	0.364	0.366	0.376	1.78	0.344	0.347
2.925	0.437	0.981	0.444	0.352	0.359	0.378	1.311	0.342	0.349
2.51	0.439	0.667	0.444	0.347	0.356	0.378	0.806	0.339	0.349
2.271	0.442	0.569	0.442	0.352	0.356	0.381	0.547	0.342	0.344
2.19	0.437	0.491	0.444	0.352	0.354	0.376	0.464	0.342	0.342
2.058	0.439	0.469	0.442	0.347	0.352	0.371	0.439	0.342	0.342
1.741	0.439	0.439	0.437	0.344	0.352	0.376	0.4	0.337	0.344
1.294	0.439	0.427	0.444	0.339	0.352	0.381	0.383	0.334	0.347
0.815	0.447	0.422	0.444	0.342	0.356	0.386	0.383	0.334	0.342
0.652	0.449	0.422	0.444	0.347	0.359	0.386	0.381	0.337	0.344
0.593	0.444	0.42	0.442	0.349	0.359	0.376	0.383	0.339	0.339
0.525	0.442	0.422	0.442	0.347	0.354	0.374	0.381	0.342	0.344
0.488	0.439	0.425	0.442	0.344	0.354	0.371	0.376	0.347	0.344
0.464	0.442	0.425	0.444	0.344	0.354	0.374	0.374	0.344	0.347
0.459	0.442	0.425	0.447	0.342	0.359	0.374	0.371	0.347	0.347
0.461	0.447	0.422	0.444	0.344	0.361	0.376	0.381	0.344	0.342
0.461	0.442	0.417	0.442	0.347	0.364	0.371	0.383	0.347	0.342
0.461	0.442	0.42	0.439	0.342	0.354	0.371	0.383	0.349	0.344
0.459	0.442	0.425	0.437	0.342	0.356	0.374	0.383	0.349	0.352
0.464	0.444	0.427	0.439	0.344	0.356	0.374	0.383	0.347	0.354
0.464	0.444	0.425	0.437	0.347	0.359	0.376	0.386	0.344	0.361
0.461	0.442	0.42	0.439	0.352	0.361	0.371	0.386	0.344	0.356
0.461	0.439	0.417	0.437	0.354	0.361	0.371	0.388	0.349	0.356
0.459	0.435	0.42	0.437	0.347	0.359	0.369	0.386	0.352	0.354
0.459	0.435	0.427	0.437	0.344	0.356	0.374	0.383	0.354	0.359
0.457	0.435	0.43	0.439	0.342	0.361	0.376	0.381	0.344	0.364
0.459	0.437	0.427	0.444	0.344	0.361	0.393	0.383	0.344	0.364
0.459	0.442	0.425	0.447	0.347	0.361	0.542	0.391	0.344	0.359
0.464	0.439	0.422	0.439	0.349	0.361	1.87	0.393	0.349	0.361
0.464	0.442	0.425	0.437	0.347	0.361	3.413	0.396	0.352	0.364
0.461	0.442	0.427	0.442	0.344	0.356	3.267	0.393	0.349	0.369
0.459	0.447	0.43	0.439	0.342	0.354	3.232	0.391	0.344	0.371
0.461	0.449	0.427	0.442	0.344	0.359	3.306	0.393	0.342	0.371
0.464	0.449	0.427	0.442	0.347	0.361	3.386	0.393	0.339	0.369
0.464	0.447	0.425	0.439	0.347	0.359	3.33	0.396	0.337	0.366
0.461	0.444	0.427	0.437	0.347	0.359	3.254	0.396	0.339	0.364
0.459	0.444	0.427	0.437	0.344	0.356	2.783	0.393	0.342	0.366
0.457	0.447	0.43	0.442	0.344	0.356	2.153	0.393	0.342	0.369
0.459	0.449	0.43	0.442	0.344	0.359	1.624	0.388	0.339	0.369
0.457	0.449	0.422	0.444	0.347	0.361	1.199	0.393	0.342	0.364
0.457	0.444	0.422	0.442	0.349	0.364	0.937	0.393	0.344	0.361
0.457	0.444	0.422	0.439	0.347	0.359	0.725	0.393	0.349	0.364
0.454	0.442	0.42	0.442	0.342	0.359	0.542	0.388	0.349	0.366
0.454	0.447	0.422	0.444	0.342	0.354	0.442	0.383	0.344	0.369
0.459	0.447	0.425	0.444	0.344	0.361	0.413	0.381	0.342	0.369
0.457	0.444	0.422	0.447	0.347	0.361	0.393	0.383	0.339	0.366
0.459	0.449	0.425	0.447	0.344	0.364	0.381	0.388	0.347	0.364
0.459	0.442	0.427	0.444	0.344	0.361	0.378	0.386	0.349	0.361
0.457	0.442	0.43	0.444	0.339	0.359	0.391	0.386	0.347	0.364
0.454	0.442	0.427	0.449	0.339	0.359	0.391	0.383	0.342	0.366
0.457	0.442	0.422	0.449	0.339	0.364	0.383	0.383	0.339	0.369
0.459	0.444	0.42	0.454	0.342	0.369	0.381	0.386	0.342	0.366
0.461	0.444	0.415	0.447	0.342	0.369	0.381	0.386	0.344	0.364
0.457	0.442	0.422	0.444	0.339	0.364	0.381	0.388	0.347	0.361
0.457	0.442	0.422	0.444	0.339	0.361	0.383	0.383	0.342	0.366
0.454	0.444	0.422	0.449	0.337	0.359	0.388	0.381	0.342	0.366
0.452	0.444	0.42	0.449	0.339	0.366	0.386	0.381	0.337	0.369
0.457	0.447	0.417	0.449	0.344	0.366	0.386	0.386	0.337	0.361
0.457	0.444	0.417	0.442	0.347	0.369	0.381	0.391	0.342	0.364
0.457	0.464	0.42	0.442	0.342	0.364	0.381	0.388	0.342	0.371
0.454	0.547	0.427	0.444	0.342	0.361	0.376	0.386	0.339	0.41
0.457	1.167	0.43	0.447	0.337	0.364	0.374	0.383	0.337	0.83
0.457	2.625	0.427	0.449	0.339	0.366	0.371	0.383	0.337	2.93
0.459	2.798	0.425	0.447	0.344	0.366	0.371	0.386	0.332	3.174
0.464	2.871	0.425	0.449	0.344	0.366	0.369	0.388	0.332	2.842
0.464	3.333	0.422	0.444	0.344	0.361	0.364	0.388	0.339	2.788
0.459	3.53	0.427	0.447	0.342	0.356	0.366	0.386	0.337	2.781
0.459	3.503	0.427	0.454	0.342	0.359	0.369	0.381	0.337	2.749
0.459	3.323	0.425	0.557	0.344	0.361	0.371	0.383	0.334	2.732
0.464	2.876	0.42	1.819	0.349	0.364	0.366	0.388	0.337	2.664
0.464	2.275	0.417	4.075	0.349	0.364	0.364	0.388	0.339	2.417
0.469	1.875	0.42	4.387	0.369	0.359	0.361	0.388	0.339	1.885
0.461	1.528	0.425	4.404	0.53	0.359	0.364	0.388	0.334	1.472
0.461	1.14	0.422	4.597	2.72	0.361	0.366	0.386	0.339	1.028
0.459	0.911	0.422	4.922	4.062	0.364	0.364	0.386	0.334	0.771
0.461	0.798	0.422	5.029	3.718	0.364	0.359	0.388	0.337	0.659
0.464	0.706	0.422	5.024	3.672	0.364	0.364	0.391	0.337	0.603
0.461	0.591	0.422	4.883	4.05	0.361	0.361	0.391	0.344	0.449
0.452	0.491	0.425	4.539	4.568	0.359	0.364	0.388	0.344	0.388
0.452	0.447	0.427	3.645	4.78	0.361	0.366	0.386	0.337	0.388
0.457	0.466	0.422	2.729	4.783	0.364	0.366	0.386	0.337	0.388
0.461	0.469	0.435	1.948	4.756	0.364	0.366	0.386	0.337	0.383
0.464	0.469	0.676	1.272	4.397	0.364	0.366	0.388	0.342	0.371
0.461	0.444	3.174	0.898	3.574	0.359	0.364	0.391	0.342	0.369
0.457	0.447	4.253	0.757	2.654	0.356	0.369	0.386	0.342	0.371
0.454	0.459	3.677	0.586	1.87	0.354	0.369	0.386	0.339	0.371
0.457	0.476	3.582	0.515	1.279	0.359	0.369	0.386	0.339	0.366
0.461	0.476	3.621	0.471	0.933	0.361	0.371	0.388	0.334	0.364
0.457	0.474	3.706	0.442	0.723	0.359	0.364	0.391	0.337	0.364
0.454	0.461	3.752	0.427	0.552	0.359	0.364	0.388	0.337	0.361
0.452	0.464	3.757	0.43	0.437	0.356	0.366	0.388	0.337	0.369
0.449	0.464	3.73	0.427	0.376	0.356	0.369	0.383	0.334	0.371
0.447	0.471	3.533	0.435	0.374	0.359	0.369	0.386	0.332	0.369
0.454	0.469	2.971	0.437	0.366	0.361	0.369	0.388	0.332	0.366
0.457	0.469	2.112	0.427	0.359	0.361	0.364	0.391	0.337	0.364
0.459	0.469	1.438	0.425	0.366	0.361	0.364	0.391	0.342	0.364
0.457	0.464	1.011	0.425	0.354	0.354	0.361	0.391	0.339	0.366
0.454	0.469	0.811	0.427	0.347	0.354	0.369	0.386	0.337	0.371
0.454	0.469	0.642	0.432	0.347	0.356	0.369	0.386	0.337	0.371
0.457	0.464	0.537	0.43	0.352	0.361	0.366	0.388	0.342	0.366
0.459	0.447	0.486	0.425	0.352	0.364	0.361	0.391	0.344	0.361
0.459	0.437	0.464	0.422	0.347	0.359	0.361	0.388	0.347	0.361
0.454	0.43	0.449	0.425	0.347	0.359	0.361	0.386	0.344	0.364
0.454	0.432	0.466	0.427	0.347	0.359	0.366	0.383	0.339	0.366
0.454	0.437	0.437	0.432	0.347	0.364	0.364	0.386	0.337	0.366
0.457	0.439	0.427	0.43	0.352	0.398	0.366	0.388	0.337	0.364
0.459	0.432	0.437	0.43	0.356	0.513	0.359	0.391	0.334	0.361
0.457	0.43	0.432	0.427	0.354	1.104	0.359	0.391	0.342	0.361
0.452	0.43	0.427	0.425	0.349	2.712	0.361	0.388	0.342	0.364
0.452	0.43	0.427	0.427	0.347	2.959	0.364	0.386	0.342	0.366
0.454	0.432	0.427	0.43	0.347	2.954	0.366	0.386	0.342	0.371
0.459	0.435	0.427	0.43	0.349	3.003	0.364	0.388	0.344	0.366
0.461	0.437	0.425	0.427	0.349	3.025	0.361	0.391	0.347	0.364
0.457	0.432	0.425	0.425	0.352	3.066	0.361	0.391	0.349	0.361
0.457	0.435	0.427	0.425	0.347	3.086	0.361	0.388	0.347	0.366
0.454	0.437	0.43	0.427	0.344	3.096	0.366	0.386	0.344	0.366
0.454	0.435	0.427	0.43	0.342	3.008	0.371	0.383	0.342	0.369
0.459	0.43	0.425	0.427	0.352	2.515	0.369	0.388	0.347	0.364
0.457	0.43	0.422	0.425	0.354	1.821	0.361	0.388	0.347	0.364
0.459	0.43	0.425	0.425	0.349	1.377	0.364	0.391	0.349	0.364
0.457	0.43	0.427	0.425	0.349	0.925	0.364	0.386	0.349	0.366
0.454	0.427	0.427	0.427	0.347	0.701	0.366	0.383	0.347	0.369
0.457	0.432	0.427	0.43	0.349	0.642	0.366	0.383	0.342	0.369
0.459	0.432	0.425	0.43	0.352	0.515	0.364	0.386	0.344	0.369
0.461	0.43	0.422	0.427	0.352	0.422	0.361	0.388	0.349	0.364
0.459	0.427	0.425	0.427	0.349	0.393	0.361	0.388	0.352	0.364
0.454	0.425	0.427	0.427	0.347	0.393	0.361	0.386	0.352	0.369
0.454	0.425	0.427	0.427	0.347	0.381	0.366	0.386	0.347	0.371
0.454	0.425	0.425	0.43	0.347	0.371	0.366	0.386	0.344	0.371
0.459	0.427	0.422	0.43	0.352	0.381	0.364	0.388	0.344	0.366
0.459	0.425	0.42	0.425	0.352	0.376	0.364	0.391	0.347	0.364
0.461	0.422	0.425	0.422	0.347	0.369	0.361	0.388	0.349	0.364
0.457	0.42	0.43	0.425	0.347	0.366	0.364	0.386	0.349	0.366
0.457	0.42	0.43	0.422	0.342	0.366	0.366	0.383	0.347	0.369
0.457	0.413	0.427	0.425	0.347	0.371	0.366	0.383	0.344	0.371
0.459	0.413	0.422	0.427	0.349	0.371	0.364	0.386	0.344	0.364
0.461	0.417	0.422	0.425	0.349	0.371	0.364	0.388	0.347	0.364
0.457	0.42	0.425	0.422	0.347	0.366	0.361	0.388	0.349	0.364
0.454	0.422	0.427	0.422	0.347	0.366	0.366	0.386	0.347	0.366
0.452	0.427	0.43	0.425	0.347	0.366	0.366	0.383	0.347	0.371
0.452	0.43	0.43	0.427	0.347	0.369	0.369	0.386	0.344	0.366
0.457	0.43	0.425	0.425	0.352	0.369	0.366	0.388	0.344	0.366
0.457	0.427	0.427	0.422	0.354	0.369	0.364	0.388	0.347	0.364
0.454	0.425	0.432	0.422	0.347	0.369	0.361	0.391	0.349	0.364
0.452	0.422	0.437	0.422	0.347	0.366	0.366	0.386	0.349	0.369
0.452	0.422	0.437	0.425	0.347	0.366	0.369	0.383	0.347	0.371
0.449	0.427	0.435	0.427	0.344	0.369	0.369	0.381	0.344	0.369
0.452	0.43	0.432	0.43	0.352	0.371	0.369	0.386	0.364	0.364
0.454	0.43	0.435	0.427	0.354	0.371	0.364	0.386	0.674	0.361
0.459	0.425	0.437	0.425	0.349	0.374	0.364	0.386	3.665	0.361
0.454	0.422	0.439	0.425	0.347	0.366	0.366	0.383	4.451	0.364
0.452	0.43	0.439	0.43	0.347	0.369	0.369	0.383	4.231	0.366
0.454	0.43	0.439	0.432	0.347	0.369	0.371	0.383	4.27	0.366
0.457	0.43	0.437	0.432	0.349	0.374	0.369	0.386	4.419	0.364
0.491	0.43	0.435	0.427	0.349	0.374	0.366	0.386	4.573	0.361
0.569	0.425	0.437	0.425	0.349	0.371	0.366	0.388	4.583	0.364
1.682	0.422	0.439	0.425	0.344	0.369	0.366	0.383	4.507	0.364
3.34	0.427	0.442	0.427	0.344	0.369	0.371	0.383	4.341	0.366
3.601	0.432	0.439	0.427	0.344	0.371	0.374	0.381	3.704	0.366
3.735	0.432	0.437	0.43	0.347	0.374	0.369	0.383	2.773	0.361
4.038	0.435	0.435	0.427	0.347	0.371	0.364	0.386	1.855	0.359
4.172	0.432	0.439	0.425	0.344	0.369	0.364	0.383	1.189	0.364
4.209	0.43	0.439	0.425	0.344	0.366	0.366	0.383	0.991	0.364
4.229	0.432	0.442	0.427	0.344	0.369	0.369	0.381	0.774	0.364
4.182	0.437	0.437	0.43	0.352	0.374	0.369	0.381	0.635	0.366
4.087	0.439	0.439	0.43	0.349	0.374	0.369	0.383	0.53	0.361
4.004	0.437	0.439	0.43	0.352	0.374	0.364	0.388	0.42	0.359
3.547	0.435	0.439	0.425	0.349	0.369	0.364	0.386	0.386	0.361
2.803	0.432	0.442	0.42	0.349	0.366	0.366	0.383	0.376	0.364
2.065	0.437	0.444	0.43	0.349	0.369	0.369	0.381	0.356	0.369
1.436	0.437	0.437	0.427	0.352	0.371	0.369	0.381	0.361	0.53
0.947	0.437	0.432	0.427	0.356	0.371	0.366	0.386	0.354	3.32
0.806	0.437	0.432	0.422	0.356	0.374	0.366	0.388	0.349	5.969
0.652	0.432	0.435	0.422	0.356	0.371	0.364	0.388	0.349	5.73
0.542	0.432	0.439	0.422	0.352	0.369	0.366	0.386	0.349	4.727
0.486	0.437	0.442	0.427	0.352	0.366	0.366	0.383	0.344	4.126
0.481	0.437	0.442	0.43	0.349	0.371	0.369	0.383	0.342	3.887
0.476	0.435	0.437	0.43	0.356	0.374	0.366	0.386	0.342	3.542
0.474	0.439	0.435	0.427	0.356	0.376	0.361	0.388	0.344	3.242
0.474	0.432	0.435	0.425	0.354	0.376	0.361	0.388	0.352	3.118
0.474	0.43	0.439	0.425	0.352	0.371	0.361	0.383	0.349	2.996
0.481	0.435	0.439	0.425	0.352	0.371	0.366	0.383	0.349	2.434
0.469	0.435	0.437	0.43	0.354	0.374	0.364	0.381	0.344	1.633
0.466	0.435	0.435	0.439	0.356	0.376	0.361	0.383	0.342	1.147
0.466	0.435	0.435	0.557	0.356	0.374	0.361	0.388	0.347	0.879
0.461	0.432	0.437	3.123	0.354	0.371	0.364	0.391	0.349	0.771
0.461	0.43	0.439	5.315	0.352	0.371	0.366	0.386	0.347	0.72
0.459	0.435	0.442	5.386	0.349	0.371	0.369	0.383	0.349	0.71
0.461	0.437	0.439	4.731	0.349	0.374	0.366	0.381	0.347	0.647
0.466	0.437	0.442	4.131	0.352	0.376	0.364	0.383	0.347	0.564
0.464	0.435	0.437	3.682	0.354	0.374	0.364	0.388	0.352	0.505
0.461	0.43	0.442	3.193	0.354	0.374	0.359	0.386	0.354	0.447
0.461	0.43	0.439	2.795	0.352	0.371	0.361	0.383	0.354	0.43
0.459	0.432	0.444	2.666	0.349	0.369	0.364	0.383	0.349	0.447
0.459	0.435	0.442	2.5	0.347	0.371	0.364	0.381	0.347	0.43
0.464	0.435	0.437	1.973	0.352	0.374	0.366	0.386	0.347	0.42
0.461	0.43	0.439	1.326	0.354	0.374	0.361	0.388	0.352	0.417
0.459	0.425	0.442	0.999	0.354	0.371	0.359	0.386	0.352	0.42
0.457	0.427	0.444	0.845	0.349	0.369	0.361	0.383	0.352	0.437
0.457	0.43	0.442	0.73	0.347	0.369	0.364	0.383	0.349	0.435
0.459	0.435	0.437	0.632	0.347	0.371	0.369	0.383	0.347	0.439
0.461	0.432	0.435	0.596	0.352	0.374	0.366	0.386	0.347	0.435
0.464	0.437	0.435	0.51	0.356	0.371	0.364	0.391	0.347	0.432
0.464	0.486	0.437	0.464	0.354	0.371	0.361	0.388	0.352	0.432
0.459	1.123	0.439	0.459	0.349	0.366	0.364	0.388	0.352	0.432
0.449	3.521	0.488	0.447	0.349	0.366	0.366	0.383	0.349	0.435
0.454	4.153	0.579	0.42	0.349	0.369	0.393	0.386	0.347	0.435
0.459	4.014	2.522	0.413	0.354	0.371	0.447	0.386	0.347	0.43
0.459	3.66	4.519	0.408	0.354	0.369	0.598	0.388	0.349	0.432
0.457	3.357	4.648	0.4	0.349	0.369	2.92	0.388	0.349	0.43
0.454	2.942	4.287	0.403	0.347	0.364	4.68	0.386	0.349	0.437
0.454	2.6	3.765	0.403	0.347	0.364	4.858	0.383	0.347	0.444
0.457	2.256	3.384	0.405	0.349	0.369	4.866	0.386	0.344	0.447
0.459	2.007	2.971	0.415	0.354	0.366	4.563	0.386	0.344	0.452
0.461	1.812	2.666	0.403	0.356	0.364	4.011	0.391	0.347	0.449
0.459	1.323	2.537	0.403	0.352	0.366	3.386	0.388	0.349	0.457
0.454	0.928	2.336	0.403	0.352	0.364	2.82	0.388	0.349	0.459
0.452	0.754	1.978	0.41	0.349	0.364	2.48	0.388	0.347	0.459
0.452	0.669	1.548	0.415	0.349	0.366	2.2	0.386	0.347	0.452
0.459	0.659	1.125	0.408	0.352	0.369	1.746	0.388	0.344	0.457
0.459	0.591	0.83	0.405	0.354	0.366	1.24	0.393	0.347	0.457
0.457	0.564	0.735	0.408	0.352	0.364	0.876	0.391	0.347	0.442
0.454	0.518	0.71	0.408	0.349	0.361	0.789	0.388	0.349	0.457
0.454	0.469	0.623	0.41	0.349	0.361	0.725	0.388	0.347	0.457
0.457	0.444	0.598	0.41	0.347	0.364	0.708	0.388	0.344	0.457
0.459	0.461	0.588	0.408	0.352	0.366	0.649	0.391	0.344	0.452
0.459	0.457	0.51	0.403	0.352	0.366	0.574	0.391	0.349	0.452
0.457	0.413	0.496	0.396	0.352	0.364	0.498	0.391	0.352	0.459
0.454	0.405	0.513	0.391	0.349	0.361	0.493	0.388	0.352	0.459
0.452	0.4	0.552	0.396	0.349	0.366	0.466	0.386	0.349	0.464
0.452	0.403	0.498	0.41	0.352	0.364	0.442	0.383	0.347	0.466
0.459	0.403	0.459	0.42	0.354	0.369	0.435	0.388	0.344	0.461
0.459	0.403	0.447	0.408	0.354	0.364	0.43	0.391	0.347	0.459
0.459	0.403	0.442	0.405	0.352	0.364	0.435	0.388	0.349	0.459
0.457	0.396	0.442	0.41	0.352	0.361	0.432	0.388	0.349	0.461
0.457	0.405	0.444	0.413	0.349	0.361	0.435	0.386	0.347	0.466
0.459	0.4	0.439	0.415	0.349	0.366	0.439	0.383	0.344	0.459
0.459	0.4	0.439	0.413	0.415	0.369	0.435	0.391	0.342	0.457
0.459	0.393	0.442	0.41	0.496	0.417	0.43	0.393	0.344	0.452
0.454	0.393	0.442	0.408	3.511	0.496	0.43	0.393	0.347	0.452
0.454	0.4	0.452	0.41	5.686	2.087	0.427	0.386	0.347	0.464
0.454	0.403	0.447	0.41	4.934	5.967	0.427	0.388	0.344	0.459
0.452	0.405	0.432	0.415	4.226	5.359	0.425	0.383	0.342	0.459
0.457	0.403	0.435	0.413	3.582	4.8	0.425	0.396	0.344	0.464
0.457	0.398	0.432	0.405	3.074	4.331	0.43	0.505	0.347	0.461
0.459	0.396	0.427	0.405	2.734	3.875	0.432	2.434	0.349	0.459
0.454	0.393	0.422	0.4	2.617	3.398	0.437	4.648	0.349	0.457
0.452	0.396	0.425	0.403	2.534	2.954	0.435	4.519	0.349	0.457
0.454	0.405	0.427	0.405	2.507	2.661	0.432	4.629	0.344	0.459
0.457	0.405	0.42	0.41	2.151	2.544	0.432	5.291	0.349	0.457
0.457	0.391	0.422	0.408	1.526	2.092	0.43	5.854	0.349	0.452
0.457	0.391	0.42	0.403	1.021	1.575	0.427	6.05	0.352	0.454
0.457	0.391	0.425	0.403	0.811	1.06	0.43	5.996	0.352	0.454
0.454	0.383	0.427	0.403	0.684	0.842	0.43	5.735	0.349	0.457
0.454	0.388	0.42	0.413	0.645	0.752	0.432	5.015	0.347	0.461
0.457	0.396	0.415	0.413	0.623	0.728	0.43	3.989	0.344	0.454
0.459	0.393	0.413	0.405	0.676	0.708	0.427	3.037	0.347	0.452
0.459	0.393	0.417	0.405	0.61	0.64	0.425	2.139	0.349	0.452
0.454	0.398	0.417	0.405	0.547	0.571	0.43	1.37	0.349	0.454
0.454	0.4	0.415	0.41	0.491	0.5	0.432	1.079	0.347	0.459
0.454	0.403	0.41	0.41	0.442	0.452	0.432	0.854	0.342	0.459
0.457	0.403	0.408	0.408	0.452	0.454	0.425	0.688	0.344	0.452
0.457	0.396	0.408	0.405	0.427	0.439	0.42	0.627	0.349	0.449
0.457	0.388	0.413	0.405	0.415	0.442	0.417	0.474	0.349	0.449
0.452	0.386	0.415	0.405	0.41	0.432	0.422	0.427	0.349	0.454
0.449	0.386	0.413	0.408	0.415	0.435	0.425	0.439	0.347	0.457
0.452	0.396	0.415	0.405	0.408	0.432	0.427	0.415	0.344	0.452
0.454	0.398	0.413	0.408	0.42	0.432	0.427	0.4	0.342	0.447
0.454	0.4	0.405	0.408	0.408	0.432	0.42	0.403	0.347	0.447
0.454	0.396	0.405	0.405	0.396	0.425	0.417	0.405	0.347	0.435
0.454	0.391	0.408	0.408	0.391	0.42	0.417	0.391	0.342	0.437
0.452	0.396	0.41	0.408	0.393	0.42	0.425	0.386	0.342	0.447
0.454	0.398	0.408	0.41	0.398	0.42	0.427	0.391	0.339	0.444
0.457	0.396	0.405	0.405	0.403	0.425	0.425	0.393	0.342	0.447
0.459	0.393	0.405	0.403	0.408	0.43	0.422	0.396	0.347	0.449
0.459	0.388	0.405	0.396	0.413	0.427	0.422	0.398	0.349	0.449
0.454	0.386	0.41	0.398	0.413	0.422	0.427	0.396	0.349	0.457
0.452	0.393	0.41	0.403	0.405	0.427	0.432	0.393	0.347	0.464
0.454	0.391	0.413	0.408	0.405	0.43	0.435	0.391	0.347	0.464
0.459	0.396	0.41	0.408	0.405	0.432	0.43	0.396	0.344	0.464
0.461	0.398	0.408	0.408	0.41	0.435	0.43	0.398	0.347	0.464
0.461	0.393	0.41	0.403	0.415	0.43	0.432	0.4	0.352	0.459
0.459	0.393	0.41	0.4	0.41	0.427	0.435	0.391	0.352	0.459
0.457	0.396	0.41	0.403	0.405	0.427	0.439	0.393	0.347	0.464
0.457	0.398	0.41	0.403	0.405	0.427	0.439	0.388	0.344	0.461
0.461	0.4	0.41	0.393	0.408	0.43	0.435	0.391	0.347	0.459
0.461	0.398	0.41	0.398	0.41	0.427	0.435	0.391	0.347	0.452
0.464	0.393	0.408	0.405	0.405	0.422	0.442	0.391	0.349	0.442
0.457	0.393	0.41	0.408	0.403	0.42	0.442	0.386	0.349	0.442
0.449	0.393	0.413	0.413	0.4	0.425	0.444	0.388	0.347	0.466
0.452	0.4	0.413	0.413	0.403	0.427	0.444	0.388	0.344	0.466
0.459	0.4	0.408	0.413	0.403	0.427	0.439	0.391	0.347	0.715
0.461	0.4	0.408	0.413	0.405	0.425	0.439	0.393	0.347	2.822
0.464	0.398	0.403	0.405	0.405	0.42	0.439	0.391	0.349	3.418
0.457	0.398	0.408	0.408	0.4	0.417	0.439	0.391	0.349	3.245
0.457	0.398	0.41	0.427	0.4	0.417	0.439	0.388	0.349	3.108
0.459	0.4	0.408	1.941	0.4	0.422	0.432	0.386	0.344	2.937
0.464	0.403	0.405	4.031	0.403	0.422	0.43	0.388	0.347	2.668
0.469	0.4	0.403	4.209	0.405	0.408	0.43	0.391	0.344	2.415
0.466	0.4	0.408	3.862	0.405	0.405	0.427	0.388	0.349	2.236
0.466	0.396	0.417	3.677	0.403	0.403	0.427	0.391	0.352	2.087
0.464	0.398	0.413	3.557	0.403	0.405	0.432	0.388	0.347	1.831
0.464	0.403	0.405	3.357	0.405	0.405	0.435	0.386	0.344	1.35
0.469	0.403	0.408	3.213	0.408	0.408	0.437	0.386	0.344	1.025
0.471	0.396	0.41	3.101	0.408	0.408	0.432	0.393	0.349	0.752
0.474	0.396	0.42	2.927	0.405	0.4	0.432	0.396	0.352	0.588
0.466	0.391	0.42	2.622	0.403	0.396	0.437	0.391	0.352	0.505
0.464	0.396	0.425	2.217	0.403	0.393	0.437	0.388	0.349	0.457
0.464	0.4	0.454	1.765	0.4	0.396	0.439	0.388	0.347	0.435
0.469	0.4	2.41	1.333	0.403	0.393	0.437	0.391	0.344	0.427
0.469	0.398	3.45	0.984	0.405	0.393	0.435	0.393	0.347	0.43
0.466	0.388	3.542	0.742	0.403	0.4	0.435	0.396	0.349	0.425
0.466	0.383	3.608	0.605	0.4	0.413	0.435	0.393	0.349	0.425
0.464	0.388	3.64	0.535	0.398	0.415	0.439	0.391	0.347	0.427
0.466	0.391	3.63	0.483	0.4	0.415	0.442	0.391	0.344	0.427
0.471	0.391	3.599	0.459	0.4	0.413	0.447	0.391	0.344	0.417
0.471	0.393	3.503	0.452	0.4	0.413	1.34	0.393	0.349	0.413
0.469	0.391	3.411	0.447	0.398	0.41	4.775	0.391	0.352	0.415
0.469	0.391	3.188	0.437	0.398	0.408	5.508	0.388	0.352	0.42
0.469	0.396	2.703	0.435	0.398	0.408	5.134	0.386	0.349	0.42
0.471	0.396	2.148	0.439	0.4	0.41	4.99	0.386	0.344	0.41
0.476	0.398	1.672	0.437	0.403	0.41	4.89	0.388	0.344	0.408
0.476	0.396	1.196	0.432	0.403	0.413	4.705	0.391	0.347	0.408
0.479	0.393	0.845	0.425	0.4	0.408	4.519	0.391	0.349	0.408
0.474	0.393	0.657	0.425	0.4	0.4	4.331	0.388	0.349	0.408
0.474	0.396	0.586	0.422	0.398	0.398	4.033	0.388	0.347	0.413
0.474	0.398	0.532	0.422	0.4	0.4	3.545	0.388	0.344	0.413
0.471	0.417	0.483	0.422	0.4	0.393	2.822	0.388	0.344	0.41
0.474	0.464	0.447	0.422	0.403	0.396	2.039	0.393	0.347	0.408
0.471	0.566	0.439	0.42	0.403	0.393	1.528	0.393	0.349	0.408
0.469	1.992	0.437	0.422	0.4	0.396	1.023	0.391	0.349	0.41
0.469	3.069	0.437	0.425	0.4	0.393	0.833	0.388	0.347	0.415
0.469	3.062	0.437	0.425	0.4	0.4	0.713	0.388	0.347	0.413
0.471	2.588	0.432	0.422	0.405	0.403	0.623	0.391	0.342	0.408
0.471	2.292	0.43	0.417	0.403	0.403	0.549	0.396	0.347	0.405
0.469	2.131	0.435	0.42	0.403	0.4	0.469	0.396	0.349	0.408
0.469	1.921	0.439	0.417	0.396	0.396	0.439	0.393	0.349	0.41
0.466	1.826	0.439	0.422	0.396	0.396	0.43	0.388	0.344	0.413
0.471	1.638	0.442	0.417	0.4	0.396	0.427	0.388	0.383	0.415
0.471	1.45	0.437	0.425	0.405	0.403	0.427	0.391	0.461	0.415
0.474	1.113	0.435	0.42	0.405	0.398	0.415	0.393	4.314	0.41
0.474	0.84	0.442	0.417	0.405	0.393	0.405	0.393	7.114	0.41
0.469	0.723	0.442	0.417	0.398	0.396	0.413	0.388	6.03	0.408
0.469	0.728	0.442	0.42	0.396	0.464	0.425	0.388	4.954	0.413
0.471	0.728	0.439	0.422	0.398	0.601	0.425	0.388	4.524	0.413
0.474	0.627	0.437	0.422	0.403	3.865	0.427	0.393	3.911	0.41
0.476	0.52	0.437	0.42	0.403	5.229	0.422	0.393	3.245	0.408
0.479	0.464	0.439	0.417	0.4	4.702	0.422	0.393	2.783	0.408
0.474	0.432	0.439	0.417	0.405	4.47	0.427	0.393	2.59	0.413
0.471	0.422	0.444	0.417	0.415	4.309	0.427	0.391	2.354	0.417
0.471	0.422	0.444	0.422	0.469	4.072	0.43	0.388	1.819	0.415
0.525	0.422	0.439	0.422	2.09	3.862	0.427	0.391	1.226	0.415
0.562	0.42	0.437	0.42	3.701	3.611	0.42	0.393	0.869	0.413
2.432	0.41	0.437	0.417	3.823	3.267	0.422	0.396	0.725	0.415
5.115	0.405	0.442	0.417	3.508	2.927	0.422	0.391	0.728	0.417
5.039	0.415	0.435	0.42	3.381	2.31	0.427	0.388	0.667	0.42
4.114	0.417	0.435	0.425	3.25	1.57	0.427	0.386	0.623	0.422
3.372	0.417	0.43	0.422	3.118	0.991	0.427	0.388	0.542	0.42
3.083	0.417	0.43	0.42	2.991	0.752	0.422	0.388	0.476	0.417
2.62	0.413	0.435	0.417	2.859	0.752	0.42	0.388	0.464	0.413
2.268	0.413	0.437	0.42	2.639	0.718	0.422	0.388	0.474	0.413
2.063	0.413	0.442	0.422	2.314	0.591	0.425	0.386	0.474	0.417
1.96	0.417	0.435	0.43	1.841	0.515	0.422	0.386	0.476	0.417
1.741	0.415	0.43	0.43	1.313	0.496	0.422	0.391	0.486	0.415
1.353	0.415	0.427	0.427	0.923	0.466	0.42	0.393	0.476	0.413
0.959	0.413	0.43	0.422	0.715	0.444	0.417	0.393	0.479	0.408
0.854	0.417	0.432	0.422	0.642	0.427	0.42	0.391	0.476	0.413
0.767	0.42	0.43	0.417	0.571	0.417	0.42	0.388	0.469	0.415
0.642	0.422	0.43	0.417	0.52	0.422	0.422	0.391	0.461	0.417
0.552	0.425	0.435	0.42	0.459	0.425	0.417	0.391	0.464	0.417
0.552	0.42	0.435	0.417	0.444	0.427	0.415	0.393	0.469	0.415
0.513	0.42	0.435	0.415	0.444	0.422	0.413	0.391	0.476	0.415
0.461	0.417	0.437	0.413	0.432	0.42	0.415	0.388	0.474	0.413
0.449	0.42	0.439	0.415	0.427	0.42	0.42	0.383	0.474	0.417
0.476	0.425	0.439	0.422	0.425	0.422	0.422	0.386	0.481	0.417
0.491	0.422	0.435	0.422	0.427	0.427	0.42	0.388	0.476	0.417
0.449	0.417	0.432	0.425	0.427	0.427	0.417	0.391	0.479	0.417
0.422	0.42	0.432	0.417	0.425	0.427	0.415	0.388	0.476	0.417
0.41	0.42	0.435	0.417	0.417	0.42	0.417	0.388	0.474	0.422
0.408	0.425	0.437	0.422	0.415	0.422	0.42	0.386	0.476	0.422
0.41	0.427	0.435	0.427	0.417	0.422	0.42	0.386	0.476	0.425
0.413	0.425	0.437	0.425	0.422	0.425	0.42	0.432	0.476	0.42
0.415	0.422	0.437	0.425	0.425	0.425	0.417	0.601	0.476	0.42
0.41	0.422	0.439	0.422	0.425	0.42	0.42	2.69	0.476	0.417
0.405	0.415	0.439	0.425	0.422	0.417	0.417	4.099	0.479	0.42
0.408	0.417	0.439	0.425	0.42	0.422	0.425	4.216	0.481	0.42
0.41	0.417	0.437	0.43	0.42	0.42	0.422	4.17	0.479	0.42
0.417	0.417	0.437	0.432	0.425	0.42	0.42	4.082	0.479	0.417
0.417	0.415	0.435	0.43	0.425	0.417	0.417	4.058	0.481	0.417
0.415	0.41	0.432	0.427	0.422	0.422	0.415	3.96	0.493	0.417
0.415	0.408	0.435	0.427	0.422	0.415	0.417	3.691	0.505	0.417
0.41	0.405	0.437	0.43	0.425	0.42	0.422	3.447	0.503	0.422
0.413	0.408	0.432	0.432	0.425	0.42	0.422	3.098	0.496	0.42
0.413	0.413	0.427	0.435	0.422	0.42	0.422	2.317	0.493	0.422
0.415	0.413	0.425	0.432	0.427	0.42	0.42	1.575	0.496	0.42
0.415	0.41	0.425	0.425	0.427	0.417	0.42	1.108	0.498	0.417
0.417	0.408	0.432	0.425	0.425	0.415	0.42	0.874	0.498	0.422
0.415	0.413	0.437	0.43	0.425	0.41	0.425	0.796	0.496	0.425
0.42	0.417	0.435	0.432	0.425	0.413	0.422	0.74	0.491	0.425
0.42	0.415	0.43	0.432	0.43	0.415	0.425	0.691	0.498	0.42
0.422	0.413	0.43	0.427	0.432	0.417	0.42	0.61	0.496	0.422
0.417	0.41	0.43	0.425	0.427	0.415	0.42	0.515	0.498	0.422
0.413	0.413	0.444	0.427	0.425	0.417	0.42	0.486	0.498	0.422
0.41	0.42	3.342	0.43	0.422	0.417	0.422	0.479	0.5	0.427
0.413	0.42	6.992	0.43	0.422	0.417	0.425	0.483	0.5	0.43
0.415	0.43	7.737	0.43	0.427	0.42	0.422	0.466	0.498	0.425
0.415	0.417	7.612	0.43	0.427	0.422	0.417	0.466	0.503	0.42
0.413	0.415	7.532	0.427	0.427	0.42	0.415	0.479	0.508	0.42
0.41	0.415	7.393	0.427	0.425	0.415	0.422	0.474	0.508	0.452
0.408	0.417	7.302	0.427	0.422	0.417	0.422	0.461	0.503	2.749
0.41	0.422	7.275	0.43	0.42	0.417	0.417	0.459	0.498	6.641
0.415	0.42	7.19	0.43	0.422	0.422	2.7	0.474	0.496	7.166
0.413	0.42	6.995	0.43	0.427	0.427	7.773	0.474	0.498	6.855
0.41	0.415	6.506	0.427	0.427	0.417	8.201	0.476	0.503	6.877
0.403	0.415	5.588	0.427	0.427	0.415	7.383	0.471	0.5	7.075
0.403	0.415	4.497	0.427	0.425	0.415	7.209	0.466	0.503	6.99
0.408	0.417	3.586	0.43	0.425	0.417	7.043	0.474	0.498	6.909
0.41	0.42	2.568	0.432	0.427	0.42	6.819	0.479	0.496	6.78
0.41	0.417	1.733	0.43	0.43	0.42	6.67	0.481	0.5	6.624
0.41	0.413	1.265	0.425	0.432	0.417	6.37	0.483	0.498	6.221
0.41	0.41	0.984	0.425	0.427	0.413	5.891	0.479	0.503	5.498
0.408	0.413	0.916	0.43	0.427	0.413	5.3	0.476	0.498	4.724
0.408	0.413	1.584	0.432	0.427	0.415	4.399	0.474	0.493	3.843
0.408	0.413	2.349	0.432	0.43	0.422	3.552	0.474	0.496	2.922
0.41	0.42	0	0.43	0.43	0.422	2.751	0.471	0.496	1.948
0.413	0.415	0	0.43	0.432	0.417	1.982	0.466	0.5	1.326
0.408	0.415	0	0.43	0.427	0.415	1.328	0.466	0.503	1.028
0.405	0.415	0	0.43	0.422	0.42	1.04	0.459	0.5	0.889
0.408	0.42	0	0.432	0.425	0.42	0	0.461	0.498	0.93
0.415	0.42	0	0.435	0.43	0.422	0	0.461	0.498	1.294
0.415	0.42	0	0.43	0.432	0.422	0	0.461	0.503	1.519
0.41	0.417	0	0.43	0.43	0.42	0	0.466	0.508	0
0.405	0.415	0	0.43	0.43	0.42	0	0.457	0.508	0
0.405	0.417	0	0.432	0.425	0.42	0	0.454	0.503	0
0.41	0.42	0	0.435	0.43	0.42	0	0.457	0.503	0
0.41	0.417	0	0.439	0.43	0.422	0	0.464	0.5	0
0.405	0.417	0	0.435	0.432	0.42	0	0.466	0.503	0
0.398	0.413	0	0.432	0.43	0.43	0	0.466	0.503	0
0.396	0.447	0	0.432	0.43	2.341	0	0.464	0.5	0
0.403	4.26	0	0.432	0.43	7.776	0	0.464	0.493	0
0.4	8.01	0	0.437	0.43	8.186	0	0.464	0.491	0
0.408	8.088	0	0.435	0.432	7.388	0	0.461	0.491	0
0.413	7.4	0	0.43	0.432	7.227	0	0.466	0.496	0
0.413	7.205	0	0.425	0.432	7.129	0	0.464	0.496	0
0.405	7.026	0	0.422	0.427	7.046	0	0.474	0.498	0
0.4	6.589	0	0.432	0.425	6.934	0	0.469	0.496	0
0.408	6.199	0	0.437	0.525	6.584	0	0.466	0.493	0
0.413	5.918	0	0.435	5.608	6.143	0	0.474	0.493	0
0.413	5.618	0	0.432	7.61	5.571	0	0.471	0.498	0
0.405	4.917	0	0.427	6.711	4.436	0	0.471	0.51	0
0.403	3.853	0	0.427	6.011	3.32	0	0.464	0.603	0
0.4	3.062	0	0.427	5.757	2.378	0	0.461	1.343	0
0.405	2.224	0	0.432	5.457	1.694	0	0.461	5.198	0
0.403	0	0	0.432	5.249	1.228	0	0.466	5.745	0
0.4	0	0	0.43	5.005	0.967	0	0.474	5.081	0
0.4	0	0	0.43	4.746	0	0	0.474	4.773	0
0.403	0	0	0.425	4.275	0	0	0.474	4.629	0
0.405	0	0	0.425	3.437	0	0	0.469	4.526	0
0.408	0	0	0.425	2.539	0	0	0.466	4.192	0
0.413	0	0	0.42	1.938	0	0	0.469	3.938	0
0.413	0	0	0.425	1.445	0	0	0.474	3.577	0
0.413	0	0	0.422	1.055	0	0	0.474	2.927	0
0.41	0	0	0.422	0.852	0	0	0.469	2.041	0
0.41	0	0	0.43	0.737	0	0	0.464	1.379	0
0.41	0	0	0.43	0.579	0	0	0.464	0.937	0
0.41	0	0	0.427	0.491	0	0	0.469	0.752	0
0.417	0	0	0.425	0.461	0	0	0.469	0.745	0
0.417	0	0	0.422	0.479	0	0	0.466	0.679	0
0.42	0	0	0.42	0.471	0	0	0.464	0.552	0
0.415	0	0	0.422	0.735	0	0	0.454	0.5	0
0.474	0	0	0.425	2.998	0	0	0.452	0.466	0
1.968	0	0	0.425	3.623	0	0	0.452	0.447	0
3.049	0	0	0.427	3.572	0	0	0.454	0.452	0
3.181	0	0	0.425	3.745	0	0	0.457	0.447	0
3.14	0	0	0.425	0	0	0	0.457	0.444	0
3.13	0	0	0.425	0	0	0	0.454	0.444	0
3.12	0	0	0.427	0	0	0	0.459	0.432	0
3.108	0	0	0.43	0	0	0	0.464	0.432	0
3.113	0	0	0.427	0	0	0	0.461	0.437	0
3.022	0	0	0.425	0	0	0	0.459	0.439	0
2.834	0	0	0.427	0	0	0	0.454	0.442	0
2.473	0	0	0.43	0	0	0	0.457	0.432	0
2.043	0	0	0.43	0	0	0	0.564	0.427	0
1.624	0	0	0.432	0	0	0	0.664	0.422	0
1.211	0	0	0.43	0	0	0	3.049	0.432	0
0.806	0	0	0.425	0	0	0	4.622	0.439	0
0.618	0	0	0.425	0	0	0	4.402	0.437	0
0.564	0	0	0.425	0	0	0	4.294	0.435	0
0.488	0	0	0.43	0	0	0	4.265	0.427	0
0.449	0	0	0.427	0	0	0	4.246	0.43	0
0.439	0	0	0.427	0	0	0	4.143	0.43	0
0.439	0	0	0.422	0	0	0	3.85	0.427	0
0.432	0	0	0.425	0	0	0	3.496	0.435	0
0.427	0	0	0.425	0	0	0	3.003	0.435	0
0.425	0	0	0.43	0	0	0	2.446	0.43	0
0.427	0	0	0.43	0	0	0	1.88	0.427	0
0.427	0	0	0.43	0	0	0	1.14	0.43	0
0.422	0	0	0.427	0	0	0	0.83	0.437	0
0.415	0	0	0.425	0	0	0	0.83	0.435	0
0.413	0	0	0.432	0	0	0	0.83	0.435	0
0.41	0	0	0.435	0	0	0	0.684	0.43	0
0.415	0	0	0.464	0	0	0	0.554	0.42	0
0.417	0	0	4.102	0	0	0	0.522	0.425	0
0.415	0	0	8.196	0	0	0	0.488	0.427	0
0.415	0	0	7.842	0	0	0	0.486	0.425	0
0.417	0	0	7.378	0	0	0	0.461	0.422	0
0.42	0	0	7.327	0	0	0	0.444	0.42	0
0.42	0	0	7.18	0	0	0	0.442	0.417	0
0.427	0	0	6.768	0	0	0	0.444	0.422	0
0.422	0	0	6.487	0	0	0	0.447	0.427	0
0.42	0	0	6.245	0	0	0	0.442	0.42	0
0.42	0	0	5.759	0	0	0	0.437	0.417	0
0.42	0	0	5.088	0	0	0	0.439	0.422	0
0.42	0	0	4.177	0	0	0	0.437	0.425	0
0.42	0	0	3.152	0	0	0	0.442	0.427	0
0.417	0	0	2.314	0	0	0	0.444	0.435	0
0.417	0	0	1.785	0	0	0	0.439	0.43	0
0.42	0	0	1.323	0	0	0	0.437	0.432	0
0.422	0	0	1.079	0	0	0	0.437	0.43	0
0.427	0	0	0.94	0	0	0	0.442	0.422	0
0.422	0	0	1.379	0	0	0	0.447	0.425	0
0.42	0	0	2.913	0	0	0	0.447	0.432	0
0.42	0	0	3.083	0	0	0	0.449	0.435	0
0.42	0	0	3.391	0	0	0	0.444	0.432	0
0.42	0	0	4.365	0	0	0	0.444	0.43	0
0.425	0	0	4.607	0	0	0	0.442	0.43	0
0.422	0	0	0	0	0	0	0.444	0.43	0
0.422	0	0	0	0	0	0	0.447	0.432	0
0.417	0	0	0	0	0	0	0.444	0.435	0
0.415	0	0	0	0	0	0	0.442	0.432	0
0.422	0	0	0	0	0	0	0.442	0.43	0
0.432	0	0	0	0	0	0	0.442	0.43	0
0.435	0	0	0	0	0	0	0.444	0.43	0
0.432	0	0	0	0	0	0	0.447	0.43	0
0.432	0	0	0	0	0	0	0.447	0.425	0
0.425	0	0	0	0	0	0	0.447	0.427	0
0.42	0	0	0	0	0	0	0.444	0.425	0
0.422	0	0	0	0	0	0	0.452	0.425	0
0.425	0	0	0	0	0	0	0.454	0.43	0
0.422	0	0	0	0	0	0	0.454	0.435	0
0.417	0	0	0	0	0	0	0.454	0.435	0
0.417	0	0	0	0	0	0	0.449	0.432	0
0.42	0	0	0	0	0	0	0.449	0.427	0
0.43	0	0	0	0	0	0	0.449	0.425	0
0.43	0	0	0	0	0	0	0.452	0.43	0
0.427	0	0	0	0	0	0	0.452	0.432	0
0.42	0	0	0	0	0	0	0.449	0.435	0
0.417	0	0	0	0	0	0	0.444	0.425	0
0.422	0	0	0	0	0	0	0.442	0.425	0
0.427	0	0	0	0	0	0	0.442	0.427	0
0.43	0	0	0	0	0	0	0.449	0.43	0
0.42	0	0	0	0	0	0	0.449	0.43	0
0.413	0	0	0	0	0	0	0.449	0.432	0
0.408	0	0	0	0	0	0	0.444	0.43	0
0.413	0	0	0	0	0	0	0.444	0.427	0
0.417	0	0	0	0	0	0	0.447	0.422	0
0.422	0	0	0	0	0	0	0.452	0.427	0
0.42	0	0	0	0	0	0	0.452	0.43	0
0.42	0	0	0	0	0	0	0.454	0.432	0
0.422	0	0	0	0	0	0	0.449	0.427	0
0.42	0	0	0	0	0	0	0.447	0.427	0
0.42	0	0	0	0	0	0	0.449	0.427	0
0.422	0	0	0	0	0	0	0.454	0.43	0
0.417	0	0	0	0	0	0	0.454	0.432	0
0.42	0	0	0	0	0	0	0.452	0.43	0
0.42	0	0	0	0	0	0	0.452	0.43	0
0.422	0	0	0	0	0	0	0.449	0.427	0
0.425	0	0	0	0	0	0	0.452	0.425	0
0.427	0	0	0	0	0	0	0.449	0.432	0
0.427	0	0	0	0	0	0	0.447	0.432	0
0.425	0	0	0	0	0	0	0.449	0.432	0
0.425	0	0	0	0	0	0	0.447	0.43	0
0.427	0	0	0	0	0	0	0.449	0.43	0
0.432	0	0	0	0	0	0	0.452	0.43	0
0.442	0	0	0	0	0	0	0.452	0.435	0
0.437	0	0	0	0	0	0	0.454	0.432	0
0.43	0	0	0	0	0	0	0.452	0.432	0
0.43	0	0	0	0	0	0	0.449	0.43	0
0.427	0	0	0	0	0	0	0.447	0.427	0
0.435	0	0	0	0	0	0	0.452	0.427	0
0.437	0	0	0	0	0	0	0.674	0.437	0
0.435	0	0	0	0	0	0	5.962	0.464	0
0.432	0	0	0	0	0	0	8.052	1.797	0
0.43	0	0	0	0	0	0	7.822	5.022	0
0.432	0	0	0	0	0	0	7.749	5.657	0
0.435	0	0	0	0	0	0	7.688	5.229	0
0.437	0	0	0	0	0	0	7.566	5.051	0
0.432	0	0	0	0	0	0	7.593	4.988	0
0.43	0	0	0	0	0	0	7.588	4.663	0
0.427	0	0	0	0	0	0	7.49	4.319	0
0.427	0	0	0	0	0	0	7.117	4.011	0
0.43	0	0	0	0	0	0	6.143	3.655	0
0.432	0	0	0	0	0	0	5.134	3.193	0
0.435	0	0	0	0	0	0	4.175	2.688	0
0.432	0	0	0	0	0	0	3.171	1.98	0
0.447	0	0	0	0	0	0	2.266	1.335	0
0.569	0	0	0	0	0	0	1.56	1.001	0
4.839	0	0	0	0	0	0	1.089	0.764	0
6.748	0	0	0	0	0	0	0.874	0.657	0
6.567	0	0	0	0	0	0	0.737	0.576	0
6.499	0	0	0	0	0	0	0.576	0	0
6.431	0	0	0	0	0	0	0.857	0	0
6.289	0	0	0	0	0	0	2.454	0	0
6.16	0	0	0	0	0	0	3.159	0	0
5.981	0	0	0	0	0	0	0	0	0
5.908	0	0	0	0	0	0	0	0	0
5.679	0	0	0	0	0	0	0	0	0
5.129	0	0	0	0	0	0	0	0	0
