0.479	0.471	0.447	0.444	0.398	0.427	0.427	0.405	0.227	0.381
0.476	0.469	0.444	0.444	0.403	0.43	0.425	0.41	0.232	0.381
0.476	0.469	0.442	0.444	0.4	0.435	0.425	0.405	0.232	0.381
0.476	0.466	0.444	0.447	0.403	0.435	0.422	0.405	0.232	0.378
0.476	0.476	0.449	0.444	0.4	0.435	0.422	0.408	0.232	0.378
0.479	0.476	0.447	0.442	0.4	0.432	0.422	0.41	0.227	0.376
0.476	0.476	0.452	0.442	0.398	0.43	0.425	0.413	0.227	0.378
0.476	0.479	0.447	0.444	0.398	0.43	0.427	0.415	0.234	0.381
0.481	0.476	0.447	0.447	0.4	0.432	0.427	0.41	0.232	0.378
0.476	0.476	0.442	0.447	0.403	0.432	0.425	0.408	0.234	0.378
0.479	0.481	0.444	0.449	0.403	0.432	0.42	0.408	0.232	0.374
0.481	0.479	0.447	0.442	0.4	0.432	0.425	0.408	0.227	0.374
0.479	0.474	0.452	0.442	0.403	0.427	0.43	0.413	0.225	0.371
0.476	0.476	0.444	0.444	0.396	0.43	0.43	0.41	0.232	0.371
0.476	0.469	0.444	0.449	0.396	0.432	0.43	0.408	0.229	0.371
0.474	0.461	0.447	0.447	0.4	0.435	0.422	0.403	0.229	0.371
0.479	0.469	0.447	0.447	0.4	0.435	0.425	0.4	0.225	0.366
0.479	0.466	0.452	0.437	0.4	0.432	0.427	0.405	0.222	0.366
0.476	0.464	0.454	0.439	0.403	0.427	0.43	0.408	0.222	0.361
0.476	0.461	0.449	0.444	0.403	0.432	0.43	0.408	0.227	0.361
0.476	0.457	0.444	0.447	0.403	0.43	0.432	0.405	0.227	0.366
0.476	0.459	0.447	0.444	0.405	0.432	0.425	0.405	0.229	0.364
0.479	0.466	0.449	0.449	0.405	0.432	0.42	0.405	0.225	0.364
0.542	0.464	0.454	0.444	0.408	0.43	0.422	0.405	0.222	0.369
0.955	0.464	0.457	0.442	0.408	0.457	0.457	0.415	0.222	0.364
1.914	0.464	0.447	0.481	0.396	0.811	0.703	0.405	0.225	0.369
1.414	0.471	0.442	0.601	0.403	0.986	1.296	0.408	0.227	0.374
1.055	0.933	0.439	0.552	0.417	0.92	1.057	0.41	0.229	0.376
0.864	1.133	0.452	0.562	0.525	0.818	0.815	0.857	0.225	0.371
0.73	0.901	0.503	0.562	0.491	0.73	0.671	0.913	0.222	0.376
0.637	0.74	0.977	0.566	0.452	0.676	0.579	0.754	0.249	0.393
0.61	0.635	0.869	0.571	0.413	0.647	0.52	0.618	0.264	1.948
0.591	0.574	0.781	0.576	0.393	0.625	0.481	0.532	0.471	1.577
0.581	0.542	0.771	0.579	0.386	0.618	0.457	0.496	0.471	1.121
0.581	0.535	0.83	0.579	0.378	0.613	0.442	0.479	0.376	0.837
0.562	0.532	0.898	0.583	0.371	0.603	0.437	0.469	0.32	0.664
0.544	0.527	0.957	0.586	0.371	0.598	0.43	0.466	0.291	0.61
0.54	0.532	0.989	0.579	0.369	0.598	0.427	0.439	0.266	0.596
0.515	0.525	1.006	0.579	0.371	0.596	0.422	0.442	0.256	0.605
0.503	0.51	1.042	0.588	0.381	0.586	0.42	0.437	0.249	0.613
0.503	0.5	1.072	0.588	0.386	0.537	0.417	0.425	0.242	0.601
0.498	0.566	1.077	0.569	0.391	0.493	0.471	0.417	0.234	0.581
0.532	0.522	1.082	0.525	0.386	0.466	0.496	0.422	0.237	0.562
0.576	0.5	0.964	0.5	0.381	0.452	0.508	0.405	0.234	0.547
0.603	0.486	0.781	0.481	0.386	0.479	0.513	0.466	0.242	0.505
0.627	0.481	0.654	0.471	0.388	0.488	0.525	0.53	0.242	0.486
0.64	0.471	0.576	0.457	0.388	0.525	0.532	0.574	0.259	0.469
0.588	0.469	0.53	0.449	0.386	0.562	0.53	0.61	0.247	0.432
0.544	0.471	0.491	0.447	0.378	0.593	0.488	0.625	0.247	0.408
0.566	0.466	0.493	0.449	0.378	0.571	0.469	0.64	0.283	0.4
0.53	0.464	0.508	0.452	0.376	0.515	0.442	0.649	0.366	0.457
0.605	0.466	0.518	0.449	0.378	0.488	0.43	0.657	0.444	0.518
0.649	0.461	0.532	0.442	0.383	0.469	0.42	0.645	0.483	0.576
0.647	0.464	0.542	0.439	0.388	0.454	0.415	0.557	0.444	0.598
0.62	0.464	0.54	0.442	0.386	0.449	0.42	0.488	0.361	0.603
0.581	0.466	0.503	0.444	0.386	0.437	0.427	0.452	0.312	0.522
0.537	0.459	0.471	0.447	0.391	0.439	0.42	0.425	0.286	0.474
0.518	0.459	0.454	0.442	0.391	0.442	0.417	0.413	0.264	0.442
0.532	0.457	0.439	0.439	0.393	0.439	0.417	0.405	0.251	0.425
0.542	0.461	0.435	0.437	0.4	0.437	0.417	0.41	0.244	0.405
0.549	0.461	0.413	0.437	0.393	0.442	0.42	0.4	0.237	0.396
0.559	0.461	0.408	0.439	0.388	0.435	0.425	0.393	0.237	0.391
0.559	0.464	0.408	0.447	0.391	0.437	0.415	0.393	0.237	0.391
0.566	0.466	0.41	0.442	0.393	0.439	0.413	0.386	0.234	0.386
0.613	0.466	0.415	0.444	0.396	0.444	0.413	0.388	0.234	0.383
0.662	0.466	0.413	0.444	0.396	0.439	0.415	0.396	0.237	0.371
0.686	0.469	0.4	0.444	0.388	0.439	0.41	0.393	0.232	0.371
0.701	0.469	0.381	0.447	0.391	0.435	0.408	0.391	0.229	0.371
0.706	0.469	0.366	0.449	0.457	0.435	0.405	0.391	0.232	0.374
0.686	0.464	0.361	0.447	0.635	0.435	0.403	0.386	0.232	0.378
0.615	0.469	0.366	0.444	1.165	0.525	0.405	0.386	0.232	0.376
0.569	0.471	0.378	0.442	1.27	0.505	0.405	0.391	0.244	0.374
0.537	0.471	0.403	0.444	1.152	0.527	0.43	0.391	0.244	0.374
0.513	0.466	0.415	0.476	1.072	0.496	0.449	0.391	0.251	0.376
0.498	0.466	0.422	0.488	1.042	0.474	0.52	0.383	0.254	0.378
0.488	0.464	0.43	0.479	1.016	0.459	0.889	0.383	0.261	0.378
0.486	0.464	0.566	0.51	0.979	0.454	0.854	0.383	0.266	0.374
0.488	0.466	1.074	0.544	0.955	0.449	0.723	0.386	0.288	0.366
0.488	0.469	1.099	0.574	0.937	0.442	0.657	0.388	0.312	0.366
0.481	0.464	0.937	0.598	0.937	0.439	0.605	0.388	0.334	0.371
0.476	0.471	0.803	0.62	0.94	0.439	0.559	0.388	0.352	0.376
0.481	0.464	0.718	0.627	0.957	0.439	0.525	0.391	0.359	0.386
0.483	0.466	0.674	0.635	0.972	0.447	0.503	0.505	0.364	0.378
0.483	0.469	0.615	0.591	0.972	0.442	0.496	0.493	0.369	0.388
0.488	0.466	0.576	0.549	0.903	0.432	0.498	0.457	0.371	0.522
0.479	0.466	0.554	0.53	0.752	0.435	0.503	0.483	0.386	0.879
0.476	0.466	0.537	0.525	0.642	0.437	0.51	0.52	0.537	1.096
0.476	0.459	0.532	0.515	0.562	0.459	0.515	0.547	1.074	1.143
0.479	0.461	0.535	0.513	0.51	0.481	0.518	0.557	1.252	1.128
0.483	0.464	0.53	0.503	0.474	0.466	0.515	0.559	1.292	1.13
0.483	0.471	0.532	0.488	0.464	0.452	0.51	0.544	1.274	1.123
0.483	0.461	0.518	0.488	0.435	0.447	0.469	0.535	1.274	1.121
0.479	0.464	0.505	0.481	0.408	0.444	0.447	0.53	1.277	1.121
0.493	0.461	0.481	0.469	0.403	0.442	0.425	0.535	1.274	1.125
0.845	0.461	0.471	0.461	0.4	0.442	0.42	0.544	1.277	1.128
0.828	0.464	0.464	0.454	0.391	0.444	0.42	0.552	1.277	1.152
0.701	0.466	0.459	0.454	0.388	0.435	0.417	0.552	1.277	1.165
0.637	0.469	0.452	0.454	0.388	0.435	0.415	0.557	1.274	1.169
0.61	0.464	0.447	0.452	0.391	0.435	0.41	0.554	1.265	1.174
0.593	0.464	0.444	0.449	0.396	0.439	0.403	0.547	1.204	1.15
0.588	0.466	0.452	0.444	0.396	0.439	0.403	0.503	1.077	1.042
0.593	0.469	0.452	0.439	0.393	0.442	0.408	0.459	0.925	0.891
0.603	0.469	0.452	0.437	0.393	0.437	0.405	0.432	0.793	0.793
0.608	0.474	0.447	0.444	0.393	0.437	0.405	0.415	0.667	0.676
0.603	0.469	0.442	0.444	0.396	0.435	0.396	0.405	0.564	0.564
0.586	0.466	0.447	0.442	0.4	0.439	0.391	0.398	0.5	0.493
0.554	0.466	0.447	0.442	0.4	0.442	0.396	0.396	0.466	0.444
0.544	0.469	0.452	0.439	0.4	0.442	0.405	0.393	0.435	0.413
0.532	0.474	0.454	0.442	0.398	0.437	0.405	0.391	0.417	0.396
0.508	0.479	0.452	0.447	0.396	0.437	0.405	0.388	0.415	0.383
0.496	0.471	0.449	0.444	0.398	0.435	0.403	0.393	0.408	0.381
0.486	0.471	0.457	0.447	0.405	0.439	0.4	0.396	0.41	0.374
0.471	0.474	0.459	0.444	0.403	0.442	0.4	0.4	0.408	0.371
0.488	0.474	0.481	0.444	0.398	0.439	0.408	0.403	0.403	0.371
0.483	0.474	0.596	0.444	0.393	0.435	0.405	0.403	0.4	0.371
0.479	0.479	0.63	0.452	0.403	0.432	0.4	0.405	0.4	0.374
0.476	0.51	0.574	0.452	0.72	0.435	0.398	0.4	0.403	0.381
0.479	0.576	0.549	0.447	0.859	0.437	0.393	0.405	0.405	0.374
0.481	0.632	0.525	0.444	0.676	0.442	0.398	0.403	0.403	0.371
0.488	0.62	0.532	0.444	0.566	0.439	0.405	0.405	0.396	0.364
0.486	0.596	0.547	0.447	0.493	0.435	0.403	0.408	0.391	0.356
0.481	0.618	0.571	0.454	0.447	0.935	0.41	0.403	0.393	0.361
0.479	0.64	0.586	0.452	0.422	2.827	0.464	0.405	0.398	0.371
0.476	0.657	0.601	0.452	0.415	2.053	0.537	0.408	0.403	0.374
0.479	0.669	0.601	0.447	0.405	1.443	0.481	0.403	0.396	0.569
0.483	0.674	0.601	0.442	0.396	1.067	0.454	0.41	0.393	0.596
0.483	0.684	0.571	0.444	0.388	0.835	0.447	0.42	0.393	0.513
0.481	0.686	0.586	0.449	0.381	0.725	0.439	0.415	0.396	0.452
0.479	0.688	0.576	0.452	0.383	0.676	0.435	0.415	0.4	0.415
0.479	0.691	0.557	0.449	0.391	0.652	0.435	0.42	0.471	0.388
0.483	0.698	0.552	0.447	0.388	0.64	0.437	0.417	0.835	0.405
0.486	0.708	0.557	0.447	0.386	0.623	0.442	0.427	0.718	0.425
0.483	0.708	0.515	0.449	0.393	0.613	0.449	0.542	0.615	0.435
0.481	0.703	0.486	0.452	0.391	0.576	0.452	0.562	0.53	0.452
0.479	0.701	0.474	0.454	0.391	0.537	0.439	0.53	0.488	0.469
0.479	0.701	0.466	0.454	0.398	0.535	0.417	0.51	0.469	0.452
0.483	0.667	0.461	0.449	0.396	0.527	0.422	0.496	0.439	0.444
0.483	0.598	0.457	0.444	0.393	0.503	0.452	0.493	0.425	0.435
0.483	0.557	0.452	0.449	0.388	0.493	0.474	0.493	0.415	0.432
0.483	0.52	0.447	0.527	0.388	0.488	0.464	0.491	0.413	0.427
0.479	0.5	0.447	0.747	0.388	0.469	0.444	0.486	0.417	0.43
0.481	0.483	0.442	0.854	0.388	0.457	0.432	0.488	0.422	0.444
0.486	0.479	0.447	0.935	0.388	0.449	0.417	0.488	0.413	0.447
0.483	0.476	0.447	0.991	0.386	0.442	0.4	0.491	0.408	0.432
0.486	0.483	0.442	1.03	0.381	0.435	0.393	0.491	0.4	0.415
0.483	0.476	0.439	1.04	0.383	0.432	0.383	0.493	0.4	0.403
0.479	0.471	0.444	1.006	0.388	0.435	0.376	0.493	0.4	0.388
0.481	0.471	0.435	0.986	0.391	0.439	0.376	0.488	0.405	0.376
0.486	0.476	0.444	0.962	0.391	0.435	0.383	0.466	0.396	0.371
0.483	0.479	0.447	0.933	0.388	0.425	0.383	0.452	0.391	0.361
0.483	0.486	0.444	0.908	0.383	0.422	0.381	0.437	0.388	0.359
0.481	0.479	0.439	0.876	0.383	0.415	0.378	0.427	0.391	0.366
0.476	0.479	0.444	0.859	0.391	0.417	0.376	0.425	0.393	0.364
0.479	0.476	0.442	0.833	0.388	0.427	0.371	0.417	0.393	0.364
0.483	0.479	0.447	0.754	0.391	0.427	0.376	0.413	0.391	0.364
0.481	0.481	0.449	0.635	0.388	0.427	0.376	0.417	0.386	0.361
0.479	0.483	0.452	0.562	0.386	0.425	0.378	0.415	0.386	0.359
0.481	0.483	0.449	0.52	0.388	0.427	0.376	0.415	0.388	0.361
0.479	0.479	0.449	0.488	0.396	0.425	0.374	0.417	0.393	0.359
0.481	0.486	0.449	0.469	0.396	0.432	0.374	0.413	0.396	0.359
0.483	2.163	0.449	0.454	0.396	0.427	0.376	0.41	0.391	0.359
0.486	2.632	0.452	0.447	0.396	0.425	0.376	0.415	0.388	0.356
0.486	1.814	0.449	0.439	0.393	0.425	0.376	0.415	0.388	0.356
0.483	1.323	0.454	0.437	0.396	0.422	0.378	0.413	0.388	0.361
0.483	1.047	0.452	0.435	0.4	0.427	0.374	0.417	0.398	0.364
0.481	0.881	0.449	0.435	0.4	0.435	0.374	0.408	0.393	0.366
0.483	0.776	0.454	0.432	0.398	0.432	0.374	0.408	0.391	0.361
0.483	0.72	0.457	0.439	0.396	0.432	0.376	0.41	0.391	0.356
0.481	0.674	0.452	0.442	0.396	0.43	0.378	0.413	0.388	0.359
0.479	0.654	0.459	0.444	0.396	0.425	0.376	0.413	0.391	0.356
0.479	0.637	0.454	0.447	0.4	0.43	0.381	0.413	0.398	0.356
0.479	0.627	0.454	0.447	0.4	0.435	0.386	0.41	0.391	0.352
0.479	0.613	0.459	0.442	0.4	0.435	0.386	0.41	0.388	0.347
0.481	0.576	0.442	0.447	0.398	0.432	0.386	0.413	0.386	0.339
0.481	0.559	0.461	0.442	0.396	0.43	0.386	0.415	0.383	0.342
0.479	0.552	0.464	0.447	0.398	0.427	0.381	0.413	0.388	0.339
0.476	0.542	0.457	0.447	0.396	0.43	0.376	0.41	0.396	0.337
0.479	0.544	0.457	0.444	0.398	0.43	0.378	0.408	0.393	0.337
0.476	0.525	0.459	0.442	0.396	0.43	0.374	0.408	0.391	0.334
0.481	0.525	0.461	0.447	0.393	0.43	0.376	0.41	0.391	0.334
0.479	0.525	0.459	0.437	0.388	0.425	0.374	0.413	0.383	0.339
0.476	0.5	0.464	0.439	0.391	0.422	0.371	0.417	0.388	0.342
0.476	0.486	0.459	0.439	0.388	0.43	0.369	0.413	0.393	0.342
0.481	0.476	0.454	0.437	0.393	0.427	0.374	0.41	0.391	0.347
0.476	0.474	0.457	0.437	0.393	0.425	0.371	0.405	0.391	0.344
0.479	0.479	0.454	0.437	0.391	0.425	0.376	0.41	0.388	0.334
0.479	0.474	0.457	0.437	0.393	0.42	0.381	0.408	0.388	0.339
0.476	0.469	0.459	0.442	0.396	0.417	0.376	0.413	0.393	0.339
0.474	0.464	0.454	0.439	0.391	0.42	0.371	0.4	0.396	0.339
0.479	0.464	0.454	0.439	0.393	0.417	0.374	0.403	0.393	0.339
0.479	0.466	0.457	0.439	0.393	0.417	0.371	0.403	0.393	0.339
0.483	0.469	0.459	0.439	0.391	0.417	0.371	0.403	0.386	0.339
0.52	0.466	0.461	0.442	0.391	0.413	0.376	0.408	0.383	0.347
0.85	0.464	0.457	0.447	0.393	0.41	0.376	0.413	0.391	0.342
1.345	0.464	0.454	0.444	0.386	0.42	0.376	0.403	0.388	0.342
1.338	0.466	0.457	0.444	0.388	0.417	0.376	0.403	0.388	0.342
1.235	0.471	0.459	0.444	0.391	0.415	0.366	0.403	0.388	0.344
1.201	0.474	0.461	0.442	0.393	0.413	0.374	0.403	0.383	0.352
1.228	0.474	0.461	0.444	0.388	0.41	0.374	0.405	0.383	0.359
1.292	0.471	0.459	0.444	0.388	0.413	0.369	0.413	0.388	0.366
1.433	0.469	0.459	0.447	0.388	0.417	0.364	0.408	0.388	0.374
1.606	0.474	0.457	0.444	0.391	0.42	0.356	0.408	0.388	0.371
1.748	0.479	0.461	0.449	0.388	0.422	0.354	0.41	0.388	0.369
1.848	0.476	0.461	0.447	0.386	0.415	0.364	0.415	0.386	0.369
1.895	0.479	0.464	0.447	0.388	0.415	0.364	0.415	0.391	0.366
1.912	0.476	0.457	0.452	0.383	0.417	0.366	0.42	0.393	0.369
1.873	0.474	0.454	0.449	0.383	0.42	0.371	0.413	0.391	0.369
1.738	0.471	0.452	0.449	0.386	0.422	0.366	0.413	0.393	0.366
1.614	0.479	0.452	0.449	0.383	0.417	0.369	0.41	0.391	0.364
1.426	0.474	0.459	0.444	0.386	0.415	0.374	0.41	0.388	0.366
1.252	0.474	0.459	0.444	0.391	0.413	0.374	0.415	0.391	0.359
1.138	0.471	0.454	0.447	0.388	0.417	0.376	0.41	0.393	0.361
1.077	0.469	0.452	0.447	0.388	0.413	0.378	0.41	0.396	0.364
0.972	0.471	0.454	0.447	0.388	0.41	0.376	0.41	0.393	0.356
0.854	0.481	0.457	0.449	0.393	0.41	0.374	0.408	0.386	0.359
0.813	0.481	0.459	0.447	0.386	0.408	0.386	0.535	0.381	0.361
0.801	0.481	0.464	0.447	0.388	0.408	0.479	1.311	0.378	0.354
0.72	0.476	0.454	0.449	0.388	0.41	0.715	2.49	0.381	0.359
0.637	0.476	0.452	0.454	0.386	0.413	1.05	2.615	0.383	0.359
0.579	0.474	0.452	0.452	0.386	0.417	1.267	2.373	0.381	0.359
0.542	0.476	0.452	0.452	0.383	0.417	1.416	2.17	0.378	0.359
0.525	0.476	0.454	0.444	0.386	0.415	1.501	2.036	0.376	0.359
0.51	0.476	0.457	0.444	0.41	0.415	1.558	1.96	0.383	0.354
0.5	0.476	0.449	0.444	0.547	0.42	1.621	1.926	0.378	0.356
0.493	0.474	0.444	0.444	0.61	0.417	1.707	1.919	0.383	0.356
0.491	0.479	0.447	0.444	0.618	0.42	1.785	1.914	0.386	0.354
0.493	0.479	0.454	0.439	0.596	0.422	1.833	1.892	0.381	0.349
0.491	0.481	0.459	0.439	0.581	0.42	1.853	1.875	0.383	0.349
0.488	0.481	0.464	0.439	0.576	0.417	1.87	1.875	0.388	0.349
0.486	0.474	0.457	0.439	0.566	0.417	1.838	1.86	0.386	0.352
0.483	0.471	0.454	0.442	0.591	0.422	1.772	1.802	0.391	0.354
0.483	0.476	0.454	0.444	0.603	0.42	1.66	1.65	0.388	0.354
0.483	0.544	0.459	0.532	0.618	0.422	1.475	1.458	0.386	0.354
0.486	1.816	0.466	1.06	0.627	0.417	1.265	1.243	0.386	0.425
0.483	3.997	0.461	1.396	0.635	0.417	1.013	1.003	0.391	1.331
0.486	3.989	0.459	1.279	0.613	0.42	0.828	0.852	0.388	1.946
0.479	3.34	0.457	1.189	0.596	0.42	0.681	0.74	0.388	1.836
0.481	2.961	0.476	1.121	0.576	0.417	0.598	0.63	0.386	1.697
0.483	2.732	1.042	1.052	0.571	0.415	0.513	0.549	0.388	1.609
0.483	2.603	2.314	1.025	0.645	0.413	0.464	0.542	0.386	1.541
0.483	2.51	2.261	1.018	0.72	0.408	0.439	0.52	0.391	1.477
0.488	2.439	2.002	1.021	0.693	0.405	0.42	0.525	0.393	1.484
0.481	2.395	1.809	1.035	0.698	0.403	0.396	0.535	0.396	1.509
0.483	2.371	1.709	1.021	0.64	0.405	0.383	0.505	0.396	1.516
0.486	2.351	1.741	0.991	0.579	0.403	0.376	0.476	0.393	1.536
0.486	2.334	1.792	0.981	0.527	0.405	0.374	0.457	0.391	1.521
0.488	2.283	1.848	0.972	0.481	0.41	0.376	0.444	0.393	1.536
0.491	2.192	1.895	0.962	0.442	0.408	0.378	0.432	0.393	1.506
0.483	1.86	1.943	0.913	0.42	0.41	0.371	0.425	0.393	1.375
0.483	1.511	1.956	0.857	0.408	0.41	0.369	0.417	0.393	1.165
0.486	1.23	1.943	0.793	0.4	0.41	0.371	0.415	0.391	0.986
0.486	1.028	1.902	0.75	0.398	0.408	0.374	0.425	0.388	0.867
0.486	0.847	1.843	0.728	0.383	0.41	0.376	0.42	0.386	0.74
0.486	0.774	1.746	0.657	0.376	0.405	0.378	0.422	0.386	0.686
0.481	0.754	1.543	0.593	0.381	0.408	0.366	0.417	0.391	0.562
0.479	0.737	1.409	0.535	0.381	0.408	0.366	0.413	0.388	0.486
0.483	0.745	1.157	0.493	0.386	0.41	0.366	0.413	0.388	0.437
0.483	0.725	0.947	0.474	0.386	0.408	0.366	0.415	0.386	0.4
0.488	0.632	0.786	0.459	0.381	0.408	0.366	0.413	0.381	0.374
0.483	0.591	0.669	0.459	0.378	0.405	0.364	0.415	0.381	0.359
0.481	0.547	0.613	0.459	0.381	0.405	0.364	0.413	0.383	0.359
0.481	0.52	0.554	0.447	0.383	0.408	0.361	0.413	0.383	0.356
0.481	0.508	0.522	0.442	0.383	0.41	0.356	0.415	0.381	0.352
0.483	0.5	0.498	0.437	0.388	0.415	0.361	0.422	0.386	0.339
0.486	0.491	0.486	0.435	0.383	0.415	0.369	0.42	0.381	0.339
0.481	0.488	0.474	0.435	0.378	0.405	0.369	0.422	0.383	0.344
0.479	0.483	0.466	0.437	0.383	0.408	0.364	0.417	0.388	0.349
0.481	0.479	0.464	0.432	0.386	0.408	0.359	0.41	0.388	0.349
0.483	0.476	0.469	0.432	0.388	0.408	0.359	0.413	0.388	0.344
0.483	0.479	0.464	0.435	0.383	0.403	0.359	0.415	0.393	0.339
0.488	0.479	0.466	0.435	0.381	0.396	0.369	0.415	0.388	0.332
0.481	0.474	0.466	0.437	0.381	0.393	0.366	0.41	0.388	0.337
0.479	0.476	0.461	0.444	0.381	0.396	0.364	0.408	0.391	0.337
0.481	0.466	0.461	0.439	0.386	0.396	0.361	0.405	0.393	0.339
0.483	0.469	0.469	0.435	0.391	0.398	0.364	0.408	0.391	0.337
0.488	0.466	0.469	0.43	0.386	0.4	0.366	0.41	0.388	0.334
0.493	0.464	0.466	0.432	0.381	0.396	0.374	0.415	0.386	0.33
0.488	0.464	0.466	0.435	0.378	0.393	0.371	0.413	0.391	0.334
0.486	0.466	0.461	0.442	0.376	0.396	0.369	0.413	0.391	0.339
0.486	0.461	0.464	0.439	0.378	0.398	0.359	0.41	0.393	0.347
0.486	0.466	0.469	0.437	0.388	0.403	0.356	0.417	0.393	0.339
0.488	0.469	0.466	0.437	0.378	0.405	0.359	0.415	0.391	0.332
0.488	0.471	0.461	0.437	0.378	0.393	0.369	0.417	0.388	0.33
0.483	0.471	0.461	0.439	0.376	0.393	0.364	0.413	0.422	0.332
0.479	0.471	0.457	0.435	0.371	0.398	0.359	0.41	0.693	0.334
0.479	0.466	0.461	0.437	0.374	0.4	0.356	0.408	1.895	0.334
0.483	0.466	0.464	0.435	0.378	0.408	0.354	0.413	2.361	0.337
0.486	0.469	0.464	0.435	0.376	0.408	0.359	0.41	2.08	0.334
0.486	0.471	0.459	0.435	0.371	0.396	0.364	0.413	1.831	0.337
0.483	0.471	0.454	0.437	0.371	0.398	0.356	0.415	1.697	0.349
0.479	0.469	0.452	0.435	0.376	0.4	0.354	0.405	1.638	0.359
0.483	0.469	0.452	0.432	0.376	0.405	0.347	0.403	1.606	0.361
0.483	0.466	0.454	0.427	0.381	0.405	0.349	0.408	1.599	0.359
0.488	0.466	0.457	0.425	0.381	0.408	0.356	0.408	1.621	0.354
0.486	0.466	0.459	0.427	0.376	0.403	0.361	0.405	1.667	0.347
0.483	0.469	0.457	0.432	0.371	0.405	0.356	0.41	1.772	0.356
0.483	0.461	0.457	0.425	0.371	0.405	0.356	0.403	1.848	0.356
0.483	0.459	0.459	0.427	0.378	0.403	0.354	0.403	1.912	0.352
0.486	0.464	0.461	0.425	0.383	0.403	0.354	0.405	1.943	0.356
0.493	0.464	0.461	0.42	0.383	0.4	0.359	0.405	1.897	0.364
0.491	0.466	0.457	0.422	0.378	0.396	0.354	0.408	1.802	0.369
0.486	0.469	0.452	0.43	0.376	0.393	0.352	0.405	1.707	0.376
0.481	0.461	0.449	0.425	0.381	0.396	0.352	0.405	1.594	0.381
0.483	0.461	0.454	0.422	0.396	0.398	0.347	0.403	1.37	0.381
0.486	0.466	0.454	0.42	0.408	0.41	0.349	0.408	1.189	0.381
0.493	0.469	0.459	0.42	0.413	0.576	0.359	0.408	0.984	0.378
0.486	0.474	0.461	0.42	0.415	2.087	0.359	0.413	0.854	0.376
0.481	0.491	0.459	0.427	0.417	3.335	0.361	0.422	0.784	0.381
0.481	0.571	0.459	0.425	0.417	3.218	0.356	0.491	0.688	0.386
0.479	1.35	0.464	0.422	0.42	2.991	0.354	0.547	0.605	0.381
0.481	2.051	0.464	0.42	0.417	2.903	0.354	0.808	0.552	0.381
0.486	1.772	0.469	0.417	0.42	2.915	0.361	1.006	0.498	0.376
0.479	1.506	0.469	0.422	0.417	2.983	0.359	1.111	0.459	0.374
0.476	1.372	0.464	0.43	0.413	3.088	0.361	1.167	0.432	0.376
0.474	1.292	0.464	0.427	0.415	3.206	0.354	1.199	0.417	0.386
0.474	1.245	0.469	0.43	0.425	3.293	0.352	1.228	0.41	0.381
0.476	1.218	0.466	0.427	0.42	3.357	0.354	1.24	0.396	0.381
0.483	1.208	0.469	0.425	0.42	3.379	0.356	1.257	0.393	0.381
0.479	1.208	0.466	0.425	0.417	3.315	0.356	1.267	0.388	0.381
0.476	1.187	0.474	0.43	0.415	3.196	0.383	1.262	0.388	0.383
0.476	1.121	0.527	0.435	0.417	2.983	0.596	1.226	0.388	0.391
0.476	1.025	1.86	0.422	0.425	2.708	1.45	1.172	0.393	0.386
0.479	0.928	1.819	0.422	0.425	2.407	1.323	1.074	0.383	0.381
0.481	0.837	1.372	0.42	0.425	1.958	1.094	0.937	0.383	0.376
0.481	0.771	1.113	0.42	0.425	1.575	0.959	0.825	0.383	0.378
0.479	0.72	0.969	0.42	0.422	1.245	0.859	0.737	0.383	0.381
0.474	0.667	0.898	0.422	0.427	1.04	0.806	0.652	0.386	0.381
0.5	0.632	0.894	0.425	0.435	0.894	0.784	0.588	0.391	0.378
1.216	0.588	0.896	0.422	0.435	0.754	0.776	0.53	0.386	0.376
2.212	0.554	0.869	0.422	0.435	0.637	0.769	0.508	0.381	0.374
1.704	0.53	0.828	0.43	0.432	0.566	0.769	0.474	0.378	0.376
1.294	0.508	0.791	0.427	0.435	0.508	0.769	0.459	0.383	0.381
1.021	0.493	0.747	0.432	0.437	0.476	0.764	0.447	0.386	0.381
0.881	0.491	0.679	0.43	0.439	0.459	0.767	0.43	0.388	0.381
0.806	0.483	0.652	0.425	0.439	0.447	0.754	0.415	0.381	0.376
0.75	0.483	0.613	0.43	0.437	0.442	0.715	0.41	0.378	0.371
0.723	0.488	0.588	0.437	0.432	0.432	0.681	0.408	0.374	0.374
0.696	0.479	0.554	0.437	0.427	0.427	0.647	0.403	0.376	0.381
0.671	0.479	0.522	0.437	0.432	0.427	0.593	0.403	0.376	0.383
0.667	0.476	0.498	0.435	0.432	0.43	0.522	0.4	0.381	0.383
0.676	0.479	0.483	0.432	0.435	0.43	0.488	0.4	0.376	0.378
0.662	0.481	0.479	0.43	0.435	0.427	0.469	0.405	0.374	0.371
0.645	0.483	0.469	0.435	0.43	0.425	0.442	0.405	0.371	0.374
0.618	0.479	0.464	0.432	0.432	0.42	0.42	0.405	0.376	0.381
0.593	0.474	0.466	0.435	0.437	0.417	0.403	0.405	0.383	0.381
0.566	0.469	0.459	0.432	0.437	0.425	0.391	0.403	0.386	0.381
0.54	0.471	0.464	0.43	0.437	0.42	0.381	0.403	0.378	0.378
0.518	0.474	0.464	0.43	0.432	0.417	0.366	0.405	0.378	0.374
0.503	0.481	0.464	0.432	0.43	0.415	0.359	0.403	0.378	0.376
0.491	0.476	0.461	0.432	0.427	0.415	0.356	0.403	0.378	0.381
0.483	0.474	0.461	0.435	0.432	0.417	0.349	0.403	0.383	0.425
0.483	0.471	0.457	0.435	0.43	0.425	0.342	0.396	0.383	1.843
0.486	0.471	0.457	0.435	0.43	0.42	0.337	0.4	0.383	2.527
0.486	0.476	0.459	0.439	0.425	0.415	0.332	0.403	0.383	1.829
0.486	0.476	0.457	0.435	0.425	0.415	0.339	0.408	0.378	1.362
0.481	0.476	0.459	0.435	0.425	0.415	0.342	0.405	0.386	1.101
0.479	0.471	0.457	0.437	0.432	0.417	0.344	0.405	0.393	0.981
0.479	0.471	0.454	0.435	0.43	0.425	0.352	0.396	0.388	0.942
0.483	0.474	0.461	0.432	0.493	0.42	0.354	0.398	0.383	0.933
0.483	0.481	0.461	0.432	1.05	0.42	0.356	0.396	0.381	0.945
0.481	0.479	0.464	0.425	1.855	0.42	0.361	0.396	0.391	0.952
0.479	0.476	0.461	0.432	1.587	0.42	0.356	0.4	0.422	0.94
0.476	0.474	0.457	0.437	1.309	0.42	0.354	0.396	0.701	0.894
0.481	0.476	0.461	0.439	1.145	0.422	0.352	0.393	1.206	0.835
0.479	0.474	0.464	0.437	1.04	0.422	0.352	0.393	1.052	0.769
0.481	0.479	0.464	0.439	0.967	0.42	0.354	0.396	0.85	0.674
0.479	0.476	0.459	0.435	0.925	0.415	0.354	0.396	0.701	0.591
0.479	0.476	0.459	0.442	0.906	0.41	0.352	0.396	0.613	0.542
0.476	0.474	0.454	0.442	0.889	0.42	0.349	0.398	0.566	0.481
0.488	0.474	0.457	0.439	0.879	0.422	0.354	0.4	0.527	0.464
0.481	0.474	0.457	0.437	0.872	0.425	0.354	0.403	0.5	0.435
0.486	0.476	0.457	0.437	0.862	0.42	0.352	0.403	0.481	0.41
0.483	0.476	0.459	0.439	0.852	0.417	0.354	0.405	0.461	0.4
0.481	0.476	0.461	0.518	0.828	0.415	0.354	0.403	0.464	0.386
0.479	0.471	0.457	0.94	0.754	0.42	0.354	0.396	0.466	0.378
0.486	0.469	0.454	2.012	0.701	0.42	0.359	0.396	0.464	0.371
0.483	0.471	0.459	1.909	0.671	0.42	0.352	0.4	0.459	0.364
0.486	0.479	0.459	1.511	0.64	0.42	0.359	0.403	0.459	0.359
0.483	0.471	0.459	1.157	0.591	0.417	0.359	0.408	0.459	0.361
0.476	0.469	0.464	0.935	0.549	0.413	0.359	0.41	0.447	0.364
0.479	0.464	0.452	0.784	0.513	0.42	0.361	0.4	0.427	0.364
0.481	0.466	0.449	0.684	0.483	0.422	0.359	0.393	0.437	0.361
0.479	0.471	0.452	0.63	0.464	0.425	0.356	0.4	0.425	0.364
0.479	0.476	0.457	0.593	0.447	0.422	0.359	0.4	0.408	0.364
0.479	0.474	0.457	0.564	0.437	0.415	0.361	0.4	0.396	0.371
0.479	0.471	0.454	0.542	0.43	0.41	0.361	0.408	0.396	0.371
0.481	0.469	0.449	0.53	0.427	0.417	0.361	0.4	0.388	0.376
0.479	0.471	0.447	0.52	0.43	0.415	0.361	0.396	0.386	0.374
0.481	0.476	0.449	0.513	0.425	0.417	0.356	0.396	0.381	0.371
0.483	0.476	0.454	0.493	0.427	0.413	0.361	0.398	0.376	0.369
0.481	0.474	0.457	0.51	0.425	0.41	0.361	0.4	0.371	0.366
0.481	0.471	0.452	0.466	0.422	0.413	0.361	0.403	0.376	0.359
0.483	0.471	0.449	0.459	0.42	0.417	0.356	0.417	0.376	0.342
0.481	0.471	0.449	0.452	0.422	0.417	0.354	0.471	0.376	0.332
0.483	0.476	0.444	0.444	0.425	0.415	0.356	1.924	0.374	0.33
0.486	0.479	0.447	0.432	0.425	0.413	0.356	1.663	0.371	0.332
0.483	0.479	0.449	0.432	0.425	0.408	0.361	1.299	0.376	0.334
0.481	0.479	0.442	0.43	0.427	0.41	0.364	1.133	0.383	0.337
0.479	0.474	0.439	0.43	0.427	0.41	0.369	1.038	0.383	0.334
0.479	0.469	0.449	0.427	0.43	0.413	0.361	0.989	0.383	0.334
0.481	0.479	0.444	0.43	0.427	0.413	0.354	0.974	0.381	0.322
0.483	0.479	0.447	0.422	0.425	0.41	0.361	0.979	0.376	0.322
0.479	0.481	0.452	0.427	0.427	0.41	0.361	0.999	0.376	0.32
0.474	0.476	0.447	0.43	0.42	0.41	0.359	1.008	0.383	0.317
0.476	0.508	0.444	0.43	0.42	0.413	0.359	1.018	0.383	0.315
0.471	0.625	0.442	0.435	0.422	0.415	0.349	1.025	0.381	0.317
0.474	1.218	0.444	0.435	0.425	0.417	0.347	1.021	0.378	0.312
0.474	1.086	0.444	0.432	0.422	0.417	0.347	0.999	0.376	0.315
0.471	0.955	0.449	0.435	0.427	0.415	0.352	0.979	0.378	0.31
0.469	0.889	0.439	0.437	0.422	0.417	0.349	0.928	0.378	0.317
0.469	0.842	0.442	0.435	0.42	0.417	0.352	0.864	0.381	0.317
0.476	0.815	0.439	0.439	0.422	0.42	0.347	0.811	0.383	0.315
0.508	0.82	0.442	0.439	0.422	0.42	0.342	0.769	0.381	0.31
0.564	0.825	0.449	0.435	0.425	0.413	0.344	0.72	0.381	0.308
0.647	0.83	0.452	0.437	0.425	0.413	0.347	0.601	0.381	0.32
0.645	0.83	0.447	0.439	0.42	0.417	0.354	0.52	0.381	0.33
0.652	0.825	0.447	0.442	0.422	0.415	0.383	0.474	0.383	0.334
0.681	0.825	0.449	0.439	0.425	0.417	0.698	0.444	0.383	0.33
0.701	0.82	0.452	0.437	0.425	0.417	1.157	0.425	0.381	0.327
0.72	0.803	0.454	0.432	0.425	0.415	0.918	0.415	0.378	0.322
0.759	0.789	0.449	0.435	0.425	0.413	0.752	0.415	0.381	0.317
0.791	0.764	0.447	0.435	0.425	0.425	0.674	0.405	0.381	0.315
0.808	0.73	0.444	0.437	0.425	0.466	0.686	0.403	0.383	0.31
0.82	0.713	0.444	0.442	0.427	1.387	0.701	0.4	0.383	0.308
0.833	0.664	0.449	0.435	0.43	1.655	0.715	0.398	0.383	0.305
0.808	0.593	0.457	0.435	0.427	1.255	0.742	0.403	0.381	0.303
0.784	0.547	0.454	0.437	0.422	0.955	0.757	0.403	0.381	0.305
0.767	0.515	0.452	0.437	0.42	0.75	0.771	0.403	0.376	0.308
0.74	0.496	0.447	0.442	0.422	0.623	0.764	0.398	0.378	0.303
0.718	0.486	0.444	0.447	0.422	0.549	0.771	0.393	0.378	0.3
0.713	0.481	0.447	0.439	0.425	0.52	0.779	0.393	0.376	0.293
0.703	0.483	0.454	0.439	0.425	0.508	0.779	0.396	0.374	0.286
0.613	0.476	0.447	0.442	0.42	0.498	0.737	0.4	0.376	0.286
0.562	0.476	0.444	0.444	0.42	0.491	0.664	0.396	0.374	0.295
0.525	0.471	0.442	0.447	0.42	0.481	0.557	0.393	0.376	0.303
0.5	0.471	0.439	0.449	0.422	0.476	0.481	0.393	0.381	0.305
0.488	0.464	0.471	0.442	0.425	0.461	0.437	0.393	0.386	0.31
0.481	0.466	0.496	0.442	0.427	0.442	0.4	0.398	0.383	0.308
0.476	0.466	0.505	0.442	0.42	0.452	0.381	0.4	0.386	0.312
0.479	0.466	0.562	0.444	0.422	0.444	0.374	0.396	0.383	0.315
0.469	0.464	0.593	0.449	0.42	0.435	0.359	0.396	0.386	0.315
0.471	0.466	0.73	0.449	0.422	0.427	0.352	0.391	0.383	0.315
0.471	0.464	0.793	0.444	0.425	0.42	0.349	0.391	0.386	0.317
0.471	0.466	0.82	0.442	0.427	0.413	0.347	0.396	0.386	0.31
0.469	0.466	0.828	0.442	0.422	0.413	0.344	0.393	0.383	0.312
0.469	0.464	0.82	0.444	0.422	0.405	0.344	0.393	0.383	0.312
0.464	0.464	0.801	0.449	0.425	0.41	0.334	0.391	0.388	0.312
0.464	0.466	0.789	0.449	0.43	0.413	0.334	0.386	0.383	0.3
0.466	0.464	0.781	0.444	0.474	0.413	0.339	0.388	0.383	0.298
0.469	0.471	0.762	0.442	1.174	0.408	0.349	0.398	0.386	0.288
0.471	0.471	0.752	0.439	1.946	0.408	0.354	0.396	0.398	0.291
0.469	0.469	0.747	0.442	1.594	0.396	0.359	0.413	0.444	0.295
0.466	0.466	0.747	0.449	1.343	0.396	0.352	0.42	0.688	0.298
0.469	0.464	0.73	0.447	1.184	0.403	0.352	0.427	1.008	0.293
0.469	0.469	0.72	0.444	1.104	0.403	0.349	0.435	0.894	0.31
0.471	0.471	0.735	0.444	1.055	0.403	0.354	0.447	0.815	0.322
0.474	0.469	0.74	0.442	1.013	0.4	0.356	0.447	0.774	0.337
0.466	0.469	0.737	0.447	0.999	0.398	0.354	0.452	0.789	0.344
0.464	0.469	0.676	0.454	0.994	0.398	0.352	0.449	0.784	0.344
0.464	0.466	0.588	0.447	0.994	0.4	0.349	0.447	0.784	0.339
0.466	0.471	0.54	0.447	0.972	0.403	0.347	0.449	0.791	0.327
0.474	0.474	0.503	0.447	0.898	0.398	0.349	0.457	0.796	0.317
0.474	0.464	0.483	0.447	0.811	0.398	0.354	0.454	0.793	0.322
0.469	0.471	0.469	0.449	0.776	0.4	0.354	0.454	0.781	0.334
0.466	0.474	0.459	0.454	0.691	0.403	0.352	0.449	0.771	0.334
0.466	0.469	0.457	0.449	0.618	0.408	0.347	0.447	0.776	0.366
0.469	0.471	0.457	0.447	0.554	0.405	0.347	0.447	0.781	0.784
0.469	0.471	0.452	0.444	0.505	0.408	0.352	0.449	0.789	2.31
0.471	0.471	0.454	0.444	0.474	0.405	0.361	0.454	0.789	1.711
0.466	0.466	0.447	0.457	0.452	0.408	0.356	0.454	0.789	1.365
0.464	0.466	0.437	0.535	0.442	0.41	0.354	0.452	0.793	1.157
0.461	0.464	0.444	2.112	0.439	0.41	0.354	0.452	0.791	1.018
0.464	0.464	0.452	1.87	0.442	0.413	0.352	0.454	0.769	0.908
0.466	0.466	0.449	1.506	0.435	0.413	0.354	0.457	0.713	0.859
0.469	0.466	0.452	1.296	0.43	0.408	0.364	0.461	0.669	0.825
0.461	0.461	0.447	1.199	0.43	0.405	0.359	0.457	0.647	0.801
0.457	0.464	0.449	1.147	0.432	0.408	0.356	0.454	0.645	0.791
0.459	0.459	0.449	1.118	0.437	0.41	0.354	0.454	0.569	0.786
0.459	0.461	0.457	1.113	0.442	0.41	0.352	0.459	0.522	0.769
0.464	0.461	0.452	1.118	0.435	0.413	0.352	0.454	0.474	0.745
0.464	0.459	0.452	1.123	0.43	0.403	0.347	0.457	0.432	0.71
0.461	0.459	0.449	1.128	0.425	0.405	0.342	0.457	0.417	0.696
0.461	0.457	0.444	1.128	0.427	0.405	0.334	0.454	0.405	0.671
0.464	0.459	0.449	1.118	0.432	0.408	0.322	0.452	0.396	0.679
0.466	0.459	0.449	1.113	0.442	0.408	0.312	0.461	0.393	0.647
0.464	0.461	0.449	1.106	0.432	0.413	0.308	0.459	0.381	0.566
0.464	0.459	0.449	1.057	0.432	0.408	0.31	0.464	0.376	0.515
0.464	0.464	0.442	1.001	0.43	0.405	0.312	0.461	0.376	0.479
0.464	0.459	0.439	0.886	0.432	0.408	0.31	0.459	0.376	0.449
0.464	0.461	0.442	0.791	0.437	0.41	0.315	0.459	0.374	0.444
0.466	0.461	0.444	0.723	0.437	0.413	0.322	0.457	0.376	0.439
0.474	0.464	0.449	0.664	0.437	0.413	0.337	0.454	0.371	0.432
0.566	0.466	0.449	0.635	0.43	0.41	0.342	0.454	0.374	0.437
1.755	0.474	0.444	0.62	0.425	0.41	0.349	0.452	0.376	0.442
1.614	0.466	0.444	0.615	0.425	0.408	0.347	0.449	0.378	0.452
1.472	0.469	0.454	0.576	0.43	0.41	0.364	0.449	0.381	0.449
1.401	0.469	0.452	0.569	0.427	0.413	0.413	0.457	0.383	0.444
1.365	0.471	0.457	0.549	0.425	0.41	0.571	0.459	0.371	0.447
1.345	0.474	0.454	0.549	0.425	0.408	0.728	0.459	0.369	0.454
1.321	0.474	0.452	0.562	0.422	0.408	0.776	0.461	0.371	0.461
1.331	0.469	0.452	0.557	0.425	0.41	0.806	0.459	0.371	0.466
1.348	0.466	0.457	0.557	0.432	0.413	0.85	0.459	0.374	0.459
1.353	0.471	0.452	0.554	0.432	0.417	0.879	0.459	0.371	0.444
1.379	0.471	0.454	0.549	0.43	0.41	0.908	0.461	0.369	0.444
1.382	0.474	0.454	0.554	0.43	0.408	0.906	0.469	0.369	0.447
1.394	0.479	0.454	0.559	0.425	0.405	0.911	0.466	0.369	0.452
1.379	0.469	0.452	0.554	0.427	0.405	0.903	0.459	0.371	0.461
1.345	0.471	0.457	0.552	0.435	0.41	0.901	0.464	0.374	0.459
1.147	0.469	0.452	0.547	0.432	0.413	0.898	0.457	0.371	0.452
1.035	0.471	0.452	0.544	0.427	0.41	0.889	0.459	0.366	0.452
0.935	0.471	0.449	0.552	0.425	0.408	0.825	0.459	0.369	0.457
0.845	0.471	0.444	0.562	0.415	0.408	0.75	0.444	0.369	0.457
0.789	0.466	0.437	0.562	0.43	0.408	0.684	0.425	0.369	0.464
0.688	0.466	0.442	0.559	0.435	0.41	0.632	0.413	0.374	0.461
0.603	0.464	0.439	0.554	0.432	0.415	0.564	0.405	0.369	0.457
0.549	0.466	0.444	0.554	0.43	0.408	0.491	0.398	0.364	0.452
0.51	0.466	0.444	0.557	0.427	0.405	0.447	0.391	0.366	0.457
0.488	0.461	0.439	0.552	0.425	0.415	0.422	2.917	0.366	0.461
0.476	0.459	0.437	0.552	0.425	0.454	0.398	3.94	0.374	0.466
0.474	0.459	0.435	0.549	0.43	0.701	0.386	2.81	0.378	0.464
0.476	0.461	0.437	0.544	0.43	1.184	0.386	2.244	0.376	0.464
0.474	0.466	0.437	0.54	0.427	1.011	0.381	2.166	0.374	0.459
0.471	0.474	0.437	0.552	0.425	0.879	0.378	2.209	0.374	0.461
0.469	0.496	0.435	0.557	0.422	0.789	0.376	2.307	0.376	0.469
0.466	1.619	0.435	0.554	0.427	0.75	0.371	2.551	0.381	0.469
0.466	1.76	0.435	0.554	0.432	0.754	0.364	2.786	0.381	0.466
0.471	1.433	0.437	0.552	0.43	0.762	0.366	2.942	0.374	0.461
0.469	1.245	1.448	0.552	0.427	0.747	0.359	3.057	0.371	0.461
0.466	1.133	2.532	0.557	0.425	0.732	0.361	3.125	0.374	0.464
0.464	1.062	1.987	0.554	0.425	0.732	0.361	3.171	0.376	0.471
0.459	1.003	1.628	0.559	0.432	0.745	0.361	3.206	0.383	0.469
0.461	0.986	1.479	0.557	0.43	0.762	0.361	3.198	0.386	0.466
0.471	0.967	1.404	0.549	0.432	0.776	0.371	3.115	0.381	0.464
0.466	0.969	1.338	0.544	0.432	0.781	0.371	2.712	0.378	0.459
0.464	0.977	1.321	0.557	0.427	0.74	0.376	2.18	0.376	0.461
0.464	0.979	1.309	0.554	0.427	0.686	0.371	1.638	0.381	0.471
0.457	0.981	1.306	0.552	0.435	0.62	0.369	1.223	0.383	0.471
0.461	0.979	1.289	0.549	0.43	0.586	0.369	0.891	0.386	0.469
0.466	0.977	1.274	0.544	0.432	0.535	0.371	0.684	0.383	0.464
0.461	0.911	1.252	0.544	0.432	0.481	0.369	0.559	0.383	0.459
0.457	0.845	1.233	0.581	0.427	0.444	0.371	0.439	0.378	0.461
0.454	0.779	1.221	1.89	0.422	0.425	0.371	0.354	0.378	0.471
0.452	0.725	1.108	2.551	0.43	0.413	0.366	0.31	0.378	0.469
0.454	0.664	1.003	1.865	0.43	0.415	0.364	0.288	0.376	0.469
0.464	0.542	0.835	1.411	0.43	0.408	0.369	0.264	0.369	0.461
0.464	0.459	0.735	1.113	0.425	0.403	0.371	0.247	0.369	0.459
0.461	0.427	0.654	0.969	0.425	0.396	0.374	0.237	0.366	0.466
0.459	0.417	0.598	0.901	0.422	0.393	0.374	0.232	0.371	0.476
0.449	0.413	0.54	0.874	0.427	0.396	0.371	0.232	0.376	0.471
0.454	0.41	0.5	0.928	0.425	0.405	0.366	0.222	0.371	0.469
0.457	0.403	0.486	1.045	0.425	0.4	0.366	0.22	0.383	0.454
0.459	0.415	0.486	1.133	0.422	0.396	0.371	0.22	0.479	0.454
0.457	0.422	0.493	1.187	0.42	0.393	0.374	0.239	1.25	0.454
0.454	0.422	0.476	1.233	0.42	0.391	0.376	0.22	1.211	0.459
0.454	0.422	0.439	1.24	0.422	0.396	0.376	0.222	1.052	0.466
0.464	0.425	0.417	1.118	0.427	0.405	0.378	0.217	0.94	0.52
0.461	0.43	0.417	0.891	0.43	0.41	0.378	0.22	0.872	3.733
0.469	0.439	0.422	0.732	0.425	0.4	0.381	0.22	0.837	3.118
0.466	0.437	0.43	0.613	0.422	0.396	0.383	0.225	0.837	2.366
0.464	0.435	0.432	0.542	0.425	0.396	0.383	0.225	0.845	2.244
0.461	0.432	0.43	0.476	0.425	0.4	0.381	0.22	0.862	2.185
0.469	0.435	0.43	0.396	0.43	0.396	0.383	0.215	0.937	2.173
0.466	0.435	0.43	0.349	0.43	0.391	0.383	0.215	0.986	2.271
0.469	0.439	0.43	0.322	0.427	0.386	0.386	0.215	0.979	2.527
0.466	0.439	0.43	0.3	0.422	0.388	0.388	0.217	0.977	2.815
0.461	0.437	0.432	0.293	0.425	0.386	0.386	0.22	0.979	2.969
0.459	0.437	0.427	0.283	0.422	0.391	0.381	0.217	0.955	3.015
0.469	0.437	0.43	0.276	0.425	0.391	0.381	0.22	0.862	2.981
0.464	0.439	0.432	0.273	0.427	0.391	0.374	0.217	0.825	2.676
0.464	0.447	0.43	0.273	0.422	0.391	0.378	0.22	0.723	2.324
0.464	0.444	0.427	0.269	0.422	0.388	0.381	0.225	0.632	1.953
0.461	0.444	0.422	0.271	0.444	0.396	0.383	0.227	0.581	1.562
0.461	0.442	0.422	0.276	0.422	0.403	0.381	0.22	0.547	1.282
0.466	0.449	0.43	0.276	0.425	0.403	0.383	0.22	0.5	1.06
0.466	0.447	0.43	0.286	0.427	0.403	0.376	0.222	0.454	0.823
0.469	0.454	0.432	0.344	0.425	0.405	0.381	0.225	0.427	0.652
0.469	0.449	0.43	0.386	0.422	0.4	0.383	0.227	0.413	0.554
0.469	0.449	0.432	0.42	0.432	0.403	0.383	0.229	0.41	0.491
0.466	0.444	0.43	0.435	0.425	0.413	0.383	0.225	0.403	0.457
0.464	0.444	0.435	0.447	0.43	0.41	0.383	0.22	0.4	0.432
0.464	0.444	0.435	0.454	0.432	0.408	0.381	0.22	0.391	0.41
0.466	0.444	0.437	0.457	0.427	0.405	0.381	0.225	0.383	0.396
0.466	0.439	0.435	0.461	0.425	0.403	0.381	0.227	0.383	0.391
0.464	0.437	0.43	0.469	0.425	0.403	0.383	0.232	0.391	0.388
0.464	0.432	0.427	0.471	0.425	0.408	0.381	0.227	0.388	0.388
0.464	0.437	0.427	0.469	0.427	0.405	0.376	0.225	0.386	0.383
0.469	0.439	0.43	0.474	0.43	0.408	0.376	0.225	0.381	0.378
0.464	0.432	0.437	0.469	0.425	0.408	0.381	0.227	0.376	0.376
0.464	0.432	0.437	0.469	0.425	0.405	0.383	0.229	0.378	0.374
0.464	0.417	0.43	0.471	0.422	0.405	0.386	0.232	0.386	0.374
0.464	0.415	0.427	0.469	0.422	0.405	0.386	0.225	0.383	0.374
0.464	0.42	0.427	0.469	0.422	0.408	0.383	0.225	0.386	0.371
0.469	0.43	0.427	0.471	0.425	0.41	0.381	0.225	0.383	0.369
0.469	0.43	0.427	0.464	0.422	0.408	0.386	0.227	0.383	0.374
0.466	0.432	0.435	0.464	0.425	0.408	0.386	0.229	0.381	0.374
0.464	0.432	0.427	0.466	0.42	0.408	0.386	0.229	0.386	0.378
0.474	0.427	0.43	0.469	0.422	0.408	0.388	0.227	0.383	0.386
0.505	0.425	0.425	0.466	0.427	0.41	0.381	0.225	0.381	0.381
1.133	0.435	0.425	0.469	0.425	0.41	0.381	0.225	0.378	0.381
2.385	0.549	0.425	0.464	0.425	0.408	0.386	0.227	0.381	0.386
2.263	1.274	0.427	0.466	0.427	0.403	0.388	0.232	0.378	0.381
1.958	2.402	0.422	0.471	0.42	0.405	0.386	0.227	0.383	0.383
1.741	2.515	0.425	0.471	0.425	0.408	0.388	0.225	0.386	0.381
1.599	2.385	0.427	0.474	0.427	0.41	0.381	0.222	0.391	0.378
1.536	2.295	0.43	0.476	0.43	0.41	0.383	0.225	0.386	0.378
1.519	2.256	0.435	0.469	0.43	0.408	0.383	0.229	0.386	0.378
1.497	2.292	0.432	0.471	0.432	0.405	0.383	0.237	0.388	0.374
1.46	2.327	0.43	0.474	0.425	0.403	0.383	0.229	0.388	0.378
1.428	2.361	0.432	0.471	0.422	0.396	0.383	0.227	0.393	0.381
1.401	2.373	0.476	0.469	0.425	0.398	0.378	0.225	0.393	0.378
1.365	2.388	0.981	0.466	0.427	0.398	0.378	0.227	0.391	0.376
1.335	2.4	2.253	0.466	0.427	0.396	0.381	0.229	0.391	0.376
1.299	2.395	2.234	0.461	0.427	0.393	0.386	0.234	0.398	0.371
1.287	2.371	1.975	0.464	0.42	0.4	0.386	0.229	0.396	0.374
1.277	2.275	1.807	0.464	0.425	0.396	0.383	0.225	0.398	0.374
1.27	2.134	1.692	0.469	0.427	0.4	0.378	0.225	0.398	0.374
1.267	1.902	1.631	0.461	0.43	0.4	0.378	0.227	0.396	0.369
1.221	1.763	1.58	0.457	0.427	0.398	0.381	0.232	0.393	0.374
1.118	1.631	1.521	0.459	0.422	0.396	0.386	0.237	0.403	0.381
1.042	1.497	1.482	0.461	0.42	0.403	0.386	0.234	0.398	0.391
0.945	1.377	1.458	0.461	0.42	0.403	0.386	0.232	0.403	0.396
0.862	1.316	1.44	0.466	0.427	0.403	0.381	0.229	0.4	0.398
0.823	1.216	1.438	0.464	0.422	0.403	0.376	0.232	0.403	0.403
0.806	1.089	1.433	0.461	0.422	0.4	0.381	0.234	0.427	0.405
0.779	0.984	1.372	0.461	0.417	0.396	0.42	0.237	0.757	0.41
0.723	0.845	1.331	0.461	0.42	0.396	0.581	0.234	1.824	0.413
0.632	0.725	1.243	0.461	0.422	0.4	1.482	0.232	2.061	0.413
0.583	0.649	1.091	0.464	0.422	0.405	1.846	0.229	1.841	0.415
0.542	0.603	0.923	0.457	0.425	0.405	1.67	0.232	1.606	0.417
0.52	0.564	0.854	0.454	0.427	0.4	1.528	0.237	1.416	0.41
0.532	0.522	0.859	0.454	0.435	0.4	1.411	0.239	1.279	0.41
0.527	0.493	0.791	0.457	0.439	0.393	1.318	0.234	1.172	0.417
0.503	0	0.703	0.461	0.557	0.396	1.267	0.234	1.116	0.417
0.496	0	0.623	0.464	1.155	0.396	1.218	0.229	1.086	0.417
0	0	0.569	0.461	1.216	0.398	1.172	0.234	1.077	0.42
0	0	0.537	0.461	1.123	0.396	1.15	0.239	1.072	0.415
0	0	0.532	0.466	1.033	0.396	1.121	0.237	1.062	0.417
0	0	0	0.469	0.955	0.393	1.099	0.237	1.035	0.42
0	0	0	0.471	0.891	0.398	1.082	0.234	1.021	0.417
0	0	0	0.474	0.857	0.4	1.055	0.229	0.969	0.417
0	0	0	0.464	0.84	0.398	1.033	0.232	0.896	0.422
0	0	0	0.464	0.823	0.393	0.959	0.239	0.884	0.415
0	0	0	0.464	0.796	0.396	0.901	0.237	0.889	0.422
0	0	0	0.464	0.752	0.449	0.859	0.237	0.803	0.425
0	0	0	0.503	0.679	2.214	0.767	0.232	0.728	0.427
0	0	0	0.847	0.635	2.239	0.676	0.229	0.62	0.427
0	0	0	2.314	0.608	1.943	0.593	0.229	0.53	0.43
0	0	0	2.766	0.579	1.816	0.537	0.242	0.479	0.425
0	0	0	2.38	0.547	1.758	0.508	0.239	0.439	0.427
0	0	0	2.051	0.508	1.741	0.471	0.376	0.435	0.43
0	0	0	1.875	0.466	1.802	0.469	2.542	0.422	0.432
0	0	0	1.741	0.449	1.88	0.447	3.274	0.41	0.435
0	0	0	1.663	0.439	1.98	0.42	2.537	0.415	0.43
0	0	0	1.619	0.427	2.021	0.405	2.026	0	0.427
0	0	0	1.584	0.42	2.026	0.403	1.707	0	0.427
0	0	0	1.567	0.415	2.026	0.396	1.521	0	0.43
0	0	0	1.553	0.417	2.012	0.391	1.418	0	0.432
0	0	0	1.521	0.42	1.985	0.386	1.367	0	0.435
0	0	0	1.501	0.425	1.924	0	1.348	0	0.43
0	0	0	1.453	0.42	1.765	0	1.353	0	0.427
0	0	0	1.404	0.42	1.521	0	1.353	0	0.427
0	0	0	1.343	0.417	1.309	0	1.348	0	0.43
0	0	0	1.252	0.417	1.191	0	1.343	0	0.432
0	0	0	1.147	0.422	1.104	0	1.343	0	0.437
0	0	0	1.052	0.422	1.023	0	1.333	0	0.43
0	0	0	0.92	0.422	0.923	0	1.267	0	0.43
0	0	0	0.808	0.417	0.762	0	1.155	0	0.43
0	0	0	0.742	0.417	0.593	0	0.952	0	0.432
0	0	0	0.662	0.42	0.491	0	0.796	0	0.435
0	0	0	0.605	0.422	0.427	0	0.723	0	0.437
0	0	0	0.574	0.43	0.391	0	0.674	0	0.43
0	0	0	0.581	0.422	0.374	0	0.547	0	0.43
0	0	0	0.588	0.422	0.352	0	0.442	0	0.43
0	0	0	0	0.42	0.352	0	0.371	0	0.476
0	0	0	0	0.425	0.356	0	0.315	0	0.525
0	0	0	0	0.427	0.364	0	0.283	0	0.559
0	0	0	0	0.432	0.366	0	0.269	0	0.574
0	0	0	0	0.425	0.366	0	0.256	0	0.581
0	0	0	0	0.422	0.361	0	0.261	0	0.593
0	0	0	0	0.422	0.361	0	0.251	0	0.603
0	0	0	0	0.415	0.366	0	0	0	0.608
0	0	0	0	0.403	0.366	0	0	0	0.61
0	0	0	0	0.408	0.366	0	0	0	0.61
0	0	0	0	0.403	0.371	0	0	0	0.674
0	0	0	0	0.405	0.369	0	0	0	1.719
0	0	0	0	0.405	0.371	0	0	0	3.057
0	0	0	0	0.405	0.369	0	0	0	2.954
0	0	0	0	0.405	0.371	0	0	0	2.593
0	0	0	0	0.405	0.376	0	0	0	2.358
0	0	0	0	0.398	0.374	0	0	0	2.2
0	0	0	0	0.4	0.371	0	0	0	2.065
0	0	0	0	0.405	0.374	0	0	0	1.987
0	0	0	0	0.41	0.374	0	0	0	1.948
0	0	0	0	0.42	0.381	0	0	0	1.914
0	0	0	0	0.422	0.386	0	0	0	1.87
0	0	0	0	0.422	0.378	0	0	0	1.836
0	0	0	0	0.42	0.376	0	0	0	1.794
0	0	0	0	0.42	0.374	0	0	0	1.726
0	0	0	0	0.42	0.376	0	0	0	1.665
0	0	0	0	0.43	0.381	0	0	0	1.55
0	0	0	0	0.425	0.386	0	0	0	1.501
0	0	0	0	0.425	0.378	0	0	0	1.394
0	0	0	0	0.425	0.378	0	0	0	1.221
0	0	0	0	0.425	0.381	0	0	0	1.025
0	0	0	0	0.427	0.381	0	0	0	0.947
0	0	0	0	0.432	0.386	0	0	0	0.879
0	0	0	0	0.437	0.393	0	0	0	0.793
0	0	0	0	0.515	0.383	0	0	0	0.73
0	0	0	0	1.328	0.383	0	0	0	0.686
0	0	0	0	2.307	0.383	0	0	0	0.654
0	0	0	0	2.546	0.386	0	0	0	0.637
0	0	0	0	2.488	0.388	0	0	0	0.62
0	0	0	0	2.397	0.403	0	0	0	0.605
0	0	0	0	2.322	0.405	0	0	0	0.596
0	0	0	0	2.273	0.405	0	0	0	0.593
0	0	0	0	2.219	0.442	0	0	0	0.588
0	0	0	0	2.183	0.669	0	0	0	0.583
0	0	0	0	2.141	1.802	0	0	0	0.583
0	0	0	0	2.102	2.024	0	0	0	0.586
0	0	0	0	2.046	1.716	0	0	0	0
0	0	0	0	1.992	1.404	0	0	0	0
0	0	0	0	1.96	1.184	0	0	0	0
0	0	0	0	1.931	1.05	0	0	0	0
0	0	0	0	1.926	0.964	0	0	0	0
0	0	0	0	1.926	0.911	0	0	0	0
0	0	0	0	1.931	0.857	0	0	0	0
0	0	0	0	1.921	0.825	0	0	0	0
0	0	0	0	1.89	0.801	0	0	0	0
0	0	0	0	1.804	0.776	0	0	0	0
0	0	0	0	1.616	0.754	0	0	0	0
0	0	0	0	1.489	0.735	0	0	0	0
0	0	0	0	1.355	0.735	0	0	0	0
0	0	0	0	1.206	0.767	0	0	0	0
0	0	0	0	1.091	0.781	0	0	0	0
0	0	0	0	0.994	0.735	0	0	0	0
0	0	0	0	0.884	0.659	0	0	0	0
0	0	0	0	0	0.579	0	0	0	0
0	0	0	0	0	0.535	0	0	0	0
0	0	0	0	0	0.522	0	0	0	0
0	0	0	0	0	0.515	0	0	0	0
0	0	0	0	0	0.518	0	0	0	0
0	0	0	0	0	0.53	0	0	0	0
0	0	0	0	0	0.52	0	0	0	0
0	0	0	0	0	0.493	0	0	0	0
0	0	0	0	0	0.466	0	0	0	0
0	0	0	0	0	0.449	0	0	0	0
0	0	0	0	0	0.444	0	0	0	0
0	0	0	0	0	0.444	0	0	0	0
0	0	0	0	0	0.437	0	0	0	0
0	0	0	0	0	0.432	0	0	0	0
0	0	0	0	0	0.427	0	0	0	0
0	0	0	0	0	0.425	0	0	0	0
0	0	0	0	0	0.427	0	0	0	0
0	0	0	0	0	0.43	0	0	0	0
0	0	0	0	0	0.43	0	0	0	0
