0.593	0.542	0.493	0.571	0.486	0.408	3.752	0.43	0.332	0.317
0.598	0.544	0.488	0.574	0.488	0.483	2.9	0.435	0.601	0.317
1.064	0.547	0.491	0.654	0.488	3.782	2.913	0.437	4.521	0.325
5.999	0.549	0.491	4.084	0.488	5.911	3.308	0.432	4.751	0.479
4.404	0.544	0.496	5.793	0.491	3.557	3.55	0.439	2.241	4.385
2.129	0.544	0.608	3.655	0.505	2.493	3.838	4.475	1.553	5.518
2.08	0.576	3.105	2.28	1.458	2.546	4.153	6.755	2.073	3.892
2.747	1.169	4.993	2.437	5.605	2.888	4.36	3.926	2.571	3.335
3.013	4.773	3.855	2.969	4.79	3.115	4.321	2.529	2.671	3.232
3.145	5.325	2.734	3.142	2.283	3.413	4.316	2.935	2.961	3.223
3.247	4.37	2.539	3.171	1.968	3.623	4.285	3.459	3.125	3.228
3.25	4.094	2.751	3.247	2.791	3.806	4.153	3.723	3.132	3.442
3.198	3.999	2.974	3.364	3.169	3.875	3.853	4.036	3.13	3.506
2.996	3.987	3.132	3.379	3.435	3.855	3.357	4.392	3.132	3.538
2.7	3.999	3.245	3.33	3.569	3.85	2.878	4.529	3.079	3.525
2.336	3.911	3.281	3.333	3.625	3.796	2.317	4.607	2.898	3.511
2.1	3.831	3.254	3.303	3.618	3.65	1.763	4.622	2.612	3.525
1.902	3.821	3.193	3.064	3.567	3.174	1.279	4.592	2.131	3.521
1.492	3.862	3.137	2.695	3.535	2.517	0.852	4.543	1.726	3.379
1.079	3.882	2.969	2.256	3.533	1.812	0.664	4.37	1.294	2.979
0.876	3.845	2.6	1.829	3.428	1.433	0.52	4.011	0.859	2.351
0.74	3.684	2.065	1.467	3.057	1.101	0.415	3.376	0.781	1.643
0.647	3.267	1.577	1.174	2.571	0.84	0.393	2.739	0.635	1.135
0.586	2.603	1.26	0.94	2.065	0.718	0.393	2.163	0.562	0.789
0.527	1.797	0.969	0.918	1.394	0.564	0.391	1.584	0.479	0.542
0.53	1.328	0.835	0.803	1.108	0.461	0.388	1.201	0.374	0.4
0.52	0.986	0.774	0.671	0.862	0.415	0.381	0.896	0.334	0.334
0.505	0.791	0.618	0.615	0.847	0.408	0.383	0.762	0.327	0.305
0.508	0.649	0.544	0.586	0.647	0.403	0.386	0.671	0.322	0.293
0.508	0.576	0.498	0.552	0.576	0.405	0.388	0.64	0.315	0.295
0.508	0.532	0.498	0.537	0.5	0.405	0.388	0.52	0.315	0.295
0.508	0.542	0.488	0.53	0.457	0.398	0.388	0.439	0.317	0.293
0.496	0.518	0.476	0.532	0.439	0.398	0.383	0.42	0.317	0.291
0.488	0.51	0.466	0.535	0.425	0.4	0.376	0.415	0.32	0.291
0.486	0.505	0.469	0.535	0.417	0.403	0.378	0.42	0.317	0.288
0.488	0.503	0.476	0.535	0.417	0.403	0.381	0.41	0.317	0.291
0.491	0.503	0.476	0.537	0.42	0.393	0.378	0.405	0.315	0.295
0.493	0.505	0.476	0.537	0.413	0.391	0.378	0.408	0.317	0.295
0.488	0.508	0.476	0.53	0.405	0.393	0.378	0.41	0.315	0.293
0.488	0.508	0.476	0.54	0.405	0.393	0.381	0.408	0.317	0.293
0.488	0.503	0.474	0.544	0.4	0.403	0.381	0.408	0.315	0.291
0.493	0.5	0.479	0.542	0.398	0.403	0.386	0.408	0.31	0.293
0.491	0.498	0.479	0.532	0.403	0.4	0.386	0.413	0.315	0.293
0.491	0.503	0.476	0.532	0.405	0.396	0.388	0.415	0.312	0.293
0.488	0.503	0.476	0.535	0.403	0.391	0.383	0.415	0.315	0.293
0.483	0.503	0.476	0.54	0.403	0.391	0.381	0.413	0.315	0.293
0.481	0.5	0.481	0.537	0.396	0.391	0.383	0.408	0.312	0.293
0.481	0.5	0.483	0.535	0.396	0.393	0.386	0.4	0.312	0.293
0.488	0.5	0.486	0.537	0.4	0.393	0.383	0.405	0.312	0.295
0.493	0.503	0.479	0.537	0.403	0.386	0.383	0.413	0.315	0.3
0.493	0.503	0.481	0.54	0.405	0.386	0.378	0.413	0.32	0.293
0.491	0.505	0.481	0.542	0.398	0.393	0.376	0.41	0.315	0.293
0.488	0.5	0.486	0.544	0.396	0.398	0.381	0.408	0.315	0.291
0.488	0.498	0.486	0.544	0.396	0.396	0.381	0.405	0.315	0.295
0.493	0.5	0.486	0.537	0.398	0.391	0.383	0.403	0.315	0.295
0.493	0.503	0.486	0.537	0.4	0.388	0.378	0.403	0.315	0.291
0.491	0.505	0.483	0.537	0.398	0.388	0.374	0.405	0.315	0.295
0.488	0.505	0.486	0.537	0.398	0.396	0.374	0.403	0.315	0.293
0.486	0.508	0.486	0.54	0.393	0.4	0.374	0.4	0.31	0.293
0.486	0.5	0.483	0.54	0.396	0.4	0.374	0.4	0.312	0.3
0.486	0.5	0.481	0.532	0.4	0.396	0.374	0.4	0.312	0.3
0.488	0.505	0.481	0.532	0.403	0.396	0.371	0.408	0.315	0.3
0.488	0.537	0.476	0.532	0.403	0.396	0.369	0.405	0.315	0.303
0.486	0.598	0.474	0.535	0.403	0.396	0.369	0.403	0.315	0.295
0.486	2.124	0.481	0.535	0.4	0.393	0.374	0.4	0.312	0.295
0.491	3.887	0.481	0.53	0.403	0.393	0.374	0.398	0.31	0.293
0.493	3.87	0.486	0.549	0.405	0.386	0.374	0.4	0.31	0.298
0.493	3.774	0.591	2.947	0.41	0.398	0.374	0.403	0.315	0.298
0.496	3.735	2.747	6.931	0.41	0.4	0.371	0.398	0.315	0.295
0.623	3.716	5.784	4.526	0.408	0.405	0.369	0.396	0.312	0.293
7.205	3.752	5.117	2.988	0.405	0.405	0.371	0.396	0.31	0.293
4.785	3.811	4.272	2.744	0.4	0.408	0.374	0.393	0.312	0.295
2.19	3.804	4.155	3.237	0.408	0.408	0.374	0.398	0.315	0.298
1.758	3.792	4.141	3.511	0.408	0.435	0.371	0.403	0.32	0.3
2.126	3.777	4.167	3.691	0.498	2.153	0.371	0.405	0.322	0.33
2.385	3.733	4.233	3.911	6.628	6.807	0.369	0.41	0.332	3.738
2.417	3.679	4.246	4.077	5.957	4.5	0.396	0.4	1.814	6.792
2.422	3.65	4.285	4.15	2.673	2.944	3.662	0.403	7.91	3.335
2.451	3.633	4.277	4.138	2.046	2.808	9.128	0.405	4.216	2.026
2.505	3.535	4.268	4.143	2.495	3.247	5.784	0.405	1.931	2.261
2.522	3.425	4.248	4.17	2.976	3.528	3.782	0.408	1.836	2.744
2.527	3.242	4.204	4.175	3.171	3.777	3.884	0.405	2.385	2.935
2.493	2.769	4.163	4.16	3.306	4.055	4.68	0.403	2.712	3.052
2.332	2.195	4.089	4.062	3.381	4.202	5.068	0.4	2.908	3.13
2.058	1.729	3.933	3.625	3.413	4.248	5.217	0.403	3.062	3.181
1.792	1.365	3.435	2.861	3.367	4.233	5.386	0.408	3.179	3.164
1.545	1.089	2.693	2.246	3.34	4.214	5.552	0.408	3.225	3.137
1.277	0.925	2.083	1.68	3.289	4.214	5.583	0.405	3.193	3.083
1.082	0.71	1.497	1.196	3.108	4.204	5.598	0.405	3.142	2.974
0.889	0.625	1.077	0.937	2.795	4.172	5.559	0.403	3.113	2.69
0.747	0.559	0.862	0.791	2.444	4.055	5.476	0.408	2.9	2.241
0.654	0.518	0.671	0.686	2.029	3.508	5.364	0.41	2.617	1.78
0.554	0.515	0.593	0.642	1.672	2.764	4.81	0.41	2.18	1.323
0.508	0.508	0.525	0.605	1.37	2.061	4.041	0.41	1.777	1.04
0.493	0.503	0.515	0.554	1.272	1.431	3.281	0.513	1.445	0.811
0.5	0.5	0.496	0.554	1.035	1.04	2.388	6.709	1.162	0.618
0.505	0.5	0.488	0.537	0.908	0.767	1.606	7.896	0.891	0.508
0.5	0.503	0.486	0.51	0.823	0.627	1.182	4.146	0.759	0.454
0.493	0.505	0.481	0.508	0.681	0.552	0.962	3.157	0.725	0.408
0.488	0.505	0.481	0.508	0.588	0.474	0.72	3.574	0.613	0.33
0.486	0.503	0.483	0.51	0.481	0.435	0.625	4.084	0.466	0.298
0.491	0.5	0.488	0.51	0.432	0.457	0.569	4.28	0.359	0.295
0.491	0.5	0.486	0.505	0.42	0.422	0.483	4.543	0.312	0.295
0.488	0.503	0.486	0.505	0.422	0.408	0.4	4.817	0.305	0.298
0.488	0.505	0.483	0.508	0.417	0.405	0.391	4.961	0.31	0.291
0.486	0.503	0.479	0.513	0.413	0.403	0.374	4.995	0.315	0.291
0.483	0.5	0.486	0.513	0.408	0.41	0.366	5.002	0.31	0.291
0.483	0.5	0.491	0.51	0.405	0.413	0.369	4.998	0.308	0.291
0.486	0.503	0.491	0.51	0.408	0.41	0.369	4.966	0.308	0.293
0.486	0.503	0.493	0.508	0.413	0.408	0.369	4.6	0.312	0.295
0.483	0.505	0.488	0.51	0.413	0.405	0.369	3.933	0.312	0.293
0.481	0.503	0.483	0.513	0.41	0.41	0.369	3.22	0.312	0.293
0.483	0.503	0.488	0.513	0.408	0.415	0.369	2.424	0.308	0.293
0.483	0.5	0.491	0.513	0.408	0.415	0.369	1.619	0.305	0.293
0.488	0.5	0.491	0.51	0.41	0.415	0.374	1.145	0.303	0.298
0.488	0.498	0.486	0.508	0.413	0.413	0.371	0.869	0.308	0.3
0.486	0.505	0.481	0.51	0.41	0.41	0.366	0.764	0.312	0.295
0.486	0.505	0.483	0.515	0.41	0.413	0.364	0.703	0.308	0.291
0.486	0.5	0.486	0.518	0.405	0.417	0.364	0.586	0.305	0.288
0.486	0.498	0.488	0.518	0.403	0.413	0.369	0.503	0.305	0.291
0.486	0.496	0.491	0.515	0.408	0.405	0.371	0.435	0.308	0.293
0.491	0.503	0.488	0.513	0.41	0.405	0.369	0.417	0.31	0.295
0.488	0.505	0.483	0.51	0.41	0.403	0.366	0.41	0.312	0.293
0.483	0.505	0.483	0.515	0.41	0.405	0.364	0.405	0.31	0.298
0.481	0.503	0.488	0.518	0.405	0.41	0.364	0.4	0.308	0.303
0.486	0.498	0.491	0.515	0.4	0.41	0.369	0.4	0.305	0.305
0.486	0.498	0.493	0.51	0.405	0.408	0.371	0.4	0.305	0.308
0.488	0.498	0.491	0.513	0.405	0.403	0.366	0.403	0.31	0.31
0.486	0.503	0.486	0.513	0.408	0.403	0.364	0.403	0.315	0.305
0.486	0.498	0.483	0.518	0.405	0.405	0.361	0.403	0.315	0.303
0.486	0.498	0.488	0.518	0.403	0.408	0.364	0.4	0.312	0.303
0.486	0.498	0.491	0.515	0.405	0.408	0.366	0.403	0.31	0.303
0.491	0.498	0.488	0.513	0.405	0.405	0.369	0.403	0.31	0.308
0.491	0.498	0.488	0.51	0.41	0.403	0.369	0.408	0.312	0.303
0.488	0.5	0.486	0.513	0.41	0.408	0.364	0.41	0.315	0.308
0.483	0.503	0.483	0.518	0.408	0.408	0.364	0.408	0.315	0.3
0.481	0.498	0.488	0.515	0.403	0.41	0.364	0.408	0.312	0.3
0.488	0.498	0.491	0.515	0.403	0.417	0.366	0.405	0.31	0.303
0.486	0.496	0.488	0.513	0.405	0.415	0.369	0.408	0.31	0.305
0.486	0.513	0.488	0.515	0.408	0.413	0.369	0.41	0.312	0.305
0.488	1.23	0.486	0.515	0.408	0.413	0.361	0.41	0.315	0.305
0.486	4.741	0.481	0.515	0.403	0.405	0.361	0.408	0.315	0.303
0.476	4.773	0.481	0.518	0.4	0.413	0.364	0.405	0.312	0.303
0.483	2.849	0.483	0.52	0.403	0.413	0.366	0.403	0.312	0.305
0.488	2.322	0.488	0.515	0.405	0.413	0.369	0.403	0.312	0.305
0.493	2.302	0.488	0.515	0.405	0.405	0.366	0.408	0.315	0.305
0.493	2.39	0.486	0.513	0.408	0.405	0.364	0.413	0.315	0.305
0.491	2.588	0.488	0.52	0.408	0.408	0.361	0.413	0.312	0.3
0.486	2.83	0.488	0.522	0.405	0.41	0.364	0.41	0.312	0.3
0.486	2.998	0.491	0.522	0.408	0.413	0.369	0.408	0.31	0.303
0.486	3.086	0.488	0.518	0.413	0.413	0.371	0.41	0.31	0.305
0.486	3.152	0.488	0.513	0.41	0.405	0.369	0.413	0.315	0.308
0.483	3.198	0.488	0.515	0.41	0.403	0.366	0.413	0.317	0.305
0.479	3.235	0.483	0.518	0.41	0.408	0.364	0.41	0.315	0.303
0.466	3.289	0.488	0.52	0.408	0.41	0.366	0.408	0.312	0.3
0.464	3.306	0.488	0.613	0.408	0.41	0.371	0.405	0.312	0.303
0.466	3.193	0.493	4.758	0.408	0.41	0.371	0.408	0.312	0.305
0.466	2.815	0.488	5.813	0.41	0.405	0.369	0.408	0.315	0.308
0.461	2.224	0.483	2.974	0.413	0.405	0.366	0.41	0.315	0.308
0.459	1.746	0.486	2.078	0.41	0.408	0.366	0.408	0.322	0.305
0.461	1.433	2.654	2.388	0.405	0.413	0.369	0.405	0.312	0.305
0.461	1.213	7.478	2.712	0.408	0.413	0.371	0.403	0.31	0.305
0.464	0.925	5.237	2.849	0.41	0.408	0.374	0.403	0.31	0.308
0.464	0.791	2.673	3	0.413	0.405	0.374	0.405	0.315	0.305
0.464	0.676	2.527	3.074	0.413	0.41	0.369	0.405	0.317	0.308
0.464	0.562	3.093	3.103	0.408	0.41	0.364	0.403	0.317	0.305
0.461	0.53	3.367	3.123	0.405	0.41	0.366	0.4	0.312	0.303
0.466	0.515	3.538	2.944	0.405	0.415	0.371	0.4	0.31	0.305
0.469	0.498	3.628	2.561	0.41	0.413	0.369	0.405	0.312	0.308
0.469	0.483	3.679	2.224	0.413	0.405	0.366	0.41	0.315	0.308
0.469	0.486	3.726	2.08	0.41	0.405	0.359	0.413	0.317	0.317
0.464	0.483	3.547	1.707	0.413	0.408	0.361	0.405	0.315	4.336
0.464	0.479	3.04	1.206	0.408	0.408	0.356	0.405	0.312	8.679
0.466	0.476	2.473	0.981	0.405	0.413	0.369	0.405	0.31	4.678
0.466	0.476	1.982	0.796	0.41	0.415	0.366	0.405	0.31	2.949
0.466	0.483	1.504	0.63	0.41	0.41	0.366	0.408	0.315	3.022
0.469	0.486	1.113	0.569	0.41	0.503	0.366	0.408	0.315	3.464
0.461	0.486	0.906	0.508	0.408	3.467	0.366	0.408	0.312	3.645
0.474	0.493	0.759	0.461	0.408	4.604	0.364	0.405	0.317	3.813
0.476	0.476	0.667	0.447	0.41	2.566	0.366	0.405	0.432	3.931
0.479	0.476	0.598	0.435	0.413	1.973	0.369	0.413	5.889	4.014
0.481	0.476	0.51	0.417	0.413	2.085	0.366	0.41	5.339	4.038
0.479	0.479	0.469	0.413	0.41	2.251	0.366	0.415	2.356	3.977
0.476	0.479	0.483	0.413	0.405	2.336	0.364	0.413	1.885	3.911
0.474	0.476	0.479	0.415	0.403	2.449	0.364	0.408	2.424	3.582
0.476	0.476	0.474	0.413	0.405	2.576	0.364	0.408	2.81	3.076
0.491	0.476	0.479	0.408	0.403	2.629	0.364	0.405	3.03	2.454
2.38	0.481	0.479	0.403	0.405	2.524	0.366	0.408	3.213	1.748
5.347	0.483	0.479	0.403	0.405	2.227	0.361	0.405	3.328	1.196
3.65	0.486	0.474	0.41	0.4	1.816	0.364	0.405	3.423	0.94
2.498	0.479	0.476	0.408	0.4	1.436	0.366	0.403	3.425	0.825
2.231	0.476	0.479	0.405	0.398	1.089	2.8	0.403	3.333	0.657
2.244	0.474	0.471	0.403	0.405	0.923	7.441	0.405	3.096	0.518
2.312	0.476	0.469	0.405	0.43	0.793	3.879	0.408	2.842	0.442
2.395	0.476	0.457	0.405	0.41	0.71	2.49	0.41	2.559	0.432
2.495	0.479	0.452	0.413	0.408	0.562	2.935	0.41	2.078	0.417
2.561	0.476	0.449	0.413	0.408	0.464	3.357	0.405	1.477	0.364
2.59	0.474	0.449	0.413	0.42	0.432	3.516	0.405	1.123	0.352
2.603	0.474	0.449	0.41	3.909	0.41	3.782	0.408	0.85	0.354
2.588	0.476	0.449	0.41	8.577	0.41	4.004	0.41	0.737	0.354
2.373	0.481	0.459	0.41	5.056	0.41	4.15	0.41	0.574	0.354
1.997	0.483	0.459	0.413	2.82	0.413	4.192	0.413	0.417	0.352
1.616	0.479	0.461	0.415	3.062	0.417	4.07	0.408	0.352	0.354
1.24	0.476	0.466	0.413	3.652	0.42	3.752	0.41	0.31	0.359
0.886	0.479	0.474	0.41	3.977	0.413	3.33	0.41	0.288	0.359
0.752	0.481	0.476	0.408	4.297	0.405	2.974	0.41	0.281	0.361
0.649	0.481	0.476	0.413	4.563	0.4	2.678	0.408	0.283	0.356
0.559	0.481	0.474	0.41	4.727	0.4	2.275	0.405	0.281	0.349
0.537	0.476	0.479	0.413	4.832	0.41	1.733	0.405	0.278	0.349
0.525	0.474	0.483	0.413	4.709	0.41	1.267	0.405	0.278	0.356
0.52	0.476	0.486	0.41	4.351	0.41	0.952	0.408	0.281	0.359
0.527	0.479	0.483	0.408	3.867	0.405	0.833	0.41	0.281	0.359
0.527	0.481	0.479	0.41	3.479	0.403	0.725	0.41	0.281	0.359
0.522	0.481	0.479	0.41	3.062	0.405	0.601	0.41	0.281	0.359
0.52	0.479	0.479	0.413	2.437	0.405	0.532	0.405	0.278	0.361
0.537	0.476	0.483	0.41	1.787	0.405	0.474	3.032	0.288	0.361
0.52	0.481	0.486	0.41	1.343	0.408	0.474	9.062	0.293	0.359
0.525	0.483	0.486	0.408	1.055	0.403	0.483	6.165	0.295	0.359
0.522	0.486	0.483	0.408	0.864	0.403	0.486	3.525	0.295	0.356
0.515	0.486	0.483	0.41	0.713	0.403	0.483	3.76	0.295	0.356
0.508	0.483	0.486	0.41	0.596	0.408	0.486	4.504	0.291	0.356
0.51	0.479	0.488	0.41	0.518	0.408	0.486	4.819	0.291	0.356
0.515	0.479	0.491	0.408	0.469	0.41	0.488	5.134	0.291	0.359
0.513	0.481	0.488	0.405	0.454	0.403	0.486	5.437	0.295	0.359
0.51	0.483	0.486	0.408	0.469	0.4	0.486	5.703	0.295	0.361
0.5	0.481	0.486	0.41	0.476	0.403	0.486	5.791	0.295	0.359
0.5	0.483	0.486	0.41	0.481	0.408	0.488	5.859	0.293	0.354
0.5	0.486	0.491	0.408	0.481	0.41	0.491	5.864	0.291	0.359
0.505	0.486	0.488	0.403	0.486	0.408	0.493	5.74	0.293	0.361
0.508	0.486	0.488	0.403	0.491	0.405	0.493	5.344	0.298	0.366
0.508	0.486	0.483	0.408	0.488	0.408	0.491	4.634	0.298	0.359
0.508	0.486	0.481	0.408	0.486	0.413	0.491	3.567	0.295	0.359
0.503	0.488	0.481	0.41	0.483	0.41	0.493	2.642	0.293	0.354
0.503	0.483	0.486	0.417	0.474	0.408	0.496	1.877	0.293	0.359
0.505	0.483	0.491	0.408	0.469	0.405	0.496	1.16	0.293	0.361
0.505	0.486	0.486	0.405	0.466	0.405	0.491	0.901	0.291	0.361
0.508	0.488	0.481	0.408	0.466	0.408	0.483	0.735	0.295	0.361
0.508	0.483	0.481	0.413	0.466	0.405	0.483	0.645	0.293	0.359
0.505	0.481	0.483	0.415	0.461	0.413	0.488	0.583	0.293	0.356
0.505	0.479	0.486	0.41	0.461	0.415	0.493	0.593	0.293	0.359
0.508	0.481	0.486	0.408	0.461	0.413	0.496	0.581	0.293	0.361
0.508	0.481	0.479	0.408	0.457	0.408	0.491	0.547	0.293	0.361
0.505	0.483	0.481	0.408	0.449	0.405	0.491	0.54	0.298	0.361
0.5	0.486	0.481	0.413	0.444	0.405	0.488	0.54	0.295	0.356
0.498	0.479	0.481	0.415	0.439	0.405	0.493	0.535	0.295	0.356
0.5	0.474	0.481	0.413	0.449	0.408	0.498	0.535	0.293	0.361
0.505	0.471	0.486	0.41	0.457	0.408	0.498	0.537	0.293	0.364
0.505	0.476	0.491	0.41	0.464	0.405	0.493	0.537	0.295	0.364
0.505	0.479	0.491	0.41	0.466	0.405	0.493	0.537	0.298	0.366
0.505	0.479	0.493	0.413	0.471	0.405	0.493	0.535	0.303	0.359
0.503	0.476	0.496	0.415	0.466	0.408	0.493	0.537	0.295	0.356
0.503	0.471	0.493	0.41	0.464	0.41	0.491	0.53	0.293	0.356
0.508	0.471	0.488	0.41	0.464	0.408	0.491	0.525	0.293	0.361
0.508	0.474	0.486	0.41	0.466	0.405	0.491	0.527	0.295	0.361
0.508	0.481	0.483	0.413	0.469	0.405	0.488	0.532	0.298	0.364
0.505	0.479	0.491	0.42	0.464	0.405	0.488	0.532	0.298	0.361
0.503	0.479	0.493	0.42	0.461	0.408	0.493	0.527	0.293	0.361
0.505	0.476	0.496	0.417	0.461	0.41	0.493	0.53	0.293	0.361
0.505	0.479	0.5	0.413	0.466	0.408	0.496	0.53	0.295	0.364
0.508	0.476	0.5	0.41	0.471	0.405	0.498	0.53	0.295	0.364
0.508	0.479	0.5	0.413	0.466	0.405	0.493	0.527	0.298	0.374
0.5	0.479	0.498	0.415	0.466	0.405	0.493	0.52	0.295	0.364
0.5	0.479	0.493	0.42	0.466	0.408	0.498	0.513	0.293	0.361
0.503	0.476	0.5	0.42	0.466	0.408	0.496	0.503	0.293	0.361
0.505	0.479	0.508	0.415	0.466	0.405	0.493	0.51	0.295	0.366
0.508	0.483	0.5	0.413	0.469	0.403	0.493	0.513	0.295	0.364
0.51	0.486	0.498	0.415	0.471	0.405	0.493	0.513	0.298	0.364
0.503	0.486	0.503	0.417	0.469	0.405	0.491	0.525	0.295	0.361
0.5	0.483	0.505	0.417	0.464	0.405	0.496	0.515	0.293	0.359
0.5	0.481	0.503	0.417	0.464	0.405	0.493	0.518	0.291	0.361
0.505	0.481	0.505	0.415	0.464	0.405	0.493	0.52	0.293	0.364
0.508	0.483	0.505	0.413	0.464	0.403	0.498	0.52	0.295	0.366
0.508	0.483	0.503	0.417	0.464	0.4	0.498	0.52	0.298	0.366
0.505	0.481	0.503	0.417	0.459	0.405	0.496	0.52	0.295	0.364
0.503	0.481	0.503	0.417	0.459	0.405	0.498	0.515	0.293	0.364
0.51	0.476	0.51	0.417	0.457	0.408	0.5	0.515	0.291	0.364
0.513	0.476	0.513	0.413	0.459	0.408	0.5	0.518	0.293	0.369
0.513	0.479	0.515	0.408	0.464	0.403	0.491	0.518	0.295	0.369
0.518	0.481	0.513	0.413	0.464	0.398	0.486	0.522	0.298	0.366
0.51	0.481	0.513	0.415	0.464	0.4	0.483	0.522	0.295	0.366
0.51	0.476	0.51	0.417	0.464	0.405	0.486	0.522	0.293	0.364
0.508	0.474	0.513	0.417	0.461	0.405	0.491	0.522	0.291	0.366
0.51	0.474	0.513	0.415	0.459	0.4	0.496	0.527	0.293	0.366
0.513	0.476	0.513	0.415	0.466	0.398	0.493	0.525	0.295	0.366
0.51	0.479	0.515	0.415	0.464	0.403	0.491	0.525	0.298	0.361
0.508	0.479	0.51	0.417	0.461	0.403	0.491	0.522	0.295	0.361
0.505	0.476	0.515	0.415	0.459	0.405	0.491	0.52	0.295	0.364
0.503	0.476	0.515	0.417	0.459	0.405	0.493	0.518	0.291	0.361
0.513	0.474	0.52	0.413	0.461	0.403	0.491	0.522	0.293	0.366
0.51	0.476	0.874	0.41	0.464	0.4	0.486	0.522	0.293	0.369
0.51	0.479	5.173	0.41	0.466	0.398	0.483	0.527	0.295	0.364
0.505	0.479	6.392	0.413	0.464	0.403	0.486	0.525	0.295	0.364
0.508	0.476	4.768	0.415	0.461	0.405	0.486	0.522	0.293	0.427
0.503	0.474	3.809	0.415	0.461	0.405	0.493	0.518	0.293	2.749
0.508	0.476	3.828	0.413	0.466	0.403	0.496	0.52	0.293	5.991
0.513	0.481	4.187	0.41	0.466	0.396	0.491	0.525	0.295	4.558
0.513	0.486	4.487	0.41	0.464	0.4	0.488	0.527	0.295	2.512
0.508	0.486	4.758	0.413	0.461	0.4	0.488	0.525	0.295	2.271
0.508	0.481	4.99	0.413	0.461	0.405	0.493	0.525	0.293	2.688
0.508	0.479	5.059	0.41	0.459	0.461	0.496	0.525	0.293	2.92
0.513	0.476	5.112	0.408	0.461	3.906	0.493	0.525	0.293	3.079
0.515	0.479	5.115	0.408	0.464	7.271	0.491	0.525	0.295	3.198
0.515	0.481	5.081	0.408	0.469	4.702	0.488	0.522	0.298	3.25
0.51	0.745	5.078	0.41	0.464	2.344	0.486	0.52	0.298	3.264
0.51	5.493	4.978	0.41	0.459	2.021	0.491	0.52	0.295	3.276
0.51	6.721	4.626	0.408	0.457	2.5	0.491	0.52	0.293	3.315
0.51	4.221	3.931	0.408	0.461	2.769	0.493	0.522	0.293	3.318
0.51	3.269	3.005	0.408	0.464	2.922	0.491	0.525	0.295	3.123
0.51	3.533	2.056	0.408	0.461	3.027	0.488	0.525	0.298	2.683
0.508	4.255	1.562	0.466	0.459	3.042	0.491	0.525	0.298	2.139
0.508	4.641	1.135	4.705	0.457	3.047	0.491	0.52	0.295	1.667
0.508	4.927	0.842	6.848	0.457	3.037	0.493	0.518	0.293	1.406
0.51	5.166	0.723	4.626	0.459	3.025	0.493	0.518	0.295	1.077
0.515	5.344	0.569	3.303	0.461	2.954	0.493	0.52	0.295	0.916
0.515	5.381	0.537	3.555	0.461	2.659	0.493	0.52	0.298	0.74
0.513	5.383	0.54	4.319	0.459	2.278	0.488	0.522	0.293	0.549
0.51	5.391	0.505	4.69	0.459	1.812	0.491	0.518	0.295	0.481
0.508	5.393	0.491	5.01	0.457	1.34	0.493	0.518	0.293	0.476
0.51	5.256	0.486	5.305	0.461	1.135	0.493	0.518	0.293	0.454
0.51	4.817	0.488	5.54	0.461	0.901	0.491	0.522	0.298	0.398
0.513	4.102	0.491	5.645	0.466	0.693	0.488	0.532	0.298	0.378
0.51	3.252	0.491	5.728	0.459	0.588	0.488	0.537	0.298	0.369
0.503	2.319	0.493	5.769	0.457	0.471	0.491	0.535	0.293	0.369
0.503	1.758	0.493	5.823	0.459	0.466	0.493	0.535	0.291	0.371
0.508	1.318	0.496	5.796	0.461	0.466	0.496	0.532	0.293	0.371
0.576	0.989	0.496	5.518	0.461	0.42	0.496	0.537	0.295	0.371
3.352	0.852	0.486	4.866	0.459	0.403	0.491	0.542	0.295	0.371
7.349	0.713	0.479	3.938	0.459	0.403	0.491	0.542	0.295	0.366
4.446	0.564	0.471	3.047	0.459	0.4	0.496	0.54	0.293	0.366
2.285	0.532	0.476	2.065	0.459	0.403	0.496	0.535	0.293	0.369
2.058	0.51	0.476	1.553	0.459	0.4	0.5	0.537	0.293	0.374
2.712	0.491	0.474	1.145	0.469	0.403	0.5	0.54	0.295	0.374
3.096	0.479	0.471	0.84	0.469	0.403	0.496	0.537	0.298	0.371
3.215	0.471	0.469	0.725	0.466	0.405	0.493	0.537	0.293	0.366
3.452	0.471	0.474	0.569	0.464	0.41	0.498	0.605	0.293	0.366
3.616	0.471	0.476	0.486	0.464	0.413	0.5	4.829	0.291	0.366
3.645	0.469	0.479	0.476	0.466	0.417	0.503	7.39	0.291	0.371
3.628	0.471	0.474	0.452	0.469	0.413	0.503	4.612	0.295	0.371
3.621	0.474	0.469	0.422	0.469	0.413	0.498	2.871	0.295	0.369
3.455	0.469	0.471	0.415	0.464	0.41	0.498	3.093	0.295	0.369
3.142	0.471	0.474	0.415	0.461	0.415	0.503	3.813	0.293	0.366
2.651	0.471	0.481	0.413	0.461	0.417	0.508	4.287	0.291	0.369
2.131	0.471	0.481	0.41	0.461	0.415	0.505	4.453	0.291	0.374
1.594	0.476	0.483	0.41	0.464	0.408	0.5	4.592	0.293	0.371
1.228	0.476	0.481	0.415	0.464	0.41	0.5	4.69	0.325	0.371
1.082	0.474	0.481	0.415	0.464	0.415	0.496	4.666	2.244	0.369
0.991	0.469	0.481	0.417	0.457	0.415	0.5	4.651	6.838	0.366
0.854	0.469	0.486	0.415	0.454	0.415	0.505	4.631	5.232	0.366
0.645	0.469	0.486	0.41	0.459	0.413	0.505	4.419	2.134	0.371
0.583	0.476	0.486	0.408	0.454	0.41	0.503	3.933	1.379	0.371
0.593	0.476	0.481	0.41	0.559	0.41	0.498	3.306	2.034	0.371
0.549	0.476	0.479	0.41	4.624	0.413	0.498	2.505	2.595	0.364
0.53	0.474	0.481	0.415	6.719	0.415	0.503	1.809	2.754	0.364
0.525	0.471	0.481	0.413	4.785	0.417	0.503	1.375	2.839	0.366
0.53	0.466	0.479	0.41	3.621	0.417	0.503	1.104	2.898	0.366
0.53	0.474	0.479	0.408	3.765	0.413	0.498	0.981	2.886	0.369
0.527	0.474	0.476	0.41	4.578	0.413	0.496	0.859	2.874	0.364
0.525	0.476	0.479	0.415	5.012	0.408	0.496	0.652	2.871	0.364
0.525	0.474	0.483	0.415	5.476	0.413	0.496	0.608	2.874	0.366
0.522	0.476	0.486	0.413	6.001	0.413	0.503	0.618	2.842	0.369
0.527	0.479	0.488	0.41	6.147	0.41	0.505	0.576	2.607	0.369
0.527	0.476	0.483	0.408	6.145	0.408	0.503	0.559	2.166	0.369
0.527	0.476	0.481	0.408	6.147	0.405	0.5	0.549	1.624	0.369
0.522	0.476	0.476	0.413	6.172	0.408	0.5	0.547	1.189	0.364
0.527	0.474	0.479	0.415	6.13	0.41	0.5	0.54	0.803	0.361
0.527	0.471	0.481	0.415	6.067	0.413	0.503	0.54	0.696	0.364
0.532	0.471	0.481	0.41	5.994	0.408	0.5	0.54	0.618	0.369
0.53	0.476	0.481	0.41	5.845	0.403	0.5	0.54	0.549	0.369
0.53	0.479	0.479	0.413	5.388	0.403	0.498	0.542	0.413	0.369
0.527	0.476	0.476	0.415	4.451	0.403	0.498	0.542	0.337	0.369
0.525	0.479	0.479	0.415	3.54	0.408	0.5	0.54	0.32	0.366
0.525	0.476	0.481	0.415	2.412	0.41	0.503	0.535	0.31	0.364
0.527	0.476	0.481	0.41	1.729	0.41	0.505	0.544	0.303	0.369
0.53	0.479	0.479	0.41	1.187	0.403	0.503	0.542	0.298	0.371
0.53	0.481	0.476	0.41	0.84	0.4	0.498	0.547	0.298	0.366
0.527	0.481	0.476	0.413	0.647	0.405	0.498	0.547	0.298	0.364
0.522	0.479	0.479	0.415	0.571	0.408	0.5	0.542	0.295	0.369
0.525	0.479	0.481	0.413	0.562	0.405	0.574	0.544	0.293	0.503
0.525	0.476	0.479	0.41	0.51	0.403	3.987	0.544	0.293	1.428
0.525	0.483	0.479	0.408	0.481	0.4	6.985	0.547	0.295	1.836
0.527	0.483	0.476	0.408	0.474	0.403	4.646	0.547	0.298	1.865
0.522	0.481	0.474	0.408	0.488	0.4	3.162	0.547	0.298	1.863
0.52	0.476	0.476	0.41	0.483	0.403	3.503	0.544	0.295	1.838
0.52	0.476	0.481	0.41	0.488	0.405	4.231	0.542	0.293	1.809
0.522	0.479	0.481	0.405	0.491	0.4	4.785	0.542	0.293	1.79
0.522	0.479	0.513	0.405	0.493	0.4	5.288	0.547	0.298	1.765
0.52	0.483	0.969	0.405	0.493	0.4	5.737	0.549	0.3	1.775
0.52	0.483	1.721	0.408	0.493	0.4	5.991	0.54	0.3	1.763
0.518	0.481	1.814	0.41	0.488	0.405	6.057	0.542	0.298	1.758
0.522	0.481	1.418	0.408	0.488	0.405	6.045	0.544	0.295	1.699
0.525	0.51	1.255	0.405	0.493	0.403	6.028	0.544	0.295	1.506
0.525	0.586	1.245	0.405	0.498	0.4	6.038	0.544	0.298	1.287
0.525	1.633	1.328	0.405	0.5	0.403	5.796	0.544	0.3	1.128
0.52	2.004	1.455	0.41	0.496	0.405	5.271	0.537	0.298	0.955
0.52	1.882	1.541	0.41	0.496	0.408	4.551	0.542	0.295	0.791
0.522	1.812	1.577	0.408	0.496	0.408	3.623	0.54	0.293	0.654
0.522	1.816	1.633	0.408	0.498	0.4	2.698	0.537	0.295	0.544
0.527	1.838	1.501	0.405	0.498	0.403	1.882	0.544	0.298	0.486
0.527	1.838	1.194	0.405	0.498	0.405	1.34	0.549	0.3	0.491
0.52	1.855	1.018	0.41	0.498	0.405	1.045	0.547	0.298	0.437
0.52	1.868	0.935	0.41	0.496	0.413	0.898	0.544	0.295	0.413
0.52	1.87	0.886	0.41	0.498	0.41	0.718	0.542	0.295	0.4
0.522	1.855	0.73	0.405	0.5	0.408	0.61	0.544	0.295	0.376
0.537	1.841	0.632	0.405	0.5	0.405	0.588	0.547	0.298	0.366
0.549	1.724	0.623	0.396	0.5	0.408	0.581	0.544	0.3	0.359
0.72	1.392	0.598	0.403	0.498	0.464	0.51	0.547	0.298	0.356
1.445	1.177	0.603	0.408	0.496	1.028	0.481	0.544	0.295	0.349
1.689	1.021	0.588	0.408	0.493	1.575	0.481	0.542	0.295	0.349
1.687	0.82	0.557	0.408	0.498	1.619	0.479	0.542	0.295	0.349
1.709	0.627	0.527	0.408	0.5	1.545	0.479	0.544	0.298	0.352
1.758	0.547	0.5	0.417	0.505	1.553	0.476	0.547	0.3	0.347
1.824	0.503	0.488	0.422	0.498	1.587	0.476	0.544	0.332	0.344
1.877	0.491	0.508	0.425	0.498	1.721	0.476	0.559	0.361	0.344
1.902	0.505	0.498	0.427	0.498	1.838	0.479	0.681	0.425	0.342
1.936	0.483	0.496	0.422	0.503	1.941	0.479	1.445	0.779	0.342
1.956	0.474	0.491	0.42	0.503	2.041	0.476	1.885	0.881	0.339
1.968	0.471	0.483	0.422	0.505	2.092	0.476	1.846	0.93	0.339
1.978	0.488	0.483	0.422	0.503	1.934	0.479	1.758	0.979	0.332
1.951	0.476	0.486	0.425	0.498	1.672	0.481	1.729	1.082	0.332
1.782	0.466	0.491	0.422	0.498	1.475	0.469	1.726	1.199	0.33
1.582	0.464	0.493	0.417	0.5	1.272	0.464	1.714	1.472	0.332
1.233	0.469	0.486	0.417	0.5	1.069	0.457	1.704	1.643	0.337
0.962	0.474	0.486	0.42	0.503	0.898	0.454	1.738	1.787	0.334
0.825	0.476	0.486	0.417	0.498	0.823	0.454	1.726	1.809	0.337
0.703	0.474	0.488	0.42	0.5	0.752	0.454	1.719	1.819	0.334
0.635	0.474	0.493	0.422	0.5	0.627	0.454	1.709	1.733	0.337
0.591	0.476	0.493	0.422	0.5	0.598	0.457	1.604	1.646	0.342
0.569	0.476	0.493	0.417	0.503	0.591	0.457	1.35	1.477	0.342
0.579	0.476	0.488	0.417	0.505	0.564	0.452	1.121	1.279	0.337
0.562	0.479	0.488	0.42	0.503	0.571	0.452	0.945	1.116	0.334
0.559	0.474	0.491	0.422	0.498	0.586	0.452	0.75	0.967	0.327
0.559	0.471	0.493	0.422	0.496	0.554	0.452	0.657	0.818	0.33
0.562	0.466	0.503	0.42	0.498	0.513	0.457	0.593	0.652	0.332
0.566	0.474	0.491	0.415	0.5	0.483	0.452	0.559	0.586	0.337
0.564	0.476	0.488	0.417	0.503	0.454	0.449	0.571	0.542	0.332
0.562	0.479	0.486	0.42	0.498	0.432	0.447	0.547	0.557	0.332
0.552	0.471	0.488	0.42	0.5	0.437	0.452	0.547	0.54	0.334
0.562	0.469	0.493	0.417	0.5	0.444	0.457	0.496	0.496	0.332
0.583	0.469	0.491	0.417	0.5	0.432	0.457	0.486	0.481	0.337
0.593	0.471	0.488	0.417	0.513	0.422	0.454	0.479	0.439	0.342
0.596	0.474	0.483	0.415	0.645	0.42	0.452	0.471	0.444	0.342
0.591	0.474	0.483	0.417	1.973	0.417	0.452	0.479	0.439	0.334
0.581	0.474	0.483	0.422	2.603	0.42	0.454	0.476	0.413	0.332
0.581	0.469	0.486	0.422	2.351	0.425	0.459	0.476	0.41	0.337
0.586	0.466	0.486	0.42	2.31	0.422	0.459	0.479	0.41	0.337
0.588	0.474	0.486	0.417	2.48	0.422	0.457	0.483	0.413	0.334
0.591	0.474	0.486	0.417	2.666	0.422	0.452	0.479	0.417	0.337
0.586	0.474	0.483	0.42	2.847	0.42	0.452	0.481	0.417	0.337
0.586	0.474	0.483	0.422	2.996	0.42	0.449	0.471	0.417	0.334
0.583	0.471	0.491	0.42	3.018	0.42	0.452	0.461	0.417	0.334
0.586	0.471	0.491	0.417	3.118	0.417	0.449	0.466	0.417	0.334
0.586	0.474	0.488	0.417	3.14	0.42	0.454	0.471	0.415	0.339
0.586	0.476	0.486	0.422	3.074	0.417	0.452	0.474	0.415	0.337
0.586	0.476	0.481	0.425	2.866	0.422	0.449	0.476	0.415	0.337
0.576	0.474	0.486	0.427	2.437	0.422	0.454	0.474	0.41	0.388
0.581	0.471	0.488	0.427	1.934	0.422	0.452	0.476	0.408	1.272
0.583	0.471	0.486	0.425	1.45	0.422	0.452	0.474	0.41	1.904
0.583	0.474	0.486	0.422	1.069	0.417	0.452	0.474	0.41	1.665
0.583	0.476	0.483	0.422	0.864	0.415	0.452	0.474	0.41	1.604
0.579	0.476	0.483	0.425	0.693	0.42	0.452	0.476	0.41	1.65
0.581	0.474	0.486	0.425	0.593	0.427	0.454	0.471	0.408	1.692
0.581	0.474	0.491	0.425	0.588	0.43	0.457	0.471	0.403	1.809
0.576	0.471	0.496	0.42	0.579	0.427	0.457	0.469	0.403	2.017
0.576	0.474	0.491	0.42	0.53	0.427	0.452	0.474	0.398	2.129
0.581	0.476	0.483	0.42	0.518	0.425	0.452	0.476	0.405	2.197
0.576	0.479	0.481	0.425	0.493	0.427	0.449	0.474	0.408	2.266
0.579	0.474	0.481	0.427	0.471	0.43	0.452	0.471	0.408	2.319
0.576	0.471	0.486	0.425	0.471	0.427	0.454	0.466	0.403	2.312
0.583	0.471	0.488	0.422	0.479	0.425	0.457	0.471	0.405	2.307
0.588	0.476	0.481	0.417	0.486	0.42	0.457	0.474	0.408	2.3
0.591	0.476	0.479	0.422	0.483	0.422	0.454	0.479	0.408	2.131
0.588	0.474	0.481	0.425	0.479	0.422	0.452	0.481	0.41	1.804
0.586	0.471	0.481	0.427	0.476	0.427	0.454	0.471	0.408	1.448
0.588	0.471	0.486	0.425	0.476	0.427	0.454	0.469	0.405	1.143
0.591	0.469	0.488	0.425	0.481	0.43	0.454	0.471	0.403	0.906
0.591	0.469	0.496	0.422	0.486	0.422	0.454	0.471	0.405	0.691
0.593	0.471	0.618	0.427	0.488	0.422	0.454	0.471	0.408	0.61
0.588	0.474	1.423	0.427	0.491	0.422	0.452	0.466	0.41	0.547
0.588	0.491	1.516	0.43	0.483	0.425	0.454	0.469	0.408	0.52
0.591	0.5	1.252	0.43	0.483	0.425	0.457	0.471	0.405	0.474
0.598	0.913	1.235	0.427	0.488	0.43	0.459	0.474	0.405	0.437
0.601	2.002	1.294	0.427	0.493	0.427	0.454	0.474	0.408	0.427
0.596	1.567	1.367	0.425	0.493	0.425	0.452	0.474	0.408	0.408
0.596	1.458	1.504	0.43	0.488	0.425	0.454	0.474	0.405	0.391
0.591	1.575	1.655	0.432	0.479	0.43	0.457	0.469	0.4	0.388
0.593	1.655	1.853	0.427	0.479	0.432	0.459	0.471	0.4	0.403
0.598	1.707	1.96	0.427	0.481	0.427	0.461	0.493	0.381	0.42
0.601	1.787	2.004	0.425	0.481	0.427	0.454	0.618	0.383	0.425
0.608	1.838	2.009	0.427	0.481	0.425	0.452	1.819	0.381	0.42
0.72	1.853	2.002	0.432	0.481	0.425	0.449	2.158	0.383	0.413
2.029	1.848	1.953	0.432	0.479	0.427	0.454	2.031	0.396	0.415
2.261	1.804	1.902	0.457	0.476	0.43	0.454	2.014	0.476	0.422
1.802	1.741	1.704	0.537	0.479	0.427	0.454	2.178	1.145	0.43
1.79	1.677	1.482	1.624	0.481	0.42	0.457	2.324	1.616	0.427
1.86	1.592	1.255	1.943	0.481	0.422	0.452	2.449	1.401	0.42
1.907	1.414	1.064	1.877	0.481	0.42	0.452	2.722	1.348	0.417
1.934	1.196	0.984	1.912	0.481	0.43	0.454	2.998	1.35	0.417
1.985	1.001	0.991	1.938	0.481	0.432	0.457	3.115	1.375	0.417
2.061	0.972	0.964	1.914	0.479	0.432	0.457	3.074	1.528	0.42
2.056	0.964	0.854	1.926	0.481	0.427	0.457	3.069	1.87	0.417
2.019	0.918	0.706	1.931	0.483	0.569	0.454	3.052	2.092	0.415
1.987	0.811	0.654	1.929	0.483	2.795	0.452	2.976	2.141	0.413
1.946	0.691	0.618	1.924	0.481	1.897	0.454	2.759	2.195	0.408
1.897	0.623	0.581	1.914	0.481	1.323	0.457	2.419	2.244	0.408
1.746	0.586	0.583	1.887	0.483	1.24	0.459	1.956	2.273	0.41
1.516	0.603	0.569	1.814	0.483	1.27	0.459	1.458	2.266	0.42
1.16	0.571	0.552	1.743	0.486	1.284	0.454	1.028	2.212	0.415
0.925	0.549	0.544	1.543	0.483	1.423	0.457	0.706	1.921	0.41
0.83	0.544	0.544	1.208	0.479	1.58	0.457	0.588	1.565	0.408
0.703	0.532	0.542	0.999	0.476	1.677	0.459	0.544	1.26	0.41
0.623	0.53	0.547	0.735	0.479	1.689	0.457	0.51	0.903	0.393
0.579	0.535	0.544	0.596	0.483	1.67	0.459	0.491	0.732	0.386
0.562	0.535	0.54	0.518	0.483	1.66	0.457	0.508	0.603	0.381
0.564	0.54	0.537	0.493	0.483	1.609	0.454	0.498	0.535	0.376
0.549	0.535	0.537	0.479	0.481	1.519	0.457	0.474	0.496	0.381
0.532	0.535	0.544	0.454	0.481	1.406	0.461	0.459	0.435	0.378
0.532	0.53	0.552	0.439	0.481	1.292	0.476	0.459	0.435	0.378
0.547	0.54	0.552	0.449	0.483	1.094	0.796	0.469	0.427	0.381
0.566	0.547	0.552	0.444	0.483	0.933	1.523	0.479	0.374	0.378
0.569	0.54	0.557	0.444	0.479	0.781	1.799	0.476	0.366	0.376
0.571	0.542	0.557	0.444	0.476	0.757	1.838	0.474	0.364	0.378
0.571	0.54	0.557	0.444	0.479	0.657	1.87	0.476	0.366	0.381
0.574	0.537	0.557	0.442	0.471	0.608	1.936	0.481	0.374	0.383
0.574	0.537	0.559	0.439	0.479	0.601	2.212	0.479	0.374	0.386
0.574	0.542	0.557	0.439	0.496	0.601	2.437	0.479	0.378	0.381
0.566	0.547	0.554	0.444	1.46	0.598	2.649	0.476	0.378	0.378
0.564	0.544	0.559	0.447	2.915	0.591	2.773	0.481	0.376	0.381
0.566	0.547	0.559	0.449	2.3	0.586	2.861	0.479	0.383	0.381
0.566	0.547	0.562	0.442	2.107	0.574	2.913	0.483	0.388	0.383
0.569	0.552	0.557	0.437	2.083	0.571	2.944	0.488	0.393	0.383
0.571	0.554	0.554	0.439	2.095	0.549	2.891	0.491	0.396	0.383
0.571	0.552	0.559	0.442	2.134	0.53	2.625	0.491	0.396	0.381
0.569	0.549	0.564	0.444	2.371	0.532	2.2	0.486	0.386	0.378
0.564	0.547	0.564	0.444	2.598	0.53	1.738	0.481	0.378	0.381
0.566	0.544	0.564	0.439	2.722	0.532	1.404	0.488	0.378	0.383
0.574	0.544	0.562	0.437	2.766	0.53	1.113	0.481	0.378	0.383
0.576	0.547	0.559	0.437	2.729	0.525	0.85	0.481	0.383	0.381
0.569	0.544	0.559	0.439	2.708	0.525	0.701	0.479	0.391	0.381
0.566	0.544	0.564	0.442	2.71	0.53	0.632	0.464	0.388	0.381
0.566	0.544	0.562	0.444	2.656	0.527	0.574	0.474	0.386	0.381
0.571	0.542	0.562	0.442	2.532	0.522	0.586	0.471	0.383	0.383
0.574	0.547	0.562	0.437	2.31	0.522	0.535	0.471	0.391	0.386
0.576	0.547	0.564	0.442	1.814	0.525	0.513	0.461	0.388	0.391
0.574	0.547	0.564	0.444	1.355	0.527	0.457	0.452	0.386	0.386
0.571	0.547	0.569	0.444	0.996	0.535	0.454	0.454	0.383	0.383
0.576	0.542	0.566	0.439	0.801	0.535	0.469	0.457	0.376	0.386
0.583	0.54	0.566	0.435	0.71	0.535	0.447	0.457	0.381	0.388
0.591	0.544	0.564	0.43	0.645	0.527	0.435	0.457	0.378	0.391
0.591	0.544	0.564	0.437	0.601	0.527	0.435	0.457	0.378	0.388
0.591	0.544	0.564	0.437	0.581	0.525	0.422	0.452	0.376	0.386
0.586	0.544	0.566	0.439	0.574	0.532	0.422	0.437	0.376	0.383
0.588	0.542	0.566	0.432	0.557	0.527	0.422	0.427	0.378	0.383
0.591	0.544	0.571	0.43	0.54	0.525	0.422	0.427	0.376	0.386
0.593	0.547	0.569	0.427	0.54	0.52	0.422	0.43	0.376	0.391
0.591	0.549	0.562	0.43	0.544	0.52	0.425	0.435	0.376	0.391
0.588	0.547	0.562	0.437	0.547	0.525	0.422	0.435	0.381	0.388
0.586	0.547	0.564	0.437	0.54	0.527	0.425	0.435	0.376	0.386
0.588	0.547	0.566	0.432	0.532	0.53	0.425	0.435	0.374	0.386
0.588	0.547	0.569	0.43	0.535	0.525	0.425	0.432	0.376	0.391
0.586	0.549	0.566	0.427	0.535	0.52	0.415	0.437	0.381	0.41
0.586	0.552	0.566	0.427	0.535	0.52	0.41	0.432	0.386	5.566
0.588	0.549	0.564	0.435	0.537	0.515	0.41	0.43	0.383	7.512
0.588	0.542	0.566	0.437	0.535	0.522	0.408	0.43	0.383	3.848
0.588	0.54	0.571	0.435	0.542	0.525	0.41	0.43	0.376	3.105
0.588	0.535	0.571	0.435	0.544	0.527	0.41	0.437	0.381	3.669
0.588	0.535	0.566	0.432	0.549	0.52	0.41	0.435	0.383	4.114
0.588	0.537	0.564	0.432	0.549	0.522	0.405	0.432	0.383	4.304
0.586	0.544	0.564	0.437	0.549	0.522	0.408	0.432	0.386	4.443
0.586	0.537	0.566	0.437	0.549	0.52	0.41	0.43	0.383	4.441
0.583	0.537	0.574	0.437	0.547	0.515	0.413	0.427	0.381	4.426
0.583	0.537	0.576	0.437	0.547	0.5	0.415	0.427	0.381	4.336
0.588	0.54	0.576	0.437	0.549	0.51	0.413	0.43	0.383	3.889
0.583	0.542	0.571	0.435	0.547	0.513	0.41	0.435	0.383	3.335
0.586	0.54	0.571	0.437	0.544	0.513	0.41	0.435	0.381	2.891
0.586	0.54	0.574	0.439	0.542	0.515	0.41	0.439	0.381	2.539
0.586	0.535	0.576	0.479	0.544	0.52	0.415	0.698	0.378	1.924
0.588	0.532	0.571	4.324	0.542	0.515	0.413	7.043	0.376	1.414
0.591	0.532	0.569	3.818	0.542	0.515	0.413	6.355	0.378	1.038
0.593	0.544	0.569	2.229	0.544	0.515	0.41	3.821	0.378	0.837
0.588	0.549	0.562	2.61	0.54	0.52	0.413	3.84	0.378	0.632
0.588	0.549	0.571	2.896	0.537	0.52	0.408	4.282	0.376	0.422
0.596	0.542	0.571	3.013	0.537	0.52	0.408	4.646	0.376	0.315
0.596	0.542	0.574	3.105	0.535	0.515	0.41	4.949	0.374	0.288
0.598	0.544	0.571	3.264	0.54	0.518	0.41	5.261	0.388	0.281
0.601	0.549	0.566	3.425	0.542	0.518	0.405	5.378	0.518	0.271
0.596	0.547	0.566	3.572	0.535	0.515	0.408	5.43	3.281	0.269
0.593	0.542	0.569	3.608	0.537	0.518	0.408	5.291	4.246	0.269
0.591	0.547	0.571	3.506	0.537	0.522	0.41	4.854	3.359	0.269
0.596	0.635	0.574	3.274	0.537	0.522	0.41	4.243	3.325	0.271
0.598	4.866	0.627	3	0.537	0.518	0.405	3.604	3.652	0.271
0.591	5.994	4.834	2.612	0.54	0.515	0.405	3.04	4.094	0.271
0.591	4.014	8.42	1.895	0.542	0.515	0.405	2.4	4.419	0.271
0.586	4.004	5.107	1.331	0.537	0.518	0.415	1.846	4.648	0.271
0.588	4.539	3.855	0.994	0.537	0.52	0.415	1.279	4.719	0.273
0.588	5.039	4.209	0.776	0.542	0.52	0.417	0.989	4.722	0.276
0.593	5.618	4.702	0.725	0.549	0.515	0.413	0.798	4.678	0.278
0.586	6.218	4.98	0.713	0.552	0.518	0.41	0.576	4.336	0.273
0.591	6.421	5.366	0.671	0.544	0.52	0.408	0.405	3.779	0.273
0.605	6.499	5.535	0.64	0.542	0.522	0.41	0.344	3.318	0.271
1.875	6.519	5.554	0.608	0.54	0.527	0.413	0.327	2.773	0.271
7.283	6.243	5.461	0.583	0.537	0.527	0.413	0.32	2.048	0.276
5.364	5.713	5.479	0.593	0.544	0.52	0.41	0.33	1.462	0.276
3.721	5.037	5.452	0.593	0.557	0.54	0.41	0.332	0.967	0.273
4.067	4.387	5.156	0.601	0.562	2.156	0.41	0.33	0.737	0.269
4.58	3.557	4.36	0.61	0.562	7.571	0.413	0.327	0.583	0.264
5.073	2.759	3.665	0.613	0.564	5.454	0.413	0.322	0.471	0.269
5.503	2	3.171	0.608	0.564	3.774	0.415	0.322	0.361	0.271
5.723	1.274	2.422	0.608	0.569	4.26	0.43	0.33	0.32	0.271
5.845	0.928	1.711	0.586	0.571	4.756	0.605	0.327	0.317	0.269
5.823	0.796	1.313	0.579	0.566	5.098	2.214	0.33	0.317	0.264
5.466	0.681	0.989	0.583	3.723	5.442	2.056	0.325	0.315	0.264
5.127	0.588	0.752	0.583	8.04	5.615	1.675	0.322	0.31	0.271
4.863	0.571	0.618	0.576	5.22	5.671	1.584	0.322	0.31	0.273
4.324	0.559	0.583	0.574	3.743	5.762	1.553	0.325	0.312	0.276
3.594	0.557	0.569	0.579	4.326	5.649	1.565	0.327	0.317	0.273
2.786	0.552	0.559	0.576	4.868	5.293	1.575	0.325	0.317	0.271
2.034	0.547	0.559	0.571	5.056	4.714	1.577	0.32	0.315	0.271
1.497	0.547	0.562	0.574	5.415	4.06	1.57	0.317	0.315	0.271
1.172	0.552	0.564	0.566	5.576	3.386	1.562	0.322	0.31	0.273
0.969	0.552	0.564	0.557	5.566	2.666	1.519	0.325	0.315	0.276
0.75	0.554	0.562	0.564	5.552	1.907	1.506	0.327	0.317	0.273
0.649	0.549	0.562	0.569	5.496	1.296	1.487	0.325	0.32	0.269
0.627	0.549	0.562	0.571	5.437	0.991	1.465	0.322	0.317	0.269
0.627	0.547	0.564	0.571	5.134	0.75	1.333	0.322	0.312	0.266
0.613	0.549	0.566	0.566	4.619	0.569	1.023	0.322	0.315	0.271
0.61	0.547	0.566	0.571	3.936	0.498	0.791	0.325	0.315	0.273
0.608	0.544	0.562	0.576	3.232	0.483	0.698	0.327	0.317	0.269
0.608	0.544	0.559	0.574	2.573	0.483	0.627	0.327	0.315	0.269
0.605	0.542	0.564	0.576	1.77	0.481	0.513	0.325	0.315	0.269
0.605	0.54	0.566	0.579	1.316	0.483	0.479	0.325	0.312	0.269
0.608	0.54	0.566	0.579	1.082	0.479	0.464	0.32	0.312	0.271
0.61	0.544	0.571	0.574	0.92	0.479	0.454	0.327	0.315	0.273
0.605	0.549	0.564	0.571	0.737	0.476	0.449	0.327	0.317	0.271
0.605	0.557	0.564	0.576	0.579	0.479	0.444	0.327	0.315	0.269
0.603	0.554	0.569	0.574	0.513	0.483	0.442	0.322	0.312	0.266
0.608	0.549	0.569	0.574	0.488	0.483	0.447	0.322	0.31	0.266
0.61	0.547	0.571	0.574	0.459	0.479	0.452	0.31	0.31	0.271
0.613	0.552	0.562	0.566	0.444	0.479	0.452	0.298	0.315	0.271
0.613	0.557	0.566	0.574	0.437	0.479	0.454	0.295	0.317	0.271
0.613	0.557	0.566	0.574	0.432	0.481	0.461	0.295	0.315	0.269
0.61	0.557	0.566	0.579	0.437	0.483	0.461	0.291	0.317	0.266
0.61	0.547	0.569	0.576	0.437	0.488	0.466	0.293	0.312	0.269
0.615	0.544	0.569	0.571	0.437	0.488	0.469	0.295	0.312	0.271
0.615	0.552	0.566	0.566	0.439	0.486	0.476	0.303	0.315	0.271
0.615	0.559	0.564	0.569	0.437	0.481	0.469	0.305	0.317	0.271
0.61	0.557	0.562	0.571	0.437	0.483	0.466	0.303	0.317	0.269
0.608	0.552	0.564	0.574	0.437	0.483	0.471	0.3	0.315	0.266
0.608	0.547	0.566	0.576	0.439	0.481	0.474	0.3	0.31	0.269
0.61	0.544	0.569	0.574	0.437	0.479	0.476	0.298	0.315	0.271
0.615	0.547	0.566	0.574	0.444	0.471	0.479	0.303	0.315	0.271
0.613	0.547	0.566	0.574	0.447	0.471	0.476	0.303	0.317	0.271
0.613	0.552	0.559	0.576	0.444	0.471	0.474	0.3	0.315	0.269
0.608	0.552	0.566	0.579	0.442	0.471	0.479	0.3	0.312	0.269
0.601	0.549	0.569	0.581	0.442	0.474	0.481	0.298	0.31	0.269
0.605	0.547	0.569	0.576	0.444	0.474	0.479	0.3	0.312	0.271
0.608	0.549	0.566	0.576	0.447	0.474	0.479	0.303	0.315	0.271
0.608	0.554	0.564	0.574	0.444	0.474	0.483	0.3	0.317	0.266
0.605	0.549	0.564	0.576	0.444	0.476	0.486	0.3	0.317	0.266
0.605	0.552	0.569	0.576	0.439	0.476	0.483	0.298	0.315	0.266
0.605	0.547	0.569	0.576	0.439	0.481	0.486	0.298	0.312	0.271
0.608	0.547	0.566	0.571	0.442	0.479	0.483	0.3	0.312	0.273
0.61	0.549	0.566	0.571	0.439	0.476	0.481	0.303	0.312	0.271
0.613	0.549	0.564	0.571	0.444	0.476	0.479	0.303	0.312	0.269
0.61	0.549	0.564	0.576	0.444	0.481	0.479	0.298	0.315	0.266
0.608	0.544	0.566	0.579	0.444	0.483	0.479	0.298	0.312	0.266
0.608	0.547	0.571	0.574	0.442	0.481	0.476	0.295	0.308	0.271
0.61	0.547	0.571	0.574	0.442	0.481	0.474	0.3	0.31	0.273
0.613	0.552	0.574	0.574	0.447	0.474	0.479	0.303	0.312	0.273
0.613	0.554	0.569	0.569	0.449	0.479	0.466	0.305	0.315	0.273
0.613	0.552	0.566	0.571	0.444	0.476	0.474	0.3	0.315	0.269
0.608	0.542	0.569	0.574	0.444	0.481	0.474	0.3	0.312	0.266
0.605	0.535	0.571	0.576	0.439	0.483	0.479	0.3	0.31	0.266
0.608	0.537	0.571	0.574	0.442	0.483	0.481	0.3	0.31	0.269
0.61	0.544	0.571	0.569	0.442	0.486	0.476	0.3	0.315	0.271
0.613	0.547	0.566	0.574	0.442	0.488	0.474	0.303	0.315	0.271
0.613	0.547	0.569	0.576	0.439	0.488	0.474	0.3	0.312	0.269
0.608	0.542	0.569	0.576	0.439	0.488	0.471	0.298	0.312	0.269
0.608	0.542	0.574	0.586	0.439	0.486	0.474	0.298	0.31	0.269
0.613	0.537	0.574	5.659	0.442	0.486	0.479	0.3	0.308	0.271
0.615	0.54	0.574	9.226	0.444	0.481	0.476	0.303	0.315	0.273
0.613	0.542	0.571	5.835	0.444	0.474	0.476	0.305	0.315	0.271
0.605	0.54	0.569	5.005	0.444	0.476	0.471	0.303	0.315	0.269
0.603	0.537	0.571	6.001	0.439	0.483	0.474	0.3	0.312	0.266
0.605	0.535	0.574	6.619	0.432	0.483	0.476	0.3	0.31	0.273
0.608	0.532	0.579	6.943	0.435	0.479	0.479	0.3	0.31	0.271
0.61	0.532	0.574	7.295	0.444	0.481	0.481	0.303	0.312	0.273
0.608	0.53	0.571	7.4	0.442	0.481	0.476	0.303	0.317	0.271
0.608	0.532	0.574	7.383	0.435	0.481	0.476	0.3	0.317	0.269
0.605	0.535	0.574	7.38	0.435	0.481	0.481	0.298	0.315	0.269
0.608	0.532	0.574	7.317	0.432	0.488	0.479	0.295	0.312	0
0.61	0.535	0.576	6.831	0.435	0.486	0.505	0.298	0.315	0
0.613	0.542	0.574	6.338	0.437	0.481	3.604	0.3	0.317	0
0.613	0.542	0.571	5.674	0.437	0.481	6.067	0.3	0.32	0
0.613	0.542	0.569	4.697	0.439	0.481	4.453	0.3	0.317	0
0.608	0.542	0.569	3.679	0.432	0.486	3.872	0.298	0.317	0
0.605	0.537	0.571	2.659	0.435	0.488	4.316	0.295	0.315	0
0.61	0.532	0.569	1.992	0.439	0.488	4.583	0.298	0.295	0
0.613	0.542	0.564	1.536	0.442	0.486	4.761	0.3	0.315	0
0.613	0.544	0.566	1.167	0.444	0.488	4.956	0.303	0.317	0
0.61	0.549	0.566	0.937	0.442	0.483	4.995	0.3	0.32	0
0.605	0.547	0.566	0.752	0.437	0.486	4.985	0.295	0.317	0
0.603	0.544	0.569	0.64	0.439	0.488	4.912	0.295	0.315	0
0.605	0.542	0.571	0.591	0.439	0.488	4.795	0.298	0.312	0
0.61	0.544	0.569	0.552	0.444	0.486	4.595	0.3	0.315	0
0.61	0.549	0.566	0.54	0.447	0.488	4.124	0.3	0.317	0
0.61	0.547	0.564	0.535	0.444	0.488	3.477	0.298	0.317	0
0.605	0.544	0.569	0.54	0.439	0.493	2.837	0.295	0.315	0
0.608	0.542	0.571	0.54	0.439	0.496	1.978	0.295	0.31	0
0.608	0.542	0.571	0.54	0.437	0.496	1.25	0.293	0.315	0
0.61	0.542	0.571	0.537	0.442	0.493	1.06	0.3	0.317	0
0.613	0.549	0	0.537	0.442	0.491	0.85	0.303	0.32	0
0.608	0.547	0	0.537	0.442	0.491	0.688	0.303	0.32	0
0.605	0.547	0	0.54	0.442	0.496	0.559	0.3	0.315	0
0.608	0.542	0	0.54	0.439	0.498	0.549	0.298	0.312	0
0.613	0.547	0	0.537	0.439	0.496	0.549	0.298	0.312	0
0.615	0.547	0	0.53	0.444	0.491	0.439	0.3	0.315	0
0.613	0.547	0	0.527	0.444	0.488	0.388	0.303	0.317	0
0.61	0.549	0	0.527	0.439	0.491	0.374	0.305	0.317	0
0.61	0.544	0	0.532	0.437	0.493	0.376	0.3	0.315	0
0.618	0.542	0	0.537	0.437	0.496	0.378	0.295	0.312	0
0.61	0.537	0	0.532	0.439	0.493	0.376	0.298	0.312	0
0.613	0	0	0.535	0.442	0.488	0.376	0.303	0	0
0.615	0	0	0.535	0.444	0.486	0.371	0.303	0	0
0.613	0	0	0.532	0.439	0.488	0.371	0.305	0	0
0	0	0	0.535	0.439	0.493	0.374	0.3	0	0
0	0	0	0.537	0.439	0.493	0.374	0.3	0	0
0	0	0	0.535	0.439	0.491	0.376	0.303	0	0
0	0	0	0.535	0.444	0.488	0.376	0.303	0	0
0	0	0	0.532	0.444	0.486	0.376	0.303	0	0
0	0	0	0.535	0.444	0	0.369	0.303	0	0
0	0	0	0.535	0.439	0	0.376	0.3	0	0
0	0	0	0.535	0.439	0	0.376	0.3	0	0
0	0	0	0.532	0.437	0	0.376	0.3	0	0
0	0	0	0.532	0.442	0	0.376	0.3	0	0
0	0	0	0.532	0.442	0	0.371	0.305	0	0
0	0	0	0.537	0.439	0	0.369	0.303	0	0
0	0	0	0.54	0.435	0	0.371	0.3	0	0
0	0	0	0.542	0.435	0	0.371	0.298	0	0
0	0	0	0.54	0.437	0	0.376	0.298	0	0
0	0	0	0.537	0.442	0	0.374	0.3	0	0
0	0	0	0.532	0.442	0	0.369	0.303	0	0
0	0	0	0.54	0.437	0	0.371	0.303	0	0
0	0	0	0.542	0.437	0	0.371	0.3	0	0
0	0	0	0.542	0.435	0	0.374	0.298	0	0
0	0	0	0.537	0.43	0	0.376	0.3	0	0
0	0	0	0.54	0.437	0	0.374	0.303	0	0
0	0	0	0.537	0.442	0	0.369	0.305	0	0
0	0	0	0.54	0.439	0	0.364	0.303	0	0
0	0	0	0.544	0.435	0	0.369	0.303	0	0
0	0	0	0.547	0.435	0	0.374	0.3	0	0
0	0	0	0.537	0.437	0	0.376	0.3	0	0
0	0	0	0.537	0.444	0	0.376	0.305	0	0
0	0	0	0.54	0.444	0	0.374	0.305	0	0
0	0	0	0.542	0.444	0	0.369	0.303	0	0
0	0	0	0.544	0.442	0	0.374	0.3	0	0
0	0	0	0.542	0.442	0	0.378	0.298	0	0
0	0	0	0.54	0.442	0	0.376	0.3	0	0
0	0	0	0.535	0.444	0	0.378	0.303	0	0
0	0	0	0.535	0.442	0	0.374	0.303	0	0
0	0	0	0.535	0.444	0	0.374	0.386	0	0
0	0	0	0.54	0.437	0	0.378	3.247	0	0
0	0	0	0.537	0.437	0	0.381	5.61	0	0
0	0	0	0.535	0.442	0	0.383	0	0	0
0	0	0	0.535	0.442	0	0.383	0	0	0
0	0	0	0.535	0.437	0	0.378	0	0	0
0	0	0	0.54	0.439	0	0.376	0	0	0
0	0	0	0.537	0.432	0	0.378	0	0	0
0	0	0	0.54	0.432	0	0.381	0	0	0
0	0	0	0.542	0.435	0	0.383	0	0	0
0	0	0	0.537	0.437	0	0.383	0	0	0
0	0	0	0.54	0.439	0	0.381	0	0	0
0	0	0	0.54	0.442	0	0.381	0	0	0
0	0	0	0.54	0.439	0	0.383	0	0	0
0	0	0	0.54	0.439	0	0.383	0	0	0
0	0	0	0.537	0.437	0	0.383	0	0	0
0	0	0	0.535	0.442	0	0.383	0	0	0
0	0	0	0.537	0.447	0	0.381	0	0	0
0	0	0	0.535	0.442	0	0.378	0	0	0
0	0	0	0.54	0.439	0	0.381	0	0	0
0	0	0	0.547	0.439	0	0.386	0	0	0
0	0	0	0.537	0.435	0	0.391	0	0	0
0	0	0	0.535	0.442	0	0.388	0	0	0
0	0	0	0.535	0.442	0	0.383	0	0	0
0	0	0	0.537	0.439	0	0.378	0	0	0
0	0	0	0.54	0.437	0	0.388	0	0	0
0	0	0	0.542	0.435	0	0.388	0	0	0
0	0	0	0.537	0.437	0	0.388	0	0	0
0	0	0	0.537	0.437	0	0.391	0	0	0
0	0	0	0.535	0.439	0	0.388	0	0	0
0	0	0	0.537	0.439	0	0.388	0	0	0
0	0	0	0.54	0.437	0	0.391	0	0	0
0	0	0	0.537	0.435	0	0.391	0	0	0
0	0	0	0.537	0.437	0	0.391	0	0	0
0	0	0	0.532	0.439	0	0.388	0	0	0
0	0	0	0.535	0.439	0	0.388	0	0	0
0	0	0	0.532	0.437	0	0.383	0	0	0
0	0	0	0.535	0.435	0	0.383	0	0	0
0	0	0	0.535	0.432	0	0.388	0	0	0
0	0	0	0.532	0.435	0	0.388	0	0	0
0	0	0	0.53	0.439	0	0.388	0	0	0
0	0	0	0.527	0.439	0	0.383	0	0	0
0	0	0	0.53	0.437	0	0.386	0	0	0
0	0	0	0.535	0.435	0	0.386	0	0	0
0	0	0	0.535	0.439	0	0.393	0	0	0
0	0	0	0.53	0.439	0	0.396	0	0	0
0	0	0	0.527	0.442	0	0.396	0	0	0
0	0	0	0.53	0.444	0	0.393	0	0	0
0	0	0	0.532	0.442	0	0.393	0	0	0
0	0	0	0.537	0.437	0	0.393	0	0	0
0	0	0	0	0.432	0	0.393	0	0	0
0	0	0	0	0.437	0	0.393	0	0	0
0	0	0	0	0.442	0	0.391	0	0	0
0	0	0	0	0.442	0	0.391	0	0	0
0	0	0	0	0.439	0	0.386	0	0	0
0	0	0	0	0.437	0	0.393	0	0	0
0	0	0	0	0.432	0	0.391	0	0	0
0	0	0	0	0.435	0	0.393	0	0	0
0	0	0	0	0.439	0	0.391	0	0	0
0	0	0	0	0.439	0	0.388	0	0	0
0	0	0	0	0.435	0	0.386	0	0	0
0	0	0	0	0.432	0	0.391	0	0	0
0	0	0	0	0.432	0	0.396	0	0	0
0	0	0	0	0.435	0	0.396	0	0	0
0	0	0	0	0.435	0	0.393	0	0	0
0	0	0	0	0.437	0	0.388	0	0	0
0	0	0	0	0.435	0	0.388	0	0	0
0	0	0	0	0.435	0	0.391	0	0	0
0	0	0	0	0.435	0	0.393	0	0	0
0	0	0	0	0.435	0	0.391	0	0	0
0	0	0	0	0.437	0	0.396	0	0	0
0	0	0	0	0.437	0	0.391	0	0	0
0	0	0	0	0.437	0	0.391	0	0	0
0	0	0	0	0.435	0	0.391	0	0	0
0	0	0	0	0.435	0	0.396	0	0	0
0	0	0	0	0.437	0	0.396	0	0	0
0	0	0	0	0.442	0	0.393	0	0	0
0	0	0	0	0.442	0	0.391	0	0	0
0	0	0	0	0.444	0	0.391	0	0	0
0	0	0	0	0.442	0	0.393	0	0	0
0	0	0	0	0.439	0	0.393	0	0	0
0	0	0	0	0.439	0	0.396	0	0	0
0	0	0	0	0.442	0	0.391	0	0	0
0	0	0	0	0.444	0	0.396	0	0	0
0	0	0	0	0.439	0	0.396	0	0	0
0	0	0	0	0.437	0	0.396	0	0	0
0	0	0	0	0.437	0	0.396	0	0	0
0	0	0	0	0.486	0	0.396	0	0	0
0	0	0	0	0	0	0.396	0	0	0
0	0	0	0	0	0	0.391	0	0	0
0	0	0	0	0	0	0.391	0	0	0
0	0	0	0	0	0	0.391	0	0	0
0	0	0	0	0	0	0.393	0	0	0
0	0	0	0	0	0	0.396	0	0	0
0	0	0	0	0	0	0.393	0	0	0
0	0	0	0	0	0	0.393	0	0	0
0	0	0	0	0	0	0.393	0	0	0
0	0	0	0	0	0	0.393	0	0	0
0	0	0	0	0	0	0.396	0	0	0
0	0	0	0	0	0	0.396	0	0	0
0	0	0	0	0	0	0.398	0	0	0
0	0	0	0	0	0	0.396	0	0	0
0	0	0	0	0	0	0.393	0	0	0
0	0	0	0	0	0	0.391	0	0	0
0	0	0	0	0	0	0.398	0	0	0
0	0	0	0	0	0	0.4	0	0	0
0	0	0	0	0	0	0.398	0	0	0
0	0	0	0	0	0	0.396	0	0	0
0	0	0	0	0	0	0.393	0	0	0
0	0	0	0	0	0	0.396	0	0	0
0	0	0	0	0	0	0.398	0	0	0
0	0	0	0	0	0	0.398	0	0	0
0	0	0	0	0	0	0.396	0	0	0
0	0	0	0	0	0	0.396	0	0	0
0	0	0	0	0	0	0.393	0	0	0
0	0	0	0	0	0	0.396	0	0	0
0	0	0	0	0	0	0.403	0	0	0
0	0	0	0	0	0	0.415	0	0	0
0	0	0	0	0	0	0.413	0	0	0
0	0	0	0	0	0	0.413	0	0	0
0	0	0	0	0	0	0.413	0	0	0
0	0	0	0	0	0	0.415	0	0	0
