0.469	0.422	0.435	0.439	0.432	0.481	0.376	0.452	0.439	0.42
0.469	0.422	0.432	0.427	0.43	0.481	0.374	0.447	0.435	0.415
0.469	0.43	0.435	0.422	0.437	0.479	0.381	0.444	0.437	0.417
0.464	0.425	0.435	0.427	0.432	0.479	0.376	0.442	0.439	0.42
0.466	0.422	0.437	0.43	0.435	0.479	0.376	0.439	0.442	0.425
0.471	0.42	0.432	0.435	0.437	0.481	0.386	0.444	0.442	0.422
0.474	0.417	0.435	0.439	0.435	0.486	0.388	0.444	0.444	0.425
0.474	0.417	0.435	0.432	0.432	0.483	0.391	0.439	0.435	0.422
0.469	0.422	0.437	0.432	0.432	0.479	0.381	0.439	0.437	0.42
0.466	0.422	0.439	0.435	0.432	0.479	0.371	0.439	0.439	0.422
0.466	0.42	0.437	0.437	0.437	0.481	0.366	0.447	0.439	0.427
0.466	0.417	0.439	0.437	0.435	0.481	0.371	0.452	0.439	0.42
0.469	0.413	0.439	0.439	0.435	0.483	0.391	0.449	0.442	0.417
0.471	0.41	0.444	0.435	0.435	0.479	0.41	0.447	0.435	0.415
0.469	0.417	0.444	0.437	0.432	0.479	0.42	0.442	0.439	0.41
0.466	0.417	0.449	0.437	0.435	0.479	0.425	0.449	0.442	0.415
0.469	0.422	0.452	0.439	0.439	0.481	0.43	0.447	0.444	0.422
0.471	0.425	0.449	0.442	0.435	0.481	0.447	0.457	0.444	0.422
0.471	0.425	0.452	0.442	0.435	0.483	0.444	0.452	0.444	0.42
0.476	0.427	0.454	0.437	0.432	0.479	0.447	0.449	0.437	0.42
0.469	0.432	0.449	0.435	0.43	0.476	0.447	0.447	0.437	0.417
0.469	0.43	0.452	0.435	0.43	0.476	0.447	0.449	0.439	0.415
0.469	0.43	0.452	0.439	0.437	0.476	0.442	0.454	0.437	0.415
0.464	0.427	0.449	0.442	0.432	0.574	0.452	0.461	0.437	0.405
0.464	0.427	0.449	0.435	0.435	0.63	0.447	0.452	0.435	0.396
0.471	0.425	0.454	0.43	0.439	0.693	0.444	0.449	0.432	0.388
0.466	0.427	0.449	0.427	0.442	0.63	0.437	0.449	0.43	0.388
0.571	0.43	0.454	0.427	0.437	0.596	0.718	0.444	0.43	0.52
0.718	0.474	0.449	0.427	0.469	0.583	1.328	0.449	0.437	0.725
0.613	0.566	0.447	0.432	0.508	0.605	1.042	0.483	0.459	0.674
0.542	0.669	0.527	0.466	0.635	0.603	0.793	0.52	0.503	0.576
0.496	0.73	0.635	0.696	0.664	0.601	0.686	0.562	0.525	0.549
0.476	0.637	0.615	0.784	0.623	0.642	0.793	0.537	0.515	0.608
0.503	0.603	0.596	0.708	0.596	0.679	0.85	0.542	0.488	0.645
0.535	0.632	0.608	0.684	0.591	0.662	0.847	0.544	0.474	0.676
0.537	0.686	0.632	0.698	0.588	0.623	0.845	0.547	0.466	0.708
0.542	0.688	0.632	0.774	0.576	0.583	0.828	0.542	0.452	0.754
0.547	0.693	0.588	0.813	0.574	0.557	0.806	0.552	0.447	0.779
0.557	0.684	0.544	0.828	0.549	0.544	0.759	0.549	0.444	0.767
0.554	0.681	0.527	0.823	0.532	0.513	0.686	0.518	0.444	0.723
0.552	0.659	0.515	0.818	0.505	0.515	0.559	0.493	0.444	0.645
0.554	0.627	0.488	0.806	0.483	0.544	0.496	0.479	0.449	0.61
0.53	0.613	0.481	0.791	0.466	0.53	0.461	0.483	0.439	0.552
0.508	0.552	0.452	0.781	0.452	0.515	0.464	0.491	0.435	0.518
0.496	0.5	0.422	0.725	0.439	0.5	0.457	0.496	0.437	0.505
0.493	0.486	0.405	0.667	0.435	0.503	0.459	0.498	0.432	0.513
0.493	0.491	0.415	0.627	0.461	0.513	0.476	0.503	0.43	0.481
0.486	0.466	0.425	0.596	0.466	0.547	0.449	0.503	0.439	0.464
0.491	0.457	0.415	0.564	0.454	0.52	0.435	0.498	0.452	0.444
0.476	0.444	0.388	0.525	0.476	0.503	0.432	0.488	0.442	0.476
0.471	0.432	0.378	0.483	0.503	0.493	0.42	0.496	0.437	0.518
0.466	0.435	0.369	0.457	0.476	0.488	0.415	0.476	0.447	0.552
0.461	0.432	0.371	0.466	0.459	0.488	0.42	0.474	0.442	0.571
0.461	0.427	0.381	0.454	0.449	0.493	0.417	0.466	0.437	0.542
0.469	0.422	0.391	0.442	0.444	0.486	0.415	0.461	0.427	0.491
0.461	0.422	0.383	0.432	0.435	0.486	0.413	0.457	0.43	0.459
0.457	0.422	0.393	0.427	0.43	0.483	0.408	0.454	0.432	0.439
0.452	0.425	0.408	0.425	0.435	0.481	0.405	0.452	0.432	0.435
0.454	0.427	0.415	0.427	0.435	0.483	0.405	0.454	0.435	0.427
0.459	0.422	0.417	0.427	0.439	0.486	0.403	0.452	0.435	0.42
0.466	0.417	0.41	0.425	0.444	0.476	0.403	0.452	0.43	0.415
0.461	0.415	0.386	0.422	0.437	0.493	0.405	0.449	0.432	0.415
0.459	0.413	0.41	0.42	0.437	0.474	0.405	0.444	0.43	0.417
0.457	0.42	0.452	0.422	0.437	0.476	0.41	0.447	0.435	0.417
0.459	0.42	0.427	0.43	0.437	0.481	0.41	0.452	0.437	0.413
0.464	0.42	0.444	0.427	0.439	0.488	0.415	0.452	0.432	0.408
0.469	0.425	0.425	0.427	0.439	0.518	0.417	0.452	0.43	0.405
0.466	0.42	0.41	0.425	0.435	0.513	0.42	0.449	0.432	0.405
0.464	0.422	0.408	0.425	0.444	0.552	0.42	0.444	0.43	0.42
0.464	0.427	0.41	0.425	0.522	0.618	0.432	0.444	0.435	0.862
0.461	0.427	0.425	0.432	0.488	0.659	0.442	0.447	0.439	0.789
0.466	0.427	0.452	0.43	0.544	0.659	0.452	0.449	0.437	0.645
0.469	0.43	0.486	0.435	0.62	0.647	0.457	0.449	0.483	0.552
0.476	0.425	0.486	0.43	0.632	0.681	0.449	0.447	0.505	0.498
0.562	0.43	0.474	0.427	0.601	0.715	0.437	0.444	0.54	0.476
0.652	0.432	0.454	0.427	0.579	0.737	0.427	0.449	0.54	0.457
0.706	0.432	0.444	0.464	0.569	0.742	0.457	0.449	0.522	0.452
0.735	0.427	0.449	0.598	0.571	0.74	0.498	0.449	0.51	0.449
0.759	0.427	0.483	0.698	0.583	0.759	0.527	0.447	0.51	0.452
0.774	0.422	0.505	0.767	0.588	0.771	0.54	0.442	0.518	0.474
0.82	0.425	0.52	0.793	0.596	0.784	0.544	0.442	0.527	0.503
0.862	0.425	0.537	0.793	0.583	0.796	0.554	0.447	0.537	0.52
0.903	0.427	0.554	0.806	0.576	0.808	0.569	0.444	0.544	0.53
0.94	0.422	0.564	0.83	0.571	0.798	0.581	0.444	0.542	0.535
0.972	0.427	0.564	0.872	0.559	0.767	0.583	0.454	0.54	0.537
0.981	0.417	0.566	0.928	0.552	0.745	0.591	0.444	0.542	0.532
0.981	0.42	0.569	0.952	0.544	0.728	0.583	1.094	0.542	0.508
0.981	0.427	0.569	0.979	0.547	0.728	0.583	1.206	0.547	0.474
0.981	0.427	0.559	0.991	0.566	0.72	0.574	0.911	0.547	0.452
0.994	0.427	0.518	1.006	0.569	0.649	0.574	0.735	0.544	0.437
0.979	0.427	0.471	1.001	0.513	0.588	0.532	0.625	0.542	0.43
0.928	0.427	0.435	0.969	0.481	0.547	0.486	0.552	0.537	0.42
0.881	0.427	0.42	0.95	0.461	0.518	0.461	0.505	0.503	0.422
0.85	0.427	0.439	0.935	0.457	0.503	0.442	0.483	0.474	0.422
0.83	0.43	0.444	0.923	0.459	0.5	0.435	0.466	0.457	0.422
0.801	0.435	0.476	0.918	0.464	0.491	0.43	0.459	0.439	0.42
0.688	0.427	0.447	0.896	0.449	0.483	0.437	0.457	0.439	0.42
0.61	0.425	0.417	0.828	0.439	0.476	0.432	0.447	0.435	0.422
0.554	0.425	0.398	0.769	0.435	0.474	0.43	0.442	0.43	0.42
0.518	0.43	0.386	0.75	0.437	0.474	0.422	0.439	0.432	0.422
0.498	0.43	0.383	0.715	0.439	0.476	0.42	0.442	0.43	0.42
0.488	0.435	0.383	0.615	0.444	0.474	0.422	0.444	0.425	0.415
0.476	0.427	0.381	0.544	0.437	0.469	0.422	0.444	0.42	0.405
0.471	0.427	0.378	0.496	0.43	0.464	0.42	0.444	0.417	0.41
0.464	0.427	0.374	0.471	0.432	0.464	0.422	0.444	0.415	0.408
0.466	0.43	0.371	0.459	0.432	0.466	0.415	0.447	0.425	0.41
0.471	0.435	0.376	0.447	0.437	0.466	0.415	0.452	0.42	0.405
0.474	0.437	0.378	0.439	0.439	0.466	0.417	0.457	0.42	0.403
0.476	0.43	0.374	0.432	0.435	0.464	0.42	0.457	0.417	0.4
0.476	0.43	0.371	0.427	0.43	0.461	0.417	0.454	0.42	0.405
0.474	0.43	0.369	0.425	0.43	0.464	0.413	0.461	0.425	0.403
0.471	0.435	0.364	0.427	0.432	0.471	0.405	0.469	0.432	0.408
0.474	0.437	0.361	0.422	0.437	0.471	0.405	0.469	0.435	0.408
0.471	0.442	0.354	0.42	0.437	0.481	0.405	0.496	0.435	0.41
0.469	0.437	0.347	0.417	0.437	0.481	0.405	0.488	0.432	0.413
0.464	0.435	0.359	0.415	0.442	0.557	0.408	0.476	0.432	0.415
0.459	0.439	0.708	0.413	1.538	0.693	0.415	0.469	0.432	0.415
0.457	0.439	1.16	0.413	2.207	0.618	0.408	0.459	0.439	0.42
0.459	0.437	0.911	0.413	1.655	0.566	0.588	0.459	0.435	0.42
0.457	0.447	0.74	0.413	1.301	0.576	0.647	0.459	0.435	0.415
0.464	0.439	0.706	0.417	1.289	0.591	0.559	0.457	0.432	0.413
0.466	0.437	0.723	0.42	1.323	0.583	0.503	0.454	0.43	0.413
0.461	0.435	0.737	0.422	1.326	0.583	0.476	0.454	0.432	0.413
0.464	0.435	0.823	0.425	1.365	0.593	0.471	0.452	0.435	0.437
0.471	0.437	0.906	0.427	1.426	0.591	0.471	0.452	0.435	0.908
0.469	0.442	0.942	0.427	1.484	0.598	0.469	0.454	0.43	0.754
0.474	0.483	0.94	0.42	1.533	0.591	0.452	0.454	0.427	0.62
0.471	0.471	0.925	0.415	1.545	0.557	0.437	0.452	0.427	0.566
0.469	0.459	0.864	0.417	1.519	0.522	0.427	0.454	0.432	0.559
0.469	0.457	0.728	0.417	1.489	0.508	0.413	0.452	0.435	0.562
0.469	0.461	0.645	0.42	1.423	0.496	0.408	0.452	0.51	0.554
0.469	0.464	0.588	0.425	1.265	0.486	0.408	0.454	0.527	0.527
0.469	0.474	0.496	0.417	1.094	0.481	0.43	0.454	0.483	0.513
0.471	0.476	0.422	0.415	0.859	0.476	0.427	0.452	0.459	0.503
0.464	0.476	0.413	0.415	0.713	0.474	0.454	0.452	0.469	0.5
0.461	0.479	0.437	0.413	0.618	0.476	0.488	0.449	0.518	0.51
0.459	0.488	0.449	0.415	0.562	0.476	0.508	0.452	0.552	0.486
0.459	0.483	0.461	0.415	0.52	0.471	0.505	0.452	0.579	0.461
0.461	0.481	0.454	0.408	0.491	0.474	0.505	0.452	0.613	0.449
0.464	0.471	0.425	0.408	0.474	0.471	0.476	0.452	0.63	0.439
0.461	0.454	0.405	0.413	0.461	0.474	0.439	0.449	0.637	0.449
0.464	0.449	0.4	0.408	0.459	0.474	0.42	0.518	0.625	0.442
0.464	0.447	0.386	0.413	0.461	0.474	0.41	0.95	0.61	0.427
0.466	0.435	0.366	0.415	0.459	0.471	0.403	0.933	0.596	0.42
0.471	0.432	0.356	0.415	0.457	0.471	0.4	0.806	0.591	0.415
0.471	0.427	0.352	0.415	0.452	0.469	0.405	0.842	0.547	0.403
0.469	0.422	0.349	0.417	0.449	0.474	0.4	0.947	0.513	0.403
0.469	0.425	0.356	0.417	0.452	0.471	0.4	1.042	0.479	0.398
0.469	0.435	0.349	0.417	0.452	0.474	0.398	1.187	0.457	0.4
0.464	0.427	0.349	0.52	0.449	0.474	0.403	1.289	0.444	0.4
0.466	0.42	0.352	0.874	0.447	0.469	0.408	1.331	0.435	0.403
0.469	0.42	0.349	0.723	0.442	0.466	0.413	1.401	0.427	0.4
0.5	0.42	0.352	0.61	0.444	0.474	0.405	1.45	0.435	0.403
0.596	0.425	0.359	0.559	0.447	0.471	0.403	1.509	0.43	0.405
0.613	0.43	0.356	0.569	0.447	0.471	0.405	1.553	0.432	0.405
0.564	0.43	0.354	0.581	0.447	0.469	0.41	1.577	0.427	0.4
0.53	0.427	0.352	0.579	0.447	0.466	0.417	1.582	0.422	0.396
0.535	0.425	0.349	0.564	0.439	0.464	0.42	1.487	0.425	0.396
0.586	0.422	0.349	0.549	0.439	0.471	0.417	1.274	0.425	0.393
0.649	0.427	0.352	0.537	0.444	0.471	0.415	1.038	0.427	0.393
0.698	0.43	0.347	0.535	0.444	0.474	0.41	0.833	0.435	0.396
0.742	0.427	0.339	0.515	0.447	0.474	0.413	0.688	0.43	0.398
0.754	0.422	0.332	0.493	0.444	0.474	0.413	0.596	0.425	0.396
0.757	0.417	0.322	0.483	0.439	0.469	0.408	0.54	0.425	0.388
0.752	0.42	0.349	0.459	0.439	0.474	0.408	0.503	0.427	0.391
0.742	0.422	0.371	0.449	0.444	0.471	0.405	0.479	0.43	0.393
0.703	0.422	0.381	0.444	0.444	0.474	0.408	0.466	0.432	0.396
0.623	0.422	0.383	0.442	0.449	0.474	0.413	0.461	0.425	0.405
0.562	0.42	0.381	0.444	0.444	0.471	0.417	0.457	0.422	0.4
0.54	0.417	0.383	0.454	0.444	0.471	0.415	0.449	0.43	0.4
0.54	0.42	0.383	0.474	0.481	0.469	0.413	0.447	0.43	0.403
0.52	0.43	0.391	0.486	0.596	0.471	0.41	0.447	0.432	0.405
0.503	0.427	0.393	0.498	1.697	0.476	0.408	0.449	0.43	0.413
0.481	0.422	0.396	0.496	2.48	0.471	0.413	0.452	0.43	0.417
0.461	0.42	0.396	0.469	2.253	0.471	0.425	0.452	0.427	0.413
0.454	0.417	0.396	0.454	2.017	0.476	0.417	0.449	0.43	0.413
0.449	0.417	0.403	0.439	1.865	0.474	0.415	0.447	0.425	0.415
0.449	0.422	0.4	0.435	1.772	0.474	0.413	0.447	0.43	0.417
0.457	0.417	0.403	0.43	1.729	0.474	0.408	0.444	0.43	0.417
0.449	0.42	0.4	0.425	1.707	0.469	0.41	0.444	0.425	0.422
0.452	0.415	0.398	0.425	1.687	0.471	0.415	0.454	0.425	0.415
0.454	0.413	0.391	0.422	1.675	0.474	0.413	0.447	0.425	0.41
0.459	0.417	0.398	0.42	1.672	0.481	0.474	0.447	0.422	0.413
0.457	0.422	0.437	0.42	1.663	0.62	0.757	0.444	0.425	0.415
0.457	0.42	0.51	0.422	1.648	0.916	0.947	0.444	0.427	0.417
0.459	0.422	0.591	0.425	1.643	1.23	0.994	0.447	0.425	0.42
0.459	0.422	0.623	0.422	1.643	1.304	1.023	0.449	0.427	0.42
0.459	0.42	0.647	0.42	1.641	1.36	1.042	0.439	0.427	0.417
0.461	0.422	0.686	0.415	1.648	1.401	1.045	0.439	0.43	0.42
0.454	0.43	0.706	0.415	1.653	1.465	1.052	0.439	0.432	0.417
0.449	0.422	0.708	0.415	1.648	1.533	1.091	0.439	0.432	0.417
0.457	0.417	0.715	0.42	1.643	1.56	1.143	0.439	0.43	0.415
0.457	0.415	0.71	0.425	1.643	1.582	1.213	0.444	0.432	0.41
0.457	0.413	0.71	0.42	1.65	1.626	1.267	0.435	0.427	0.408
0.461	0.42	0.728	0.417	1.633	1.667	1.306	0.437	0.427	0.41
0.459	0.422	0.732	0.42	1.501	1.709	1.357	0.437	0.43	0.41
0.457	0.43	0.745	0.42	1.333	1.743	1.416	0.439	0.425	0.413
0.461	0.43	0.762	0.42	1.099	1.782	1.455	0.442	0.476	0.408
0.459	0.427	0.776	0.425	0.93	1.816	1.484	0.439	0.757	0.405
0.464	0.43	0.786	0.417	0.884	1.836	1.484	0.439	1.213	0.408
0.461	0.435	0.796	0.417	0.784	1.848	1.448	0.479	1.226	0.41
0.461	0.432	0.801	0.417	0.684	1.836	1.372	0.669	1.108	0.415
0.461	0.432	0.813	0.422	0.598	1.785	1.301	0.745	1.067	0.42
0.464	0.427	0.845	0.425	0.569	1.692	1.287	0.75	1.06	0.413
0.466	0.425	0.894	0.427	0.527	1.572	1.23	0.757	1.055	0.408
0.466	0.425	0.918	0.42	0.496	1.465	1.184	0.769	1.047	0.41
0.464	0.432	0.94	0.42	0.481	1.309	1.13	0.784	1.052	0.42
0.461	0.432	0.95	0.42	0.469	1.182	1.042	0.796	1.074	0.43
0.464	0.432	0.94	0.422	0.466	1.025	0.92	0.806	1.108	0.437
0.466	0.432	0.928	0.42	0.461	0.884	0.876	0.833	1.13	0.43
0.471	0.43	0.889	0.422	0.457	0.752	0.767	0.85	1.147	0.427
0.476	0.435	0.859	0.42	0.454	0.64	0.681	0.854	1.165	0.427
0.469	0.439	0.825	0.425	0.449	0.574	0.601	0.869	1.191	0.527
0.471	0.527	0.813	0.425	0.449	0.535	0.554	0.879	1.191	0.999
0.474	0.632	0.781	0.427	0.449	0.515	0.52	0.896	1.191	1.409
0.476	0.566	0.747	0.432	0.447	0.498	0.496	0.918	1.184	1.294
0.481	0.508	0.657	0.425	0.447	0.491	0.476	0.913	1.167	1.13
0.486	0.51	0.569	0.422	0.447	0.479	0.461	0.918	1.162	1.064
0.481	0.537	0.493	0.422	0.444	0.476	0.452	0.906	1.199	1.055
0.479	0.564	0.459	0.425	0.444	0.479	0.447	0.872	1.196	1.077
0.481	0.583	0.439	0.427	0.447	0.476	0.447	0.852	1.091	1.06
0.481	0.581	0.425	0.43	0.442	0.479	0.447	0.874	0.974	1.021
0.483	0.554	0.415	0.427	0.439	0.481	0.444	0.896	0.847	1.006
0.488	0.537	0.408	0.422	0.442	0.471	0.444	0.972	0.73	0.999
0.481	0.52	0.4	0.425	0.435	0.466	0.437	1.011	0.654	1.018
0.481	0.5	0.396	0.425	0.437	0.464	0.437	0.94	0.598	1.035
0.481	0.503	0.393	0.427	0.442	0.466	0.439	0.847	0.54	1.028
0.481	0.488	0.391	0.432	0.442	0.466	0.442	0.779	0.505	1.011
0.483	0.466	0.388	0.422	0.442	0.469	0.444	0.725	0.474	0.989
0.486	0.452	0.391	0.422	0.442	0.464	0.444	0.649	0.457	1.016
0.479	0.439	0.386	0.425	0.439	0.466	0.442	0.581	0.449	1.05
0.479	0.437	0.391	0.427	0.444	0.464	0.437	0.522	0.444	1.138
0.474	0.435	0.393	0.43	0.444	0.469	0.439	0.5	0.442	1.15
0.471	0.43	0.396	0.432	0.447	0.469	0.439	0.479	0.444	1.123
0.471	0.422	0.393	0.427	0.444	0.464	0.439	0.461	0.439	1.082
0.466	0.425	0.391	0.422	0.444	0.461	0.442	0.449	0.437	0.952
0.464	0.417	0.391	0.42	0.444	0.464	0.437	0.442	0.437	0.867
0.461	0.42	0.391	0.425	0.447	0.466	0.435	0.442	0.435	0.762
0.461	0.425	0.391	0.437	0.447	0.469	0.437	0.444	0.435	0.686
0.464	0.42	0.391	0.444	0.444	0.476	0.437	0.444	0.437	0.598
0.471	0.42	0.388	0.439	0.447	0.471	0.439	0.442	0.43	0.525
0.474	0.425	0.386	0.442	0.444	0.469	0.442	0.437	0.427	0.481
0.471	0.42	0.386	0.442	0.444	0.469	0.437	0.435	0.427	0.454
0.474	0.425	0.388	0.444	0.447	0.469	0.437	0.432	0.432	0.444
0.474	0.43	0.391	0.447	0.449	0.474	0.442	0.442	0.432	0.427
0.474	0.43	0.393	0.449	0.449	0.479	0.437	0.439	0.437	0.42
0.481	0.43	0.4	0.444	0.449	0.471	0.442	0.439	0.427	0.415
0.476	0.432	0.391	0.442	0.444	0.471	0.437	0.435	0.427	0.41
0.476	0.427	0.388	0.437	0.444	0.469	0.435	0.432	0.425	0.41
0.474	0.427	0.391	0.439	0.447	0.471	0.43	0.432	0.422	0.415
0.474	0.43	0.393	0.447	0.447	0.476	0.43	0.442	0.422	0.413
0.474	0.427	0.393	0.447	0.447	0.479	0.43	0.439	0.42	0.413
0.479	0.427	0.393	0.447	0.449	0.469	0.435	0.437	0.415	0.413
0.476	0.427	0.388	0.447	0.444	0.464	0.432	0.435	0.415	0.415
0.471	0.427	0.388	0.444	0.442	0.464	0.43	0.43	0.417	0.415
0.461	0.432	0.391	0.447	0.444	0.466	0.425	0.43	0.422	0.425
0.461	0.432	0.393	0.449	0.447	0.471	0.422	0.437	0.432	0.422
0.466	0.432	0.391	0.452	0.449	0.471	0.425	0.435	0.432	0.42
0.474	0.43	0.396	0.449	0.447	0.466	0.427	0.435	0.43	0.415
0.471	0.427	0.393	0.447	0.442	0.464	0.427	0.432	0.427	0.415
0.466	0.43	0.396	0.447	0.439	0.464	0.422	0.43	0.427	0.42
0.464	0.43	0.396	0.449	0.442	0.466	0.422	0.435	0.432	0.42
0.461	0.43	0.405	0.454	0.444	0.466	0.417	0.439	0.442	0.417
0.466	0.43	0.405	0.449	0.444	0.469	0.42	0.435	0.435	0.417
0.471	0.432	0.408	0.479	0.447	0.464	0.422	0.439	0.435	0.408
0.469	0.425	0.4	0.566	0.442	0.461	0.422	0.437	0.437	0.408
0.464	0.427	0.4	0.73	0.442	0.461	0.417	0.435	0.435	0.415
0.461	0.43	0.4	0.815	0.442	0.461	0.422	0.439	0.439	0.413
0.464	0.432	0.398	0.823	0.442	0.466	0.425	0.444	0.442	0.417
0.466	0.432	0.4	0.82	0.444	0.464	0.422	0.444	0.435	0.413
0.466	0.437	0.396	0.82	0.442	0.461	0.427	0.447	0.43	0.408
0.469	0.43	0.388	0.818	0.439	0.459	0.425	0.437	0.432	0.408
0.464	0.43	0.386	0.837	0.437	0.459	0.422	0.435	0.435	0.413
0.459	0.432	0.388	0.85	0.439	0.461	0.427	0.439	0.437	0.41
0.466	0.43	0.388	0.864	0.439	0.466	0.425	0.442	0.439	0.413
0.469	0.43	0.386	0.867	0.439	0.461	0.42	0.447	0.432	0.41
0.466	0.43	0.383	0.872	0.437	0.459	0.43	0.444	0.43	0.403
0.469	0.425	0.383	0.869	0.435	0.457	0.427	0.442	0.425	0.403
0.461	0.427	0.381	0.864	0.435	0.459	0.425	0.442	0.432	0.408
0.459	0.43	0.383	0.862	0.437	0.461	0.427	0.439	0.435	0.408
0.461	0.43	0.386	0.857	0.439	0.469	0.427	0.435	0.437	0.408
0.471	0.432	0.391	0.852	0.442	0.464	0.427	0.439	0.435	0.405
0.469	0.435	0.386	0.84	0.437	0.464	0.427	0.439	0.43	0.398
0.469	0.432	0.383	0.774	0.435	0.461	0.427	0.435	0.425	0.396
0.466	0.432	0.381	0.754	0.435	0.461	0.425	0.435	0.427	0.403
0.461	0.432	0.388	0.75	0.435	0.464	0.425	0.442	0.43	0.405
0.459	0.435	0.391	0.706	0.442	0.476	0.425	0.442	0.432	0.41
0.466	0.43	0.396	0.63	0.447	0.474	0.427	0.447	0.43	0.403
0.464	0.43	0.386	0.579	0.437	0.469	0.43	0.442	0.427	0.4
0.466	0.425	0.386	0.525	0.437	0.469	0.427	0.435	0.425	0.4
0.461	0.43	0.381	0.493	0.439	0.469	0.427	0.432	0.427	0.408
0.459	0.43	0.383	0.481	0.439	0.469	0.427	0.442	0.43	0.413
0.464	0.432	0.388	0.469	0.442	0.476	0.427	0.444	0.432	0.42
0.471	0.432	0.393	0.459	0.449	0.471	0.43	0.444	0.432	0.422
0.469	0.427	0.393	0.452	0.437	0.469	0.43	0.442	0.43	0.427
0.469	0.422	0.388	0.444	0.437	0.469	0.43	0.439	0.427	0.432
0.471	0.425	0.383	0.447	0.439	0.464	0.432	0.437	0.432	0.432
0.474	0.425	0.391	0.452	0.439	0.469	0.425	0.435	0.437	0.435
0.474	0.427	0.396	0.447	0.442	0.471	0.425	0.435	0.435	0.435
0.481	0.432	0.403	0.447	0.444	0.474	0.427	0.437	0.43	0.435
0.481	0.427	0.4	0.444	0.437	0.469	0.427	0.435	0.43	0.432
0.493	0.43	0.398	0.442	0.437	0.466	0.427	0.43	0.425	0.437
0.525	0.427	0.396	0.439	0.444	0.466	0.427	0.427	0.427	0.432
0.652	0.427	0.403	0.444	0.469	0.474	0.42	0.425	0.435	0.432
1.008	0.498	0.41	0.444	0.654	0.469	0.422	0.43	0.432	0.432
1.213	0.564	0.41	0.444	0.872	0.469	0.425	0.432	0.425	0.43
1.289	0.659	0.413	0.442	1.013	0.469	0.425	0.432	0.422	0.427
1.338	0.72	0.41	0.439	1.082	0.466	0.427	0.432	0.422	0.43
1.37	0.75	0.415	0.439	1.125	0.466	0.43	0.435	0.425	0.425
1.389	0.769	0.417	0.444	1.15	0.471	0.425	0.43	0.432	0.43
1.404	0.781	0.425	0.444	1.169	0.469	0.427	0.432	0.43	0.43
1.414	0.801	0.422	0.447	1.177	0.464	0.427	0.439	0.43	0.427
1.423	0.815	0.42	0.447	1.184	0.464	0.43	0.437	0.425	0.427
1.438	0.825	0.42	0.439	1.191	0.457	0.427	0.437	0.427	0.432
1.438	0.833	0.415	0.444	1.191	0.457	0.427	0.442	0.425	0.432
1.445	0.845	0.417	0.442	1.194	0.464	0.417	0.437	0.437	0.439
1.462	0.854	0.427	0.444	1.199	0.464	0.422	0.437	0.435	0.437
1.475	0.852	0.422	0.447	1.206	0.466	0.425	0.439	0.435	0.437
1.472	0.847	0.422	0.444	1.206	0.461	0.43	0.437	0.43	0.435
1.482	0.837	0.417	0.444	1.172	0.459	0.43	0.435	0.427	0.437
1.482	0.833	0.417	0.442	1.096	0.459	0.435	0.437	0.43	0.435
1.394	0.823	0.415	0.432	0.979	0.469	0.432	0.437	0.432	0.437
1.235	0.793	0.42	0.43	0.879	0.471	0.432	0.439	0.43	0.43
1.045	0.745	0.413	0.425	0.801	0.469	0.432	0.444	0.427	0.42
0.92	0.762	0.408	0.422	0.757	0.466	0.432	0.439	0.422	0.413
0.796	0.706	0.405	0.417	0.676	0.457	0.435	0.439	0.425	0.408
0.693	0.691	0.403	0.425	0.591	0.459	0.43	0.442	0.432	0.408
0.64	0.674	0.408	0.425	0.532	0.464	0.43	0.439	0.43	0.417
0.615	0.598	0.464	0.427	0.498	0.464	0.427	0.439	0.43	0.42
0.564	0.527	0.762	0.427	0.474	0.464	0.43	0.439	0.427	0.417
0.532	0.491	1.099	0.425	0.457	0.459	0.435	0.439	0.425	0.415
0.51	0.466	1.218	0.422	0.444	0.457	0.437	0.437	0.425	0.403
0.498	0.454	1.201	0.427	0.439	0.457	0.43	0.432	0.43	0.4
0.486	0.447	1.194	0.427	0.442	0.461	0.43	0.432	0.43	0.398
0.476	0.449	1.208	0.43	0.444	0.461	0.43	0.437	0.43	0.396
0.471	0.442	1.233	0.427	0.439	0.461	0.432	0.437	0.43	0.393
0.471	0.435	1.25	0.427	0.437	0.461	0.435	0.432	0.425	0.393
0.471	0.432	1.26	0.42	0.432	0.457	0.439	0.435	0.425	0.391
0.469	0.432	1.27	0.42	0.432	0.469	0.435	0.427	0.432	0.391
0.469	0.432	1.279	0.417	0.437	0.466	0.432	0.427	0.432	0.383
0.461	0.437	1.284	0.417	0.437	0.474	0.437	0.43	0.435	0.386
0.466	0.43	1.282	0.415	0.435	0.476	0.439	0.43	0.432	0.41
0.469	0.425	1.284	0.41	0.435	0.466	0.483	0.444	0.43	0.427
0.471	0.422	1.27	0.408	0.432	0.466	0.662	0.432	0.427	0.435
0.474	0.425	1.199	0.405	0.432	0.474	0.876	0.425	0.435	0.444
0.474	0.427	1.133	0.41	0.439	0.466	1.045	0.454	0.447	0.452
0.469	0.432	1.033	0.41	0.439	0.471	1.15	0.962	0.564	0.457
0.471	0.43	0.903	0.413	0.437	0.469	1.24	1.987	0.879	0.459
0.476	0.422	0.83	0.413	0.437	0.461	1.282	2.083	1.377	0.461
0.471	0.42	0.798	0.415	0.432	0.471	1.287	1.899	1.536	0.459
0.466	0.42	0.718	0.413	0.432	0.554	1.287	1.902	1.572	0.461
0.466	0.425	0.642	0.415	0.439	1.104	1.301	2.085	1.628	0.461
0.459	0.427	0.559	0.42	0.439	1.865	1.304	2.202	1.687	0.464
0.457	0.425	0.491	0.422	0.439	1.865	1.323	2.324	1.724	0.461
0.454	0.42	0.449	0.422	0.435	1.675	1.311	2.439	1.768	0.461
0.454	0.417	0.425	0.422	0.432	1.702	1.309	2.588	1.804	0.454
0.454	0.422	0.41	0.427	0.437	1.929	1.301	2.676	1.816	0.457
0.459	0.43	0.4	0.435	0.442	2.109	1.282	2.734	1.836	0.459
0.454	0.43	0.391	0.442	0.442	2.192	1.187	2.722	1.868	0.549
0.457	0.422	0.383	0.444	0.442	2.224	1.013	2.6	1.892	0.942
0.454	0.42	0.378	0.444	0.439	2.239	0.886	2.422	1.929	1.279
0.449	0.417	0.378	0.447	0.435	2.253	0.791	2.227	1.946	1.462
0.447	0.422	0.381	0.439	0.432	2.249	0.745	2.026	1.87	1.594
0.444	0.43	0.386	0.442	0.439	2.222	0.706	1.763	1.636	1.694
0.447	0.425	0.381	0.442	0.439	2.124	0.637	1.45	1.382	1.765
0.452	0.422	0.381	0.439	0.437	1.938	0.566	1.206	1.13	1.836
0.457	0.422	0.371	0.439	0.435	1.663	0.53	1.047	0.984	1.858
0.461	0.42	0.371	0.439	0.435	1.389	0.493	0.955	0.881	1.885
0.464	0.422	0.376	0.437	0.437	1.125	0.474	0.913	0.823	1.909
0.459	0.43	0.381	0.439	0.439	0.972	0.464	0.784	0.713	1.924
0.461	0.425	0.383	0.442	0.437	0.896	0.459	0.686	0.64	1.953
0.466	0.425	0.383	0.444	0.435	0.815	0.457	0.596	0.562	1.992
0.469	0.417	0.383	0.444	0.43	0.708	0.461	0.542	0.515	1.987
0.469	0.413	0.378	0.447	0.43	0.659	0.454	0.5	0.491	1.97
0.471	0.415	0.378	0.444	0.43	0.579	0.452	0.479	0.471	1.819
0.466	0.422	0.371	0.447	0.425	0.542	0.449	0.471	0.459	1.597
0.466	0.422	0.371	0.449	0.427	0.508	0.449	0.461	0.452	1.34
0.471	0.422	0.371	0.447	0.427	0.481	0.449	0.459	0.444	1.138
0.471	0.417	0.364	0.449	0.425	0.464	0.454	0.459	0.444	0.964
0.474	0.417	0.359	0.444	0.422	0.469	0.447	0.449	0.442	0.801
0.476	0.42	0.366	0.444	0.427	0.466	0.444	0.444	0.439	0.759
0.466	0.422	0.366	0.449	0.425	0.469	0.442	0.442	0.439	0.669
0.466	0.42	0.366	0.449	0.427	0.474	0.447	0.449	0.442	0.608
0.464	0.425	0.364	0.449	0.422	0.469	0.447	0.449	0.437	0.574
0.471	0.42	0.364	0.452	0.417	0.464	0.449	0.452	0.437	0.522
0.471	0.422	0.361	0.447	0.415	0.466	0.447	0.447	0.437	0.493
0.471	0.42	0.366	0.447	0.42	0.464	0.439	0.444	0.437	0.481
0.461	0.42	0.366	0.449	0.417	0.469	0.439	0.447	0.437	0.474
0.461	0.42	0.378	0.449	0.42	0.469	0.439	0.447	0.437	0.466
0.464	0.42	0.386	0.449	0.417	0.469	0.449	0.447	0.437	0.461
0.466	0.417	0.386	0.449	0.415	0.466	0.447	0.449	0.437	0.459
0.471	0.413	0.386	0.447	0.417	0.466	0.447	0.447	0.435	0.457
0.476	0.42	0.386	0.449	0.422	0.454	0.444	0.444	0.435	0.457
0.474	0.417	0.383	0.447	0.417	0.457	0.442	0.442	0.439	0.454
0.471	0.42	0.386	0.449	0.42	0.437	0.444	0.444	0.439	0.452
0.479	0.413	0.391	0.447	0.42	0.417	0.452	0.444	0.439	0.454
0.481	0.41	0.391	0.449	0.415	0.408	0.449	0.444	0.442	0.449
0.481	0.408	0.393	0.442	0.415	0.398	0.447	0.442	0.437	0.447
0.479	0.415	0.396	0.442	0.42	0.403	0.444	0.437	0.437	0.447
0.474	0.413	0.398	0.442	0.42	0.398	0.442	0.439	0.439	0.449
0.471	0.413	0.4	0.444	0.42	0.388	0.442	0.437	0.437	0.457
0.476	0.41	0.403	0.447	0.417	0.383	0.452	0.442	0.435	0.452
0.479	0.408	0.4	0.447	0.42	0.386	0.447	0.439	0.439	0.452
0.483	0.41	0.398	0.442	0.417	0.378	0.447	0.439	0.435	0.449
0.479	0.413	0.391	0.444	0.42	0.388	0.444	0.437	0.437	0.449
0.476	0.413	0.396	0.447	0.422	0.398	0.439	0.437	0.437	0.452
0.474	0.415	0.4	0.449	0.422	0.405	0.442	0.442	0.439	0.459
0.476	0.413	0.4	0.447	0.422	0.413	0.447	0.444	0.437	0.454
0.479	0.41	0.4	0.449	0.422	0.417	0.444	0.439	0.439	0.449
0.486	0.41	0.396	0.444	0.425	0.41	0.442	0.439	0.432	0.449
0.479	0.417	0.378	0.442	0.425	0.408	0.439	0.439	0.435	0.452
0.479	0.415	0.376	0.444	0.425	0.408	0.442	0.442	0.439	0.454
0.476	0.417	0.374	0.444	0.427	0.408	0.444	0.447	0.439	0.459
0.479	0.415	0.371	0.444	0.427	0.408	0.449	0.454	0.437	0.457
0.483	0.417	0.366	0.439	0.425	0.41	0.449	0.447	0.435	0.454
0.488	0.415	0.366	0.432	0.427	0.405	0.449	0.442	0.432	0.457
0.486	0.415	0.388	0.43	0.42	0.405	0.447	0.439	0.435	0.452
0.481	0.417	0.398	0.43	0.425	0.405	0.447	0.437	0.437	0.457
0.483	0.417	0.422	0.432	0.427	0.403	0.449	0.444	0.439	0.457
0.483	0.42	0.61	0.435	0.427	0.403	0.452	0.449	0.439	0.452
0.488	0.417	0.718	0.427	0.422	0.403	0.452	0.447	0.437	0.449
0.491	0.42	0.723	0.427	0.425	0.396	0.452	0.447	0.437	0.447
0.483	0.42	0.737	0.427	0.42	0.396	0.449	0.442	0.439	0.449
0.479	0.422	0.803	0.427	0.422	0.4	0.449	0.444	0.437	0.452
0.476	0.422	0.881	0.427	0.427	0.403	0.452	0.449	0.439	0.447
0.479	0.415	0.947	0.432	0.42	0.4	0.452	0.449	0.442	0.447
0.483	0.415	0.981	0.425	0.42	0.396	0.454	0.447	0.435	0.444
0.483	0.415	1.013	0.422	0.422	0.391	0.452	0.447	0.43	0.444
0.481	0.413	1.013	0.417	0.415	0.393	0.447	0.444	0.432	0.449
0.479	0.41	0.996	0.417	0.417	0.398	0.444	0.444	0.435	0.457
0.476	0.41	0.969	0.422	0.422	0.403	0.452	0.449	0.435	0.454
0.476	0.41	0.896	0.432	1.052	0.41	0.452	0.449	0.439	0.452
0.481	0.405	0.845	0.444	2.136	0.41	0.454	0.447	0.435	0.449
0.481	0.41	0.803	0.732	1.631	0.413	0.452	0.452	0.435	0.449
0.474	0.408	0.732	1.401	1.296	0.413	0.449	0.449	0.437	0.452
0.471	0.41	0.613	1.714	1.177	0.413	0.449	0.471	0.439	0.459
0.471	0.413	0.527	1.758	1.121	0.413	0.454	0.566	0.437	0.452
0.471	0.41	0.479	1.814	1.089	0.413	0.454	0.586	0.439	0.449
0.479	0.41	0.442	1.851	1.123	0.405	0.454	0.603	0.435	0.447
0.479	0.41	0.41	1.877	1.204	0.403	0.452	0.625	0.442	0.449
0.474	0.408	0.398	1.953	1.304	0.403	0.449	0.649	0.442	0.452
0.474	0.413	0.393	2.012	1.377	0.4	0.51	0.71	0.457	0.457
0.471	0.41	0.388	2.048	1.379	0.403	0.706	0.842	0.522	0.449
0.474	0.415	0.393	2.053	1.379	0.405	0.842	0.916	0.61	0.449
0.476	0.413	0.388	2.056	1.318	0.403	0.986	0.977	0.681	0.447
0.469	0.413	0.374	1.987	1.279	0.398	1.187	1.03	0.681	0.452
0.469	0.41	0.371	1.821	1.279	0.396	1.426	1.074	0.693	0.457
0.466	0.415	0.369	1.572	1.267	0.403	1.599	1.108	0.813	0.464
0.464	0.417	0.366	1.313	1.274	0.405	1.709	1.138	0.92	0.461
0.471	0.413	0.371	1.133	1.108	0.413	1.765	1.143	0.999	0.461
0.479	0.41	0.374	1.018	0.996	0.41	1.809	1.121	1.06	0.459
0.474	0.41	0.366	0.935	0.808	0.408	1.831	1.052	1.091	0.457
0.476	0.413	0.364	0.82	0.667	0.41	1.848	0.913	1.118	0.457
0.474	0.415	0.364	0.723	0.574	0.41	1.831	0.83	1.13	0.461
0.474	0.415	0.366	0.632	0.515	0.417	1.77	0.718	1.135	0.459
0.469	0.415	0.361	0.569	0.481	0.432	1.616	0.632	1.113	0.457
0.476	0.415	0.361	0.513	0.457	0.457	1.392	0.564	1.042	0.452
0.474	0.413	0.354	0.481	0.439	0.637	1.179	0.52	0.925	0.449
0.471	0.413	0.356	0.459	0.427	0.735	0.999	0.491	0.891	0.452
0.466	0.417	0.356	0.452	0.42	0.803	0.828	0.476	0.818	0.452
0.464	0.413	0.359	0.452	0.42	0.837	0.713	0.469	0.735	0.454
0.469	0.408	0.366	0.442	0.42	0.891	0.61	0.466	0.632	0.471
0.471	0.413	0.374	0.437	0.42	1.101	0.549	0.461	0.562	0.505
0.466	0.41	0.366	0.43	0.417	1.321	0.508	0.459	0.51	0.559
0.466	0.41	0.369	0.43	0.42	1.484	0.481	0.457	0.481	0.696
0.459	0.413	0.366	0.432	0.422	1.56	0.476	0.459	0.466	0.896
0.459	0.417	0.366	0.432	0.425	1.643	0.461	0.457	0.459	0.925
0.469	0.417	0.369	0.427	0.425	1.697	0.457	0.459	0.447	0.925
0.471	0.425	0.366	0.43	0.425	1.729	0.452	0.461	0.442	0.974
0.474	0.422	0.366	0.43	0.425	1.748	0.444	0.454	0.437	1.052
0.471	0.422	0.364	0.435	0.427	1.687	0.439	0.454	0.435	1.14
0.466	0.425	0.364	0.435	0.43	1.487	0.439	0.459	0.435	1.316
0.479	0.425	0.381	0.437	0.432	1.267	0.437	0.457	0.437	1.553
0.479	0.422	0.403	0.437	0.432	1.045	0.442	0.459	0.43	1.721
0.479	0.425	0.405	0.432	0.427	0.837	0.442	0.457	0.427	1.816
0.5	0.422	0.408	0.43	0.427	0.72	0.444	0.454	0.43	1.841
0.676	0.425	0.415	0.43	0.425	0.593	0.442	0.454	0.43	1.814
1.907	0.425	0.422	0.432	0.425	0.522	0.442	0.457	0.435	1.709
2.197	0.43	0.427	0.437	0.427	0.486	0.439	0.454	0.437	1.567
1.826	0.43	0.435	0.435	0.43	0.437	0.442	0.457	0.435	1.421
1.643	0.427	0.427	0.439	0.427	0.415	0.447	0.457	0.435	1.313
1.77	0.427	0.427	0.439	0.425	0.396	0.444	0.449	0.432	1.099
1.907	0.422	0.425	0.442	0.427	0.388	0.439	0.447	0.437	0.879
1.997	0.425	0.425	0.444	0.43	0.381	0.439	0.457	0.442	0.757
2.097	0.427	0.432	0.439	0.43	0.381	0.439	0.454	0.442	0.676
2.173	0.425	0.437	0.437	0.437	0.369	0.444	0.459	0.437	0.613
2.207	0.42	0.427	0.437	0.435	0.359	0.447	0.452	0.435	0.549
2.241	0.413	0.42	0.432	0.435	0.354	0.447	0.447	0.432	0.513
2.236	0.415	0.42	0.435	0.437	0.352	0.449	0.447	0.437	0.488
2.144	0.42	0.417	0.439	0.439	0.359	0.444	0.447	0.442	0.476
1.931	0.425	0.425	0.437	0.442	0.359	0.444	0.447	0.439	0.469
1.633	0.427	0.427	0.435	0.447	0.359	0.444	0.452	0.43	0.461
1.387	0.422	0.425	0.427	0.437	0.359	0.444	0.449	0.435	0.457
1.167	0.425	0.425	0.425	0.437	0.356	0.442	0.442	0.435	0.459
1.086	0.459	0.427	0.425	0.439	0.359	0.444	0.439	0.437	0.459
0.957	0.698	0.43	0.439	0.444	0.359	0.442	0.437	0.442	0.461
0.815	1.384	0.435	0.437	0.449	0.359	0.442	0.435	0.439	0.461
0.725	1.514	0.43	0.437	0.447	0.356	0.444	0.437	0.435	0.461
0.637	1.37	0.427	0.439	0.442	0.352	0.444	0.437	0.432	0.461
0.579	1.338	0.425	0.437	0.442	0.347	0.447	0.435	0.432	0.464
0.53	1.431	0.425	0.439	0.442	0.354	0.447	0.437	0.432	0.454
0.5	1.558	0.43	0.444	0.444	0.364	0.442	0.435	0.437	0.452
0.483	1.665	0.439	0.442	0.447	0.361	0.442	0.435	0.43	0.449
0.464	1.768	0.435	0.444	0.449	0.366	0.442	0.437	0.43	0.447
0.454	1.838	0.432	0.439	0.444	0.361	0.444	0.437	0.427	0.452
0.449	1.885	0.43	0.439	0.444	0.359	0.437	0.437	0.43	0.449
0.442	1.929	0.425	0.439	0.444	0.361	0.442	0.437	0.432	0.442
0.437	1.943	0.43	0.442	0.447	0.369	0.435	0.437	0.435	0.442
0.442	1.885	0.435	0.442	0.449	0.359	0.439	0.439	0.435	0.439
0.437	1.675	0.43	0.439	0.442	0.354	0.442	0.439	0.435	0.439
0.432	1.433	0.427	0.437	0.439	0.347	0.442	0.437	0.432	0.439
0.43	1.243	0.425	0.432	0.439	0.359	0.442	0.435	0.435	0.447
0.43	1.067	0.417	0.437	0.439	0.388	0.444	0.437	0.439	0.447
0.427	0.957	0.417	0.437	0.442	0.413	0.442	0.437	0.444	0.452
0.43	0.869	0.422	0.437	0.447	0.42	0.442	0.437	0.442	0.449
0.425	0.771	0.415	0.432	0.442	0.422	0.447	0.442	0.439	0.444
0.43	0.688	0.415	0.427	0.442	0.422	0.449	0.437	0.435	0.444
0.435	0.605	0.413	0.43	0.439	0.422	0.449	0.435	0.437	0.447
0.432	0.54	0.415	0.442	0.439	0.425	0.476	0.435	0.442	0.449
0.432	0.498	0.42	0.439	0.444	0.432	0.752	0.432	0.442	0.454
0.435	0.476	0.43	0.447	0.452	0.435	1.333	0.437	0.532	0.454
0.432	0.457	0.42	0.444	0.449	0.435	1.357	0.435	0.964	0.454
0.435	0.447	0.42	0.442	0.447	0.43	1.262	0.432	1.25	0.452
0.435	0.442	0.42	0.437	0.444	0.43	1.26	0.432	1.211	0.449
0.43	0.439	0.425	0.442	0.444	0.435	1.328	0.432	1.23	0.449
0.43	0.439	0.43	0.437	0.449	0.439	1.387	0.435	1.309	0.452
0.43	0.447	0.432	0.437	0.547	0.439	1.428	0.435	1.367	0.452
0.432	0.437	0.43	0.435	0.969	0.437	1.46	0.435	1.418	0.449
0.435	0.435	0.427	0.432	1.221	0.432	1.477	0.435	1.46	0.452
0.435	0.43	0.422	0.425	1.326	0.43	1.482	0.432	1.501	0.447
0.435	0.432	0.42	0.425	1.404	0.435	1.484	0.427	1.543	0.452
0.435	0.437	0.425	0.422	1.455	0.439	1.448	0.425	1.558	0.452
0.43	0.447	0.425	0.425	1.497	0.437	1.338	0.43	1.572	0.454
0.432	0.444	0.425	0.425	1.521	0.442	1.226	0.432	1.57	0.452
0.437	0.442	0.425	0.425	1.538	0.439	1.143	0.432	1.492	0.454
0.437	0.439	0.422	0.427	1.553	0.435	1.069	0.432	1.353	0.447
0.435	0.444	0.427	0.432	1.56	0.432	0.999	0.425	1.23	0.447
0.435	0.449	0.435	0.432	1.582	0.43	0.93	0.43	1.118	0.447
0.43	0.454	0.435	0.43	1.584	0.432	0.828	0.432	1.011	0.449
0.435	0.449	0.435	0.425	1.545	0.427	0.669	0.435	0.937	0.447
0.437	0.449	0.432	0.42	1.462	0.42	0.576	0.432	0.894	0.452
0.432	0.442	0.427	0.42	1.328	0.422	0.52	0.435	0.774	0.449
0.435	0.447	0.432	0.417	1.184	0.442	0.471	0.43	0.647	0.449
0.437	0.447	0.439	0.417	1.123	0.444	0.447	0.435	0.562	0.452
0.435	0.449	0.435	0.42	1.091	0.449	0.43	0.435	0.505	0.449
0.437	0.447	0.432	0.422	1.04	0.449	0.415	0.437	0.474	0.447
0.439	0.447	0.432	0.422	0.93	0.449	0.41	0.432	0.454	0.444
0.442	0.442	0.43	0.439	0.776	0.449	0.403	0.435	0.444	0.447
0.439	0.439	0.432	0.5	0.649	0.457	0.398	0.43	0.437	0.457
0.439	0.435	0.439	0.564	0.581	0.449	0.396	0.43	0.427	0.657
0.432	0.432	0.437	0.696	0.53	0.454	0.391	0.435	0.442	1.379
0.435	0.422	0.437	0.73	0.5	0.452	0.4	0.437	0.415	1.433
0.437	0.425	0.427	0.754	0.476	0.452	0.405	0.437	0.413	1.35
0.437	0.417	0.422	0.776	0.464	0.452	0.403	0.439	0.417	1.455
0.437	0.413	0.425	0.781	0.452	0.454	0.393	0.435	0.417	1.589
0.435	0.417	0.43	0.779	0.442	0.452	0.388	0.435	0.42	1.707
0.432	0.41	0.427	0.769	0.442	0.457	0.383	0.439	0.422	1.799
0.437	0.408	0.427	0.764	0.435	0.452	0.391	0.442	0.422	1.87
0.439	0.405	0.422	0.774	0.439	0.449	0.4	0.442	0.427	1.892
0.439	0.4	0.425	0.774	0.449	0.452	0.403	0.439	0.43	1.919
0.439	0.403	0.425	0.769	0.449	0.449	0.398	0.439	0.43	1.929
0.437	0.41	0.425	0.786	0.452	0.447	0.4	0.439	0.432	1.907
0.435	0.41	0.427	0.828	0.452	0.449	0.398	0.442	0.432	1.792
0.435	0.408	0.427	0.889	0.452	0.454	0.403	0.447	0.427	1.658
0.435	0.408	0.425	0.923	0.449	0.457	0.41	0.447	0.422	1.494
0.437	0.405	0.427	0.967	0.444	0.461	0.408	0.439	0.425	1.289
0.439	0.41	0.432	0.964	0.444	0.464	0.408	0.437	0.422	1.113
0.435	0.42	0.43	0.925	0.444	0.464	0.405	0.439	0.427	0.991
0.432	0.417	0.435	0.808	0.444	0.469	0.408	0.439	0.43	0.884
0.432	0.417	0.432	0.667	0.442	0.466	0.41	0.442	0.427	0.823
0.435	0.41	0.43	0.571	0.439	0.464	0.415	0.444	0.425	0.793
0.435	0.405	0.432	0.51	0.439	0.466	0.415	0.435	0.43	0.671
0.435	0.413	0.437	0.476	0.444	0.464	0.413	0.432	0.427	0.601
0.425	0.413	0.432	0.457	0.439	0.466	0.41	0.439	0.427	0.562
0.417	0.408	0.439	0.442	0.444	0.469	0.41	0.437	0.425	0.532
0.42	0.408	0.442	0.435	0.447	0.469	0.415	0.437	0.42	0.515
0.425	0.405	0.439	0.43	0.437	0.466	0.42	0.444	0.42	0.486
0.425	0.405	0.439	0.422	0.435	0.469	0.417	0.435	0.422	0.466
0.43	0.41	0.447	0.422	0.444	0.469	0.417	0.435	0.422	0.457
0.422	0.415	0.439	0.425	0.437	0.466	0.417	0.437	0.422	0.454
0.422	0.417	0.437	0.425	0.437	0.464	0.417	0.439	0.422	0.452
0.425	0.415	0.439	0.422	0.437	0.459	0.415	0.439	0.42	0.447
0.425	0.41	0.435	0.425	0.435	0.454	0.415	0.442	0.42	0.442
0.427	0.413	0.432	0.42	0.43	0.457	0.41	0.437	0.417	0.442
0.425	0.42	0.437	0.42	0.425	0.454	0.4	0.439	0.42	0.439
0.42	0.415	0.432	0.425	0.413	0.457	0.4	0.439	0.42	0.442
0.422	0.417	0.437	0.425	0.408	0.459	0.398	0.439	0.437	0.447
0.728	0.415	0.437	0.425	0.398	0.459	0.398	0.439	0.51	0.442
1.296	0.413	0.435	0.427	0.396	0.461	0.391	0.437	0.835	0.439
1.089	0.413	0.432	0.42	0.393	0.461	0.391	0.432	1.477	0.444
0.842	0.425	0.435	0.417	0.4	0.466	0.381	0.43	1.816	0.444
0.793	0.425	0.435	0.425	0.4	0.466	0.381	0.427	1.887	0.449
0.845	0.427	0.437	0.425	0.4	0.466	0.388	0.427	1.912	0.457
0.884	0.425	0.437	0.427	0.398	0.466	0.4	0.432	1.926	0.449
0.952	0.422	0.437	0.43	0.393	0.466	0.398	0.43	1.968	0.447
1.006	0.427	0.439	0.425	0.432	0.464	0.398	0.427	2.048	0.444
1.006	0.42	0.437	0.425	0.498	0.461	0.398	0.425	2.083	0.444
1.003	0.417	0.442	0.42	0.852	0.466	0.417	0.427	2.051	0.449
0.999	0.415	0.439	0.422	1.406	0.466	0.488	0.435	2.034	0.452
0.977	0.415	0.435	0.425	1.704	0.466	1.064	0.442	2.078	0.444
0.991	0.415	0.435	0.427	1.838	0.466	1.58	0.437	2.1	0.444
0.959	0.417	0.437	0.425	1.912	0.464	1.809	0.437	2.166	0.447
0.898	0.422	0.432	0.425	1.958	0.469	1.919	0.435	2.275	0.444
0.835	0.425	0.442	0.422	2.029	0.471	2.004	0.435	2.322	0.449
0.723	0.425	0.537	0.425	2.085	0.471	2.085	0.439	2.366	0.452
0.625	0.425	1.179	0.432	2.141	0.471	2.151	0.444	2.373	0.444
0.537	0.422	1.387	0.432	2.192	0.474	2.197	0.439	2.368	0.442
0.488	0.42	1.357	0.43	2.251	0.461	2.212	0.435	2.256	0.439
0.447	0.427	1.504	0.425	2.268	0.466	2.236	0.435	2.102	0.442
0.42	0.425	1.653	0.425	2.273	0.466	2.258	0.437	1.902	0.444
0.398	0.43	1.787	0.43	2.222	0.466	2.261	0.437	1.67	0.449
0.388	0.427	1.882	0.43	2.166	0.464	2.253	0.442	1.465	0.442
0.386	0.427	1.982	0.427	2.102	0.464	2.241	0.437	1.265	0.439
0.391	0.427	2.041	0.427	2.061	0.459	2.234	0.437	1.094	0.437
0.391	0.43	2.078	0.432	2.007	0.461	2.209	0.437	0.923	0.439
0.396	0.43	2.112	0.43	1.975	0.464	2.168	0.439	0.752	0.442
0.391	0.435	2.146	0.427	1.953	0.464	2.078	0.439	0.63	0.444
0.396	0.432	2.134	0.432	1.926	0.461	1.919	0.444	0.557	0.439
0.4	0.43	2.004	0.422	1.902	0.461	1.743	0.444	0.518	0.439
0.405	0.432	1.755	0.42	1.841	0.457	1.572	0.442	0	0.442
0.403	0.43	1.487	0.42	1.736	0.457	1.406	0.442	0	0.444
0.396	0.432	1.316	0.417	1.509	0.464	1.284	0.439	0	0.449
0.4	0.432	1.133	0.417	1.333	0.461	1.138	0.444	0	0.454
0.408	0.432	1.018	0.42	1.155	0.459	1.011	0.447	0	0.469
0.413	0.43	0.962	0.415	0.986	0.457	0.891	0.442	0	0.972
0.413	0.43	0.896	0.413	0.876	0.454	0.708	0.439	0	1.716
0.41	0.427	0.779	0.413	0.742	0.452	0.591	0.439	0	1.968
0.41	0.43	0.703	0.415	0.613	0.454	0.52	0.439	0	1.843
0.41	0.432	0.667	0.42	0.537	0.457	0.486	0.447	0	1.792
0.41	0.427	0.596	0.42	0.496	0.464	0.454	0.444	0	1.855
0.415	0.427	0.537	0.413	0	0.459	0	0.444	0	1.892
0.41	0.43	0.488	0.41	0	0.457	0	0.439	0	1.868
0.41	0.425	0.461	0.413	0	0.537	0	0.437	0	1.843
0.41	0.43	0.439	0.413	0	0.825	0	0.444	0	1.855
0.41	0.447	0.425	0.417	0	1.152	0	0.452	0	1.846
0.408	0.427	0.415	0.42	0	1.226	0	0.449	0	1.831
0.408	0.425	0.413	0.415	0	1.25	0	0.447	0	1.812
0.398	0.427	0.403	0.413	0	1.406	0	0.447	0	1.775
0.396	0.425	0.42	0.417	0	1.536	0	0.444	0	1.787
0.396	0.427	0.403	0.42	0	1.619	0	0.444	0	1.807
0.398	0.427	0.415	0.425	0	1.699	0	0.449	0	1.836
0.398	0.422	0.488	0.425	0	1.78	0	0.444	0	1.863
0.405	0.422	0.771	0.425	0	1.836	0	0.442	0	1.887
0.41	0.427	1.277	0.422	0	1.86	0	0.439	0	1.853
0.408	0.43	1.504	0.425	0	1.86	0	0.439	0	1.814
0.408	0.432	1.501	0.43	0	1.785	0	0.442	0	1.75
0.405	0.432	1.47	0.435	0	1.658	0	0.452	0	1.677
0.408	0.432	1.548	0.43	0	1.575	0	0.449	0	1.536
0.42	0.432	1.731	0.427	0	1.494	0	0.449	0	1.421
0.422	0.432	1.992	0.425	0	1.375	0	0.444	0	1.296
0.42	0.43	2.239	0.425	0	1.184	0	0.444	0	1.133
0.42	0.432	2.454	0.427	0	1.05	0	0.444	0	0.972
0.42	0.435	2.712	0.432	0	0.937	0	0.447	0	0.876
0.422	0.435	2.976	0.43	0	0.898	0	0.449	0	0.803
0.422	0.437	3.159	0.427	0	0.796	0	0.449	0	0.676
0.42	0.435	3.193	0.425	0	0.667	0	0.447	0	0
0.417	0.432	3.145	0.422	0	0.588	0	0.447	0	0
0.415	0.432	3.103	0.427	0	0.542	0	0.452	0	0
0.413	0.437	3.066	0.435	0	0.518	0	0.449	0	0
0.417	0.481	2.996	0.43	0	0.471	0	0.442	0	0
0.439	0.54	2.874	0.427	0	0.42	0	0.439	0	0
0.537	0.789	2.708	0.427	0	0.408	0	0.435	0	0
0.84	0.735	2.532	0.43	0	0.413	0	0.435	0	0
0.92	0.723	2.336	0.432	0	0.405	0	0.444	0	0
0.918	0.762	2.07	0.437	0	0.405	0	0.447	0	0
0.979	0.852	1.865	0.432	0	0.393	0	0.449	0	0
1.042	0.935	1.721	0.432	0	0.386	0	0.447	0	0
1.128	1.016	1.558	0.43	0	0.386	0	0.442	0	0
1.257	1.089	1.365	0.43	0	0.381	0	0.444	0	0
1.34	1.165	1.179	0.432	0	0.383	0	0.454	0	0
1.401	1.204	0	0.435	0	0.393	0	0.457	0	0
1.45	1.189	0	0.432	0	0.393	0	0.923	0	0
1.504	1.167	0	0.449	0	0.393	0	1.895	0	0
1.489	1.157	0	0.43	0	0.391	0	1.628	0	0
1.396	1.133	0	0.427	0	0.393	0	1.309	0	0
1.238	1.089	0	0.432	0	0.396	0	1.204	0	0
1.099	1.001	0	0.43	0	0.4	0	1.316	0	0
0.977	0.955	0	0.427	0	0.391	0	1.436	0	0
0.908	0.903	0	0.425	0	0.383	0	1.514	0	0
0.82	0.84	0	0.461	0	0.383	0	1.55	0	0
0.684	0.789	0	1.057	0	0.386	0	1.577	0	0
0.593	0.647	0	1.423	0	0.408	0	1.602	0	0
0.537	0.559	0	1.296	0	0.574	0	1.609	0	0
0.503	0.508	0	1.338	0	1.094	0	1.633	0	0
0.461	0.471	0	1.562	0	1.511	0	1.648	0	0
0.442	0.449	0	1.731	0	1.648	0	1.624	0	0
0.432	0.442	0	1.873	0	1.704	0	1.453	0	0
0.42	0.442	0	1.995	0	1.816	0	1.155	0	0
0.415	0.437	0	2.087	0	1.973	0	0.913	0	0
0.41	0.437	0	2.151	0	2.056	0	0.767	0	0
0.41	0.43	0	2.2	0	2.014	0	0.667	0	0
0.413	0.427	0	2.234	0	1.958	0	0.586	0	0
0.413	0.427	0	2.178	0	1.951	0	0.518	0	0
0.408	0.427	0	1.995	0	2.012	0	0.476	0	0
0.41	0.427	0	1.729	0	2.068	0	0.447	0	0
0.41	0.43	0	1.499	0	2.102	0	0.43	0	0
0.408	0.422	0	1.333	0	2.083	0	0.422	0	0
0.405	0.42	0	1.204	0	2.002	0	0.415	0	0
0.4	0.422	0	1.108	0	1.919	0	0.413	0	0
0.388	0.427	0	1.055	0	1.833	0	0.408	0	0
0.388	0.43	0	0.952	0	1.702	0	0.408	0	0
0.378	0.43	0	0.759	0	1.528	0	0.408	0	0
0.378	0.422	0	0.649	0	1.362	0	0.405	0	0
0.374	0.425	0	0.581	0	1.228	0	0.403	0	0
0.366	0.425	0	0.537	0	1.133	0	0.405	0	0
0.359	0.427	0	0.513	0	1.111	0	0.405	0	0
0.356	0.43	0	0.483	0	1.021	0	0.41	0	0
0.352	0.427	0	0.461	0	0.95	0	0.405	0	0
0.359	0.422	0	0.442	0	0.889	0	0.405	0	0
0.361	0.425	0	0.432	0	0.803	0	0.4	0	0
0.361	0.427	0	0.432	0	0.64	0	0.4	0	0
0.356	0.432	0	0.427	0	0.544	0	0.396	0	0
0.354	0.432	0	0.425	0	0.476	0	0.393	0	0
0.391	0.427	0	0.422	0	0	0	0.391	0	0
0.532	0.422	0	0.417	0	0	0	0.383	0	0
0.999	0.417	0	0.42	0	0	0	0.378	0	0
1.526	0.42	0	0.425	0	0	0	0.376	0	0
1.501	0.422	0	0.422	0	0	0	0.381	0	0
1.392	0.432	0	0.425	0	0	0	0.388	0	0
1.414	0.425	0	0.425	0	0	0	0.388	0	0
1.599	0.425	0	0.42	0	0	0	0.391	0	0
1.702	0.425	0	0.422	0	0	0	0.396	0	0
1.814	0.425	0	0.427	0	0	0	0.4	0	0
1.987	0.427	0	0.427	0	0	0	0.435	0	0
2.058	0.437	0	0.449	0	0	0	0.647	0	0
2.168	0.43	0	0.503	0	0	0	1.438	0	0
2.275	0.427	0	1.038	0	0	0	1.992	0	0
2.339	0.427	0	1.66	0	0	0	2.078	0	0
2.312	0.422	0	1.843	0	0	0	2.112	0	0
2.288	0.422	0	1.851	0	0	0	2.283	0	0
2.227	0.422	0	1.873	0	0	0	2.354	0	0
2.085	0.42	0	1.958	0	0	0	2.361	0	0
1.895	0.415	0	2.046	0	0	0	2.375	0	0
1.753	0.415	0	2.134	0	0	0	2.461	0	0
1.594	0.413	0	2.18	0	0	0	2.539	0	0
1.443	0.42	0	2.214	0	0	0	2.605	0	0
1.316	0.42	0	2.212	0	0	0	2.705	0	0
1.204	0.42	0	2.209	0	0	0	2.742	0	0
1.064	0.42	0	2.2	0	0	0	2.771	0	0
0.962	0.417	0	2.173	0	0	0	2.783	0	0
0.864	0.422	0	2.168	0	0	0	2.747	0	0
0.764	0.454	0	2.153	0	0	0	2.7	0	0
0.671	0.471	0	2.114	0	0	0	2.668	0	0
0.586	0.674	0	2.026	0	0	0	2.627	0	0
0.508	1.094	0	1.89	0	0	0	2.524	0	0
0.464	1.191	0	1.765	0	0	0	2.371	0	0
0.447	1.257	0	1.587	0	0	0	2.224	0	0
0.442	1.309	0	1.36	0	0	0	2.065	0	0
0.43	1.333	0	1.165	0	0	0	1.943	0	0
0	1.348	0	1.05	0	0	0	1.836	0	0
0	1.365	0	1.033	0	0	0	1.653	0	0
0	1.399	0	1.021	0	0	0	1.465	0	0
0	1.433	0	0.847	0	0	0	1.306	0	0
0	1.453	0	0.691	0	0	0	1.169	0	0
0	1.44	0	0.591	0	0	0	1.047	0	0
0	1.416	0	0.532	0	0	0	0.945	0	0
0	1.313	0	0.493	0	0	0	0.84	0	0
0	1.169	0	0.474	0	0	0	0.75	0	0
0	1.064	0	0.449	0	0	0	0.691	0	0
0	0.974	0	0.442	0	0	0	0	0	0
0	0.918	0	0.454	0	0	0	0	0	0
0	0.854	0	0	0	0	0	0	0	0
0	0.698	0	0	0	0	0	0	0	0
0	0.605	0	0	0	0	0	0	0	0
0	0.532	0	0	0	0	0	0	0	0
0	0.486	0	0	0	0	0	0	0	0
0	0.461	0	0	0	0	0	0	0	0
0	0.437	0	0	0	0	0	0	0	0
0	0.42	0	0	0	0	0	0	0	0
0	0.413	0	0	0	0	0	0	0	0
0	0.41	0	0	0	0	0	0	0	0
0	0.42	0	0	0	0	0	0	0	0
0	0.41	0	0	0	0	0	0	0	0
0	0.403	0	0	0	0	0	0	0	0
0	0.403	0	0	0	0	0	0	0	0
0	0.408	0	0	0	0	0	0	0	0
0	0.42	0	0	0	0	0	0	0	0
0	0.422	0	0	0	0	0	0	0	0
0	0.425	0	0	0	0	0	0	0	0
0	0.425	0	0	0	0	0	0	0	0
0	0.425	0	0	0	0	0	0	0	0
0	0.413	0	0	0	0	0	0	0	0
0	0.413	0	0	0	0	0	0	0	0
0	0.4	0	0	0	0	0	0	0	0
0	0.393	0	0	0	0	0	0	0	0
0	0.386	0	0	0	0	0	0	0	0
0	0.378	0	0	0	0	0	0	0	0
0	0.405	0	0	0	0	0	0	0	0
0	0.452	0	0	0	0	0	0	0	0
0	1.04	0	0	0	0	0	0	0	0
0	1.775	0	0	0	0	0	0	0	0
0	2.029	0	0	0	0	0	0	0	0
0	1.98	0	0	0	0	0	0	0	0
0	2.048	0	0	0	0	0	0	0	0
0	2.388	0	0	0	0	0	0	0	0
0	2.559	0	0	0	0	0	0	0	0
0	2.637	0	0	0	0	0	0	0	0
0	2.637	0	0	0	0	0	0	0	0
0	2.695	0	0	0	0	0	0	0	0
0	2.839	0	0	0	0	0	0	0	0
0	3.047	0	0	0	0	0	0	0	0
0	3.191	0	0	0	0	0	0	0	0
0	3.286	0	0	0	0	0	0	0	0
0	3.33	0	0	0	0	0	0	0	0
0	3.281	0	0	0	0	0	0	0	0
0	3.11	0	0	0	0	0	0	0	0
0	2.925	0	0	0	0	0	0	0	0
0	2.666	0	0	0	0	0	0	0	0
0	2.339	0	0	0	0	0	0	0	0
0	2.056	0	0	0	0	0	0	0	0
0	1.848	0	0	0	0	0	0	0	0
0	1.68	0	0	0	0	0	0	0	0
0	1.497	0	0	0	0	0	0	0	0
0	1.35	0	0	0	0	0	0	0	0
0	1.262	0	0	0	0	0	0	0	0
0	1.179	0	0	0	0	0	0	0	0
0	0.952	0	0	0	0	0	0	0	0
0	0.767	0	0	0	0	0	0	0	0
0	0.645	0	0	0	0	0	0	0	0
0	0.576	0	0	0	0	0	0	0	0
0	0.522	0	0	0	0	0	0	0	0
0	0.493	0	0	0	0	0	0	0	0
0	0.474	0	0	0	0	0	0	0	0
0	0.459	0	0	0	0	0	0	0	0
