0.308	0.269	0.334	0.3	1.099	0.303	0.339	0.266	0.356	0.276
0.308	0.322	0.332	0.305	2.852	0.303	0.339	0.269	0.879	0.276
0.31	0.361	0.334	0.317	2.231	0.3	0.347	0.269	2.18	0.388
0.312	0.598	0.354	0.454	1.523	0.298	0.364	0.269	2.356	0.713
0.381	1.211	0.701	0.852	1.323	0.3	0.52	0.264	1.692	3.616
0.718	1.797	2.725	2.068	1.34	0.315	1.045	0.305	1.455	3.318
3.525	1.936	3.137	2.253	1.406	0.488	1.667	0.566	1.389	2.412
3.398	1.953	2.18	1.743	1.409	1.687	1.958	2.288	1.37	2.573
1.936	1.985	1.868	1.604	1.414	2.876	1.892	2.864	1.365	2.827
1.379	1.987	2.122	1.626	1.401	2.336	1.87	1.99	1.365	2.881
1.487	1.997	2.529	1.672	1.401	2.019	1.863	1.597	1.36	2.905
1.956	2.063	2.673	1.685	1.387	2.092	1.836	1.582	1.36	2.986
2.095	2.17	2.705	1.716	1.37	2.244	1.838	1.692	1.367	2.998
2.139	2.202	2.705	1.748	1.345	2.307	1.829	1.726	1.387	2.981
2.156	2.234	2.695	1.782	1.235	2.312	1.809	1.724	1.396	2.954
2.122	2.236	2.681	1.846	1.15	2.327	1.833	1.687	1.377	2.935
2.048	2.258	2.698	1.89	1.06	2.334	1.833	1.667	1.357	2.839
1.895	2.285	2.688	1.919	0.962	2.322	1.809	1.67	1.194	2.705
1.738	2.275	2.627	1.858	0.869	2.327	1.711	1.685	0.972	2.466
1.633	2.261	2.417	1.731	0.806	2.266	1.55	1.689	0.864	2.175
1.414	2.229	2.19	1.621	0.774	2.068	1.406	1.646	0.764	1.848
1.296	2.168	2.048	1.492	0.718	1.924	1.172	1.604	0.667	1.582
1.138	1.98	1.775	1.274	0.667	1.76	1.001	1.401	0.579	1.367
1.008	1.753	1.562	1.074	0.574	1.606	0.937	1.233	0.508	1.177
0.962	1.472	1.289	0.972	0.525	1.414	0.92	1.062	0.439	1.069
0.923	1.216	1.128	0.933	0.403	1.096	0.854	0.923	0.361	0.884
0.837	1.062	0.986	0.82	0.403	0.996	0.759	0.862	0.31	0.754
0.71	0.928	0.869	0.725	0.391	0.901	0.637	0.779	0.288	0.613
0.554	0.842	0.815	0.703	0.344	0.764	0.559	0.605	0.283	0.474
0.449	0.759	0.657	0.591	0.308	0.659	0.474	0.51	0.281	0.364
0.442	0.703	0.603	0.491	0.3	0.579	0.4	0.51	0.281	0.349
0.396	0.681	0.496	0.388	0.305	0.493	0.386	0.469	0.281	0.344
0.403	0.601	0.403	0.344	0.305	0.403	0.378	0.391	0.283	0.31
0.403	0.483	0.356	0.339	0.303	0.383	0.381	0.347	0.271	0.276
0.396	0.371	0.349	0.339	0.31	0.342	0.381	0.33	0.269	0.261
0.381	0.327	0.33	0.322	0.295	0.32	0.374	0.291	0.273	0.254
0.339	0.315	0.325	0.317	0.293	0.317	0.364	0.286	0.276	0.251
0.325	0.305	0.312	0.31	0.291	0.32	0.364	0.286	0.266	0.254
0.32	0.293	0.31	0.303	0.295	0.312	0.361	0.281	0.261	0.254
0.32	0.298	0.303	0.295	0.298	0.312	0.361	0.276	0.259	0.256
0.315	0.295	0.303	0.291	0.298	0.308	0.356	0.278	0.261	0.256
0.312	0.283	0.3	0.288	0.293	0.305	0.354	0.286	0.261	0.249
0.312	0.276	0.3	0.286	0.293	0.31	0.352	0.291	0.259	0.247
0.312	0.271	0.298	0.291	0.295	0.31	0.356	0.291	0.259	0.249
0.312	0.269	0.298	0.291	0.298	0.312	0.359	0.291	0.254	0.251
0.315	0.269	0.3	0.291	0.288	0.312	0.361	0.288	0.251	0.254
0.315	0.269	0.303	0.291	0.291	0.315	0.356	0.286	0.259	0.251
0.312	0.273	0.3	0.291	0.281	0.317	0.354	0.283	0.261	0.249
0.31	0.273	0.298	0.291	0.286	0.322	0.354	0.286	0.259	0.247
0.308	0.271	0.295	0.286	0.291	0.322	0.356	0.288	0.256	0.244
0.31	0.273	0.347	0.286	0.291	0.32	0.364	0.286	0.256	0.3
0.312	0.491	0.452	0.288	0.288	0.317	0.364	0.273	0.256	0.461
0.469	0.649	0.852	0.283	0.286	0.315	0.361	0.266	0.259	0.73
0.825	0.981	1.255	0.278	0.283	0.322	0.356	0.308	0.261	1.138
1.528	1.255	1.453	0.347	0.359	0.322	0.356	0.459	0.256	1.389
1.729	1.306	1.47	0.593	0.5	0.322	0.359	0.986	0.251	1.46
1.548	1.321	1.423	1.038	0.945	0.32	0.361	1.648	0.337	1.462
1.489	1.323	1.421	1.418	1.375	0.315	0.361	1.353	0.576	1.423
1.472	1.321	1.421	1.321	1.523	0.315	0.359	1.125	0.959	1.399
1.475	1.309	1.426	1.221	1.482	0.315	0.408	1.077	1.382	1.409
1.47	1.299	1.426	1.189	1.411	0.315	0.544	1.106	1.133	1.416
1.46	1.292	1.438	1.201	1.387	0.315	0.808	1.155	0.974	1.455
1.455	1.292	1.448	1.252	1.37	0.312	1.089	1.172	0.923	1.475
1.462	1.282	1.448	1.292	1.365	0.31	1.235	1.16	0.923	1.455
1.462	1.287	1.448	1.301	1.36	0.403	1.27	1.152	0.935	1.448
1.46	1.326	1.448	1.284	1.326	0.713	1.265	1.152	0.95	1.44
1.455	1.335	1.458	1.277	1.323	1.572	1.27	1.14	0.972	1.436
1.436	1.316	1.458	1.257	1.316	2.483	1.257	1.099	0.972	1.431
1.328	1.318	1.426	1.23	1.304	1.98	1.248	1.055	0.977	1.399
1.143	1.318	1.387	1.204	1.299	1.726	1.245	1.025	0.981	1.318
1.003	1.318	1.311	1.157	1.248	1.694	1.243	0.999	0.981	1.165
0.925	1.27	1.206	1.096	1.104	1.748	1.235	0.923	0.95	1.023
0.876	1.169	1.06	0.994	0.918	1.775	1.228	0.847	0.923	0.845
0.786	1.008	0.962	0.92	0.874	1.768	1.23	0.737	0.879	0.693
0.728	0.894	0.852	0.852	0.811	1.772	1.226	0.693	0.75	0.632
0.662	0.825	0.82	0.771	0.737	1.785	1.206	0.686	0.664	0.605
0.618	0.786	0.75	0.715	0.669	1.797	1.111	0.623	0.613	0.593
0.605	0.764	0.708	0.71	0.596	1.79	0.964	0.542	0.596	0.549
0.591	0.708	0.657	0.696	0.515	1.785	0.884	0.461	0.576	0.522
0.549	0.669	0.659	0.662	0.435	1.79	0.845	0.317	0.52	0.4
0.427	0.625	0.586	0.569	0.381	1.768	0.845	0.281	0.486	0.405
0.347	0.613	0.437	0.469	0.417	1.726	0.791	0.271	0.408	0.374
0.327	0.486	0.427	0.352	0.413	1.626	0.757	0.266	0.303	0.278
0.317	0.442	0.439	0.31	0.322	1.438	0.713	0.264	0.266	0.254
0.312	0.444	0.349	0.305	0.295	1.287	0.688	0.266	0.256	0.244
0.32	0.371	0.305	0.303	0.295	1.182	0.679	0.269	0.256	0.244
0.317	0.293	0.295	0.298	0.298	1.067	0.671	0.269	0.251	0.249
0.317	0.276	0.295	0.295	0.293	0.986	0.532	0.264	0.254	0.247
0.317	0.273	0.298	0.293	0.291	0.903	0.483	0.261	0.303	0.247
0.315	0.276	0.298	0.288	0.291	0.874	0.481	0.261	0.51	0.244
0.312	0.273	0.295	0.288	0.295	0.833	0.413	0.264	1.155	0.244
0.31	0.271	0.293	0.293	0.298	0.684	0.366	0.264	1.021	0.244
0.315	0.269	0.293	0.283	0.303	0.667	0.356	0.264	0.884	0.247
0.317	0.271	0.295	0.276	0.3	0.654	0.359	0.261	0.857	0.247
0.317	0.273	0.298	0.281	0.298	0.61	0.359	0.259	0.879	0.247
0.315	0.276	0.298	0.293	0.295	0.559	0.356	0.259	0.879	0.239
0.312	0.273	0.295	0.566	0.295	0.483	0.354	0.261	0.876	0.247
0.312	0.273	0.293	2.246	0.298	0.386	0.352	0.261	0.874	0.244
0.315	0.271	0.295	1.44	0.3	0.366	0.374	0.261	0.869	0.247
0.317	0.273	0.298	1.016	0.295	0.369	0.361	0.269	0.872	0.344
0.317	0.276	0.3	1.028	0.293	0.361	0.361	0.474	0.889	2.622
0.312	0.276	0.303	1.067	0.291	0.339	0.356	2.065	0.884	1.953
0.31	0.273	0.295	1.086	0.295	0.332	0.354	1.389	0.881	1.062
0.312	0.273	0.295	1.111	0.295	0.33	0.356	0.984	0.872	0.977
0.325	0.271	0.295	1.128	0.295	0.327	0.356	0.989	0.84	1.155
0.376	0.271	0.298	1.118	0.295	0.325	0.364	1.152	0.801	1.25
0.684	0.273	0.3	1.084	0.293	0.325	0.364	1.206	0.74	1.284
1.584	0.273	0.3	1.05	0.291	0.327	0.361	1.23	0.632	1.321
1.492	0.273	0.298	0.996	0.293	0.327	0.359	1.245	0.566	1.323
1.377	0.271	0.293	0.994	0.295	0.327	0.369	1.25	0.476	1.323
1.321	0.271	0.364	0.864	0.452	0.325	0.488	1.211	0.41	1.335
1.311	0.271	1.919	0.791	1.543	0.322	1.201	1.138	0.381	1.323
1.287	0.273	2.798	0.669	1.643	0.325	1.279	1.05	0.376	1.274
1.284	0.273	1.726	0.586	1.121	0.325	0.999	0.972	0.325	1.177
1.279	0.271	1.521	0.557	1.001	0.33	0.925	0.857	0.293	1.062
1.279	0.269	1.521	0.496	1.069	0.327	0.989	0.723	0.264	0.906
1.282	0.269	1.526	0.413	1.121	0.481	1.018	0.627	0.276	0.654
1.274	0.271	1.521	0.371	1.128	1.497	1.003	0.571	0.266	0.491
1.272	0.273	1.543	0.334	1.155	1.628	1.006	0.537	0.269	0.522
1.277	0.273	1.533	0.32	1.15	1.138	0.999	0.53	0.251	0.503
1.155	0.271	1.521	0.291	1.177	1.062	1.006	0.469	0.244	0.388
0.95	0.269	1.519	0.281	1.196	1.128	1.03	0.405	0.239	0.31
0.801	0.269	1.504	0.276	1.206	1.182	1.035	0.374	0.237	0.281
0.686	0.271	1.484	0.276	1.199	1.196	1.021	0.334	0.242	0.266
0.618	0.276	1.428	0.276	1.184	1.238	0.991	0.334	0.244	0.264
0.549	0.369	1.216	0.269	1.116	1.267	0.933	0.322	0.242	0.251
0.498	0.962	0.828	0.271	1.038	1.26	0.815	0.32	0.234	0.247
0.449	1.726	0.637	0.269	0.928	1.265	0.691	0.32	0.234	0.251
0.374	1.147	0.596	0.281	0.876	1.24	0.637	0.317	0.237	0.249
0.349	0.762	0.544	0.283	0.779	1.16	0.605	0.315	0.237	0.249
0.361	0.645	0.437	0.283	0.706	1.047	0.559	0.293	0.237	0.247
0.347	0.664	0.396	0.283	0.659	0.879	0.483	0.273	0.239	0.244
0.325	0.681	0.369	0.288	0.603	0.688	0.403	0.271	0.239	0.239
0.317	0.684	0.342	0.291	0.542	0.608	0.354	0.273	0.237	0.251
0.32	0.681	0.308	0.288	0.461	0.588	0.339	0.269	0.237	0.251
0.32	0.696	0.295	0.288	0.374	0.498	0.339	0.269	0.237	0.249
0.325	0.698	0.293	0.288	0.312	0.466	0.315	0.264	0.244	0.251
0.315	0.703	0.293	0.286	0.312	0.415	0.3	0.271	0.242	0.247
0.312	0.691	0.291	0.286	0.291	0.374	0.293	0.271	0.237	0.247
0.312	0.679	0.288	0.283	0.291	0.352	0.293	0.276	0.234	0.249
0.312	0.64	0.293	0.278	0.288	0.344	0.298	0.281	0.234	0.247
0.312	0.61	0.295	0.278	0.288	0.339	0.291	0.273	0.237	0.254
0.31	0.583	0.295	0.298	0.286	0.325	0.286	0.273	0.237	0.254
0.31	0.483	0.293	0.586	0.286	0.317	0.291	0.283	0.249	0.251
0.31	0.417	0.291	1.531	0.288	0.32	0.286	0.295	0.295	0.244
0.31	0.393	0.291	1.343	0.291	0.312	0.291	0.3	0.835	0.244
0.315	0.371	0.291	0.969	0.291	0.315	0.293	0.298	1.56	0.247
0.317	0.352	0.295	0.808	0.286	0.315	0.288	0.298	0.981	0.247
0.317	0.339	0.298	0.823	0.286	0.315	0.288	0.298	0.82	0.249
0.315	0.295	0.295	0.928	0.283	0.317	0.291	0.3	0.771	0.247
0.312	0.276	0.293	1.028	0.281	0.322	0.293	0.3	0.789	0.242
0.312	0.269	0.291	1.074	0.286	0.32	0.286	0.305	0.833	0.247
0.315	0.266	0.293	1.086	0.288	0.32	0.298	0.305	0.898	0.249
0.317	0.269	0.293	1.106	0.286	0.317	0.305	0.3	0.925	0.251
0.317	0.271	0.298	1.14	0.283	0.32	0.295	0.3	0.928	0.249
0.315	0.271	0.295	1.14	0.286	0.325	0.303	0.295	0.925	0.244
0.312	0.271	0.288	1.138	0.288	0.322	0.303	0.3	0.925	0.244
0.31	0.269	0.288	1.13	0.291	0.322	0.3	0.3	0.967	0.247
0.315	0.269	0.288	1.125	0.293	0.322	0.403	0.286	0.969	0.249
0.315	0.273	0.293	1.069	0.291	0.32	0.505	0.286	0.945	0.325
0.315	0.273	0.293	0.986	0.283	0.364	1.162	0.286	0.92	0.4
0.31	0.273	0.293	0.864	0.283	0.544	2.483	0.283	0.898	0.583
0.31	0.269	0.291	0.789	0.288	1.484	2.075	0.276	0.879	0.913
0.31	0.266	0.291	0.693	0.291	1.65	1.282	0.276	0.842	1.331
0.312	0.266	0.288	0.605	0.291	1.13	1.001	0.271	0.813	1.46
0.315	0.269	0.293	0.564	0.291	0.933	1.033	0.264	0.784	1.489
0.312	0.271	0.293	0.515	0.288	0.92	1.152	0.261	0.767	1.506
0.31	0.271	0.293	0.513	0.283	0.962	1.206	0.273	0.73	1.658
0.308	0.271	0.291	0.442	0.286	1.033	1.24	0.283	0.701	1.782
0.31	0.266	0.288	0.334	0.283	1.06	1.252	0.276	0.637	1.88
0.312	0.266	0.288	0.322	0.288	1.067	1.262	0.278	0.569	1.943
0.315	0.269	0.293	0.31	0.288	1.086	1.26	0.276	0.586	1.995
0.315	0.273	0.295	0.295	0.286	1.128	1.27	0.271	0.596	2.068
0.31	0.271	0.293	0.298	0.283	1.147	1.27	0.271	0.586	2.097
0.31	0.273	0.293	0.31	0.283	1.152	1.252	0.273	0.51	2.053
0.308	0.269	0.303	0.315	0.288	1.152	1.213	0.283	0.493	2.034
0.31	0.266	0.342	0.308	0.288	1.135	1.111	0.288	0.513	2.012
0.312	0.271	0.601	0.295	0.291	1.116	0.972	0.288	0.505	2.009
0.312	0.273	1.499	0.293	0.286	1.104	0.85	0.291	0.488	1.997
0.308	0.273	1.365	0.288	0.286	1.055	0.703	0.291	0.476	2.007
0.308	0.271	1.072	0.286	0.283	0.979	0.566	0.291	0.354	2.014
0.31	0.269	1.011	0.291	0.288	0.896	0.498	0.293	0.31	1.951
0.315	0.269	1.062	0.293	0.286	0.815	0.522	0.295	0.317	1.743
0.352	0.271	1.091	0.293	0.281	0.696	0.439	0.293	0.322	1.404
0.381	0.273	1.113	0.288	0.278	0.637	0.356	0.283	0.315	1.147
0.618	0.273	1.155	0.288	0.273	0.588	0.32	0.291	0.308	0.974
0.984	0.271	1.169	0.286	0.276	0.571	0.3	0.291	0.315	0.793
1.243	0.269	1.177	0.291	0.278	0.554	0.298	0.286	0.317	0.637
1.233	0.269	1.179	0.293	0.283	0.486	0.315	0.283	0.291	0.469
1.123	0.271	1.182	0.291	0.286	0.439	0.322	0.281	0.281	0.449
1.106	0.271	1.196	0.288	0.281	0.342	0.332	0.281	0.281	0.339
1.116	0.273	1.196	0.286	0.281	0.317	0.303	0.278	0.281	0.295
1.121	0.271	1.187	0.286	0.281	0.317	0.303	0.283	0.281	0.271
1.138	0.271	1.147	0.288	0.283	0.317	0.308	0.298	0.278	0.278
1.16	0.269	1.057	0.293	0.278	0.315	0.308	0.339	0.273	0.269
1.15	0.271	0.918	0.291	0.269	0.31	0.32	0.581	0.278	0.266
1.152	0.273	0.801	0.286	0.269	0.317	0.325	1.423	0.283	0.251
1.174	0.273	0.696	0.286	0.264	0.315	0.325	1.27	0.283	0.247
1.189	0.269	0.632	0.286	0.261	0.315	0.325	0.94	0.281	0.247
1.189	0.269	0.596	0.288	0.266	0.312	0.325	0.825	0.276	0.247
1.182	0.269	0.53	0.291	0.273	0.317	0.327	0.85	0.278	0.251
1.174	0.271	0.483	0.288	0.271	0.315	0.332	0.93	0.281	0.251
1.174	0.276	0.474	0.288	0.273	0.312	0.33	0.979	0.281	0.249
1.152	0.273	0.398	0.283	0.269	0.315	0.33	1.016	0.283	0.244
1.008	0.269	0.317	0.286	0.271	0.32	0.332	1.018	0.276	0.239
0.876	0.266	0.317	0.291	0.273	0.32	0.33	1.035	0.276	0.244
0.781	0.266	0.31	0.293	0.276	0.317	0.33	1.04	0.276	0.249
0.686	0.271	0.303	0.293	0.276	0.312	0.332	1.023	0.281	0.251
0.615	0.273	0.308	0.288	0.273	0.312	0.332	1.003	0.281	0.251
0.557	0.273	0.305	0.288	0.271	0.315	0.334	0.974	0.278	0.247
0.51	0.271	0.293	0.291	0.271	0.32	0.332	0.967	0.276	0.247
0.43	0.269	0.293	0.283	0.271	0.322	0.332	0.923	0.276	0.249
0.337	0.266	0.293	0.288	0.276	0.317	0.334	0.874	0.276	0.242
0.315	0.269	0.295	0.286	0.276	0.317	0.334	0.769	0.278	0.247
0.31	0.283	0.295	0.286	0.283	0.315	0.332	0.669	0.278	0.242
0.308	0.3	0.295	0.283	0.31	0.322	0.332	0.647	0.278	0.239
0.308	0.647	0.295	0.288	0.557	0.322	0.33	0.564	0.273	0.239
0.312	1.702	0.293	0.291	1.257	0.325	0.332	0.542	0.273	0.242
0.315	2.026	0.293	0.293	1.343	0.322	0.332	0.51	0.278	0.242
0.315	1.726	0.295	0.293	1.064	0.322	0.332	0.457	0.281	0.247
0.31	1.562	0.295	0.288	0.957	0.322	0.332	0.457	0.286	0.244
0.31	1.536	0.295	0.288	0.945	0.325	0.33	0.388	0.286	0.242
0.305	1.509	0.295	0.288	0.962	0.325	0.332	0.317	0.281	0.247
0.305	1.497	0.291	0.291	0.974	0.325	0.337	0.308	0.278	0.247
0.308	1.484	0.291	0.293	1.04	0.322	0.339	0.305	0.278	0.244
0.308	1.499	0.295	0.291	1.086	0.32	0.339	0.298	0.281	0.242
0.305	1.472	0.298	0.291	1.121	0.32	0.337	0.293	0.283	0.239
0.308	1.44	0.295	0.286	1.123	0.322	0.334	0.295	0.286	0.242
0.303	1.421	0.291	0.286	1.123	0.322	0.334	0.298	0.281	0.242
0.303	1.409	0.291	0.286	1.116	0.317	0.337	0.298	0.278	0.244
0.308	1.387	0.293	0.288	1.101	0.315	0.339	0.295	0.278	0.249
0.31	1.35	0.295	0.288	1.057	0.315	0.334	0.295	0.281	0.249
0.31	1.201	0.298	0.283	1.021	0.315	0.334	0.295	0.283	0.242
0.305	0.979	0.295	0.288	0.942	0.32	0.332	0.293	0.283	0.244
0.305	0.815	0.293	0.291	0.847	0.322	0.332	0.298	0.283	0.247
0.305	0.696	0.293	0.293	0.742	0.32	0.312	0.3	0.278	0.244
0.305	0.53	0.293	0.293	0.662	0.315	0.312	0.303	0.283	0.249
0.312	0.444	0.295	0.295	0.625	0.312	0.308	0.298	0.283	0.251
0.312	0.381	0.298	0.291	0.569	0.315	0.305	0.298	0.286	0.251
0.312	0.298	0.295	0.291	0.537	0.32	0.3	0.298	0.283	0.247
0.31	0.276	0.291	0.291	0.554	0.32	0.3	0.303	0.283	0.244
0.31	0.271	0.291	0.288	0.479	0.32	0.303	0.303	0.281	0.247
0.31	0.269	0.293	0.291	0.461	0.317	0.303	0.3	0.281	0.244
0.315	0.273	0.295	0.286	0.391	0.315	0.327	0.295	0.281	0.249
0.31	0.276	0.298	0.283	0.3	0.317	0.332	0.293	0.283	0.247
0.308	0.271	0.298	0.283	0.276	0.322	0.33	0.293	0.283	0.244
0.308	0.271	0.293	0.283	0.273	0.325	0.322	0.293	0.281	0.244
0.305	0.269	0.293	0.283	0.278	0.322	0.332	0.298	0.278	0.244
0.308	0.271	0.291	0.288	0.278	0.317	0.337	0.295	0.278	0.244
0.31	0.271	0.298	0.288	0.276	0.315	0.339	0.298	0.281	0.242
0.308	0.276	0.3	0.283	0.273	0.315	0.337	0.295	0.286	0.242
0.31	0.276	0.3	0.281	0.273	0.315	0.334	0.298	0.286	0.237
0.305	0.273	0.298	0.278	0.283	0.317	0.334	0.303	0.281	0.237
0.308	0.269	0.293	0.286	0.278	0.317	0.337	0.303	0.281	0.237
0.308	0.269	0.295	0.288	0.276	0.312	0.339	0.303	0.278	0.239
0.312	0.271	0.298	0.286	0.271	0.312	0.334	0.3	0.281	0.244
0.31	0.273	0.3	0.278	0.269	0.317	0.327	0.298	0.283	0.244
0.308	0.273	0.3	0.281	0.269	0.317	0.325	0.298	0.281	0.244
0.303	0.271	0.295	0.278	0.271	0.332	0.325	0.303	0.281	0.247
0.305	0.269	0.295	0.283	0.273	0.369	0.325	0.305	0.276	0.249
0.308	0.266	0.298	0.288	0.278	0.735	0.33	0.303	0.278	0.251
0.308	0.269	0.3	0.291	0.273	2.358	0.332	0.298	0.281	0.251
0.308	0.273	0.3	0.288	0.271	2.109	0.332	0.298	0.283	0.249
0.303	0.273	0.298	0.283	0.271	1.372	0.33	0.3	0.283	0.247
0.303	0.271	0.295	0.286	0.273	1.213	0.33	0.303	0.283	0.244
0.305	0.269	0.295	0.283	0.278	1.255	0.332	0.305	0.281	0.247
0.308	0.266	0.295	0.291	0.281	1.392	0.337	0.303	0.281	0.247
0.31	0.269	0.3	0.298	0.273	1.531	0.339	0.303	0.283	0.247
0.312	0.273	0.303	0.295	0.271	1.65	0.342	0.298	0.286	0.247
0.308	0.271	0.298	0.295	0.276	1.746	0.339	0.298	0.286	0.247
0.303	0.269	0.295	0.295	0.278	1.785	0.339	0.3	0.283	0.244
0.305	0.266	0.295	0.295	0.278	1.812	0.339	0.305	0.281	0.247
0.308	0.269	0.295	0.291	0.276	1.821	0.339	0.303	0.281	0.249
0.308	0.271	0.3	0.291	0.273	1.807	0.337	0.295	0.283	0.249
0.305	0.271	0.322	0.291	0.271	1.807	0.332	0.291	0.283	0.247
0.305	0.273	0.447	0.286	0.273	1.797	0.332	0.288	0.286	0.244
0.308	0.269	1.421	0.288	0.276	1.782	0.33	0.278	0.281	0.247
0.308	0.269	3.433	0.288	0.278	1.763	0.332	0.276	0.278	0.247
0.305	0.269	2.976	0.288	0.278	1.772	0.337	0.271	0.276	0.249
0.308	0.271	2.488	0.327	0.276	1.787	0.337	0.269	0.278	0.251
0.31	0.276	2.439	0.498	0.273	1.794	0.334	0.269	0.278	0.249
0.303	0.273	2.476	1.824	0.271	1.79	0.334	0.273	0.278	0.247
0.303	0.271	2.544	3.384	0.276	1.763	0.334	0.271	0.276	0.249
0.303	0.269	2.678	2.112	0.276	1.721	0.339	0.273	0.273	0.249
0.305	0.269	2.954	1.462	0.278	1.597	0.339	0.271	0.273	0.249
0.31	0.273	3.057	1.494	0.273	1.467	0.337	0.269	0.276	0.251
0.305	0.273	3.115	1.677	0.269	1.34	0.334	0.269	0.278	0.249
0.303	0.273	3.149	1.724	0.269	1.174	0.332	0.271	0.276	0.247
0.3	0.271	3.159	1.775	0.271	1.038	0.33	0.273	0.273	0.247
0.303	0.271	3.176	1.899	0.276	0.911	0.332	0.273	0.271	0.244
0.305	0.271	3.169	1.924	0.276	0.835	0.337	0.273	0.273	0.247
0.305	0.273	3.145	1.929	0.273	0.791	0.337	0.271	0.276	0.249
0.308	0.278	3.071	1.934	0.271	0.671	0.334	0.266	0.281	0.247
0.305	0.273	2.827	1.929	0.266	0.64	0.332	0.266	0.278	0.242
0.3	0.271	2.48	1.912	0.264	0.691	0.334	0.269	0.273	0.244
0.308	0.269	2.104	1.858	0.266	0.708	0.337	0.269	0.273	0.247
0.305	0.269	1.716	1.709	0.271	0.62	0.339	0.271	0.271	0.249
0.31	0.271	1.423	1.533	0.269	0.486	0.337	0.293	0.276	0.249
0.325	0.273	1.089	1.379	0.269	0.374	0.334	0.295	0.278	0.247
0.566	0.276	0.852	1.221	0.269	0.315	0.332	0.3	0.276	0.244
1.919	0.273	0.723	0.94	0.266	0.293	0.334	0.303	0.273	0.244
2.393	0.271	0.676	0.789	0.266	0.288	0.334	0.305	0.271	0.244
1.421	0.271	0.725	0.715	0.269	0.281	0.339	0.305	0.273	0.249
1.047	0.273	0.708	0.645	0.269	0.278	0.339	0.3	0.276	0.251
0.959	0.276	0.571	0.618	0.266	0.278	0.334	0.3	0.278	0.247
0.999	0.276	0.5	0.62	0.269	0.286	0.334	0.303	0.278	0.244
1.077	0.273	0.391	0.608	0.273	0.286	0.334	0.305	0.276	0.242
1.125	0.269	0.352	0.576	0.271	0.283	0.337	0.305	0.276	0.244
1.179	0.271	0.334	0.542	0.271	0.283	0.339	0.303	0.276	0.247
1.191	0.273	0.342	0.415	0.269	0.281	0.339	0.3	0.278	0.249
1.194	0.276	0.339	0.359	0.269	0.283	0.334	0.298	0.281	0.249
1.187	0.276	0.325	0.288	0.269	0.286	0.332	0.3	0.281	0.244
1.169	0.273	0.315	0.281	0.269	0.286	0.334	0.303	0.278	0.244
1.123	0.271	0.312	0.269	0.271	0.286	0.332	0.305	0.276	0.247
1.025	0.271	0.315	0.276	0.273	0.283	0.334	0.298	0.276	0.247
0.886	0.273	0.317	0.261	0.271	0.283	0.334	0.298	0.281	0.247
0.847	0.273	0.317	0.254	0.259	0.283	0.332	0.298	0.283	0.247
0.793	0.273	0.315	0.244	0.254	0.288	0.33	0.298	0.281	0.239
0.684	0.271	0.317	0.247	0.261	0.291	0.332	0.337	0.278	0.239
0.645	0.269	0.32	0.247	0.266	0.291	0.334	0.432	0.276	0.239
0.62	0.269	0.325	0.256	0.261	0.288	0.337	1.177	0.273	0.244
0.518	0.271	0.327	0.256	0.259	0.288	0.332	2.927	0.273	0.247
0.491	0.273	0.325	0.247	0.259	0.288	0.332	2.007	0.276	0.244
0.518	0.273	0.32	0.247	0.256	0.288	0.33	1.355	0.271	0.244
0.469	0.269	0.32	0.247	0.259	0.291	0.327	1.313	0.264	0.242
0.391	0.269	0.317	0.251	0.259	0.291	0.334	1.523	0.261	0.242
0.352	0.269	0.322	0.254	0.259	0.286	0.334	1.611	0.264	0.244
0.344	0.269	0.325	0.251	0.256	0.286	0.334	1.646	0.261	0.244
0.344	0.273	0.325	0.244	0.256	0.286	0.332	1.702	0.254	0.242
0.339	0.273	0.322	0.244	0.254	0.288	0.332	1.743	0.244	0.239
0.334	0.271	0.317	0.247	0.256	0.291	0.334	1.755	0.234	0.237
0.337	0.269	0.317	0.254	0.259	0.291	0.342	1.707	0.237	0.237
0.339	0.269	0.32	0.251	0.264	0.288	0.339	1.558	0.234	0.239
0.339	0.271	0.322	0.247	0.261	0.286	0.334	1.404	0.242	0.239
0.339	0.273	0.32	0.242	0.259	0.288	0.332	1.221	0.244	0.239
0.339	0.322	0.317	0.247	0.256	0.291	0.327	1.042	0.237	0.239
0.339	0.549	0.315	0.249	0.256	0.293	0.33	0.901	0.305	0.237
0.33	2.583	0.312	0.251	0.261	0.291	0.33	0.791	0.515	0.244
0.332	3.037	0.317	0.256	0.261	0.291	0.337	0.703	1.592	0.244
0.332	2.017	0.322	0.256	0.259	0.288	0.337	0.688	2.429	0.247
0.327	1.716	0.322	0.254	0.278	0.291	0.337	0.676	1.638	0.244
0.325	1.721	0.32	0.249	0.356	0.293	0.332	0.662	1.277	0.239
0.325	1.895	0.312	0.249	1.011	0.293	0.327	0.637	1.187	0.234
0.322	1.98	0.312	0.251	3.577	0.291	0.337	0.491	1.177	0.239
0.33	2.124	0.315	0.249	2.571	0.288	0.342	0.388	1.184	0.244
0.334	2.283	0.32	0.249	1.765	0.288	0.342	0.317	1.211	0.244
0.332	2.332	0.32	0.247	1.68	0.291	0.339	0.303	1.23	0.244
0.33	2.351	0.32	0.247	1.799	0.291	0.337	0.3	1.223	0.242
0.327	2.344	0.315	0.244	1.902	0.293	0.334	0.303	1.213	0.239
0.33	2.327	0.315	0.249	2.051	0.288	0.339	0.308	1.187	0.242
0.33	2.207	0.315	0.251	2.183	0.288	0.342	0.303	1.169	0.247
0.33	1.899	0.32	0.254	2.246	0.283	0.342	0.298	1.152	0.247
0.325	1.582	0.317	0.251	2.28	0.283	0.337	0.295	1.062	0.244
0.322	1.238	0.315	0.249	2.266	0.281	0.334	0.293	0.862	0.242
0.325	1.045	0.312	0.249	2.271	0.281	0.339	0.293	0.767	0.239
0.327	0.972	0.31	0.256	2.251	0.281	0.342	0.295	0.774	0.244
0.33	0.947	0.312	0.256	2.2	0.276	0.337	0.293	0.715	0.247
0.33	0.872	0.317	0.256	2.026	0.273	0.339	0.293	0.576	0.247
0.33	0.728	0.322	0.251	1.78	0.271	0.332	0.291	0.542	0.244
0.33	0.625	0.317	0.249	1.492	0.273	0.332	0.293	0.542	0.239
0.327	0.503	0.315	0.251	1.255	0.276	0.334	0.295	0.576	0.239
0.327	0.488	0.312	0.256	0.999	0.278	0.337	0.295	0.53	0.239
0.33	0.435	0.315	0.259	0.852	0.273	0.337	0.293	0.432	0.244
0.33	0.432	0.317	0.261	0.764	0.271	0.337	0.291	0.342	0.317
0.33	0.364	0.322	0.256	0.725	0.439	0.334	0.288	0.298	0.864
0.325	0.325	0.32	0.251	0.657	0.635	0.332	0.291	0.295	4.871
0.325	0.303	0.312	0.251	0.657	1.848	0.332	0.293	0.327	2.913
0.33	0.327	0.31	0.251	0.654	2.83	0.332	0.293	0.295	1.345
0.332	0.31	0.312	0.254	0.625	1.936	0.332	0.291	0.278	1.038
0.33	0.305	0.315	0.254	0.527	1.699	0.332	0.291	0.283	1.433
0.33	0.305	0.315	0.251	0.403	1.792	0.327	0.288	0.278	1.633
0.327	0.303	0.315	0.251	0.349	1.917	0.327	0.291	0.264	1.775
0.327	0.303	0.312	0.254	0.303	1.941	0.327	0.291	0.251	1.921
0.33	0.3	0.312	0.256	0.271	1.982	0.332	0.293	0.249	1.987
0.33	0.298	0.315	0.256	0.264	2.051	0.334	0.293	0.249	1.99
0.33	0.303	0.317	0.259	0.264	2.095	0.332	0.288	0.251	1.885
0.327	0.305	0.317	0.256	0.249	2.109	0.327	0.288	0.251	1.67
0.325	0.305	0.315	0.251	0.244	2.092	0.327	0.288	0.249	1.348
0.325	0.3	0.31	0.254	0.247	2.039	0.308	0.291	0.244	1.116
0.33	0.3	0.312	0.254	0.249	1.956	0.325	0.288	0.247	0.869
0.334	0.303	0.312	0.259	0.254	1.858	0.33	0.288	0.249	0.762
0.337	0.303	0.498	0.259	0.249	1.76	0.327	0.288	0.254	0.652
0.332	0.305	0.686	0.256	0.247	1.479	0.376	0.286	0.254	0.649
0.325	0.305	1.401	0.251	0.247	1.284	0.635	0.288	0.256	0.637
0.322	0.3	2.722	0.249	0.249	1.213	2.605	0.288	0.244	0.466
0.332	0.3	2.256	0.251	0.251	1.169	3.501	0.291	0.244	0.337
0.332	0.3	1.96	0.251	0.249	1.116	2.229	0.288	0.242	0.281
0.332	0.305	1.924	0.247	0.242	1.077	1.787	0.286	0.232	0.271
0.33	0.3	1.912	0.244	0.239	1.033	1.643	0.283	0.237	0.273
0.327	0.303	1.87	0.242	0.239	1.003	1.633	0.288	0.237	0.259
0.325	0.298	1.885	0.247	0.244	0.981	1.621	0.291	0.239	0.256
0.325	0.3	1.97	0.251	0.244	0.898	1.616	0.286	0.234	0.259
0.33	0.305	2.031	0.251	0.251	0.833	1.628	0.291	0.229	0.261
0.332	0.303	2.061	0.249	0.244	0.701	1.628	0.295	0.22	0.264
0.33	0.303	2.061	0.249	0.251	0.571	1.614	0.295	0.232	0.261
0.325	0.303	2.065	0.242	0.251	0.466	1.602	0.298	0.261	0.261
0.325	0.3	2.058	0.244	0.254	0.41	1.587	0.3	0.273	0.261
0.327	0.295	2.061	0.403	0.256	0.378	1.577	0.3	0.276	0.261
0.33	0.295	2.08	0.549	0.259	0.356	1.567	0.295	0.278	0.269
0.33	0.295	2.102	1.194	0.254	0.332	1.519	0.286	0.281	0.271
0.33	0.298	2.08	2.434	0.249	0.308	1.428	0.281	0.283	0.271
0.327	0.3	2.056	1.672	0.247	0.283	1.345	0.283	0.283	0.273
0.33	0.295	2.007	1.326	0.249	0.281	1.057	0.286	0.281	0.273
0.339	0.295	1.809	1.27	0.249	0.278	0.886	0.291	0.281	0.278
0.388	0.295	1.555	1.287	0.249	0.3	0.803	0.288	0.281	0.281
0.896	0.298	1.399	1.306	0.247	0.286	0.679	0.286	0.283	0.281
3.059	0.3	1.323	1.372	0.242	0.278	0.581	0.286	0.286	0.281
2.009	0.298	1.182	1.47	0.239	0.278	0.605	0.286	0.283	0.278
1.335	0.295	1.04	1.523	0.247	0.281	0.537	0.269	0.281	0.278
1.172	0.293	0.94	1.538	0.251	0.281	0.425	0.256	0.278	0.278
1.436	0.293	0.754	1.538	0.254	0.276	0.349	0.339	0.281	0.281
1.575	0.298	0.554	1.533	0.249	0.276	0.334	0.508	0.286	0.278
1.68	0.298	0.437	1.506	0.247	0.278	0.364	1.157	0.288	0.278
1.799	0.298	0.369	1.497	0.249	0.427	0.349	2.466	0.286	0.276
1.86	0.293	0.332	1.484	0.256	0.662	0.334	1.667	0.283	0.278
1.875	0.295	0.31	1.411	0.261	2.065	0.322	1.289	0.283	0.278
1.797	0.298	0.308	1.221	0.259	3.171	0.325	1.265	0.283	0.281
1.746	0.298	0.31	1.069	0.254	2.642	0.317	1.345	0.286	0.276
1.707	0.3	0.31	0.967	0.254	2.344	0.305	1.433	0.291	0.276
1.65	0.298	0.315	0.889	0.254	2.478	0.283	1.624	0.288	0.269
1.426	0.298	0.317	0.823	0.251	2.6	0.276	1.814	0.283	0.269
1.284	0.295	0.325	0.713	0.254	2.788	0.283	1.851	0.283	0.269
1.206	0.298	0.332	0.554	0.251	3.147	0.281	1.846	0.283	0.273
1.15	0.3	0.342	0.435	0.249	3.376	0.278	1.821	0.286	0.276
1.111	0.303	0.342	0.388	0.244	3.491	0.276	1.772	0.288	0.266
0.974	0.298	0.339	0.33	0.249	3.55	0.273	1.741	0.283	0.261
0.781	0.298	0.33	0.286	0.254	3.533	0.276	1.711	0.281	0.259
0.654	0.298	0.334	0.261	0.254	3.511	0.291	1.614	0.281	0.264
0.581	0.3	0.325	0.254	0.254	3.467	0.3	1.484	0.286	0.264
0.542	0.298	0.322	0.254	0.249	3.135	0.322	1.36	0.276	0.261
0.51	0.3	0.32	0.266	0.247	2.693	0.322	1.189	0.266	0.261
0.486	0.295	0.32	0.264	0.247	2.3	0.325	1.042	0.261	0.259
0.471	0.293	0.315	0.264	0.249	2.004	0.33	0.955	0.256	0.256
0.422	0.293	0.317	0.266	0.249	1.755	0.332	0.925	0.256	0.256
0.403	0.295	0.325	0.266	0.249	1.44	0.332	0.913	0.259	0.259
0.393	0.298	0.327	0.266	0.244	1.125	0.327	0.864	0.261	0.261
0.381	0.298	0.33	0.264	0.239	0.901	0.322	0.737	0.261	0.264
0.381	0.293	0.327	0.266	0.239	0.803	0.322	0.603	0.261	0.264
0.381	0.293	0.41	0.273	0.239	0.708	0.32	0.5	0.256	0.261
0.381	0.291	0.486	0.271	0.239	0.62	0.315	0.447	0.256	0.264
0.376	0.293	0.723	0.276	0.239	0.518	0.312	0.378	0.261	0.261
0.371	0.295	1.851	0.273	0.237	0.466	0.308	0.322	0.261	0.264
0.371	0.298	2.168	0.273	0.271	0.442	0.315	0.291	0.261	0.264
0.364	0.366	2.053	0.273	0.334	0.432	0.315	0.288	0.264	0.259
0.359	0.527	2.034	0.276	1.416	0.43	0.317	0.293	0.259	0.259
0.361	0.974	2.017	0.281	2.791	0.33	0.327	0.293	0.256	0.266
0.364	2.908	2.021	0.283	1.606	0.293	0.339	0.288	0.259	0.269
0.361	2.368	2.041	0.283	1.211	0.278	0.342	0.288	0.259	0.264
0.359	1.909	2.056	0.278	1.597	0.278	0.342	0.286	0.259	0.264
0.354	1.814	2.058	0.276	1.975	0.281	0.339	0.283	0.256	0.264
0.352	1.816	2.046	0.278	2.1	0.283	0.342	0.256	0.249	0.261
0.359	1.829	2.026	0.369	2.187	0.281	0.344	0.254	0.254	0.266
0.366	1.863	2.009	0.454	2.324	0.281	0.352	0.254	0.256	0.266
0.374	1.914	2.017	1.113	2.38	0.276	0.352	0.254	0.259	0.266
0.371	1.973	1.897	2.234	2.417	0.281	0.352	0.251	0.261	0.264
0.366	1.99	1.572	1.748	2.429	0.281	0.352	0.251	0.259	0.261
0.361	1.98	1.228	1.306	2.473	0.283	0.352	0.254	0.256	0.261
0.364	1.982	0.972	1.375	2.485	0.281	0.356	0.254	0.256	0.291
0.369	1.973	0.823	1.511	2.463	0.276	0.359	0.254	0.259	0.566
0.371	1.948	0.774	1.575	2.397	0.276	0.359	0.251	0.256	3.76
0.378	1.831	0.715	1.636	2.197	0.278	0.354	0.251	0.264	2.59
0.562	1.646	0.596	1.665	2.051	0.281	0.352	0.251	0.266	1.616
0.747	1.514	0.498	1.689	1.843	0.281	0.354	0.254	0.266	1.902
1.506	1.431	0.432	1.716	1.599	0.278	0.356	0.254	0.266	2.373
2.388	1.318	0.405	1.731	1.384	0.278	0.354	0.251	0.266	2.485
1.941	1.24	0.386	1.77	1.233	0.283	0.352	0.249	0.269	2.537
1.685	1.089	0.396	1.675	1.135	0.283	0.349	0.249	0.269	2.568
1.65	0.996	0.388	1.533	1.104	0.281	0.349	0.247	0.266	2.537
1.658	0.847	0.366	1.265	1.091	0	0.354	0.249	0.259	2.537
1.675	0.681	0.325	1.008	1.045	0	0.354	0.251	0.254	2.517
1.714	0.601	0.317	0.803	0.935	0	0.356	0.251	0.254	2.485
1.753	0.52	0.317	0.688	0.713	0	0.354	0.249	0.259	2.439
1.777	0.439	0.312	0.652	0.53	0	0.352	0.254	0.261	2.358
1.768	0.371	0.312	0.601	0.449	0	0.352	0.264	0.266	2.158
1.724	0.337	0.308	0.466	0.369	0	0.349	0.283	0.266	1.799
1.648	0.337	0.308	0.359	0.308	0	0.352	0.288	0.276	1.562
1.562	0.305	0.31	0.3	0.249	0	0.354	0.283	0.364	1.406
1.409	0.293	0.31	0.256	0.232	0	0.356	0.283	1.189	1.172
1.282	0.293	0.298	0.247	0.222	0	0.349	0.281	2.947	1.006
1.199	0.291	0.281	0.276	0.222	0	0.347	0.356	1.851	0.999
1.125	0.288	0.264	0.256	0.225	0	0.349	0.449	1.501	0.876
1.013	0.283	0.261	0.247	0.227	0	0.349	0.828	1.772	0.74
0.935	0.283	0.266	0.239	0.229	0	0.354	1.765	1.938	0.652
0.845	0.291	0.264	0.242	0.232	0	0.356	2.241	1.99	0.542
0.728	0.293	0.261	0.237	0.237	0	0.352	2.339	2.114	0.435
0.601	0.288	0.281	0.242	0.247	0	0.352	2.388	2.168	0.388
0.559	0.286	0.286	0.244	0.249	0	0.352	2.397	2.19	0.339
0.552	0.283	0.283	0.247	0.251	0	0.352	2.41	2.207	0.293
0.552	0.286	0.288	0.249	0.251	0	0.352	2.407	2.18	0.278
0.503	0.286	0.283	0.244	0.247	0	0.349	2.429	2.175	0.278
0.405	0.276	0.291	0.239	0.244	0	0.476	2.449	2.134	0.271
0.383	0.273	0.291	0.239	0.247	0	0.654	2.441	2.012	0.271
0.359	0.269	0.281	0.244	0.251	0	1.44	2.422	1.812	0.273
0.352	0.271	0.278	0.242	0.254	0	2.927	2.405	1.602	0.281
0.354	0.271	0.281	0.239	0.247	0	2.109	2.39	1.55	0.281
0.356	0.271	0.273	0.234	0.247	0	1.731	2.256	1.465	0.281
0.354	0.273	0.269	0.234	0.244	0	1.665	1.995	1.37	0.283
0.349	0.273	0.269	0.232	0.247	0	1.67	1.558	1.172	0.281
0.349	0.266	0.361	0.234	0.315	0	1.689	1.167	0.989	0.281
0.347	0.264	0.479	0.237	0.378	0	1.724	1.04	0.771	0.281
0.352	0.269	1.052	0.237	0.518	0	1.753	0.981	0.657	0.286
0.354	0.273	0	0.237	1.052	0	1.765	0.886	0.581	0.288
0.354	0.276	0	0.234	1.963	0	1.775	0.762	0.464	0.281
0.349	0.271	0	0.237	1.716	0	1.782	0.601	0.408	0.276
0.352	0.269	0	0.237	1.506	0	1.777	0.481	0.361	0.273
0.352	0.269	0	0.239	1.694	0	1.782	0.425	0.325	0.273
0.352	0.33	0	0.239	1.807	0	1.787	0.347	0.288	0.271
0.352	0.449	0	0	1.853	0	1.775	0.342	0.259	0.317
0.349	0.764	0	0	1.921	0	1.741	0.344	0.254	0.488
0.342	2.236	0	0	2.009	0	1.694	0.31	0.249	0.769
0.339	2.219	0	0	2.021	0	1.602	0.293	0.247	2.205
0.342	1.853	0	0	2.026	0	1.538	0.281	0.244	2.329
0.342	1.777	0	0	2.007	0	1.353	0.276	0.244	1.807
0.347	1.782	0	0	2.002	0	1.16	0.273	0.249	1.75
0.344	1.799	0	0	1.895	0	1.079	0.276	0.244	1.948
0.342	1.794	0	0	1.699	0	1.05	0.276	0.232	2.029
0.339	1.797	0	0	1.423	0	1.006	0.278	0.222	2.048
0.342	1.816	0	0	1.245	0	0.955	0.276	0.225	2.07
0.344	1.829	0	0	1.096	0	0.916	0.269	0.234	2.097
0.344	1.829	0	0	0.898	0	0.779	0.264	0.239	2.109
0.342	1.794	0	0	0.84	0	0.645	0.266	0.244	2.065
0.339	1.565	0	0	0.771	0	0.544	0.271	0.244	1.826
0.342	1.289	0	0	0.664	0	0.481	0.273	0.244	1.589
0.476	1.05	0	0	0.62	0	0.452	0.273	0.244	1.404
0.601	0.898	0	0	0.52	0	0.427	0.273	0.244	1.147
1.086	0.789	0	0	0.435	0	0.4	0.271	0.247	0.972
2.239	0.688	0	0	0.403	0	0.415	0.273	0.249	0.801
2.705	0.571	0	0	0.371	0	0.349	0.273	0.244	0.701
0	0.488	0	0	0.366	0	0.312	0	0.234	0.598
0	0.4	0	0	0.364	0	0.312	0	0.237	0.474
0	0.337	0	0	0.315	0	0.315	0	0.244	0.396
0	0.344	0	0	0.291	0	0.317	0	0.278	0.376
0	0.359	0	0	0.283	0	0.332	0	0.444	0.391
0	0.317	0	0	0.269	0	0.334	0	0.774	0.374
0	0.305	0	0	0.239	0	0.337	0	2.236	0.31
0	0.288	0	0	0.234	0	0.342	0	2.539	0.295
0	0.283	0	0	0.227	0	0.347	0	1.853	0.291
0	0.288	0	0	0.225	0	0.344	0	1.924	0.288
0	0.291	0	0	0.217	0	0.342	0	2.087	0.288
0	0.286	0	0	0.225	0	0.342	0	2.175	0.283
0	0.283	0	0	0.232	0	0.342	0	2.327	0.283
0	0.288	0	0	0.237	0	0.344	0	2.441	0.286
0	0.291	0	0	0.232	0	0.349	0	2.512	0.286
0	0.295	0	0	0.227	0	0.349	0	2.473	0.286
0	0.295	0	0	0.229	0	0.349	0	2.227	0.278
0	0.291	0	0	0.232	0	0.344	0	2.024	0.276
0	0.286	0	0	0.232	0	0.347	0	1.802	0.276
0	0.286	0	0	0.229	0	0.349	0	1.438	0.281
0	0.288	0	0	0.227	0	0.452	0	1.16	0.281
0	0.291	0	0	0.22	0	0.586	0	0.916	0.281
0	0.291	0	0	0.215	0	0.872	0	0.769	0.278
0	0.291	0	0	0.215	0	2.214	0	0.681	0.276
0	0.291	0	0	0.222	0	2.563	0	0.583	0.281
0	0.291	0	0	0.225	0	2.419	0	0.554	0.281
0	0.291	0	0	0.22	0	2.41	0	0.432	0.283
0	0.295	0	0	0.217	0	2.41	0	0.349	0.281
0	0.298	0	0	0.217	0	2.405	0	0.344	0.276
0	0.295	0	0	0.222	0	2.393	0	0.342	0.271
0	0.291	0	0	0.229	0	2.39	0	0.332	0.269
0	0.291	0	0	0.239	0	2.388	0	0.269	0.273
0	0.291	0	0	0.237	0	2.38	0	0.239	0
0	0.293	0	0	0.229	0	2.361	0	0.222	0
0	0.295	0	0	0.229	0	2.332	0	0.22	0
0	0.293	0	0	0.234	0	2.31	0	0.212	0
0	0.291	0	0	0.234	0	2.283	0	0.212	0
0	0.291	0	0	0.232	0	2.156	0	0.212	0
0	0.293	0	0	0.242	0	1.748	0	0.215	0
0	0.295	0	0	0.403	0	1.372	0	0.222	0
0	0.295	0	0	0	0	1.069	0	0.222	0
0	0.293	0	0	0	0	0.884	0	0.225	0
0	0.291	0	0	0	0	0.784	0	0.222	0
0	0.435	0	0	0	0	0.718	0	0.229	0
0	0.552	0	0	0	0	0.608	0	0.234	0
0	0	0	0	0	0	0.525	0	0.234	0
0	0	0	0	0	0	0.437	0	0.232	0
0	0	0	0	0	0	0.378	0	0.234	0
0	0	0	0	0	0	0.374	0	0.232	0
0	0	0	0	0	0	0.4	0	0.237	0
0	0	0	0	0	0	0.371	0	0.244	0
0	0	0	0	0	0	0.322	0	0.239	0
0	0	0	0	0	0	0.3	0	0.269	0
0	0	0	0	0	0	0.291	0	0.273	0
0	0	0	0	0	0	0.288	0	0.273	0
0	0	0	0	0	0	0.291	0	0.273	0
0	0	0	0	0	0	0.291	0	0.273	0
0	0	0	0	0	0	0.288	0	0.271	0
0	0	0	0	0	0	0.286	0	0.271	0
0	0	0	0	0	0	0.283	0	0.271	0
0	0	0	0	0	0	0.283	0	0.266	0
0	0	0	0	0	0	0.286	0	0.271	0
0	0	0	0	0	0	0.286	0	0.273	0
0	0	0	0	0	0	0.286	0	0.278	0
0	0	0	0	0	0	0.281	0	0.278	0
0	0	0	0	0	0	0.281	0	0.273	0
0	0	0	0	0	0	0.286	0	0.273	0
0	0	0	0	0	0	0.288	0	0.273	0
0	0	0	0	0	0	0.291	0	0.271	0
0	0	0	0	0	0	0.288	0	0	0
0	0	0	0	0	0	0.288	0	0	0
0	0	0	0	0	0	0.288	0	0	0
0	0	0	0	0	0	0.288	0	0	0
0	0	0	0	0	0	0.288	0	0	0
0	0	0	0	0	0	0.291	0	0	0
0	0	0	0	0	0	0.288	0	0	0
0	0	0	0	0	0	0.286	0	0	0
0	0	0	0	0	0	0.281	0	0	0
0	0	0	0	0	0	0.281	0	0	0
0	0	0	0	0	0	0.276	0	0	0
0	0	0	0	0	0	0.276	0	0	0
0	0	0	0	0	0	0.276	0	0	0
0	0	0	0	0	0	0.273	0	0	0
0	0	0	0	0	0	0.276	0	0	0
0	0	0	0	0	0	0.266	0	0	0
0	0	0	0	0	0	0.266	0	0	0
0	0	0	0	0	0	0.269	0	0	0
0	0	0	0	0	0	0.266	0	0	0
0	0	0	0	0	0	0.266	0	0	0
0	0	0	0	0	0	0.261	0	0	0
0	0	0	0	0	0	0.261	0	0	0
