0.327	0.366	0.359	0.393	0.354	0.381	0.366	0.347	0.337	0.347
0.337	0.381	0.359	0.371	0.356	0.481	0.381	0.359	0.334	0.344
0.364	0.432	0.354	0.391	0.386	0.53	0.371	0.386	0.334	0.342
0.437	0.537	0.354	0.513	0.454	0.513	0.376	0.508	0.344	0.334
0.618	0.659	0.356	0.51	0.444	0.522	0.486	0.774	0.378	0.344
0.735	0.906	0.359	0.547	0.437	0.581	0.459	1.111	0.474	0.361
0.769	1.077	0.359	0.61	0.449	0.63	0.493	1.313	0.623	0.378
0.774	1.094	0.408	0.645	0.457	0.625	0.537	1.357	0.92	0.447
0.774	1.072	0.425	0.642	0.474	0.649	0.552	1.331	1.101	0.559
0.762	1.033	0.449	0.645	0.479	0.688	0.593	1.289	1.15	0.75
0.742	0.984	0.603	0.647	0.479	0.667	0.645	1.235	1.14	0.898
0.735	0.818	0.71	0.645	0.481	0.576	0.645	1.14	1.143	0.957
0.74	0.659	0.776	0.63	0.486	0.503	0.635	1.011	1.125	0.984
0.732	0.591	0.828	0.62	0.483	0.452	0.627	0.901	1.045	1.001
0.686	0.535	0.84	0.569	0.464	0.425	0.637	0.781	0.894	0.984
0.598	0.481	0.828	0.525	0.442	0.41	0.652	0.693	0.786	0.918
0.498	0.444	0.811	0.454	0.41	0.432	0.627	0.645	0.693	0.876
0.43	0.42	0.771	0.41	0.386	0.388	0.564	0.535	0.61	0.811
0.413	0.386	0.728	0.437	0.398	0.371	0.53	0.452	0.488	0.732
0.381	0.391	0.618	0.435	0.425	0.374	0.483	0.422	0.42	0.654
0.361	0.393	0.525	0.378	0.381	0.378	0.427	0.422	0.408	0.598
0.339	0.371	0.457	0.369	0.364	0.383	0.393	0.381	0.381	0.515
0.332	0.356	0.41	0.364	0.361	0.381	0.374	0.366	0.364	0.457
0.33	0.354	0.393	0.371	0.366	0.376	0.391	0.361	0.344	0.437
0.327	0.354	0.374	0.369	0.369	0.374	0.376	0.356	0.339	0.408
0.33	0.356	0.386	0.371	0.361	0.374	0.364	0.359	0.334	0.393
0.33	0.356	0.396	0.361	0.356	0.374	0.364	0.366	0.334	0.364
0.332	0.356	0.374	0.356	0.356	0.381	0.364	0.369	0.337	0.347
0.33	0.354	0.369	0.364	0.356	0.381	0.366	0.356	0.339	0.342
0.332	0.359	0.369	0.366	0.359	0.381	0.371	0.349	0.342	0.344
0.332	0.361	0.369	0.361	0.361	0.378	0.371	0.356	0.344	0.347
0.33	0.361	0.366	0.359	0.359	0.374	0.366	0.356	0.337	0.344
0.334	0.359	0.364	0.356	0.356	0.376	0.369	0.354	0.337	0.342
0.337	0.359	0.364	0.361	0.356	0.381	0.366	0.352	0.339	0.342
0.339	0.359	0.364	0.364	0.356	0.381	0.366	0.352	0.344	0.344
0.332	0.356	0.366	0.366	0.361	0.378	0.369	0.354	0.347	0.347
0.33	0.359	0.366	0.366	0.359	0.374	0.369	0.352	0.342	0.344
0.33	0.359	0.361	0.364	0.359	0.371	0.366	0.349	0.342	0.344
0.332	0.356	0.359	0.361	0.354	0.374	0.369	0.356	0.342	0.339
0.332	0.354	0.356	0.364	0.356	0.374	0.366	0.359	0.342	0.339
0.332	0.354	0.356	0.366	0.359	0.374	0.366	0.352	0.344	0.339
0.332	0.359	0.364	0.366	0.361	0.371	0.369	0.349	0.342	0.344
0.33	0.364	0.364	0.364	0.359	0.366	0.374	0.349	0.342	0.344
0.332	0.359	0.361	0.361	0.356	0.366	0.371	0.354	0.337	0.339
0.337	0.359	0.361	0.361	0.354	0.371	0.369	0.354	0.334	0.337
0.337	0.356	0.361	0.361	0.359	0.376	0.366	0.356	0.337	0.337
0.337	0.354	0.364	0.364	0.356	0.374	0.369	0.359	0.342	0.342
0.334	0.354	0.366	0.364	0.359	0.369	0.369	0.354	0.342	0.342
0.334	0.359	0.366	0.364	0.356	0.366	0.371	0.354	0.339	0.344
0.334	0.356	0.364	0.361	0.356	0.369	0.369	0.359	0.337	0.339
0.337	0.356	0.361	0.359	0.359	0.369	0.366	0.359	0.337	0.339
0.339	0.354	0.361	0.364	0.361	0.374	0.364	0.361	0.339	0.337
0.334	0.349	0.364	0.364	0.364	0.374	0.364	0.354	0.342	0.339
0.347	0.349	0.369	0.364	0.381	0.374	0.366	0.364	0.349	0.342
0.347	0.359	0.366	0.364	0.374	0.366	0.374	0.356	0.344	0.344
0.349	0.361	0.359	0.359	0.364	0.369	0.391	0.352	0.349	0.339
0.359	0.356	0.364	0.359	0.371	0.374	0.381	0.366	0.352	0.339
0.356	0.354	0.374	0.364	0.396	0.396	0.378	0.413	0.344	0.344
0.352	0.369	0.42	0.364	0.444	0.425	0.396	0.454	0.344	0.354
0.398	0.364	0.427	0.364	0.449	0.442	0.383	0.562	0.376	0.359
0.471	0.371	0.43	0.366	0.466	0.459	0.383	0.674	0.4	0.349
0.466	0.439	0.381	0.361	0.449	0.461	0.405	0.75	0.466	0.342
0.449	0.459	0.366	0.361	0.437	0.466	0.439	0.791	0.574	0.352
0.459	0.474	0.374	0.405	0.444	0.464	0.481	0.796	0.725	0.374
0.474	0.566	0.396	0.476	0.442	0.466	0.496	0.747	0.828	0.4
0.479	0.654	0.447	0.54	0.432	0.469	0.491	0.681	0.874	0.427
0.471	0.688	0.474	0.579	0.42	0.459	0.486	0.61	0.823	0.439
0.486	0.652	0.481	0.569	0.417	0.459	0.479	0.527	0.715	0.449
0.464	0.586	0.486	0.564	0.413	0.444	0.486	0.476	0.601	0.439
0.508	0.52	0.491	0.537	0.396	0.442	0.481	0.444	0.525	0.447
0.5	0.466	0.5	0.527	0.369	0.396	0.481	0.427	0.449	0.459
0.488	0.474	0.505	0.5	0.364	0.388	0.488	0.388	0.417	0.444
0.425	0.464	0.493	0.459	0.361	0.371	0.474	0.366	0.393	0.481
0.405	0.447	0.479	0.444	0.356	0.376	0.51	0.361	0.369	0.452
0.376	0.42	0.427	0.437	0.354	0.391	0.503	0.364	0.361	0.442
0.349	0.403	0.405	0.398	0.352	0.381	0.498	0.361	0.347	0.415
0.347	0.371	0.376	0.374	0.356	0.376	0.457	0.361	0.344	0.396
0.339	0.359	0.366	0.374	0.361	0.376	0.427	0.356	0.344	0.364
0.337	0.361	0.364	0.366	0.359	0.369	0.4	0.361	0.342	0.347
0.334	0.359	0.356	0.369	0.356	0.371	0.388	0.364	0.337	0.342
0.337	0.354	0.354	0.4	0.352	0.371	0.371	0.366	0.334	0.337
0.339	0.354	0.354	0.376	0.354	0.378	0.366	0.366	0.337	0.339
0.337	0.354	0.354	0.364	0.356	0.376	0.366	0.361	0.342	0.342
0.337	0.356	0.359	0.364	0.359	0.376	0.364	0.349	0.342	0.344
0.332	0.359	0.354	0.364	0.359	0.374	0.369	0.344	0.342	0.344
0.332	0.356	0.356	0.359	0.352	0.376	0.364	0.349	0.339	0.342
0.337	0.354	0.356	0.359	0.352	0.374	0.364	0.349	0.337	0.339
0.339	0.352	0.354	0.359	0.349	0.378	0.364	0.349	0.337	0.342
0.337	0.352	0.356	0.364	0.352	0.383	0.366	0.344	0.339	0.342
0.334	0.356	0.356	0.364	0.356	0.378	0.369	0.342	0.347	0.347
0.332	0.359	0.356	0.364	0.359	0.376	0.369	0.342	0.342	0.347
0.332	0.359	0.354	0.361	0.356	0.376	0.366	0.344	0.339	0.342
0.337	0.356	0.352	0.359	0.352	0.378	0.361	0.347	0.337	0.339
0.339	0.352	0.349	0.361	0.354	0.381	0.359	0.352	0.339	0.337
0.339	0.354	0.354	0.361	0.354	0.381	0.361	0.344	0.344	0.339
0.334	0.356	0.356	0.364	0.356	0.378	0.366	0.339	0.347	0.344
0.334	0.361	0.356	0.366	0.361	0.376	0.366	0.339	0.342	0.344
0.334	0.359	0.356	0.359	0.356	0.374	0.361	0.344	0.337	0.342
0.339	0.356	0.352	0.361	0.354	0.378	0.361	0.347	0.339	0.339
0.339	0.354	0.354	0.361	0.352	0.381	0.359	0.347	0.339	0.339
0.342	0.352	0.356	0.364	0.354	0.381	0.359	0.347	0.339	0.342
0.337	0.356	0.359	0.366	0.352	0.381	0.361	0.349	0.339	0.344
0.337	0.359	0.359	0.361	0.356	0.376	0.371	0.352	0.337	0.344
0.337	0.359	0.356	0.361	0.352	0.374	0.369	0.354	0.332	0.339
0.342	0.356	0.354	0.356	0.349	0.378	0.361	0.352	0.332	0.339
0.342	0.354	0.352	0.361	0.349	0.381	0.359	0.359	0.332	0.337
0.339	0.356	0.361	0.364	0.352	0.381	0.361	0.354	0.337	0.342
0.339	0.359	0.361	0.366	0.356	0.376	0.364	0.352	0.337	0.344
0.339	0.361	0.364	0.364	0.356	0.374	0.366	0.352	0.334	0.344
0.337	0.359	0.359	0.361	0.354	0.371	0.361	0.354	0.334	0.339
0.342	0.359	0.356	0.359	0.349	0.376	0.359	0.356	0.334	0.339
0.344	0.354	0.359	0.364	0.344	0.381	0.354	0.361	0.344	0.342
0.342	0.356	0.359	0.364	0.356	0.378	0.354	0.352	0.344	0.342
0.339	0.356	0.361	0.366	0.359	0.376	0.359	0.349	0.347	0.344
0.339	0.359	0.364	0.364	0.356	0.371	0.359	0.347	0.4	0.342
0.337	0.359	0.364	0.359	0.359	0.371	0.359	0.347	0.576	0.339
0.339	0.356	0.361	0.359	0.352	0.376	0.354	0.349	0.72	0.337
0.342	0.352	0.361	0.359	0.364	0.393	0.354	0.352	0.789	0.337
0.347	0.352	0.369	0.361	0.374	0.403	0.359	0.347	0.759	0.339
0.356	0.366	0.369	0.361	0.391	0.391	0.361	0.347	0.706	0.344
0.359	0.364	0.369	0.361	0.403	0.383	0.366	0.337	0.62	0.347
0.383	0.366	0.374	0.361	0.41	0.388	0.427	0.344	0.547	0.417
0.408	0.376	0.415	0.359	0.405	0.396	0.623	0.352	0.505	0.452
0.457	0.391	0.471	0.364	0.383	0.417	0.657	0.352	0.476	0.486
0.515	0.415	0.525	0.366	0.366	0.42	0.674	0.349	0.493	0.508
0.532	0.444	0.532	0.388	0.361	0.405	0.691	0.347	0.42	0.508
0.518	0.444	0.532	0.427	0.386	0.398	0.703	0.344	0.369	0.508
0.498	0.437	0.518	0.42	0.376	0.381	0.671	0.349	0.347	0.503
0.503	0.43	0.505	0.41	0.374	0.374	0.637	0.354	0.339	0.488
0.5	0.437	0.479	0.398	0.354	0.381	0.576	0.352	0.342	0.432
0.491	0.439	0.425	0.403	0.354	0.383	0.481	0.352	0.344	0.388
0.435	0.427	0.4	0.403	0.354	0.378	0.422	0.347	0.344	0.388
0.366	0.391	0.403	0.396	0.356	0.374	0.393	0.347	0.347	0.364
0.347	0.371	0.4	0.391	0.352	0.374	0.376	0.339	0.344	0.374
0.344	0.381	0.386	0.388	0.349	0.378	0.361	0.354	0.344	0.381
0.354	0.374	0.361	0.376	0.347	0.378	0.356	0.356	0.342	0.361
0.349	0.364	0.361	0.396	0.349	0.381	0.356	0.352	0.344	0.347
0.344	0.366	0.364	0.413	0.349	0.378	0.359	0.347	0.347	0.344
0.342	0.369	0.364	0.403	0.352	0.376	0.366	0.347	0.342	0.339
0.339	0.366	0.364	0.408	0.352	0.374	0.366	0.352	0.342	0.339
0.347	0.361	0.361	0.369	0.347	0.378	0.359	0.352	0.339	0.337
0.352	0.359	0.364	0.366	0.344	0.378	0.354	0.354	0.339	0.337
0.349	0.361	0.369	0.371	0.349	0.381	0.354	0.352	0.342	0.339
0.347	0.364	0.369	0.371	0.354	0.376	0.361	0.347	0.344	0.344
0.349	0.364	0.374	0.371	0.356	0.376	0.361	0.347	0.342	0.344
0.349	0.359	0.366	0.369	0.354	0.376	0.359	0.347	0.337	0.342
0.349	0.359	0.364	0.364	0.349	0.378	0.356	0.349	0.334	0.339
0.352	0.356	0.364	0.366	0.352	0.381	0.356	0.352	0.337	0.337
0.349	0.359	0.366	0.369	0.354	0.383	0.354	0.349	0.339	0.342
0.347	0.361	0.369	0.371	0.359	0.381	0.361	0.347	0.342	0.342
0.347	0.364	0.371	0.369	0.359	0.376	0.364	0.349	0.339	0.342
0.347	0.364	0.369	0.366	0.354	0.376	0.361	0.349	0.337	0.354
0.352	0.364	0.366	0.361	0.352	0.378	0.356	0.354	0.337	0.337
0.354	0.359	0.364	0.364	0.349	0.381	0.356	0.354	0.339	0.337
0.354	0.361	0.369	0.369	0.352	0.383	0.356	0.349	0.344	0.337
0.352	0.364	0.369	0.369	0.354	0.381	0.359	0.347	0.344	0.342
0.347	0.366	0.371	0.371	0.354	0.376	0.364	0.344	0.342	0.342
0.349	0.364	0.366	0.366	0.352	0.376	0.366	0.352	0.339	0.337
0.349	0.359	0.364	0.364	0.349	0.376	0.359	0.349	0.337	0.337
0.352	0.359	0.366	0.366	0.349	0.381	0.356	0.352	0.339	0.334
0.349	0.356	0.366	0.366	0.354	0.383	0.359	0.349	0.344	0.339
0.347	0.361	0.369	0.369	0.356	0.381	0.359	0.352	0.344	0.342
0.347	0.361	0.369	0.369	0.356	0.376	0.359	0.352	0.342	0.344
0.347	0.361	0.366	0.366	0.356	0.376	0.359	0.349	0.339	0.337
0.352	0.356	0.359	0.364	0.354	0.378	0.356	0.352	0.337	0.337
0.352	0.356	0.361	0.366	0.354	0.381	0.356	0.352	0.337	0.342
0.352	0.356	0.364	0.369	0.356	0.378	0.354	0.349	0.337	0.344
0.344	0.361	0.366	0.369	0.359	0.381	0.354	0.347	0.337	0.344
0.344	0.361	0.364	0.369	0.356	0.378	0.359	0.344	0.337	0.342
0.342	0.364	0.366	0.366	0.354	0.376	0.359	0.344	0.332	0.342
0.349	0.359	0.359	0.364	0.352	0.378	0.356	0.349	0.33	0.337
0.349	0.356	0.359	0.366	0.354	0.381	0.354	0.347	0.334	0.339
0.349	0.359	0.361	0.366	0.354	0.381	0.361	0.344	0.339	0.339
0.344	0.361	0.366	0.369	0.359	0.378	0.364	0.342	0.337	0.344
0.344	0.366	0.366	0.366	0.359	0.4	0.371	0.347	0.337	0.344
0.342	0.366	0.364	0.366	0.356	0.415	0.371	0.354	0.332	0.344
0.347	0.361	0.361	0.364	0.354	0.52	0.371	0.354	0.332	0.342
0.349	0.359	0.361	0.366	0.354	0.613	0.369	0.354	0.332	0.339
0.344	0.361	0.364	0.369	0.356	1.108	0.371	0.356	0.334	0.342
0.347	0.364	0.366	0.371	0.359	1.748	0.371	0.354	0.339	0.344
0.344	0.366	0.369	0.369	0.354	1.885	0.374	0.352	0.332	0.344
0.339	0.369	0.361	0.364	0.354	1.914	0.374	0.352	0.339	0.342
0.347	0.369	0.361	0.366	0.352	1.917	0.369	0.354	0.361	0.339
0.349	0.364	0.364	0.366	0.349	1.851	0.366	0.354	0.366	0.339
0.352	0.366	0.364	0.369	0.354	1.47	0.366	0.354	0.356	0.342
0.347	0.371	0.369	0.371	0.359	1.064	0.371	0.349	0.442	0.344
0.347	0.371	0.369	0.369	0.376	0.894	0.371	0.349	0.471	0.344
0.352	0.371	0.366	0.366	0.378	0.71	0.369	0.352	0.549	0.342
0.349	0.369	0.364	0.364	0.366	0.786	0.366	0.354	0.613	0.342
0.352	0.364	0.374	0.371	0.466	0.664	0.366	0.359	0.649	0.342
0.352	0.366	0.393	0.369	0.503	0.537	0.366	0.359	0.647	0.339
0.347	0.378	0.4	0.369	0.637	0.503	0.381	0.354	0.676	0.342
0.344	0.408	0.403	0.366	0.864	0.493	0.383	0.352	0.725	0.339
0.344	0.388	0.464	0.364	1.001	0.442	0.469	0.352	0.713	0.342
0.347	0.405	0.52	0.361	1.062	0.405	0.613	0.356	0.71	0.344
0.352	0.41	0.557	0.364	1.06	0.386	1.108	0.359	0.671	0.342
0.349	0.461	0.618	0.366	1.021	0.386	1.748	0.356	0.623	0.344
0.347	0.522	0.698	0.369	0.972	0.381	1.885	0.369	0.593	0.347
0.344	0.603	0.764	0.366	0.896	0.381	1.914	0.371	0.557	0.349
0.347	0.786	0.781	0.364	0.779	0.378	1.917	0.369	0.54	0.347
0.352	1.064	0.774	0.364	0.684	0.376	1.851	0.454	0.527	0.352
0.361	1.211	0.759	0.366	0.613	0.381	1.47	0.493	0.505	0.364
0.369	1.206	0.72	0.366	0.569	0.383	1.064	0.513	0.51	0.356
0.398	1.199	0.627	0.366	0.52	0.376	0.894	0.552	0.508	0.447
0.466	1.165	0.564	0.369	0.483	0.374	0.71	0.637	0.437	0.493
0.613	1.091	0.532	0.364	0.435	0.371	0.61	0.864	0.378	0.491
0.798	0.977	0.508	0.364	0.386	0.376	0.522	1.13	0.354	0.53
1.006	0.872	0.452	0.364	0.356	0.376	0.505	1.311	0.359	0.593
1.152	0.762	0.405	0.364	0.356	0.378	0.43	1.489	0.364	0.632
1.274	0.608	0.388	0.369	0.359	0.376	0.388	1.538	0.361	0.701
1.331	0.547	0.386	0.366	0.364	0.371	0.376	1.58	0.356	0.747
1.326	0.535	0.378	0.366	0.354	0.371	0.371	1.543	0.342	0.742
1.277	0.488	0.374	0.361	0.352	0.374	0.371	1.453	0.337	0.723
1.099	0.437	0.371	0.366	0.352	0.378	0.369	1.201	0.337	0.708
0.942	0.403	0.366	0.366	0.354	0.378	0.361	0.935	0.339	0.674
0.852	0.391	0.369	0.369	0.356	0.378	0.364	0.754	0.342	0.615
0.715	0.405	0.366	0.366	0.356	0.374	0.364	0.615	0.337	0.569
0.581	0.408	0.361	0.364	0.352	0.374	0.369	0.532	0.334	0.535
0.508	0.391	0.361	0.361	0.352	0.376	0.364	0.522	0.332	0.476
0.5	0.376	0.361	0.364	0.349	0.378	0.359	0.513	0.334	0.469
0.452	0.374	0.369	0.366	0.352	0.381	0.361	0.493	0.332	0.461
0.396	0.374	0.369	0.369	0.356	0.381	0.361	0.483	0.339	0.415
0.369	0.378	0.366	0.369	0.361	0.374	0.364	0.432	0.337	0.371
0.369	0.376	0.364	0.364	0.356	0.374	0.361	0.388	0.332	0.356
0.371	0.371	0.364	0.361	0.352	0.376	0.359	0.366	0.334	0.347
0.376	0.369	0.364	0.361	0.352	0.378	0.361	0.361	0.334	0.349
0.371	0.366	0.366	0.366	0.354	0.381	0.364	0.361	0.339	0.354
0.366	0.371	0.369	0.369	0.359	0.374	0.366	0.359	0.339	0.354
0.349	0.376	0.369	0.366	0.361	0.374	0.366	0.354	0.339	0.352
0.344	0.374	0.364	0.364	0.361	0.369	0.364	0.354	0.337	0.349
0.349	0.369	0.364	0.361	0.356	0.371	0.361	0.359	0.334	0.347
0.349	0.366	0.364	0.364	0.356	0.376	0.359	0.356	0.337	0.347
0.352	0.369	0.364	0.366	0.356	0.376	0.361	0.356	0.342	0.347
0.347	0.369	0.369	0.369	0.359	0.374	0.364	0.356	0.339	0.349
0.347	0.371	0.364	0.369	0.361	0.371	0.366	0.356	0.339	0.347
0.349	0.371	0.359	0.364	0.359	0.371	0.369	0.356	0.332	0.344
0.352	0.369	0.359	0.361	0.354	0.371	0.364	0.361	0.334	0.344
0.354	0.369	0.356	0.366	0.354	0.376	0.359	0.361	0.337	0.344
0.354	0.369	0.359	0.369	0.359	0.371	0.356	0.361	0.339	0.344
0.354	0.371	0.364	0.371	0.361	0.374	0.361	0.359	0.342	0.347
0.349	0.376	0.364	0.369	0.361	0.371	0.364	0.359	0.342	0.347
0.347	0.376	0.361	0.364	0.359	0.371	0.361	0.361	0.337	0.347
0.352	0.371	0.359	0.364	0.354	0.371	0.361	0.364	0.337	0.342
0.356	0.369	0.359	0.364	0.356	0.374	0.359	0.366	0.337	0.344
0.354	0.369	0.359	0.369	0.356	0.376	0.354	0.364	0.342	0.347
0.354	0.371	0.366	0.369	0.359	0.374	0.361	0.359	0.342	0.349
0.352	0.376	0.366	0.369	0.356	0.369	0.361	0.356	0.339	0.347
0.352	0.376	0.361	0.366	0.354	0.369	0.361	0.364	0.337	0.347
0.356	0.371	0.359	0.361	0.352	0.371	0.359	0.361	0.334	0.344
0.356	0.369	0.359	0.361	0.354	0.374	0.356	0.364	0.337	0.342
0.356	0.369	0.364	0.366	0.354	0.376	0.359	0.361	0.339	0.347
0.354	0.371	0.364	0.366	0.359	0.374	0.356	0.354	0.342	0.349
0.354	0.374	0.366	0.366	0.356	0.371	0.354	0.352	0.339	0.352
0.354	0.374	0.361	0.364	0.356	0.371	0.347	0.359	0.337	0.349
0.354	0.371	0.361	0.361	0.356	0.374	0.342	0.361	0.337	0.344
0.356	0.366	0.361	0.364	0.356	0.376	0.342	0.361	0.339	0.347
0.356	0.364	0.359	0.378	0.356	0.376	0.347	0.359	0.339	0.349
0.354	0.369	0.364	0.396	0.356	0.374	0.347	0.356	0.342	0.352
0.354	0.371	0.364	0.381	0.356	0.366	0.352	0.349	0.342	0.352
0.354	0.371	0.361	0.386	0.352	0.366	0.349	0.352	0.339	0.347
0.354	0.369	0.359	0.378	0.352	0.374	0.347	0.354	0.337	0.347
0.359	0.366	0.359	0.464	0.349	0.376	0.342	0.361	0.339	0.347
0.359	0.366	0.361	0.525	0.354	0.378	0.339	0.359	0.344	0.349
0.354	0.371	0.366	0.54	0.356	0.371	0.349	0.356	0.342	0.349
0.349	0.374	0.366	0.605	0.359	0.366	0.352	0.356	0.339	0.349
0.349	0.371	0.364	0.698	0.354	0.364	0.352	0.356	0.337	0.349
0.354	0.369	0.361	0.769	0.352	0.369	0.349	0.364	0.337	0.347
0.356	0.366	0.359	0.833	0.352	0.371	0.347	0.366	0.334	0.344
0.354	0.366	0.364	0.889	0.359	0.374	0.352	0.364	0.342	0.347
0.352	0.371	0.364	0.918	0.361	0.369	0.352	0.359	0.342	0.352
0.349	0.374	0.371	0.925	0.364	0.369	0.354	0.359	0.339	0.352
0.352	0.371	0.361	0.906	0.359	0.369	0.356	0.361	0.334	0.349
0.354	0.369	0.359	0.852	0.354	0.366	0.352	0.361	0.334	0.347
0.359	0.366	0.356	0.808	0.354	0.374	0.347	0.361	0.339	0.344
0.364	0.366	0.361	0.725	0.354	0.374	0.347	0.364	0.339	0.347
0.356	0.366	0.364	0.645	0.356	0.371	0.352	0.356	0.342	0.352
0.354	0.369	0.366	0.562	0.354	0.369	0.354	0.356	0.334	0.352
0.354	0.369	0.364	0.513	0.352	0.371	0.356	0.354	0.337	0.349
0.359	0.364	0.361	0.515	0.354	0.374	0.349	0.356	0.334	0.344
0.361	0.361	0.361	0.471	0.354	0.378	0.342	0.359	0.339	0.356
0.359	0.361	0.366	0.413	0.356	0.376	0.347	0.356	0.342	0.349
0.359	0.366	0.369	0.383	0.361	0.378	0.347	0.354	0.342	0.352
0.356	0.366	0.371	0.371	0.359	0.376	0.347	0.352	0.339	0.356
0.356	0.366	0.369	0.364	0.359	0.371	0.347	0.356	0.337	0.349
0.356	0.366	0.366	0.364	0.354	0.371	0.344	0.361	0.334	0.347
0.359	0.364	0.369	0.374	0.352	0.376	0.342	0.364	0.339	0.344
0.359	0.366	0.369	0.371	0.354	0.374	0.337	0.356	0.342	0.347
0.356	0.369	0.371	0.371	0.359	0.371	0.344	0.354	0.342	0.349
0.354	0.371	0.371	0.366	0.356	0.371	0.347	0.352	0.342	0.349
0.352	0.371	0.369	0.364	0.356	0.366	0.347	0.352	0.339	0.347
0.356	0.369	0.366	0.361	0.352	0.369	0.344	0.352	0.337	0.344
0.359	0.366	0.366	0.361	0.352	0.371	0.344	0.356	0.337	0.344
0.354	0.364	0.369	0.366	0.356	0.374	0.347	0.354	0.342	0.347
0.354	0.366	0.371	0.366	0.359	0.376	0.354	0.352	0.342	0.349
0.352	0.369	0.369	0.364	0.359	0.369	0.356	0.347	0.339	0.354
0.354	0.371	0.366	0.361	0.359	0.366	0.354	0.352	0.337	0.352
0.356	0.366	0.361	0.361	0.356	0.371	0.354	0.354	0.334	0.347
0.359	0.364	0.359	0.361	0.359	0.41	0.352	0.354	0.339	0.347
0.356	0.366	0.364	0.361	0.364	0.444	0.349	0.354	0.342	0.347
0.352	0.369	0.366	0.364	0.366	0.474	0.352	0.349	0.344	0.349
0.352	0.371	0.369	0.361	0.364	0.505	0.356	0.347	0.342	0.352
0.352	0.369	0.364	0.359	0.359	0.542	0.354	0.349	0.337	0.349
0.356	0.366	0.364	0.359	0.356	0.715	0.354	0.352	0.337	0.347
0.356	0.364	0.361	0.364	0.359	0.894	0.352	0.354	0.359	0.344
0.356	0.366	0.364	0.364	0.361	1.033	0.352	0.354	0.413	0.347
0.354	0.371	0.364	0.369	0.376	1.072	0.352	0.349	0.425	0.352
0.352	0.371	0.383	0.366	0.361	1.06	0.354	0.344	0.42	0.349
0.352	0.374	0.415	0.364	0.359	1.023	0.354	0.347	0.51	0.347
0.356	0.369	0.452	0.361	0.354	0.923	0.349	0.352	0.574	0.342
0.359	0.366	0.488	0.364	0.356	0.73	0.349	0.352	0.574	0.344
0.359	0.383	0.542	0.364	0.359	0.615	0.354	0.354	0.571	0.347
0.356	0.42	0.557	0.366	0.361	0.527	0.359	0.41	0.571	0.349
0.354	0.459	0.579	0.366	0.361	0.449	0.361	0.444	0.571	0.352
0.354	0.479	0.576	0.364	0.359	0.43	0.356	0.505	0.564	0.344
0.356	0.522	0.574	0.361	0.356	0.422	0.356	0.593	0.566	0.344
0.359	0.559	0.569	0.361	0.356	0.403	0.354	0.593	0.566	0.344
0.359	0.576	0.564	0.364	0.359	0.417	0.356	0.598	0.564	0.342
0.356	0.564	0.532	0.369	0.361	0.415	0.356	0.625	0.525	0.349
0.356	0.544	0.447	0.364	0.403	0.376	0.381	0.627	0.474	0.352
0.354	0.54	0.403	0.361	0.427	0.364	0.42	0.625	0.415	0.344
0.359	0.54	0.393	0.361	0.449	0.366	0.442	0.64	0.359	0.342
0.361	0.542	0.388	0.366	0.471	0.369	0.476	0.64	0.342	0.342
0.361	0.535	0.4	0.369	0.525	0.371	0.566	0.642	0.369	0.347
0.356	0.54	0.386	0.366	0.608	0.361	0.601	0.645	0.393	0.347
0.356	0.542	0.369	0.364	0.608	0.361	0.627	0.649	0.366	0.344
0.354	0.54	0.391	0.361	0.601	0.361	0.637	0.603	0.334	0.342
0.359	0.54	0.386	0.356	0.608	0.361	0.649	0.522	0.322	0.344
0.359	0.486	0.361	0.354	0.613	0.371	0.667	0.437	0.327	0.339
0.356	0.432	0.359	0.364	0.608	0.374	0.674	0.398	0.325	0.344
0.356	0.43	0.361	0.364	0.608	0.371	0.667	0.413	0.327	0.347
0.352	0.43	0.364	0.359	0.564	0.366	0.627	0.425	0.327	0.349
0.352	0.425	0.356	0.359	0.483	0.364	0.581	0.43	0.322	0.347
0.356	0.405	0.352	0.359	0.442	0.366	0.537	0.391	0.322	0.339
0.359	0.378	0.352	0.359	0.4	0.369	0.466	0.361	0.325	0.342
0.359	0.396	0.354	0.364	0.386	0.371	0.403	0.354	0.33	0.347
0.359	0.388	0.359	0.366	0.398	0.371	0.391	0.352	0.33	0.347
0.352	0.374	0.356	0.364	0.4	0.366	0.43	0.347	0.332	0.349
0.383	0.369	0.354	0.361	0.405	0.378	0.435	0.349	0.325	0.342
0.425	0.366	0.349	0.361	0.403	0.369	0.432	0.354	0.325	0.344
0.457	0.361	0.349	0.361	0.366	0.371	0.403	0.352	0.33	0.344
0.464	0.364	0.352	0.366	0.359	0.371	0.364	0.354	0.332	0.347
0.537	0.366	0.352	0.366	0.361	0.371	0.356	0.349	0.332	0.396
0.571	0.364	0.354	0.364	0.364	0.369	0.352	0.349	0.33	0.42
0.562	0.361	0.349	0.364	0.359	0.366	0.354	0.352	0.33	0.483
0.547	0.359	0.347	0.361	0.356	0.369	0.354	0.352	0.327	0.586
0.525	0.356	0.347	0.364	0.356	0.371	0.354	0.352	0.33	0.632
0.515	0.359	0.352	0.366	0.356	0.371	0.352	0.352	0.332	0.649
0.513	0.361	0.352	0.369	0.361	0.366	0.352	0.352	0.332	0.635
0.505	0.364	0.356	0.366	0.364	0.359	0.352	0.352	0.332	0.63
0.518	0.364	0.352	0.364	0.361	0.359	0.354	0.352	0.327	0.63
0.442	0.359	0.349	0.359	0.359	0.356	0.352	0.354	0.327	0.632
0.417	0.356	0.347	0.361	0.359	0.364	0.349	0.359	0.33	0.632
0.408	0.354	0.352	0.364	0.359	0.364	0.349	0.356	0.332	0.618
0.41	0.359	0.354	0.366	0.361	0.364	0.354	0.352	0.334	0.581
0.391	0.361	0.356	0.364	0.361	0.361	0.359	0.352	0.332	0.52
0.398	0.356	0.352	0.364	0.359	0.359	0.356	0.352	0.327	0.452
0.4	0.356	0.349	0.359	0.356	0.364	0.352	0.354	0.327	0.391
0.369	0.354	0.349	0.359	0.354	0.369	0.349	0.356	0.33	0.4
0.361	0.359	0.352	0.361	0.352	0.371	0.347	0.354	0.332	0.413
0.354	0.359	0.354	0.315	0.359	0.369	0.349	0.352	0.334	0.413
0.352	0.364	0.356	0.366	0.359	0.366	0.352	0.349	0.332	0.386
0.354	0.361	0.356	0.359	0.359	0.366	0.352	0.349	0.33	0.356
0.356	0.361	0.349	0.356	0.354	0.366	0.349	0.354	0.33	0.344
0.359	0.359	0.349	0.359	0.352	0.369	0.347	0.354	0.332	0.339
0.359	0.361	0.344	0.364	0.352	0.369	0.349	0.354	0.334	0.342
0.354	0.361	0.354	0.369	0.356	0.366	0.354	0.349	0.334	0.344
0.354	0.364	0.359	0.366	0.356	0.364	0.354	0.347	0.337	0.347
0.356	0.366	0.354	0.361	0.356	0.366	0.352	0.352	0.33	0.344
0.356	0.361	0.352	0.361	0.356	0.366	0.349	0.352	0.33	0.339
0.359	0.359	0.354	0.364	0.356	0.369	0.347	0.356	0.332	0.344
0.359	0.359	0.354	0.366	0.361	0.371	0.352	0.354	0.334	0.344
0.356	0.364	0.356	0.369	0.364	0.369	0.354	0.352	0.334	0.349
0.354	0.364	0.359	0.366	0.361	0.366	0.354	0.352	0.337	0.347
0.354	0.364	0.354	0.364	0.359	0.366	0.356	0.354	0.33	0.344
0.356	0.361	0.349	0.361	0.356	0.366	0.354	0.356	0.325	0.342
0.359	0.361	0.349	0.359	0.356	0.371	0.352	0.356	0.332	0.342
0.356	0.364	0.352	0.366	0.359	0.371	0.349	0.359	0.332	0.344
0.356	0.366	0.356	0.369	0.361	0.371	0.352	0.352	0.334	0.349
0.354	0.369	0.356	0.369	0.361	0.364	0.356	0.352	0.332	0.349
0.352	0.378	0.359	0.386	0.361	0.361	0.356	0.354	0.327	0.349
0.356	0.366	0.354	0.422	0.354	0.364	0.352	0.359	0.327	0.344
0.359	0.361	0.354	0.454	0.352	0.366	0.352	0.359	0.33	0.342
0.359	0.359	0.356	0.496	0.354	0.366	0.354	0.359	0.332	0.339
0.354	0.364	0.361	0.586	0.359	0.366	0.356	0.352	0.334	0.347
0.352	0.366	0.359	0.618	0.356	0.361	0.361	0.352	0.332	0.352
0.352	0.366	0.356	0.613	0.354	0.359	0.361	0.352	0.33	0.344
0.359	0.361	0.356	0.613	0.352	0.356	0.356	0.356	0.327	0.342
0.361	0.359	0.354	0.61	0.354	0.366	0.354	0.356	0.332	0.339
0.359	0.361	0.354	0.613	0.356	0.366	0.349	0.356	0.332	0.342
0.354	0.364	0.361	0.623	0.356	0.369	0.354	0.354	0.334	0.347
0.354	0.366	0.361	0.613	0.359	0.364	0.356	0.354	0.332	0.347
0.352	0.366	0.359	0.61	0.359	0.361	0.359	0.356	0.332	0.344
0.356	0.364	0.356	0.586	0.354	0.361	0.356	0.361	0.33	0.342
0.359	0.364	0.352	0.491	0.356	0.378	0.352	0.361	0.33	0.342
0.359	0.361	0.356	0.435	0.356	0.408	0.352	0.359	0.33	0.344
0.359	0.364	0.359	0.391	0.361	0.378	0.356	0.356	0.332	0.347
0.354	0.366	0.359	0.388	0.361	0.374	0.359	0.356	0.33	0.349
0.354	0.366	0.361	0.391	0.361	0.369	0.361	0.359	0.327	0.344
0.356	0.366	0.356	0.381	0.356	0.62	0.354	0.361	0.327	0.342
0.359	0.361	0.356	0.403	0.356	1.091	0.354	0.364	0.327	0.342
0.359	0.361	0.359	0.393	0.354	1.423	0.354	0.359	0.332	0.344
0.354	0.369	0.359	0.364	0.359	1.628	0.356	0.359	0.332	0.347
0.352	0.371	0.361	0.356	0.359	1.66	0.359	0.354	0.332	0.347
0.354	0.371	0.354	0.352	0.356	1.685	0.359	0.354	0.33	0.347
0.354	0.366	0.352	0.349	0.354	1.494	0.361	0.359	0.327	0.342
0.359	0.361	0.347	0.349	0.352	1.245	0.354	0.364	0.33	0.339
0.359	0.364	0.354	0.352	0.352	1.021	0.352	0.361	0.332	0.344
0.356	0.366	0.354	0.356	0.356	0.823	0.356	0.359	0.334	0.347
0.352	0.369	0.354	0.356	0.361	0.632	0.361	0.359	0.332	0.349
0.354	0.369	0.361	0.347	0.354	0.527	0.359	0.359	0.33	0.344
0.354	0.366	0.427	0.347	0.352	0.444	0.354	0.361	0.33	0.342
0.356	0.364	0.42	0.349	0.352	0.4	0.354	0.361	0.33	0.342
0.356	0.366	0.496	0.349	0.356	0.376	0.356	0.356	0.332	0.344
0.354	0.369	0.486	0.354	0.356	0.356	0.369	0.356	0.369	0.347
0.352	0.371	0.549	0.349	0.356	0.344	0.361	0.352	0.4	0.347
0.354	0.403	0.647	0.349	0.359	0.342	0.356	0.356	0.479	0.344
0.356	0.41	0.718	0.349	0.359	0.342	0.356	0.359	0.54	0.344
0.359	0.417	0.752	0.349	0.361	0.347	0.508	0.361	0.583	0.339
0.356	0.476	0.776	0.356	0.383	0.347	0.706	0.386	0.686	0.342
0.354	0.544	0.789	0.354	0.452	0.347	0.82	0.41	0.779	0.347
0.354	0.537	0.698	0.352	0.469	0.349	0.984	0.427	0.857	0.347
0.354	0.735	0.576	0.349	0.474	0.349	1.035	0.508	0.913	0.347
0.356	0.898	0.525	0.347	0.52	0.347	1.055	0.491	0.835	0.342
0.359	1.067	0.396	0.349	0.562	0.356	1.077	0.569	0.64	0.344
0.356	1.311	0.369	0.352	0.576	0.354	1.067	0.601	0.505	0.344
0.354	1.426	0.356	0.352	0.645	0.349	0.962	0.515	0.376	0.349
0.354	1.433	0.347	0.356	0.623	0.347	0.808	0.635	0.349	0.352
0.354	1.35	0.374	0.352	0.581	0.347	0.681	0.72	0.344	0.347
0.359	1.128	0.342	0.349	0.576	0.344	0.601	0.776	0.32	0.344
0.361	0.955	0.352	0.349	0.537	0.352	0.476	0.801	0.322	0.342
0.361	0.818	0.359	0.352	0.454	0.349	0.371	0.803	0.327	0.347
0.359	0.664	0.352	0.354	0.427	0.344	0.347	0.789	0.33	0.349
0.366	0.518	0.344	0.354	0.393	0.342	0.342	0.715	0.33	0.349
0.437	0.413	0.339	0.349	0.366	0.342	0.344	0.652	0.327	0.349
0.491	0.371	0.334	0.349	0.352	0.344	0.344	0.603	0.325	0.342
0.449	0.359	0.332	0.352	0.344	0.349	0.344	0.461	0.325	0.344
0.432	0.364	0.334	0.359	0.344	0.352	0.344	0.398	0.33	0.344
0.43	0.366	0.337	0.364	0.347	0.352	0.347	0.369	0.327	0.347
0.479	0.364	0.339	0.361	0.347	0.347	0.352	0.354	0.327	0.349
0.525	0.374	0.342	0.359	0.344	0.342	0.352	0.344	0.322	0.344
0.518	0.361	0.337	0.354	0.342	0.342	0.347	0.342	0.32	0.342
0.559	0.354	0.337	0.356	0.339	0.349	0.339	0.342	0.322	0.339
0.615	0.354	0.339	0.356	0.342	0.352	0.342	0.342	0.33	0.344
0.623	0.361	0.342	0.359	0.344	0.344	0.339	0.334	0.327	0.349
0.605	0.364	0.334	0.356	0.347	0.339	0.342	0.339	0.327	0.347
0.508	0.364	0.334	0.356	0.342	0.337	0.347	0.339	0.325	0.347
0.464	0.359	0.337	0.356	0.342	0.342	0.342	0.344	0.325	0.342
0.425	0.356	0.337	0.354	0.342	0.349	0.342	0.344	0.327	0.342
0.391	0.356	0.342	0.356	0.344	0.352	0.342	0.342	0.33	0.342
0.391	0.361	0.347	0.359	0.349	0.347	0.344	0.337	0.327	0.347
0.386	0.364	0.349	0.356	0.352	0.347	0.347	0.339	0.325	0.349
0.383	0.361	0.344	0.354	0.352	0.344	0.347	0.342	0.322	0.349
0.381	0.359	0.339	0.352	0.347	0.344	0.344	0.344	0.322	0.344
0.378	0.359	0.342	0.352	0.349	0.349	0.344	0.342	0.325	0.354
0.374	0.356	0.342	0.356	0.349	0.354	0.337	0.325	0.322	0.374
0.356	0.359	0.344	0.359	0.347	0.352	0.339	0.315	0.325	0.405
0.354	0.364	0.347	0.361	0.349	0.356	0.342	0.312	0.322	0.417
0.349	0.364	0.342	0.356	0.347	0.354	0.342	0.315	0.322	0.378
0.354	0.361	0.337	0.352	0.344	0.354	0.337	0.32	0.315	0.361
0.356	0.356	0.342	0.354	0.349	0.359	0.337	0.32	0.322	0.403
0.354	0.356	0.344	0.359	0.352	0.359	0.337	0.317	0.327	0.449
0.349	0.359	0.347	0.361	0.354	0.359	0.337	0.315	0.33	0.479
0.344	0.361	0.349	0.361	0.354	0.354	0.339	0.315	0.327	0.549
0.347	0.361	0.352	0.359	0.352	0.352	0.347	0.317	0.322	0.62
0.349	0.359	0.349	0.354	0.349	0.356	0.342	0.322	0.32	0.649
0.349	0.354	0.349	0.356	0.347	0.361	0.339	0.322	0.322	0.642
0.349	0.354	0.352	0.361	0.352	0.364	0.344	0.32	0.325	0.605
0.347	0.359	0.354	0.361	0.352	0.352	0.347	0.315	0.327	0.571
0.344	0.361	0.354	0.359	0.354	0.369	0.347	0.315	0.325	0.54
0.347	0.361	0.347	0.356	0.352	0.369	0.347	0.315	0.322	0.503
0.349	0.354	0.347	0.354	0.344	0.364	0.344	0.32	0.322	0.464
0.354	0.354	0.344	0.349	0.344	0.391	0.339	0.322	0.327	0.383
0.352	0.356	0.349	0.359	0.344	0.505	0.342	0.322	0.33	0.361
0.347	0.359	0.349	0.361	0.352	0.894	0.342	0.32	0.33	0.354
0.344	0.361	0.352	0.361	0.352	1.196	0.344	0.315	0.332	0.339
0.347	0.366	0.352	0.356	0.352	1.333	0.344	0.315	0.325	0.332
0.349	0.361	0.349	0.354	0.352	1.389	0.342	0.32	0.325	0.327
0.354	0.356	0.347	0.356	0.349	1.411	0.339	0.32	0.369	0.325
0.352	0.356	0.349	0.359	0.352	1.306	0.339	0.317	0.835	0.327
0.349	0.359	0.352	0.359	0.354	1.069	0.342	0.315	1.631	0.327
0.349	0.361	0.352	0.359	0.354	0.833	0.344	0.312	2.021	0.332
0.352	0.364	0.349	0.356	0.349	0.686	0.364	0.315	2.104	0.327
0.352	0.361	0.347	0.352	0.352	0.598	0.435	0.317	2.102	0.322
0.354	0.359	0.344	0.354	0.347	0.544	0.835	0.32	2.046	0.325
0.356	0.359	0.354	0.354	0.349	0.515	1.631	0.32	1.982	0.325
0.354	0.361	0.352	0.359	0.352	0.496	2.021	0.315	1.807	0.327
0.352	0.364	0.354	0.359	0.354	0.479	2.104	0.315	1.436	0.33
0.352	0.359	0.369	0.354	0.352	0.461	2.102	0.315	1.123	0.327
0.354	0.356	0.447	0.352	0.352	0.457	2.046	0.32	0.737	0.325
0.356	0.386	0.632	0.354	0.352	0.447	1.982	0.322	0.583	0.322
0.359	0.488	1.24	0.356	0.352	0.396	1.807	0.32	0.579	0.325
0.354	1.13	1.492	0.361	0.359	0.381	1.436	0.317	0.569	0.325
0.352	1.875	1.543	0.361	0.364	0.366	1.123	0.317	0.52	0.325
0.349	2.141	1.526	0.435	0.364	0.361	0.737	0.317	0.449	0.327
0.347	2.185	1.477	0.488	0.354	0.361	0.583	0.32	0.417	0.322
0.347	2.173	1.416	0.564	0.356	0.366	0.554	0.322	0.369	0.325
0.349	2.146	1.34	0.579	0.359	0.366	0.537	0.317	0.354	0.325
0.342	2.112	1.199	0.635	0.371	0.364	0.53	0.317	0.347	0.327
0.342	1.816	0.991	0.701	0.432	0.361	0.505	0.315	0.332	0.325
0.342	1.426	0.752	0.725	0.515	0.359	0.471	0.315	0.325	0.332
0.347	1.091	0.586	0.757	0.754	0.364	0.442	0.32	0.32	0.322
0.349	0.713	0.562	0.774	0.974	0.366	0.396	0.322	0.315	0.322
0.347	0.571	0.596	0.771	1.018	0.366	0.359	0.337	0.325	0.327
0.339	0.566	0.603	0.662	1.033	0.364	0.349	0.339	0.327	0.327
0.344	0.615	0.566	0.542	1.025	0.361	0.334	0.354	0.325	0.332
0.352	0.625	0.522	0.425	0.981	0.361	0.332	0.459	0.322	0.33
0.354	0.571	0.479	0.369	0.964	0.361	0.332	0.752	0.317	0.327
0.359	0.503	0.42	0.374	0.894	0.366	0.327	1.216	0.32	0.325
0.356	0.447	0.381	0.366	0.718	0.369	0.327	1.387	0.32	0.33
0.354	0.415	0.359	0.369	0.569	0.366	0.332	1.46	0.322	0.33
0.352	0.391	0.356	0.371	0.537	0.361	0.337	1.475	0.317	0.332
0.352	0.388	0.359	0.354	0.537	0.359	0.334	1.472	0.315	0.33
0.369	0.386	0.349	0.337	0.52	0.359	0.33	1.228	0.32	0.327
0.374	0.386	0.344	0.344	0.466	0.364	0.327	0.884	0.32	0.327
0.388	0.361	0.347	0.352	0.43	0.371	0.327	0.586	0.322	0.33
0.437	0.366	0.339	0.359	0.381	0.371	0.33	0.471	0.322	0.332
0.71	0.366	0.339	0.352	0.366	0.366	0.33	0.432	0.325	0.33
1.055	0.366	0.342	0.352	0.366	0.364	0.33	0.427	0.32	0.33
1.16	0.361	0.342	0.347	0.361	0.364	0.325	0.42	0.317	0.33
1.165	0.359	0.342	0.344	0.354	0.366	0.322	0.41	0.32	0.327
1.201	0.356	0.342	0.349	0.359	0.366	0.32	0.361	0.325	0.33
1.228	0.361	0.347	0.352	0.361	0.364	0.327	0.339	0.33	0.332
1.243	0.364	0.344	0.352	0.361	0.364	0.327	0.332	0.327	0.334
1.118	0.364	0.342	0.347	0.356	0.361	0.33	0.344	0.317	0.332
0.874	0.361	0.337	0.347	0.352	0.361	0.325	0.347	0.315	0.33
0.645	0.359	0.332	0.344	0.352	0.361	0.327	0.342	0.317	0.33
0.525	0.361	0.337	0.349	0.354	0.364	0.325	0.334	0.322	0.334
0.481	0.361	0.342	0.354	0.356	0.361	0.33	0.325	0.325	0.349
0.474	0.364	0.342	0.356	0.356	0.356	0.334	0.322	0.322	0.354
0.469	0.361	0.342	0.352	0.356	0.356	0.334	0.32	0.315	0.339
0.449	0.361	0.339	0.349	0.354	0.356	0.33	0.325	0.317	0.381
0.425	0.356	0.339	0.352	0.354	0.361	0.327	0.325	0.317	0.459
0.41	0.359	0.349	0.352	0.356	0.364	0.327	0.327	0.322	0.654
0.396	0.364	0.354	0.356	0.361	0.361	0.33	0.322	0.327	0.833
0.369	0.366	0.356	0.354	0.361	0.356	0.337	0.322	0.322	0.911
0.369	0.364	0.354	0.354	0.359	0.354	0.337	0.327	0.32	0.955
0.366	0.361	0.354	0.352	0.356	0.364	0.337	0.33	0.317	0.955
0.371	0.359	0.354	0.349	0.356	0.364	0.334	0.332	0.322	0.918
0.376	0.359	0.356	0.352	0.356	0.366	0.332	0.327	0.325	0.803
0.361	0.359	0.359	0.354	0.356	0.366	0.33	0.325	0.325	0.652
0.354	0.359	0.359	0.354	0.356	0.364	0.33	0.32	0.325	0.554
0.352	0.359	0.356	0.349	0.354	0.361	0.332	0.322	0.32	0.493
0.356	0.356	0.354	0.344	0.354	0.364	0.327	0.327	0.317	0.479
0.356	0.356	0.354	0.349	0.352	0.369	0.32	0.327	0.32	0.474
0.356	0.359	0.356	0.352	0.356	0.366	0.322	0.325	0.322	0.464
0.354	0.361	0.361	0.354	0.359	0.364	0.327	0.325	0.322	0.442
0.354	0.364	0.364	0.354	0.359	0.361	0.327	0.322	0.327	0.427
0.354	0.364	0.361	0.352	0.356	0.359	0.325	0.32	0.317	0.415
0.356	0.359	0.356	0.347	0.354	0.359	0.325	0.322	0.315	0.396
0.359	0.356	0.354	0.347	0.354	0.364	0.325	0.325	0	0.386
0.356	0.361	0.356	0.354	0.352	0.364	0.322	0.325	0	0.391
0.354	0.361	0.359	0.354	0.359	0.369	0.325	0.317	0	0.386
0.352	0.366	0.361	0.352	0.361	0.359	0.33	0.317	0	0.364
0.352	0.364	0.356	0.347	0.356	0.356	0.327	0.32	0	0.342
0.354	0.361	0.352	0.349	0.356	0.354	0.312	0.322	0	0.334
0.356	0.359	0.352	0.349	0.354	0.359	0.322	0.327	0	0.33
0.356	0.356	0.354	0.354	0.354	0.366	0.327	0.327	0	0.332
0.354	0.361	0.356	0.356	0.356	0.366	0.33	0.325	0	0.334
0.354	0.366	0.359	0.356	0.356	0.361	0.332	0.322	0	0.332
0.354	0.366	0.356	0.354	0.354	0	0	0.325	0	0.33
0.356	0.359	0.354	0.352	0.349	0	0	0.327	0	0.332
0.359	0.356	0.354	0.354	0.352	0	0	0.33	0	0.33
0.354	0.359	0.354	0.356	0.354	0	0	0.327	0	0.332
0.354	0.359	0.359	0.361	0.359	0	0	0.327	0	0.334
0.354	0.361	0.359	0.364	0.359	0	0	0.325	0	0.334
0.356	0.364	0.356	0.396	0.356	0	0	0.327	0	0.332
0.391	0	0.356	0.476	0.356	0	0	0.332	0	0.33
0.356	0	0.354	0.642	0.356	0	0	0.332	0	0.327
0.359	0	0.356	1.191	0.359	0	0	0.327	0	0.33
0.356	0	0.364	1.394	0.361	0	0	0.325	0	0.332
0.354	0	0.381	1.438	0.361	0	0	0.325	0	0.334
0.356	0	0	1.455	0	0	0	0.327	0	0.33
0.359	0	0	1.392	0	0	0	0.33	0	0.33
0.359	0	0	1.15	0	0	0	0.332	0	0.327
0.359	0	0	0.842	0	0	0	0.33	0	0.33
0.356	0	0	0.588	0	0	0	0.325	0	0.332
0.354	0	0	0.535	0	0	0	0.325	0	0.334
0.352	0	0	0.532	0	0	0	0.325	0	0.334
0.356	0	0	0.505	0	0	0	0.33	0	0.33
0.359	0	0	0.466	0	0	0	0.332	0	0.33
0.361	0	0	0.442	0	0	0	0.33	0	0.332
0.356	0	0	0.43	0	0	0	0.325	0	0.332
0.354	0	0	0.408	0	0	0	0.325	0	0.332
0.352	0	0	0.383	0	0	0	0.325	0	0.332
0.354	0	0	0.366	0	0	0	0.325	0	0.327
0.356	0	0	0.361	0	0	0	0.325	0	0.327
0.356	0	0	0.356	0	0	0	0	0	0.332
0.354	0	0	0.364	0	0	0	0	0	0.332
0.352	0	0	0.359	0	0	0	0	0	0.332
0.352	0	0	0.354	0	0	0	0	0	0.332
0.356	0	0	0.356	0	0	0	0	0	0.325
0	0	0	0.356	0	0	0	0	0	0.322
0	0	0	0.361	0	0	0	0	0	0.325
0	0	0	0.364	0	0	0	0	0	0.33
0	0	0	0.364	0	0	0	0	0	0.334
0	0	0	0.361	0	0	0	0	0	0.332
0	0	0	0.359	0	0	0	0	0	0.33
0	0	0	0.354	0	0	0	0	0	0.33
0	0	0	0.359	0	0	0	0	0	0.332
0	0	0	0.361	0	0	0	0	0	0.33
0	0	0	0.359	0	0	0	0	0	0.33
0	0	0	0.354	0	0	0	0	0	0.33
0	0	0	0.354	0	0	0	0	0	0.325
0	0	0	0.359	0	0	0	0	0	0.327
0	0	0	0.359	0	0	0	0	0	0.325
0	0	0	0.361	0	0	0	0	0	0.332
0	0	0	0.366	0	0	0	0	0	0.33
0	0	0	0.359	0	0	0	0	0	0.33
0	0	0	0.356	0	0	0	0	0	0.327
0	0	0	0.356	0	0	0	0	0	0.33
0	0	0	0.359	0	0	0	0	0	0.33
0	0	0	0.361	0	0	0	0	0	0.334
0	0	0	0.356	0	0	0	0	0	0.334
0	0	0	0.356	0	0	0	0	0	0.332
0	0	0	0.356	0	0	0	0	0	0.347
0	0	0	0.356	0	0	0	0	0	0.386
0	0	0	0.354	0	0	0	0	0	0.405
0	0	0	0.359	0	0	0	0	0	0.4
0	0	0	0.359	0	0	0	0	0	0.488
0	0	0	0.356	0	0	0	0	0	0
0	0	0	0.354	0	0	0	0	0	0
0	0	0	0.356	0	0	0	0	0	0
0	0	0	0.359	0	0	0	0	0	0
0	0	0	0.361	0	0	0	0	0	0
0	0	0	0.359	0	0	0	0	0	0
0	0	0	0.354	0	0	0	0	0	0
0	0	0	0.352	0	0	0	0	0	0
0	0	0	0.344	0	0	0	0	0	0
0	0	0	0.352	0	0	0	0	0	0
0	0	0	0.347	0	0	0	0	0	0
0	0	0	0.347	0	0	0	0	0	0
0	0	0	0.339	0	0	0	0	0	0
0	0	0	0.339	0	0	0	0	0	0
0	0	0	0.337	0	0	0	0	0	0
0	0	0	0.342	0	0	0	0	0	0
0	0	0	0.342	0	0	0	0	0	0
0	0	0	0.349	0	0	0	0	0	0
0	0	0	0.349	0	0	0	0	0	0
0	0	0	0.349	0	0	0	0	0	0
0	0	0	0.347	0	0	0	0	0	0
0	0	0	0.356	0	0	0	0	0	0
0	0	0	0.376	0	0	0	0	0	0
