0.244	0.225	0.427	0.237	0.356	0.269	0.288	0.178	0.178	0.173
0.237	0.22	0.43	0.242	0.359	0.269	0.286	0.178	0.181	0.171
0.242	0.222	0.43	0.234	0.361	0.266	0.286	0.178	0.178	0.171
0.244	0.217	0.425	0.237	0.369	0.269	0.281	0.178	0.181	0.168
0.242	0.225	0.425	0.237	0.359	0.261	0.278	0.178	0.176	0.168
0.239	0.222	0.427	0.234	0.354	0.266	0.281	0.178	0.181	0.173
0.239	0.22	0.425	0.237	0.352	0.266	0.286	0.178	0.181	0.173
0.232	0.215	0.43	0.237	0.352	0.266	0.283	0.178	0.176	0.171
0.237	0.215	0.437	0.239	0.352	0.269	0.283	0.178	0.181	0.168
0.237	0.217	0.437	0.237	0.354	0.266	0.286	0.173	0.181	0.166
0.239	0.222	0.439	0.234	0.354	0.266	0.288	0.178	0.181	0.168
0.239	0.222	0.442	0.237	0.354	0.264	0.291	0.178	0.178	0.171
0.244	0.222	0.437	0.239	0.349	0.266	0.291	0.178	0.181	0.173
0.239	0.22	0.437	0.237	0.347	0.266	0.291	0.178	0.181	0.171
0.237	0.217	0.437	0.234	0.344	0.269	0.291	0.178	0.178	0.171
0.237	0.217	0.439	0.232	0.342	0.264	0.291	0.181	0.186	0.168
0.239	0.22	0.437	0.234	0.342	0.259	0.293	0.178	0.181	0.171
0.237	0.22	0.43	0.232	0.344	0.264	0.291	0.178	0.181	0.173
0.234	0.222	0.435	0.232	0.349	0.264	0.295	0.181	0.181	0.168
0.234	0.22	0.439	0.229	0.349	0.266	0.293	0.178	0.183	0.171
0.234	0.222	0.444	0.232	0.352	0.266	0.291	0.178	0.178	0.173
0.234	0.222	0.442	0.232	0.344	0.266	0.291	0.183	0.181	0.171
0.242	0.227	0.444	0.232	0.349	0.264	0.293	0.176	0.186	0.168
0.327	0.222	0.442	0.232	0.349	0.261	0.293	0.178	0.188	0.173
0.635	0.225	0.454	0.234	0.349	0.261	0.288	0.178	0.876	0.168
0.774	0.229	0.464	0.229	0.354	0.259	0.291	0.178	2.615	0.168
0.813	0.22	0.61	0.232	0.349	0.259	0.288	0.178	1.814	0.173
0.823	0.225	1.162	0.237	0.349	0.276	0.288	0.183	1.204	0.193
0.845	0.222	1.138	1.042	0.352	0.278	0.291	0.181	0.874	0.239
0.889	0.222	1.018	1.768	0.356	0.288	0.291	0.205	0.908	2.024
0.928	0.222	0.959	1.365	0.376	0.317	0.388	0.237	0.942	2.317
0.952	0.225	0.942	1.096	1.05	0.435	1.675	0.3	0.898	1.772
0.981	0.225	1.038	0.928	1.201	0.498	1.499	0.564	0.85	1.455
1.006	0.222	1.233	0.815	0.989	0.51	1.143	0.918	0.84	1.245
1.038	0.222	1.353	0.796	0.857	0.53	0.94	1.072	0.85	1.101
1.013	0.22	1.443	0.808	0.784	0.547	0.881	1.194	0.842	1.05
0.972	0.227	1.567	0.82	0.779	0.559	0.869	1.301	0.815	1.021
0.933	0.229	1.685	0.835	0.833	0.581	0.857	1.389	0.789	0.991
0.889	0.276	1.802	0.847	0.867	0.632	0.837	1.472	0.725	0.986
0.852	0.681	1.909	0.842	0.869	0.654	0.84	1.501	0.659	0.994
0.815	0.908	1.975	0.842	0.876	0.674	0.813	1.479	0.596	0.991
0.764	0.999	1.997	0.847	0.881	0.684	0.796	1.475	0.52	0.979
0.693	1.03	2.039	0.847	0.869	0.684	0.811	1.487	0.437	0.986
0.649	1.003	2.041	0.854	0.859	0.681	0.82	1.506	0.356	0.994
0.605	1.006	1.89	0.825	0.874	0.688	0.825	1.528	0.293	0.991
0.574	0.996	1.631	0.769	0.886	0.686	0.82	1.558	0.264	0.962
0.52	0.991	1.389	0.713	0.896	0.671	0.808	1.589	0.256	0.876
0.435	0.984	1.221	0.662	0.898	0.659	0.767	1.604	0.242	0.754
0.415	0.947	1.082	0.61	0.889	0.632	0.747	1.609	0.222	0.588
0.425	0.916	0.92	0.508	0.881	0.61	0.718	1.609	0.249	0.542
0.435	0.908	0.803	0.43	0.869	0.593	0.688	1.621	0.286	0.439
0.378	0.908	0.715	0.356	0.857	0.562	0.659	1.636	0.291	0.332
0.32	0.903	0.627	0.347	0.818	0.51	0.605	1.633	0.259	0.271
0.288	0.842	0.632	0.408	0.796	0.466	0.581	1.501	0.227	0.234
0.266	0.811	0.642	0.396	0.769	0.471	0.505	1.306	0.21	0.215
0.254	0.793	0.605	0.332	0.735	0.459	0.437	1.038	0.198	0.198
0.249	0.776	0.54	0.293	0.713	0.461	0.396	0.83	0.195	0.19
0.244	0.737	0.5	0.269	0.71	0.479	0.447	0.635	0.19	0.173
0.244	0.688	0.474	0.251	0.667	0.496	0.447	0.474	0.178	0.176
0.239	0.615	0.459	0.247	0.596	0.483	0.383	0.386	0.171	0.171
0.237	0.54	0.452	0.239	0.522	0.415	0.349	0.31	0.166	0.176
0.234	0.498	0.452	0.232	0.557	0.369	0.327	0.259	0.166	0.171
0.229	0.464	0.449	0.232	0.588	0.344	0.315	0.227	0.166	0.171
0.232	0.417	0.447	0.229	0.603	0.325	0.298	0.203	0.164	0.173
0.232	0.427	0.444	0.234	0.605	0.312	0.295	0.193	0.168	0.171
0.229	0.437	0.444	0.232	0.508	0.305	0.298	0.183	0.171	0.171
0.232	0.4	0.444	0.232	0.444	0.298	0.288	0.181	0.171	0.171
0.234	0.337	0.439	0.232	0.396	0.295	0.286	0.178	0.164	0.168
0.229	0.298	0.447	0.229	0.383	0.295	0.291	0.173	0.168	0.171
0.232	0.266	0.449	0.229	0.369	0.295	0.283	0.181	0.171	0.168
0.237	0.251	0.447	0.229	0.349	0.298	0.291	0.176	0.164	0.168
0.237	0.237	0.437	0.229	0.344	0.298	0.291	0.173	0.173	0.166
0.234	0.229	0.437	0.229	0.347	0.298	0.283	0.168	0.176	0.171
0.232	0.225	0.439	0.232	0.342	0.3	0.281	0.171	0.178	0.166
0.234	0.22	0.432	0.229	0.344	0.303	0.278	0.173	0.178	0.171
0.237	0.222	0.432	0.229	0.347	0.303	0.278	0.166	0.178	0.171
0.242	0.217	0.43	0.237	0.344	0.305	0.276	0.173	0.181	0.171
0.239	0.215	0.425	0.232	0.344	0.303	0.271	0.176	0.183	0.168
0.239	0.217	0.422	0.232	0.342	0.303	0.271	0.173	0.178	0.173
0.237	0.222	0.427	0.229	0.339	0.305	0.276	0.173	0.178	0.171
0.234	0.212	0.427	0.229	0.339	0.303	0.281	0.173	0.176	0.171
0.232	0.212	0.415	0.229	0.342	0.303	0.283	0.173	0.181	0.171
0.237	0.212	0.413	0.229	0.344	0.3	0.283	0.168	0.178	0.173
0.229	0.212	0.41	0.232	0.339	0.303	0.281	0.168	0.181	0.176
0.232	0.212	0.408	0.232	0.337	0.305	0.283	0.166	0.176	0.171
0.232	0.212	0.403	0.229	0.344	0.3	0.283	0.171	0.181	0.171
0.237	0.217	0.405	0.229	0.342	0.308	0.288	0.171	0.176	0.173
0.239	0.215	0.405	0.232	0.332	0.305	0.291	0.176	0.181	0.173
0.237	0.215	0.403	0.232	0.337	0.308	0.293	0.168	0.178	0.173
0.244	0.215	0.413	0.229	0.342	0.305	0.293	0.168	0.181	0.173
0.244	0.212	0.415	0.229	0.347	0.308	0.295	0.173	0.178	0.173
0.239	0.215	0.417	0.234	0.354	0.308	0.298	0.166	0.176	0.173
0.239	0.215	0.422	0.229	0.352	0.308	0.293	0.166	0.176	0.173
0.237	0.215	0.422	0.232	0.354	0.303	0.295	0.164	0.173	0.173
0.237	0.21	0.425	0.227	0.349	0.3	0.291	0.168	0.176	0.173
0.239	0.212	0.425	0.232	0.349	0.303	0.293	0.173	0.173	0.171
0.234	0.215	0.454	0.232	0.347	0.298	0.293	0.176	0.188	0.176
0.237	0.212	0.493	0.234	0.344	0.298	0.293	0.173	0.225	0.225
0.234	0.215	0.701	0.278	0.347	0.298	0.293	0.188	0.461	0.559
0.234	0.215	1.479	0.469	0.349	0.295	0.295	0.232	1.375	2.148
0.234	0.212	2.378	1.487	0.349	0.288	0.295	0.603	1.929	2.485
0.234	0.217	2.866	2.803	0.347	0.291	0.295	3.267	2.031	2.451
0.229	0.212	3.176	3.198	0.347	0.291	0.291	4.258	2.078	2.495
0.227	0.212	3.325	3.335	0.344	0.293	0.298	4.253	2.141	2.576
0.229	0.21	3.43	3.374	0.347	0.3	0.459	4.326	2.195	2.646
0.229	0.215	3.499	3.423	0.342	0.291	1.597	4.47	2.241	2.773
0.229	0.217	3.545	3.45	0.347	0.293	3.569	4.595	2.261	2.888
0.234	0.217	3.577	3.484	0.342	0.288	3.875	4.714	2.275	3
0.237	0.22	3.557	3.538	0.342	0.312	3.928	4.81	2.29	3.125
0.229	0.215	3.528	3.591	0.339	0.396	4.062	4.866	2.283	3.228
0.234	0.222	3.521	3.618	0.347	0.879	4.309	4.917	2.273	3.291
0.234	0.271	3.54	3.643	0.344	2.893	4.614	4.937	2.268	3.313
0.232	0.371	3.569	3.667	0.352	3.279	4.924	4.946	2.253	3.318
0.239	1.03	3.538	3.684	0.347	3.247	5.229	4.934	2.246	3.335
0.239	2.744	3.533	3.691	0.347	3.333	5.51	4.929	2.239	3.335
0.234	3.611	3.521	3.691	0.366	3.689	5.715	4.915	2.227	3.296
0.317	4.014	3.506	3.672	0.396	4.087	5.879	4.902	2.212	3.232
0.659	4.175	3.479	3.647	0.62	4.399	5.969	4.883	2.205	3.135
3.186	4.229	3.428	3.65	1.25	4.731	6.057	4.851	2.195	3
4.668	4.299	3.252	3.655	2.161	4.985	6.101	4.836	2.156	2.808
4.568	4.37	2.981	3.655	2.3	5.164	6.067	4.795	2.112	2.676
4.521	4.409	2.739	3.481	2.351	5.315	5.916	4.705	2.083	2.48
4.514	4.465	2.495	3.147	2.388	5.454	5.662	4.395	1.917	2.146
4.548	4.492	2.175	2.827	2.427	5.569	5.339	4.036	1.736	1.88
4.561	4.48	1.87	2.52	2.48	5.703	5.037	3.594	1.516	1.533
4.624	4.478	1.604	2.205	2.546	5.752	4.656	3.015	1.304	1.204
4.663	4.451	1.353	1.917	2.605	5.752	4.106	2.593	1.111	0.937
4.692	4.426	1.145	1.602	2.644	5.715	3.64	2.192	0.908	0.747
4.717	4.392	0.959	1.316	2.7	5.686	3.196	1.758	0.735	0.596
4.717	4.37	0.784	1.082	2.725	5.669	2.734	1.323	0.618	0.469
4.707	4.353	0.681	0.894	2.725	5.576	2.324	1.008	0.52	0.359
4.709	4.324	0.64	0.723	2.717	5.227	1.892	0.781	0.42	0.295
4.717	4.321	0.593	0.566	2.71	4.751	1.46	0.588	0.352	0.281
4.731	4.299	0.537	0.466	2.676	4.255	1.172	0.452	0.295	0.259
4.736	4.25	0.498	0.42	2.651	3.745	0.935	0.381	0.281	0.237
4.729	4.094	0.471	0.388	2.612	3.271	0.735	0.339	0.291	0.212
4.714	3.735	0.457	0.325	2.537	2.805	0.569	0.295	0.286	0.198
4.705	3.369	0.449	0.3	2.48	2.375	0.493	0.264	0.239	0.188
4.675	3.027	0.442	0.276	2.395	2.031	0.464	0.229	0.225	0.183
4.597	2.661	0.439	0.264	2.332	1.641	0.408	0.21	0.203	0.181
4.292	2.336	0.435	0.251	2.219	1.287	0.376	0.198	0.188	0.178
3.894	1.992	0.437	0.247	2.043	1.011	0.349	0.186	0.183	0.176
3.394	1.655	0.432	0.242	1.875	0.793	0.327	0.183	0.181	0.176
2.827	1.34	0.437	0.239	1.704	0.63	0.308	0.183	0.176	0.173
2.346	1.086	0.435	0.239	1.519	0.552	0.303	0.176	0.173	0.176
1.98	0.869	0.435	0.237	1.279	0.518	0.298	0.176	0.171	0.176
1.56	0.662	0.432	0.234	1.077	0.471	0.298	0.173	0.166	0.171
1.274	0.535	0.437	0.234	0.94	0.432	0.293	0.171	0.168	0.176
1.038	0.481	0.432	0.227	0.806	0.383	0.293	0.173	0.164	0.173
0.815	0.454	0.435	0.232	0.706	0.352	0.291	0.178	0.161	0.176
0.618	0.386	0.435	0.234	0.61	0.337	0.293	0.178	0.159	0.173
0.525	0.347	0.437	0.234	0.525	0.325	0.293	0.181	0.161	0.173
0.481	0.303	0.439	0.232	0.498	0.315	0.291	0.181	0.164	0.176
0.447	0.276	0.435	0.232	0.483	0.31	0.298	0.178	0.161	0.176
0.376	0.256	0.437	0.232	0.496	0.308	0.298	0.181	0.166	0.173
0.349	0.247	0.435	0.234	0.444	0.31	0.293	0.176	0.164	0.173
0.315	0.237	0.435	0.229	0.415	0.31	0.295	0.178	0.164	0.173
0.283	0.237	0.435	0.229	0.374	0.312	0.295	0.176	0.164	0.173
0.276	0.237	0.432	0.232	0.354	0.312	0.295	0.176	0.166	0.176
0.266	0.229	0.435	0.229	0.344	0.31	0.295	0.176	0.161	0.178
0.266	0.234	0.435	0.225	0.334	0.308	0.288	0.176	0.166	0.178
0.259	0.227	0.439	0.229	0.33	0.305	0.298	0.178	0.168	0.176
0.254	0.229	0.435	0.234	0.32	0.308	0.293	0.176	0.159	0.176
0.247	0.227	0.432	0.232	0.315	0.305	0.291	0.171	0.161	0.176
0.251	0.227	0.432	0.232	0.315	0.308	0.291	0.173	0.171	0.176
0.251	0.229	0.435	0.232	0.308	0.303	0.291	0.171	0.168	0.176
0.249	0.229	0.432	0.229	0.308	0.305	0.288	0.171	0.178	0.176
0.249	0.225	0.435	0.232	0.3	0.303	0.288	0.168	0.845	0.173
0.249	0.225	0.437	0.229	0.303	0.303	0.288	0.171	1.807	0.176
0.247	0.227	0.435	0.229	0.305	0.31	0.286	0.164	1.338	0.176
0.249	0.227	0.437	0.229	0.305	0.308	0.291	0.164	0.95	0.176
0.251	0.227	0.437	0.227	0.305	0.31	0.291	0.166	0.701	0.173
0.254	0.225	0.439	0.229	0.303	0.31	0.291	0.166	0.586	0.176
0.251	0.225	0.442	0.227	0.3	0.305	0.291	0.166	0.574	0.74
0.251	0.222	1.741	0.229	0.303	0.308	0.31	0.168	0.574	2.51
0.249	0.225	3	0.232	0.298	0.308	3.118	0.168	0.574	1.956
0.251	0.227	2.28	2.146	0.3	0.308	3.301	0.166	0.564	1.296
0.254	0.222	1.672	4.143	0.303	0.305	2.253	0.198	0.508	0.889
0.254	0.225	1.292	2.964	0.303	0.305	1.589	0.676	0.447	0.696
0.251	0.225	1.152	1.975	0.303	0.308	1.453	0.879	0.393	0.598
0.249	0.227	1.069	1.392	0.305	0.308	1.455	0.664	0.364	0.537
0.251	0.225	1.006	1.118	0.303	0.312	1.414	0.513	0.352	0.488
0.254	0.222	0.964	0.916	0.303	0.312	1.379	0.422	0.3	0.449
0.251	0.22	0.933	0.771	0.308	0.317	1.343	0.378	0.269	0.425
0.251	0.227	0.913	0.676	0.31	0.312	1.304	0.364	0.256	0.408
0.251	0.222	0.881	0.608	0.308	0.312	1.255	0.366	0.232	0.386
0.251	0.225	0.82	0.569	1.155	0.312	1.135	0.366	0.212	0.369
0.254	0.21	0.718	0.544	1.382	0.312	1.006	0.366	0.2	0.339
0.249	0.225	0.679	0.513	1.074	0.322	0.896	0.361	0.19	0.283
0.249	1.067	0.615	0.483	0.85	0.31	0.813	0.344	0.188	0.237
0.259	3.357	0.564	0.447	0.737	0.317	0.679	0.312	0.183	0.205
0.249	2.9	0.535	0.405	0.776	0.315	0.574	0.283	0.183	0.193
0.247	2.031	0.513	0.415	0.859	0.315	0.518	0.251	0.178	0.186
0.244	1.628	0.486	0.376	0.925	0.315	0.432	0.229	0.176	0.181
0.249	1.711	0.469	0.32	0.959	1.304	0.371	0.212	0.171	0.168
0.247	1.846	0.459	0.286	0.986	2.922	0.339	0.198	0.166	0.173
0.247	1.953	0.452	0.266	0.986	2.102	0.317	0.186	0.168	0.176
1.926	2.004	0.447	0.254	0.977	1.511	0.298	0.178	0.166	0.176
3.926	2.026	0.447	0.242	0.925	1.177	0.293	0.176	0.164	0.176
3.391	2.053	0.442	0.237	0.869	0.991	0.286	0.176	0.164	0.176
2.666	2.053	0.442	0.234	0.754	0.928	0.286	0.176	0.164	0.178
2.212	2.073	0.437	0.234	0.674	0.911	0.286	0.178	0.161	0.176
2.004	2.085	0.437	0.232	0.613	0.879	0.283	0.176	0.166	0.181
1.914	2.041	0.439	0.232	0.537	0.847	0.278	0.168	0.166	0.176
1.853	1.934	0.442	0.234	0.457	0.762	0.278	0.173	0.164	0.178
1.809	1.741	0.442	0.227	0.422	0.703	0.286	0.176	0.164	0.176
1.785	1.448	0.439	0.229	0.383	0.627	0.288	0.173	0.161	0.178
1.76	1.074	0.439	0.229	0.347	0.513	0.293	0.173	0.164	0.173
1.707	0.786	0.437	0.229	0.327	0.479	0.288	0.173	0.159	0.176
1.582	0.579	0.437	0.229	0.322	0.454	0.288	0.176	0.161	0.173
1.326	0.457	0.437	0.229	0.312	0.457	0.293	0.173	0.164	0.173
1.055	0.374	0.437	0.227	0.31	0.466	0.288	0.173	0.164	0.176
0.789	0.317	0.435	0.227	0.305	0.432	0.295	0.176	0.166	0.181
0.591	0.286	0.432	0.227	0.308	0.388	0.298	0.176	0.164	0.176
0.483	0.266	0.43	0.227	0.305	0.364	0.3	0.176	0.166	0.171
0.403	0.251	0.43	0.229	0.305	0.344	0.298	0.173	0.168	0.173
0.337	0.244	0.43	0.227	0.3	0.332	0.291	0.173	0.166	0.168
0.298	0.237	0.427	0.229	0.3	0.327	0.286	0.176	0.164	0.168
0.278	0.232	0.427	0.227	0.3	0.317	0.286	0.173	0.166	0.173
0.264	0.232	0.427	0.225	0.305	0.32	0.283	0.173	0.161	0.171
0.247	0.232	0.432	0.22	0.305	0.317	0.286	0.168	0.164	0.168
0.244	0.232	0.432	0.227	0.298	0.317	0.286	0.168	0.168	0.171
0.237	0.229	0.432	0.225	0.3	0.317	0.288	0.171	0.164	0.168
0.237	0.234	0.432	0.225	0.303	0.312	0.288	0.173	0.168	0.171
0.237	0.227	0.432	0.232	0.295	0.312	0.288	0.173	0.176	0.171
0.237	0.232	0.437	0.227	0.298	0.305	0.288	0.173	0.166	0.173
0.237	0.227	0.439	0.229	0.295	0.303	0.293	0.173	0.168	0.168
0.237	0.227	0.435	0.229	0.295	0.308	0.288	0.173	0.173	0.171
0.237	0.225	0.435	0.229	0.298	0.303	0.286	0.176	0.171	0.171
0.237	0.229	0.437	0.229	0.298	0.305	0.288	0.166	0.178	0.171
0.237	0.234	0.442	0.227	0.3	0.315	0.283	0.168	0.171	0.171
0.237	0.229	0.439	0.227	0.3	0.308	0.288	0.173	0.168	0.168
0.229	0.229	0.437	0.229	0.3	0.308	0.286	0.166	0.161	0.173
0.234	0.227	0.437	0.227	0.3	0.308	0.283	0.171	0.171	0.171
0.227	0.229	0.437	0.229	0.3	0.305	0.283	0.166	0.171	0.168
0.225	0.229	0.437	0.229	0.295	0.31	0.286	0.171	0.166	0.171
0.22	0.229	0.437	0.227	0.303	0.31	0.286	0.176	0.168	0.168
0.225	0.225	0.439	0.229	0.298	0.312	0.286	0.173	0.168	0.173
0.225	0.225	0.435	0.227	0.3	0.308	0.286	0.171	0.168	0.171
0.229	0.227	0.439	0.229	0.295	0.308	0.286	0.173	0.22	0.171
0.225	0.227	0.439	0.232	0.288	0.308	0.286	0.173	0.359	0.173
0.225	0.225	0.439	0.232	0.295	0.305	0.288	0.168	1.34	0.171
0.225	0.225	0.442	0.225	0.3	0.305	0.281	0.171	3.198	0.171
0.227	0.225	0.437	0.225	0.291	0.303	0.281	0.173	2.974	0.171
0.227	0.225	0.439	0.227	0.298	0.308	0.276	0.171	2.659	0.171
0.229	0.234	0.425	0.227	0.295	0.298	0.276	0.178	2.695	0.171
0.225	0.227	0.437	0.227	0.295	0.298	0.273	0.178	3.074	0.173
0.225	0.225	0.435	0.227	0.293	0.298	0.278	0.171	3.284	0.171
0.232	0.225	0.435	0.225	0.295	0.303	0.281	0.171	3.428	0.203
0.232	0.225	0.437	0.227	0.303	0.3	0.278	0.171	3.533	0.325
0.22	0.225	0.437	0.227	0.298	0.298	0.278	0.168	3.591	1.604
0.22	0.227	0.437	0.225	0.3	0.3	0.276	0.168	3.696	3.984
0.222	0.225	0.471	0.227	0.305	0.3	0.281	0.164	3.762	3.281
0.217	0.225	0.481	0.288	0.305	0.3	0.276	0.168	3.831	2.778
0.22	0.227	0.85	1.677	0.308	0.303	0.332	0.168	3.928	2.549
0.217	0.227	2.546	5.315	0.305	0.3	0.479	0.171	4.021	2.522
0.22	0.227	3.577	4.724	0.305	0.305	2.192	0.168	4.106	2.554
0.217	0.227	3.694	4.028	0.305	0.305	4.424	0.168	4.182	2.578
0.215	0.225	3.833	4.121	0.305	0.303	3.884	0.166	4.219	2.598
0.217	0.222	4.275	4.326	0.322	0.303	3.525	0.166	4.246	2.627
0.212	0.227	4.844	4.451	0.601	0.305	3.474	0.173	4.219	2.627
0.217	0.229	5.283	4.529	2.402	0.308	3.56	0.266	4.153	2.634
0.222	0.225	5.53	4.685	4.175	0.305	3.765	0.544	4.089	2.661
0.22	0.215	5.75	4.905	4.045	0.308	4.023	2.395	3.989	2.654
0.22	0.22	5.913	5.107	3.84	0.305	4.272	3.652	3.765	2.661
0.22	0.22	5.984	5.22	4.128	0.308	4.497	3.291	3.469	2.666
0.22	0.222	6.042	5.278	4.719	0.305	4.663	3.047	3.176	2.656
0.217	0.225	6.084	5.234	5.195	0.308	4.744	2.893	2.896	2.644
0.22	0.222	6.094	5.178	5.586	0.305	4.795	2.812	2.654	2.549
0.215	0.225	6.108	5.081	5.796	0.305	4.807	2.8	2.378	2.463
0.212	0.225	6.067	4.951	5.957	0.31	4.832	2.786	2.129	2.336
0.217	0.225	5.977	4.756	6.03	0.315	4.763	2.805	1.892	2.183
0.215	0.22	5.789	4.485	6.082	0.925	4.57	2.805	1.616	2.053
0.217	0.225	5.476	4.197	6.104	3.948	4.341	2.793	1.331	1.924
0.217	0.222	5.137	3.894	6.064	4.114	4.102	2.793	1.106	1.807
0.22	0.225	4.829	3.577	5.952	3.496	3.831	2.8	0.859	1.602
0.22	0.22	4.485	3.142	5.808	3.389	3.503	2.798	0.676	1.379
0.222	0.225	4.031	2.798	5.598	3.745	3.171	2.849	0.508	1.196
0.222	0.222	3.606	2.617	5.295	4.133	2.876	2.886	0.41	0.942
0.217	0.222	3.289	2.427	4.922	4.438	2.617	2.939	0.33	0.762
0.212	0.229	2.966	2.209	4.536	4.707	2.327	2.966	0.266	0.591
0.215	0.229	2.69	1.97	3.977	4.917	2.141	2.991	0.232	0.437
0.212	0.325	2.366	1.724	3.45	5.032	1.86	3.008	0.208	0.344
0.222	0.867	2.004	1.56	2.979	5.088	1.584	3.003	0.193	0.281
0.315	3.516	1.736	1.382	2.71	5.095	1.343	2.998	0.19	0.244
0.371	4.004	1.492	1.135	2.424	5.115	1.108	2.961	0.183	0.217
0.591	3.911	1.292	0.862	2.168	5.156	0.879	2.817	0.176	0.203
1.687	4.009	1.06	0.625	1.831	5.112	0.703	2.568	0.178	0.193
3.508	4.331	0.842	0.471	1.56	4.958	0.559	2.356	0.173	0.188
4.37	4.792	0.686	0.371	1.37	4.741	0.471	2.112	0.171	0.181
4.854	5.166	0.581	0.312	1.213	4.48	0.403	1.902	0.173	0.181
5.315	5.435	0.522	0.273	0.977	4.17	0.361	1.631	0.173	0.178
5.913	5.671	0.481	0.249	0.732	3.811	0.334	1.421	0.171	0.176
6.772	5.903	0.461	0.239	0.569	3.435	0.312	1.243	0.171	0.178
8.052	5.996	0.447	0.232	0.466	3.091	0.305	1.045	0.173	0.173
9.25	5.981	0.432	0.229	0.405	2.769	0.3	0.881	0.173	0.176
9.25	5.994	0.432	0.232	0.364	2.476	0.293	0.681	0.168	0.176
9.25	6.013	0.432	0.227	0.344	2.212	0.293	0.505	0.173	0.176
9.25	6.006	0.432	0.225	0.32	1.953	0.295	0.393	0.171	0.173
9.253	5.984	0.435	0.225	0.325	1.729	0.293	0.31	0.176	0.173
9.25	5.92	0.437	0.225	0.322	1.558	0.293	0.259	0.176	0.176
9.253	5.786	0.437	0.217	0.31	1.394	0.291	0.225	0.193	0.171
9.253	5.525	0.435	0.22	0.305	1.113	0.293	0.203	0.271	0.173
9.25	5.237	0.439	0.22	0.298	0.872	0.293	0.195	0.806	0.178
9.246	4.854	0.437	0.22	0.291	0.674	0.291	0.19	2.974	0.173
9.253	4.519	0.437	0.22	0.291	0.547	0.291	0.193	3.176	0.176
9.255	4.175	0.439	0.22	0.291	0.457	0.291	0.188	2.549	0.173
9.067	3.711	0.437	0.22	0.291	0.403	0.291	0.173	2.104	0.176
8.398	3.252	0.439	0.22	0.291	0.376	0.291	0.171	1.89	0.176
7.517	2.81	0.437	0.222	0.288	0.359	0.288	0.166	1.843	0.198
6.367	2.473	0.432	0.222	0.291	0.342	0.298	0.164	1.799	0.479
5.266	2.126	0.43	0.22	0.288	0.332	0.298	0.164	1.765	2.7
4.417	1.724	0.43	0.22	0.286	0.317	0.293	0.164	1.741	3.123
3.63	1.445	0.43	0.215	0.286	0.31	0.291	0.166	1.694	2.341
3.049	1.321	0.425	0.217	0.288	0.312	0.291	0.166	1.658	1.794
2.446	1.042	0.425	0.217	0.291	0.31	0.325	0.166	1.606	1.411
1.968	0.823	0.422	0.217	0.291	0.305	0.42	0.166	1.47	1.323
1.589	0.61	0.425	0.215	0.288	0.303	2.358	0.164	1.326	1.406
1.199	0.469	0.427	0.212	0.291	0.303	4.033	0.164	1.143	1.467
0.857	0.371	0.452	0.212	0.291	0.303	3.254	0.166	0.979	1.504
0.632	0.308	0.486	0.215	0.291	0.303	2.537	0.168	0.874	1.506
0.498	0.273	0.64	0.212	0.281	0.303	2.251	0.164	0.757	1.497
0.413	0.247	2.019	0.242	0.291	0.305	2.598	0.166	0.676	1.494
0.366	0.234	3.64	0.276	0.32	0.303	2.888	0.164	0.527	1.475
0.322	0.225	3.708	1.074	0.652	0.3	3.074	0.166	0.442	1.357
0.31	0.215	3.486	4.822	2.153	0.3	3.191	0.22	0.339	1.182
0.288	0.222	3.428	4.39	2.612	0.298	3.291	0.72	0.276	0.984
0.283	0.234	3.367	3.281	2.305	0.298	3.379	1.75	0.242	0.82
0.286	0.237	3.333	2.637	2.043	0.3	3.462	2.085	0.215	0.73
0.293	0.234	3.308	2.51	1.943	0.303	3.523	2.039	0.2	0.605
0.3	0.239	3.284	2.754	1.931	0.303	3.533	1.882	0.19	0.498
0.298	0.239	3.237	3.042	1.924	0.303	3.416	1.792	0.188	0.444
0.3	0.244	3.21	3.176	1.921	0.305	3.132	1.768	0.181	0.391
0.3	0.244	3.181	3.235	1.936	0.303	2.839	1.772	0.181	0.31
0.303	0.237	3.14	3.274	1.929	0.303	2.556	1.777	0.178	0.261
0.3	0.244	2.974	3.252	1.924	0.3	2.087	1.711	0.176	0.227
0.298	0.242	2.695	3.152	1.899	0.303	1.631	1.523	0.176	0.212
0.3	0.239	2.31	2.93	1.794	0.303	1.292	1.27	0.176	0.198
0.298	0.239	2.019	2.581	1.548	0.303	1.116	1.047	0.171	0.19
0.298	0.239	1.665	2.266	1.306	0.303	0.891	0.92	0.173	0.19
0.288	0.242	1.294	1.914	1.099	0.303	0.713	0.769	0.168	0.183
0.295	0.242	1.008	1.587	1.033	0.305	0.581	0.603	0.173	0.178
0.271	0.239	0.815	1.467	0.864	0.303	0.476	0.476	0.181	0.186
0.259	0.237	0.688	1.335	0.723	0.303	0.41	0.369	0.171	0.178
0.242	0.242	0.593	1.199	0.605	0.303	0.374	0.295	0.173	0.178
0.234	0.242	0.488	1.045	0.513	0.303	0.376	0.249	0.171	0.188
0.232	0.244	0.403	0.906	0.437	0.303	0.361	0.225	0.173	0.176
0.229	0.244	0.342	0.779	0.43	0.3	0.334	0.229	0.173	0.173
0.227	0.239	0.352	0.706	0.415	0.303	0.322	0.212	0.178	0.171
0.225	0.247	0.391	0.63	0.376	0.303	0.312	0.198	0.181	0.176
0.225	0.464	0.366	0.532	0.352	0.305	0.305	0.19	0.173	0.173
0.227	2.439	0.381	0.466	0.342	0.52	0.305	0.183	0.176	0.178
0.225	4.321	0.393	0.427	0.334	3.728	0.298	0.176	0.178	0.173
0.227	3.696	0.405	0.41	0.327	4.243	0.298	0.173	0.171	0.171
0.227	2.935	0.413	0.383	0.32	3.408	0.298	0.176	0.168	0.171
0.227	2.576	0.42	0.374	0.308	2.981	0.295	0.168	0.176	0.176
0.229	2.605	0.415	0.364	0.305	2.952	0.295	0.168	0.168	0.173
0.237	2.773	0.422	0.356	0.308	3.174	0.291	0.164	0.168	0.183
0.293	2.891	0.415	0.342	0.305	3.398	0.293	0.166	0.171	0.173
0.559	2.964	0.408	0.347	0.303	3.552	0.293	0.166	0.171	0.173
2.361	3.003	0.4	0.349	0.305	3.65	0.293	0.166	0.173	0.168
3.604	3	0.398	0.352	0.303	3.728	0.295	0.168	0.168	0.173
3.625	2.937	0.398	0.356	0.305	3.782	0.295	0.168	0.173	0.173
3.372	2.764	0.4	0.354	0.308	3.799	0.298	0.168	0.173	0.168
3.24	2.51	0.4	0.356	0.31	3.784	0.3	0.166	0.173	0.176
3.169	2.212	0.388	0.356	0.308	3.699	0.298	0.168	0.171	0.171
3.113	1.941	0.388	0.361	0.308	3.455	0.298	0.166	0.176	0.173
3.081	1.794	0.388	0.364	0.308	3.105	0.305	0.168	0.173	0.171
3.069	1.609	0.393	0.356	0.305	2.72	0.293	0.164	0.176	0.166
3.044	1.333	0.388	0.354	0.303	2.227	0.293	0.164	0.176	0.166
2.996	1.108	0.386	0.354	0.305	1.785	0.295	0.164	0.166	0.164
2.864	0.923	0.386	0.356	0.303	1.367	0.291	0.164	0.173	0.161
2.688	0.752	0.386	0.361	0.305	1.055	0.291	0.168	0.173	0.161
2.378	0.64	0.381	0.364	0.31	0.859	0.288	0.168	0.168	0.156
2.104	0.532	0.381	0.364	0.298	0.713	0.295	0.166	0.171	0.154
1.897	0.447	0.386	0.361	0.3	0.576	0.295	0.164	0.173	0.151
1.743	0.393	0.383	0.361	0.308	0.493	0.293	0.166	0.173	0.151
1.582	0.344	0.388	0.361	0.31	0.422	0.298	0.166	0.171	0.151
1.375	0.317	0.4	0.364	0.305	0.378	0.298	0.166	0.173	0.154
1.182	0.298	0.415	0.364	0.305	0.378	0.295	0.161	0.173	0.151
1.025	0.286	0.422	0.361	0.303	0.388	0.293	0.161	0.173	0.149
0.869	0.278	0.427	0.366	0.308	0.361	0.291	0.164	0.176	0.144
0.708	0.269	0.427	0.369	0.305	0.337	0.291	0.164	0.176	0.139
0.588	0.264	0.422	0.366	0.308	0.322	0.293	0.161	0.173	0.139
0.503	0.259	0.417	0.366	0.305	0.31	0.298	0.161	0.173	0.142
0.471	0.259	0.42	0.361	0.305	0.305	0.288	0.164	0.171	0.142
0.405	0.256	0.415	0.366	0.305	0.298	0.293	0.164	0.176	0.139
0.344	0.256	0.427	0.364	0.305	0.293	0.298	0.171	0.173	0.142
0.312	0.254	0.437	0.364	0.308	0.293	0.288	0.164	0.173	0.146
0.283	0.266	0.439	0.369	0.308	0.293	0.295	0.164	0.173	0.149
0.261	0.256	0.439	0.366	0.305	0.295	0.295	0.161	0.171	0.156
0.251	0.256	0.435	0.369	0.303	0.295	0.3	0.161	0.178	0.156
0.249	0.256	0.439	0.359	0.31	0.293	0.3	0.161	0.176	0.193
0.247	0.256	0.43	0.356	0.305	0.291	0.298	0.161	0.227	0.229
0.244	0.259	0.422	0.349	0.293	0.291	0.303	0.164	2.051	0.271
0.249	0.254	0.42	0.356	0.305	0.295	0.303	0.164	4.041	1.833
0.244	0.256	0.427	0.356	0.3	0.293	0.303	0.166	4.304	3.047
0.242	0.259	0.427	0.359	0.31	0.291	0.3	0.166	4.409	2.678
0.239	0.259	0.432	0.356	0.31	0.291	0.303	0.173	4.468	2.244
0.242	0.259	0.439	0.356	0.31	0.288	0.3	0.173	4.497	2.041
0.232	0.261	0.442	0.361	0.312	0.261	0.305	0.176	4.478	2.058
0.239	0.259	0.442	0.361	0.32	0.281	0.298	0.176	4.434	2.163
0.237	0.259	0.437	0.364	0.32	0.283	0.3	0.176	4.402	2.234
0.237	0.261	0.432	0.359	0.315	0.291	0.3	0.176	4.402	2.266
0.234	0.259	0.43	0.361	0.317	0.288	0.303	0.181	4.412	2.297
0.234	0.256	0.435	0.361	0.322	0.291	0.3	0.173	4.38	2.31
0.234	0.256	0.442	0.364	0.322	0.286	0.298	0.178	4.287	2.312
0.237	0.249	0.442	0.359	0.32	0.291	0.3	0.176	3.977	2.314
0.237	0.251	0.447	0.356	0.327	0.283	0.305	0.173	3.518	2.192
0.249	0.251	0.447	0.354	0.315	0.291	0.352	0.173	2.878	1.885
0.242	0.254	0.452	0.354	0.31	0.295	0.42	0.176	2.2	1.555
0.242	0.249	0.439	0.352	0.31	0.298	2.751	0.168	1.58	1.233
0.242	0.254	0.439	0.354	0.31	0.3	4.158	0.173	1.189	1.033
0.244	0.254	0.439	0.354	0.31	0.298	3.003	0.178	0.874	0.911
0.244	0.254	0.442	0.356	0.308	0.298	2.258	0.178	0.659	0.767
0.244	0.254	0.442	0.356	0.31	0.298	1.807	0.173	0.498	0.632
0.244	0.249	0.459	0.376	0.31	0.3	1.719	0.181	0.378	0.51
0.247	0.251	0.486	0.42	0.308	0.305	1.702	0.237	0.305	0.403
0.249	0.254	0.583	0.537	0.31	0.298	1.755	1.782	0.261	0.315
0.247	0.254	0.808	1.948	0.305	0.303	1.846	5.945	0.229	0.269
0.247	0.254	1.78	2.729	0.308	0.3	1.897	6.272	0.22	0.251
0.244	0.254	2.454	2.336	0.312	0.3	1.919	6.008	0.215	0.244
0.239	0.291	2.393	2.097	0.308	0.303	1.909	5.854	0.215	0.239
0.244	0.332	2.178	1.958	0.315	0.303	1.882	5.786	0.2	0.215
0.239	0.361	2.039	1.848	0.325	0.303	1.78	5.71	0.195	0.193
0.239	0.386	2.031	1.763	0.317	0.303	1.631	5.674	0.188	0.183
0.239	0.396	2.034	1.707	0.32	0.303	1.406	5.613	0.186	0.176
0.237	0.4	2.036	1.675	0.317	0.298	1.196	5.503	0.181	0.176
0.242	0.405	2.051	1.636	0.32	0.295	1.079	4.99	0.181	0.173
0.244	0.405	2.068	1.599	0.312	0.298	0.942	4.229	0.183	0.168
0.244	0.408	2.078	1.506	0.31	0.3	0.823	3.608	0.188	0.166
0.239	0.403	2.041	1.37	0.312	0.298	0.728	2.896	0.181	0.168
0.239	0.4	1.877	1.221	0.315	0.303	0.662	2.139	0.183	0.168
0.244	0.405	1.687	1.162	0.317	0.3	0.62	1.497	0.178	0.166
0.237	0.408	1.494	1.128	0.317	0.3	0.54	1.055	0.181	0.164
0.242	0.408	1.328	1.067	0.315	0.3	0.474	0.764	0.176	0.166
0.244	0.405	1.243	0.959	0.32	0.3	0.457	0.559	0.186	0.166
0.242	0.4	1.084	0.857	0.315	0.295	0.41	0.415	0.178	0.168
0.249	0.41	0.896	0.752	0.317	0.3	0.376	0.337	0.181	0.166
0.239	0.405	0.752	0.647	0.312	0.303	0.352	0.3	0.183	0.166
0.242	0.413	0.708	0.552	0.317	0.3	0.337	0.291	0.178	0.164
0.244	0.417	0.669	0.488	0.32	0.327	0.334	0.33	0.178	0.166
0.249	0.452	0.623	0.474	0.317	0.413	0.325	0.33	0.181	0.166
0.242	0.54	0.581	0.493	0.317	0.715	0.32	0.283	0.183	0.166
0.242	2.178	0.564	0.503	0.317	2.261	0.315	0.247	0.178	0.166
0.242	3.992	0.537	0.457	0.317	2.583	0.312	0.222	0.178	0.166
0.239	3.579	0.51	0.417	0.322	2.307	0.31	0.208	0.181	0.168
0.242	3.167	0.479	0.393	0.361	2.136	0.312	0.198	0.181	0.171
0.244	2.927	0.461	0.376	0.444	2.068	0.31	0.19	0.183	0.166
0.237	2.91	0.449	0.374	1.76	2.058	0.312	0.188	0.181	0.164
0.237	2.979	0.442	0.364	3.347	2.056	0.312	0.181	0.181	0.164
0.239	3.125	0.437	0.361	3.315	2.053	0.308	0.178	0.178	0.166
0.259	3.193	0.437	0.364	3.171	2.039	0.31	0.181	0.178	0.166
0.298	3.198	0.437	0.359	3.342	2.017	0.305	0.181	0.181	0.161
0.442	3.193	0.439	0.369	3.638	2.004	0.315	0.181	0.181	0.164
2.185	3.162	0.442	0.361	3.938	1.987	0.312	0.181	0.181	0.166
3.157	3.103	0.444	0.361	4.275	1.97	0.312	0.176	0.181	0.166
3.091	2.9	0.449	0.364	4.473	1.914	0.31	0.178	0.181	0.166
2.937	2.534	0.442	0.371	4.551	1.865	0.315	0.178	0.181	0.164
2.808	2.102	0.444	0.366	4.597	1.731	0.312	0.186	0.183	0.164
2.732	1.687	0.449	0.369	4.565	1.609	0.31	0.176	0.178	0.164
2.686	1.475	0.454	0.366	4.497	1.406	0.312	0.171	0.181	0.168
2.588	1.389	0.449	0.366	4.324	1.228	0.312	0.176	0.178	0.168
2.402	1.172	0.452	0.359	4.028	1.003	0.308	0.178	0.178	0.164
2.102	0.947	0.452	0.361	3.73	0.818	0.308	0.178	0.178	0.164
1.978	0.784	0.452	0.361	3.416	0.674	0.308	0.186	0.178	0.166
1.726	0.742	0.449	0.361	3.005	0.605	0.305	0.178	0.173	0.166
1.499	0.684	0.452	0.361	2.507	0.525	0.308	0.181	0.176	0.166
1.257	0.642	0.452	0.364	1.973	0.466	0.305	0.178	0.178	0.166
1.069	0.62	0.452	0.366	1.521	0.41	0.305	0.178	0.178	0.168
0.891	0.564	0.449	0.366	1.294	0.405	0.308	0.181	0.178	0.166
0.737	0.518	0.449	0.364	1.077	0.374	0.308	0.181	0.181	0.203
0.598	0.488	0.452	0.354	0.92	0.354	0.308	0.178	0.225	0.3
0.53	0.474	0.452	0.364	0.75	0.339	0.305	0.181	0.312	0.754
0.486	0.459	0.457	0.364	0.596	0.334	0.308	0.178	0.547	2.771
0.449	0.454	0.454	0.364	0.491	0.33	0.31	0.181	1.631	2.485
0.427	0.457	0.454	0.364	0.432	0.325	0.305	0.178	2.014	1.765
0.415	0.454	0.447	0.366	0.396	0.317	0.3	0.178	1.504	1.34
0.386	0.454	0.447	0.366	0.364	0.325	0.3	0.181	1.208	1.267
0.322	0.454	0.442	0.371	0.356	0.32	0.305	0.181	1.028	1.423
0.283	0.457	0.449	0.366	0.342	0.322	0.303	0.178	0.925	1.523
0.256	0.457	0.452	0.366	0.337	0.32	0.305	0.181	0.876	1.577
0.242	0.457	0.449	0.366	0.344	0.32	0.305	0.178	0.84	1.606
0.229	0.452	0.449	0.366	0.334	0.32	0.31	0.178	0.815	1.621
0.247	0.442	0.454	0.364	0.33	0.317	0.31	0.178	0.791	1.584
0.293	0.439	0.452	0.369	0.327	0.317	0.31	0.178	0.762	1.409
0.33	0.437	0.449	0.369	0.332	0.322	0.305	0.176	0.742	1.204
0.356	0.439	0.449	0.369	0.33	0.322	0.31	0.178	0.73	1.001
0.366	0.437	0.457	0.369	0.33	0.32	0.31	0.178	0.686	0.857
0.376	0.435	0.461	0.366	0.325	0.315	0.308	0.186	0.696	0.764
0.381	0.435	0.459	0.366	0.327	0.32	0.315	0.176	0.73	0.723
0.383	0.435	0.457	0.364	0.325	0.32	0.4	0.178	0.752	0.718
0.386	0.43	0.466	0.364	0.322	0.315	1.299	0.181	0.693	0.737
0.383	0.432	0.466	0.364	0.327	0.32	1.584	0.193	0.583	0.688
0.388	0.435	0.457	0.361	0.322	0.32	1.379	0.62	0.515	0.557
0.386	0.435	0.461	0.364	0.322	0.322	1.289	1.655	0.388	0.444
0.388	0.437	0.459	0.364	0.322	0.32	1.414	1.931	0.325	0.332
0.388	0.439	0.457	0.359	0.32	0.317	1.453	1.807	0.269	0.276
0.388	0.439	0.457	0.369	0.322	0.317	1.477	1.711	0.229	0.251
0.386	0.439	0.454	0.435	0.322	0.317	1.509	1.665	0.21	0.217
0.391	0.437	0.452	2.405	0.325	0.322	1.523	1.633	0.195	0.195
0.396	0.437	0.452	5.417	0.322	0.317	1.543	1.604	0.188	0.178
0.398	0.442	0.449	4.333	0.32	0.32	1.548	1.572	0.176	0.168
0.4	0.452	0.503	3.262	0.327	0.325	1.499	1.418	0.176	0.164
0.403	0.447	0.544	2.627	0.322	0.32	1.404	1.226	0.173	0.159
0.403	0.449	0.649	2.29	0.322	0.322	1.282	1.013	0.173	0.159
0.403	0.454	1.187	2.124	0.32	0.322	1.172	0.815	0.168	0.154
0.398	0.452	2.48	2.031	0.322	0.325	1.018	0.676	0.166	0.159
0.393	0.457	2.773	1.97	0.325	0.322	0.864	0.579	0.164	0.159
0.398	0.457	2.705	1.924	0.322	0.325	0.747	0.483	0.161	0.156
0.4	0.457	2.676	1.899	0.322	0.325	0.708	0.371	0.164	0.156
0.403	0.459	2.659	1.877	0.322	0.325	0.62	0.293	0.161	0.156
0.405	0.459	2.649	1.851	0.322	0.322	0.527	0.242	0.159	0.156
0.403	0.461	2.646	1.826	0.325	0.322	0.444	0.212	0.159	0.156
0.4	0.457	2.634	1.777	0.322	0.325	0.383	0.193	0.161	0.154
0.393	0.461	2.625	1.687	0.325	0.322	0.349	0.183	0.164	0.154
0.391	0.461	2.532	1.514	0.322	0.322	0.327	0.173	0.166	0.156
0.391	0.464	2.29	1.289	0.317	0.325	0.32	0.176	0.164	0.151
0.386	0.461	2.036	1.108	0.317	0.322	0.303	0.178	0.168	0.149
0.386	0.466	1.716	0.964	0.315	0.322	0.298	0.178	0.171	0.151
0.388	0.466	1.484	0.835	0.315	0.322	0.295	0.181	0.168	0.146
0.386	0.466	1.335	0.73	0.317	0.325	0.303	0.178	0.171	0.149
0.383	0.466	1.172	0.61	0.312	0.32	0.303	0.178	0.168	0.146
0.383	0.469	1.052	0.518	0.315	0.32	0.305	0.183	0.166	0.149
0.386	0.464	0.964	0.457	0.315	0.322	0.308	0.183	0.168	0.149
0.383	0.466	0.857	0.425	0.31	0.398	0.303	0.183	0.168	0.149
0.378	0.496	0.73	0.4	0.315	0.454	0.308	0.181	0.171	0.149
0.383	0.64	0.63	0.381	0.308	1.179	0.305	0.183	0.173	0.154
0.391	1.548	0.574	0.371	0.31	2.93	0.303	0.183	0.171	0.151
0.398	1.804	0.532	0.371	0.396	2.607	0.3	0.183	0.171	0.154
0.403	1.533	0.51	0.369	0.579	2.166	0.303	0.183	0.171	0.154
0.403	1.35	0.491	0.369	1.355	1.882	0.3	0.178	0.171	0.151
0.386	1.223	0.481	0.366	3.01	1.721	0.305	0.181	0.166	0.149
0.383	1.157	0.471	0.359	2.336	1.624	0.308	0.176	0.171	0.149
0.374	1.121	0.466	0.359	1.724	1.56	0.305	0.183	0.171	0.151
0.374	1.077	0.461	0.359	1.362	1.531	0.305	0.181	0.166	0.149
0.376	1.055	0.457	0.361	1.213	1.506	0.305	0.181	0.168	0.149
0.4	1.03	0.454	0.356	1.201	1.492	0.3	0.186	0.166	0.151
0.476	1.03	0.452	0.359	1.213	1.484	0.308	0.183	0.166	0.149
0.586	1.018	0.457	0.356	1.235	1.477	0.303	0.183	0.168	0.149
0.767	0.974	0.454	0.356	1.255	1.453	0.31	0.178	0.168	0.151
1.594	0.911	0.452	0.356	1.267	1.279	0.31	0.181	0.164	0.149
1.904	0.852	0.449	0.356	1.245	1.135	0.312	0.181	0.171	0.151
1.89	0.808	0.452	0.354	1.211	0.945	0.308	0.183	0.171	0.149
1.851	0.723	0.454	0.356	1.101	0.789	0.31	0.181	0.171	0.166
1.829	0.635	0.454	0.349	0.952	0.684	0.308	0.183	0.171	0.249
1.758	0.571	0.447	0.352	0.825	0.576	0.31	0.176	0.171	1.99
1.653	0.522	0.449	0.354	0.867	0.479	0.312	0.178	0.166	3.137
1.462	0.508	0.449	0.352	0.894	0.413	0.308	0.178	0.168	2.417
1.277	0.488	0.452	0.349	0.867	0.371	0.308	0.181	0.195	1.877
1.121	0.479	0.452	0.349	0.798	0.347	0.315	0.181	0.269	1.619
1.013	0.474	0.454	0.347	0.676	0.332	0.31	0.181	1.201	1.628
0.955	0.466	0.454	0.344	0.583	0.322	0.312	0.181	1.575	1.719
0.913	0.469	0.457	0.342	0.518	0.312	0.31	0.178	1.201	1.743
0.859	0.466	0.461	0.349	0.481	0.31	0.315	0.178	0.913	1.646
0.781	0.464	0.452	0.352	0.447	0.31	0.315	0.178	0.852	1.597
0.669	0.464	0.454	0.344	0.396	0.308	0.317	0.178	0.874	1.663
0.559	0.466	0.452	0.347	0.359	0.303	0.312	0.176	0.833	1.758
0.476	0.466	0.452	0.349	0.33	0.312	0.315	0.178	0.762	1.841
0.43	0.466	0.452	0.347	0.315	0.31	0.31	0.178	0.708	1.885
0.405	0.466	0.449	0.344	0.308	0.31	0.312	0.178	0.723	1.985
0.383	0.461	0.449	0.347	0.303	0.312	0.31	0.178	0.725	2.031
0.366	0.464	0.447	0.344	0.293	0.315	0.312	0.178	0.732	2.031
0.361	0.461	0.452	0.347	0.291	0.31	0.315	0.181	0.72	2.012
0.356	0.461	0.454	0.352	0.291	0.31	0.315	0.178	0.688	1.973
0.364	0.461	0.452	0.352	0.288	0.31	0.315	0.178	0.642	1.902
0.359	0.459	0.454	0.352	0.291	0.308	0.312	0.178	0.61	1.848
0.359	0.464	0.454	0.356	0.291	0.305	0.312	0.176	0.549	1.663
0.366	0.459	0.457	0.354	0.293	0.305	0.31	0.181	0.488	1.37
0.369	0.461	0.457	0.361	0.281	0.303	0.312	0.181	0.439	1.062
0.376	0.461	0.454	0.361	0.286	0.298	0.31	0.178	0.459	0.825
0.374	0.464	0.452	0.361	0.281	0.305	0.31	0.181	0.486	0.669
0.381	0.464	0.449	0.364	0.276	0.303	0.31	0.183	0.459	0.559
0.376	0.461	0.454	0.366	0.283	0.303	0.308	0.337	0.422	0.469
0.378	0.464	0.449	0.366	0.278	0.303	0.334	2.454	0.383	0.396
0.378	0.466	0.452	0.369	0.276	0.303	1.675	3.472	0.366	0.366
0.374	0.466	0.452	0.371	0.273	0.305	3.804	2.407	0.349	0.339
0.371	0.464	0.452	0.388	0.276	0.303	2.732	1.663	0.322	0.293
0.374	0.469	0.449	0.432	0.278	0.305	1.926	1.189	0.298	0.261
0.371	0.471	0.452	1.006	0.278	0.305	1.511	1.057	0.286	0.227
0.364	0.469	0.454	1.868	0.278	0.3	1.367	0.977	0.266	0
0.369	0.479	0.454	1.606	0.271	0.3	1.306	0.933	0.229	0
0.369	0.466	0.454	1.318	0.273	0.303	1.301	0.908	0.205	0
0.369	0.466	0.459	1.138	0.273	0.305	1.399	0.898	0	0
0.369	0.466	0.481	1.011	0.278	0.303	1.577	0.903	0	0
0.366	0.464	0.986	0.977	0.278	0.308	1.738	0.911	0	0
0.374	0.466	2.493	1.045	0.281	0.303	1.826	0.906	0	0
0.374	0.464	2.617	1.221	0.281	0.303	1.855	0.867	0	0
0.371	0.469	2.148	1.377	0.278	0.303	1.833	0.842	0	0
0.371	0.466	1.938	1.467	0.273	0.305	1.797	0.837	0	0
0.366	0.471	1.995	1.523	0.271	0.305	1.719	0.84	0	0
0.374	0.464	2.134	1.56	0.271	0.305	1.604	0.813	0	0
0.383	0.466	2.285	1.619	0.271	0.303	1.494	0.723	0	0
0.391	0.464	2.644	1.692	0.273	0.305	1.265	0.61	0	0
0.393	0.464	3.01	1.733	0.273	0.308	1.028	0.557	0	0
0.398	0.461	3.218	1.738	0.276	0.308	0.84	0.518	0	0
0.4	0.461	3.306	1.699	0.271	0.308	0.732	0.483	0	0
0.4	0.461	3.391	1.626	0.273	0.303	0.649	0.417	0	0
0.4	0.464	3.442	1.558	0.269	0.31	0.583	0.388	0	0
0.4	0.461	3.442	1.414	0.273	0.3	0.542	0.374	0	0
0.4	0.466	3.445	1.284	0.276	0.3	0.51	0.327	0	0
0.403	0.464	3.43	1.162	0.278	0.298	0.454	0.298	0	0
0.403	0.461	3.391	1.052	0.276	0.3	0.41	0	0	0
0.403	0.464	3.254	0.967	0.276	0.298	0.371	0	0	0
0.398	0.5	2.986	0.852	0.278	0.3	0.352	0	0	0
0.403	0.681	2.671	0.696	0.281	0.3	0.334	0	0	0
0.405	1.831	2.324	0.586	0.291	0.303	0.327	0	0	0
0.4	2.361	2.053	0	0.298	0.303	0.317	0	0	0
0.403	1.899	1.824	0	0.298	0.303	0.32	0	0	0
0.405	1.611	1.636	0	0.3	0.308	0	0	0	0
0.4	1.597	1.414	0	0.31	0.605	0	0	0	0
0.396	1.743	1.216	0	0.347	1.379	0	0	0	0
0.398	1.785	1.008	0	1.04	1.555	0	0	0	0
0.391	1.775	0.876	0	2.637	1.384	0	0	0	0
0.403	1.895	0.784	0	2.256	1.262	0	0	0	0
0.525	1.924	0.745	0	1.758	1.167	0	0	0	0
1.194	1.897	0.684	0	1.646	1.179	0	0	0	0
2.222	1.858	0.642	0	1.738	1.282	0	0	0	0
2.051	1.816	0.603	0	1.902	1.458	0	0	0	0
1.743	1.777	0.549	0	2.185	1.687	0	0	0	0
1.526	1.746	0.515	0	2.466	1.877	0	0	0	0
1.455	1.685	0.493	0	2.761	2.031	0	0	0	0
1.438	1.562	0	0	3.025	2.148	0	0	0	0
1.418	1.487	0	0	3.14	2.253	0	0	0	0
1.541	1.348	0	0	3.159	2.295	0	0	0	0
1.675	1.26	0	0	3.167	2.332	0	0	0	0
1.777	1.221	0	0	3.12	2.388	0	0	0	0
1.877	1.138	0	0	3.01	2.444	0	0	0	0
1.965	1.025	0	0	2.888	2.424	0	0	0	0
2.004	0.869	0	0	2.708	2.363	0	0	0	0
2.019	0.803	0	0	2.476	2.231	0	0	0	0
2.021	0.769	0	0	2.246	1.956	0	0	0	0
2.029	0.754	0	0	1.997	1.672	0	0	0	0
2.029	0.723	0	0	1.68	1.411	0	0	0	0
2.009	0.681	0	0	1.436	1.245	0	0	0	0
1.899	0.642	0	0	1.199	1.113	0	0	0	0
1.68	0.603	0	0	0.989	0.964	0	0	0	0
1.475	0	0	0	0.833	0.852	0	0	0	0
1.316	0	0	0	0.706	0	0	0	0	0
1.15	0	0	0	0.615	0	0	0	0	0
1.016	0	0	0	0	0	0	0	0	0
0.916	0	0	0	0	0	0	0	0	0
0.771	0	0	0	0	0	0	0	0	0
0.674	0	0	0	0	0	0	0	0	0
0.632	0	0	0	0	0	0	0	0	0
0.562	0	0	0	0	0	0	0	0	0
0.51	0	0	0	0	0	0	0	0	0
0.459	0	0	0	0	0	0	0	0	0
0.457	0	0	0	0	0	0	0	0	0
0.454	0	0	0	0	0	0	0	0	0
