0.503	0.496	0.547	0.515	0.557	0.613	0.569	0.54	0.466	0.417
0.503	0.493	0.552	0.513	0.549	0.613	0.571	0.544	0.464	0.413
0.503	0.493	0.562	0.518	0.549	0.62	0.574	0.547	0.459	0.41
0.498	0.496	0.557	0.518	0.547	0.618	0.566	0.547	0.461	0.413
0.496	0.491	0.559	0.518	0.554	0.615	0.566	0.547	0.469	0.41
0.5	0.491	0.544	0.518	0.559	0.613	0.571	0.544	0.469	0.413
0.5	0.496	0.542	0.53	0.562	0.61	0.571	0.547	0.471	0.415
0.5	0.496	0.542	0.53	0.559	0.613	0.574	0.552	0.466	0.413
0.5	0.498	0.552	0.527	0.557	0.618	0.574	0.554	0.464	0.41
0.493	0.493	0.549	0.522	0.554	0.618	0.571	0.549	0.466	0.413
0.496	0.491	0.552	0.52	0.557	0.62	0.571	0.554	0.471	0.41
0.5	0.491	0.547	0.522	0.564	0.615	0.576	0.557	0.469	0.415
0.503	0.491	0.544	0.527	0.562	0.613	0.576	0.559	0.469	0.415
0.5	0.496	0.542	0.527	0.554	0.615	0.579	0.559	0.466	0.413
0.498	0.498	0.544	0.522	0.552	0.623	0.579	0.559	0.466	0.413
0.496	0.496	0.544	0.515	0.549	0.623	0.571	0.559	0.464	0.408
0.496	0.491	0.537	0.515	0.557	0.615	0.552	0.562	0.466	0.408
0.496	0.488	0.535	0.522	0.564	0.615	0.537	0.549	0.466	0.41
0.498	0.491	0.537	0.515	0.557	0.615	0.53	0.554	0.469	0.408
0.496	0.496	0.54	0.515	0.554	0.623	0.532	0.559	0.466	0.403
0.493	0.498	0.542	0.513	0.549	0.627	0.525	0.564	0.464	0.403
0.491	0.496	0.54	0.513	0.549	0.63	0.518	0.559	0.469	0.396
0.496	0.496	0.535	0.51	0.552	0.63	0.527	0.562	0.471	0.4
0.496	0.496	0.53	0.518	0.559	0.625	0.547	0.557	0.476	0.405
0.505	0.493	0.525	0.518	0.559	0.627	0.562	0.557	0.474	0.408
0.544	0.498	0.532	0.53	0.557	0.632	0.571	0.562	0.469	0.405
0.569	0.513	0.535	0.535	0.552	0.632	0.571	0.562	0.464	0.405
0.574	0.53	0.537	0.605	0.552	0.635	0.571	0.564	0.466	0.398
0.54	0.557	0.537	0.742	0.554	0.63	0.574	0.583	0.466	0.415
0.527	0.581	0.535	0.793	0.559	0.625	0.569	0.586	0.459	0.417
0.579	0.601	0.564	0.884	0.549	0.627	0.583	0.574	0.461	0.469
0.647	0.627	0.598	0.93	0.547	0.64	0.608	0.569	0.476	0.503
0.771	0.649	0.667	0.908	0.537	0.654	0.63	0.571	0.486	0.53
0.884	0.645	0.74	0.884	0.54	0.671	0.613	0.564	0.522	0.522
0.933	0.667	0.815	0.898	0.598	0.674	0.603	0.559	0.627	0.508
0.94	0.703	0.859	0.977	0.649	0.669	0.591	0.554	0.679	0.513
0.92	0.73	0.884	1.128	0.681	0.686	0.588	0.564	0.759	0.53
1.021	0.75	0.908	1.37	0.691	0.767	0.596	0.603	0.732	0.564
1.108	0.757	0.928	1.472	0.691	0.811	0.591	0.696	0.776	0.588
1.133	0.737	0.913	1.472	0.698	0.869	0.588	0.752	0.879	0.627
1.118	0.737	0.876	1.511	0.71	0.935	0.601	0.723	0.969	0.718
1.108	0.737	0.886	1.589	0.723	0.911	0.605	0.725	0.991	0.811
1.067	0.725	0.918	1.748	0.728	0.884	0.632	0.718	1.018	0.876
1.038	0.684	0.955	1.934	0.74	0.869	0.662	0.732	1.011	0.884
1.018	0.647	0.986	2.117	0.776	0.847	0.684	0.764	1.018	0.913
1.013	0.625	1.006	2.258	0.798	0.847	0.693	0.781	1.089	0.93
0.999	0.588	1.021	2.361	0.811	0.847	0.71	0.784	1.187	0.955
0.994	0.562	1.035	2.339	0.83	0.82	0.715	0.789	1.233	0.964
1.001	0.542	1.035	2.278	0.837	0.793	0.725	0.818	1.287	0.955
1.013	0.54	1.047	2.202	0.845	0.786	0.732	0.876	1.345	0.935
1.025	0.542	1.038	2.058	0.845	0.791	0.737	0.955	1.355	0.918
1.016	0.552	1.028	1.794	0.847	0.789	0.74	0.999	1.328	0.896
0.999	0.547	1.006	1.56	0.884	0.815	0.745	1.025	1.274	0.862
1.03	0.547	0.969	1.323	0.947	0.857	0.747	1.057	1.23	0.82
1.042	0.557	0.986	1.135	0.972	0.942	0.735	1.101	1.167	0.771
0.964	0.601	0.955	0.913	0.994	1.052	0.718	1.123	1.094	0.684
0.972	0.645	0.957	0.776	1.016	1.15	0.698	1.104	0.923	0.596
0.916	0.691	0.916	0.764	1.025	1.15	0.674	1.047	0.825	0.544
0.847	0.752	0.867	0.774	0.957	1.064	0.647	0.937	0.752	0.51
0.784	0.806	0.818	0.793	0.925	0.962	0.632	0.845	0.688	0.466
0.757	0.845	0.796	0.789	0.886	0.93	0.618	0.771	0.664	0.425
0.752	0.906	0.786	0.764	0.845	0.864	0.605	0.752	0.63	0.442
0.691	0.95	0.779	0.754	0.803	0.813	0.601	0.725	0.583	0.449
0.603	0.977	0.698	0.737	0.781	0.728	0.596	0.701	0.549	0.439
0.54	1.021	0.637	0.723	0.771	0.674	0.588	0.674	0.522	0.405
0.505	1.003	0.596	0.708	0.759	0.64	0.588	0.657	0.508	0.405
0.493	0.952	0.571	0.71	0.747	0.623	0.591	0.649	0.493	0.413
0.481	0.933	0.552	0.701	0.73	0.618	0.593	0.649	0.493	0.417
0.479	0.898	0.549	0.708	0.71	0.63	0.593	0.647	0.496	0.403
0.476	0.857	0.542	0.728	0.706	0.654	0.596	0.645	0.493	0.415
0.471	0.835	0.537	0.742	0.708	0.671	0.586	0.645	0.496	0.425
0.471	0.808	0.53	0.752	0.703	0.696	0.583	0.684	0.493	0.432
0.476	0.759	0.527	0.769	0.698	0.718	0.591	0.706	0.491	0.435
0.476	0.71	0.518	0.771	0.691	0.713	0.588	0.728	0.486	0.439
0.479	0.684	0.518	0.757	0.686	0.718	0.586	0.742	0.486	0.432
0.474	0.674	0.52	0.759	0.681	0.732	0.591	0.742	0.481	0.432
0.479	0.669	0.515	0.747	0.679	0.757	0.583	0.745	0.486	0.435
0.481	0.676	0.522	0.73	0.681	0.771	0.581	0.752	0.491	0.442
0.483	0.676	0.527	0.652	0.681	0.781	0.586	0.757	0.493	0.442
0.481	0.681	0.527	0.601	0.686	0.762	0.588	0.769	0.493	0.442
0.479	0.686	0.525	0.564	0.664	0.706	0.591	0.779	0.498	0.437
0.476	0.684	0.54	0.542	0.64	0.669	0.591	0.779	0.491	0.439
0.476	0.679	0.579	0.532	0.625	0.64	0.586	0.774	0.498	0.454
0.505	0.674	0.601	0.527	0.62	0.645	0.588	0.771	0.508	0.493
0.54	0.674	0.627	0.532	0.637	0.659	0.591	0.771	0.535	0.513
0.518	0.676	0.615	0.537	0.647	0.64	0.593	0.771	0.518	0.483
0.496	0.679	0.571	0.532	0.684	0.625	0.593	0.776	0.503	0.464
0.481	0.664	0.544	0.53	0.676	0.637	0.588	0.774	0.493	0.452
0.474	0.632	0.505	0.522	0.647	0.615	0.583	0.728	0.498	0.442
0.481	0.615	0.476	0.518	0.63	0.593	0.593	0.71	0.5	0.444
0.476	0.591	0.486	0.522	0.623	0.576	0.593	0.696	0.493	0.452
0.474	0.566	0.513	0.522	0.613	0.566	0.601	0.676	0.496	0.442
0.471	0.576	0.532	0.522	0.608	0.564	0.601	0.664	0.493	0.437
0.461	0.581	0.54	0.525	0.613	0.566	0.596	0.647	0.496	0.442
0.471	0.549	0.544	0.52	0.613	0.559	0.591	0.693	0.503	0.447
0.486	0.53	0.544	0.52	0.615	0.564	0.591	0.911	0.503	0.452
0.491	0.53	0.54	0.525	0.618	0.557	0.601	0.94	0.503	0.457
0.488	0.535	0.54	0.53	0.615	0.562	0.601	0.925	0.498	0.452
0.483	0.522	0.549	0.527	0.613	0.564	0.603	0.886	0.488	0.447
0.479	0.515	0.557	0.525	0.615	0.566	0.596	0.874	0.488	0.444
0.479	0.5	0.559	0.518	0.615	0.566	0.591	0.854	0.486	0.444
0.486	0.5	0.566	0.515	0.615	0.564	0.588	0.82	0.491	0.447
0.481	0.496	0.562	0.52	0.61	0.552	0.593	0.808	0.491	0.454
0.479	0.5	0.564	0.527	0.61	0.549	0.596	0.813	0.496	0.444
0.471	0.498	0.562	0.527	0.605	0.547	0.601	0.806	0.493	0.422
0.469	0.491	0.557	0.522	0.61	0.547	0.593	0.789	0.496	0.4
0.471	0.471	0.554	0.515	0.61	0.544	0.593	0.764	0.491	0.378
0.476	0.466	0.549	0.513	0.615	0.542	0.593	0.757	0.493	0.371
0.476	0.464	0.54	0.518	0.615	0.54	0.598	0.75	0.488	0.366
0.476	0.459	0.542	0.518	0.613	0.542	0.601	0.747	0.481	0.386
0.466	0.457	0.544	0.52	0.61	0.544	0.608	0.742	0.481	0.601
0.466	0.454	0.549	0.522	0.608	0.547	0.601	0.737	0.493	0.764
0.469	0.444	0.554	0.522	0.605	0.547	0.598	0.737	1.13	0.823
0.474	0.439	0.552	0.527	0.61	0.549	0.598	0.735	1.445	0.84
0.471	0.439	0.544	0.532	0.61	1.204	0.603	0.742	1.475	0.813
0.466	0.442	0.544	0.537	0.61	3.059	0.605	0.742	1.482	0.767
0.483	0.444	0.544	0.542	0.61	3.208	0.605	0.737	1.436	0.75
0.73	0.442	0.535	0.537	0.608	2.739	0.601	0.73	1.404	0.781
0.989	0.437	0.532	0.537	0.61	2.38	0.598	0.735	1.362	0.82
1.116	0.437	0.527	0.535	0.613	2.288	1.882	0.73	1.333	0.867
1.145	0.437	0.522	0.542	0.615	2.319	2.615	0.708	1.316	0.881
1.123	0.439	0.522	0.544	0.618	2.395	2.654	0.708	1.323	0.896
1.104	0.442	0.522	0.549	2.034	2.471	2.361	0.71	1.394	0.901
1.125	0.442	0.527	0.544	2.493	2.539	2.166	0.669	1.44	0.95
1.162	0.442	0.527	0.542	2.258	2.615	2.305	0.645	1.414	0.986
1.206	0.442	0.527	0.54	1.821	2.666	2.461	0.632	1.394	1.008
1.245	0.442	0.532	0.544	1.604	2.688	2.561	0.63	1.343	1.018
1.284	0.457	0.527	0.547	1.643	2.681	2.61	0.635	1.194	0.93
1.318	0.476	0.537	0.557	1.724	2.571	2.644	0.635	1.074	0.806
1.348	0.476	0.544	0.547	1.77	2.397	2.668	0.63	0.972	0.715
1.375	0.474	0.547	0.547	1.802	2.19	2.69	0.618	0.881	0.654
1.387	0.474	0.54	0.547	1.821	1.997	2.925	0.613	0.745	0.605
1.382	0.464	0.535	0.547	1.841	1.721	3.132	0.61	0.659	0.54
1.372	0.786	0.535	0.554	1.833	1.431	3.123	0.618	0.581	0.498
1.338	1.501	0.532	0.559	1.814	1.15	3.064	0.615	0.535	0.474
1.301	1.597	0.53	0.549	1.77	0.967	2.876	0.613	0.508	0.452
1.255	1.472	0.525	0.544	1.704	0.823	2.598	0.605	0.493	0.479
1.162	1.382	0.515	0.544	1.602	0.713	2.297	0.601	0.486	0.508
1.123	1.316	0.51	0.547	1.392	0.63	1.953	0.601	0.486	0.515
1.089	1.287	0.53	0.549	1.228	0.583	1.611	0.601	0.479	0.481
1.055	1.252	0.547	0.557	1.084	0.569	1.318	0.596	0.474	0.437
1.013	1.204	0.562	0.547	0.986	0.549	1.138	0.591	0.471	0.413
0.979	1.194	0.569	0.544	0.911	0.54	1.016	0.586	0.469	0.391
0.901	1.191	0.564	0.544	0.808	0.503	0.918	0.591	0.474	0.383
0.815	1.206	0.564	0.547	0.732	0.488	0.806	0.608	0.476	0.374
0.781	1.211	0.569	0.552	0.681	0.479	0.74	0.615	0.471	0.361
0.723	1.211	0.571	0.549	0.645	0.479	0.686	0.618	0.464	0.349
0.681	1.172	0.579	0.547	0.627	0.491	0.652	0.615	0.464	0.344
0.632	1.094	0.579	0.542	0.615	0.513	0.632	0.61	0.469	0.344
0.576	1.001	0.571	0.54	0.61	0.53	0.62	0.603	0.471	0.366
0.54	0.911	0.569	0.544	0.61	0.54	0.618	0.608	0.474	0.374
0.513	0.828	0.564	0.549	0.61	0.549	0.62	0.603	0.469	0.378
0.496	0.791	1.506	0.549	0.598	0.562	0.618	0.601	0.469	0.383
0.488	0.728	3.057	0.549	0.596	0.569	0.61	0.601	0.464	0.388
0.483	0.659	3.398	0.544	0.596	0.571	0.603	0.596	0.469	0.388
0.481	0.603	3.713	0.544	0.598	0.569	0.601	0.593	0.476	0.388
0.483	0.562	3.923	0.549	0.601	0.566	0.605	0.603	0.476	0.393
0.481	0.537	4.102	0.554	0.603	0.571	0.61	0.605	0.476	0.386
0.476	0.515	4.353	0.542	0.598	0.583	0.61	0.605	0.474	0.503
0.479	0.5	4.58	0.53	0.598	0.593	0.605	0.605	0.474	1.011
0.481	0.498	4.705	0.525	0.598	0.596	0.601	0.593	0.476	2.566
0.483	0.498	4.829	0.525	0.598	0.601	0.596	0.581	0.481	3.477
0.486	0.5	4.915	0.525	0.598	0.686	0.605	0.588	0.481	3.85
0.486	0.508	4.956	0.53	0.603	0.801	0.608	0.586	0.479	4.053
0.483	0.498	4.971	0.532	0.591	0.977	0.605	0.583	0.474	4.219
0.488	0.483	4.939	0.525	0.591	1.116	0.605	0.581	0.471	4.541
0.486	0.486	4.9	0.522	0.593	1.187	0.605	0.576	0.474	4.844
0.486	0.483	4.88	0.522	0.596	1.23	0.605	0.574	0.479	5.093
0.486	0.488	4.868	0.522	0.598	1.301	0.61	0.576	0.474	5.283
0.486	0.496	4.836	0.535	0.598	1.34	0.61	0.576	0.488	5.498
0.481	0.493	4.736	0.53	0.593	1.423	0.605	0.579	0.586	5.723
0.479	0.486	4.563	0.527	0.593	1.494	0.601	0.576	1.226	5.898
0.476	0.469	4.333	0.525	0.596	1.536	0.596	0.564	2.842	6.038
0.479	0.461	3.855	0.525	0.601	1.643	0.596	0.566	3.826	6.125
0.479	0.464	3.115	0.53	0.603	1.853	0.603	0.571	4.321	6.199
0.476	0.466	2.458	0.535	0.601	2.043	0.603	0.574	4.58	6.216
0.469	0.459	1.931	0.535	0.596	2.197	0.649	0.574	4.78	6.16
0.474	0.454	1.55	0.53	0.596	2.351	0.696	0.571	4.968	6.008
0.469	0.454	1.23	0.525	0.596	2.498	0.886	0.566	5.11	5.547
0.469	0.457	0.994	0.525	0.598	2.59	1.118	0.564	5.203	4.858
0.474	0.459	0.835	0.774	0.603	2.646	1.345	0.562	5.281	4.053
0.476	0.466	0.732	3.557	0.596	2.671	1.46	0.562	5.334	3.289
0.474	0.457	0.657	4.089	0.593	2.678	1.506	0.566	5.3	2.688
0.476	0.444	0.615	3.489	0.593	2.666	1.562	0.564	5.305	2.073
0.474	0.432	0.581	3.113	0.596	2.502	1.677	0.559	5.339	1.646
0.479	0.425	0.554	2.944	0.598	2.273	1.814	0.562	5.374	1.333
0.479	0.422	0.542	2.952	0.605	2.036	2.012	0.557	5.361	1.155
0.483	0.427	0.532	3.142	0.601	1.843	2.187	0.559	5.332	1.086
0.481	0.435	0.527	3.401	0.598	1.65	2.412	0.564	5.281	0.903
0.481	0.449	0.518	3.542	0.596	1.44	2.612	0.562	5.017	0.728
0.483	0.459	0.498	3.628	0.598	1.238	2.8	0.557	4.363	0.615
0.488	0.461	0.483	3.682	0.601	1.182	2.993	0.564	3.716	0.525
0.491	0.461	0.479	3.726	0.608	1.13	3.108	0.559	3.22	0.488
0.491	0.461	0.474	3.728	0.603	1.111	3.171	0.559	2.603	0.466
0.488	0.461	0.476	3.655	0.603	1.084	3.215	0.562	2.017	0.435
0.483	0.471	0.471	3.367	0.601	1.064	3.198	0.557	1.621	0.42
0.483	0.476	0.471	3.02	0.601	0.974	3.184	0.552	1.404	0.405
0.486	0.479	0.466	2.422	0.603	0.835	3.186	0.552	1.26	0.4
0.488	0.481	0.469	1.953	0.605	0.75	3.179	0.552	1.074	0.396
0.488	0.479	0.474	1.553	0.598	0.686	3.164	0.552	0.986	0.4
0.488	0.476	0.505	1.321	0.593	0.669	3.086	0.554	0.818	0.4
0.483	0.469	0.52	1.165	0.593	0.654	2.935	0.559	0.676	0.408
0.483	0.464	0.532	1.008	0.671	0.627	2.688	0.562	0.603	0.408
0.488	0.464	0.537	0.859	0.854	0.605	2.358	0.562	0.549	0.413
0.488	0.469	0.537	0.75	1.365	0.588	2.021	0.564	0.52	0.417
0.493	0.471	0.542	0.667	1.848	0.583	1.743	0.571	0.51	0.415
0.493	0.474	0.552	0.62	2.136	0.586	1.523	0.571	0.498	0.413
0.491	0.474	0.549	0.586	2.339	0.579	1.365	0.569	0.483	0.41
0.488	0.469	0.552	0.564	2.478	0.574	1.26	0.564	0.481	0.408
0.483	0.471	0.547	0.549	2.595	0.562	1.106	0.564	0.476	0.415
0.483	0.476	0.542	0.549	2.678	0.557	0.925	0.562	0.474	0.42
0.479	0.474	0.532	0.549	2.688	0.559	0.806	0.566	0.466	0.42
0.481	0.479	0.532	0.547	2.681	0.566	0.737	0.569	0.461	0.413
0.479	0.474	0.525	0.537	2.686	0.564	0.686	0.571	0.461	0.408
0.498	0.471	0.52	0.532	2.717	0.562	0.654	0.574	0.466	0.398
0.605	0.466	0.513	0.535	2.766	0.557	0.642	0.569	0.464	0.376
1.072	0.474	0.505	0.537	2.795	0.554	0.63	0.571	0.464	0.366
1.936	0.474	0.496	0.54	2.832	0.557	0.623	0.574	0.459	0.376
2.434	0.476	0.496	0.537	2.869	0.569	0.618	0.574	0.454	0.383
2.686	0.474	0.5	0.535	2.91	0.571	0.613	0.576	0.457	0.386
2.852	0.471	0.498	0.535	2.949	0.569	0.608	0.579	0.457	0.386
2.979	0.466	0.488	0.537	2.969	0.566	0.613	0.571	0.457	0.391
2.996	0.466	0.488	0.535	2.952	0.564	0.61	0.576	0.452	0.391
3.005	0.464	0.481	0.537	2.839	0.569	0.613	0.579	0.452	0.386
3.042	0.466	0.481	0.535	2.551	0.571	0.61	0.579	0.449	0.381
3.086	0.464	0.481	0.535	2.227	0.571	0.608	0.579	0.452	0.376
3.125	0.464	0.479	0.527	1.892	0.569	0.605	0.581	0.449	0.374
3.152	0.464	0.471	0.527	1.643	0.566	0.605	0.576	0.452	0.378
3.181	0.461	0.471	0.525	1.436	0.571	0.605	0.576	0.457	0.383
3.206	0.469	0.483	0.522	1.265	0.576	0.61	0.581	0.454	0.371
3.24	0.513	0.491	0.52	1.094	0.576	0.61	0.581	0.454	0.361
3.276	1.057	0.5	0.51	0.916	0.579	0.605	0.583	0.457	0.347
3.289	4.617	0.505	0.508	0.803	0.581	0.608	0.583	0.457	0.342
3.286	6.392	0.508	0.508	0.747	0.576	0.605	0.576	0.459	0.347
3.289	6.519	0.51	0.505	0.688	0.581	0.608	0.576	0.454	0.361
3.284	6.384	0.52	0.5	0.659	0.583	0.613	0.581	0.452	0.371
3.247	6.333	0.518	0.496	0.652	0.586	0.615	0.713	0.447	0.374
3.142	6.482	0.52	0.483	0.652	0.588	0.615	1.953	0.447	0.371
2.991	6.697	0.52	0.479	0.632	0.588	0.613	2.891	0.439	0.383
2.852	6.86	0.518	0.476	0.625	0.586	0.61	2.915	0.447	0.398
2.656	6.98	0.518	0.471	0.615	0.583	0.615	2.666	0.449	0.405
2.361	7.053	0.52	0.503	0.603	0.586	0.615	2.524	0.449	0.413
2.043	7.122	0.518	0.532	0.601	0.588	0.615	2.424	0.449	0.417
1.711	7.192	0.52	0.537	0.598	0.581	0.613	2.388	0.457	0.417
1.462	7.258	0.515	0.542	0.598	0.576	0.618	2.375	0.454	0.42
1.284	7.312	0.513	0.544	0.601	0.569	0.61	2.368	0.457	0.427
1.162	7.302	0.513	0.642	0.601	0.566	0.613	2.427	0.459	0.422
0.979	7.314	0.515	1.074	0.596	0.571	0.618	2.52	0.457	0.422
0.791	7.271	0.518	3.567	0.591	0.571	0.615	2.629	0.454	0.42
0.684	7.175	0.515	5.203	0.591	0.576	0.613	2.72	0.459	0.417
0.601	6.982	0.508	5.813	0.596	0.574	0.61	2.783	0.461	0.415
0.569	6.443	0.505	6.086	0.601	0.574	0.605	2.803	0.466	0.417
0.581	5.53	0.505	6.284	0.601	1.194	0.608	2.773	0.466	0.417
0.593	4.634	0.51	6.47	0.598	2.773	0.608	2.693	0.464	0.417
0.552	3.867	0.508	6.675	0.596	3.142	0.608	2.544	0.461	0.415
0.527	3.157	0.505	7.007	0.596	2.964	0.605	2.393	0.461	0.408
0.51	2.419	0.503	7.356	0.601	2.849	0.605	2.065	0.461	0.41
0.513	1.865	0.5	7.622	0.601	2.932	0.608	1.653	0.466	0.413
0.505	1.494	0.503	7.817	0.601	3.145	0.61	1.333	0.464	0.413
0.5	1.255	0.508	7.932	0.601	3.311	0.613	1.194	0.464	0.415
0.491	1.091	0.51	7.993	0.598	3.459	0.613	1.111	0.459	0.405
0.488	0.881	0.522	7.998	0.596	3.579	0.613	1.096	0.459	0.398
0.491	0.754	0.676	7.92	0.605	3.696	0.61	1.047	0.464	0.391
0.493	0.671	2.253	7.495	0.603	3.799	0.61	1.035	0.469	0.391
0.498	0.62	3.767	6.736	0.603	3.896	0.613	1.025	0.745	0.388
0.496	0.581	4.27	5.674	0.601	3.953	0.615	0.896	1.233	0.388
0.481	0.554	4.341	4.814	0.596	3.921	0.615	0.801	1.487	0.386
0.459	0.537	4.321	4.045	0.593	3.738	0.615	0.74	1.655	0.388
0.464	0.527	4.343	3.391	0.601	3.464	0.61	0.676	1.76	0.391
0.483	0.513	4.451	2.666	0.601	3.13	0.61	0.642	1.833	0.393
0.5	0.508	4.592	2.131	0.603	2.639	0.613	0.623	1.853	0.393
0.5	0.51	4.763	1.748	0.603	2.166	0.615	0.615	1.858	0.391
0.498	0.508	4.919	1.562	0.601	1.758	0.618	0.605	1.843	0.376
0.496	0.503	4.988	1.501	0.598	1.453	0.618	0.598	1.824	0.378
0.5	0.503	5.044	1.252	0.603	1.245	0.61	0.588	1.809	0.388
0.498	0.493	5.063	1.006	0.598	1.096	0.61	0.581	1.78	0.396
0.5	0.493	5.056	0.837	0.601	1.016	0.613	0.579	1.772	0.398
0.481	0.498	4.995	0.737	0.598	0.964	0.615	0.579	1.775	0.396
0.466	0.5	4.736	0.669	0.596	0.898	1.382	0.581	1.753	0.398
0.452	0.496	4.338	0.63	0.598	0.808	2.69	0.579	1.702	1.038
0.447	0.496	3.838	0.608	0.601	0.752	3.196	0.574	1.616	2.336
0.444	0.493	3.376	0.591	0.603	0.696	2.839	0.574	1.604	2.915
0.447	0.486	3.101	0.583	0.605	0.669	2.539	0.574	1.453	2.852
0.447	0.491	2.71	0.571	0.603	0.647	2.354	0.576	1.252	2.725
0.444	0.496	2.266	0.571	0.601	0.635	2.246	0.583	1.106	2.661
0.442	0.498	1.877	0.566	0.601	0.645	2.163	0.574	0.989	2.617
0.442	0.498	1.56	0.552	0.601	0.627	2.063	0.566	0.901	2.607
0.447	0.496	1.387	0.54	0.618	0.596	1.992	0.566	0.784	2.605
0.461	0.496	1.304	0.544	0.981	0.583	1.982	0.569	0.676	2.649
0.466	0.498	1.221	0.544	1.738	0.576	1.982	0.569	0.618	2.683
0.464	0.498	1.055	0.549	2.209	0.571	1.987	0.571	0.574	2.712
0.454	0.491	0.894	0.549	2.48	0.574	1.953	0.564	0.544	2.725
0.447	0.483	0.754	0.547	2.664	0.569	1.851	0.564	0.513	2.734
0.449	0.486	0.664	0.552	2.766	0.566	1.572	0.562	0.491	2.72
0.466	0.491	0.61	0.554	2.778	0.559	1.394	0.559	0.481	2.664
0.476	0.493	0.576	0.554	2.739	0.559	1.311	0.559	0.474	2.368
0.474	0.498	0.557	0.547	2.688	0.554	1.165	0.564	0.461	2.092
0.476	0.5	0.542	0.544	2.634	0.557	1.006	0.562	0.459	1.836
0.479	0.493	0.53	0.542	2.593	0.557	0.889	0.557	0.457	1.509
0.486	0.476	0.527	0.544	2.566	0.552	0.796	0.557	0.457	1.311
0.486	0.474	0.522	0.547	2.544	0.542	0.747	0.562	0.457	1.228
0.483	0.471	0.518	0.547	2.483	0.54	0.72	0.564	0.464	1.045
0.483	0.469	0.508	0.54	2.371	0.544	0.703	0.564	0.457	0.876
0.479	0.471	0.503	0.542	2.251	0.547	0.671	0.562	0.459	0.735
0.481	0.461	0.498	0.532	2.014	0.544	0.645	0.559	0.464	0.62
0.486	0.459	0.505	0.535	1.702	0.547	0.632	0.557	0.464	0.559
0.486	0.464	0.5	0.535	1.448	0.54	0.625	0.559	0.464	0.522
0.483	0.469	0.508	0.535	1.24	0.54	0.623	0.564	0.469	0.479
0.483	0.474	0.515	0.537	1.06	0.549	0.625	0.564	0.459	0.444
0.476	0.471	0.52	0.53	0.935	0.552	0.615	0.564	0.457	0.425
0.481	0.464	0.525	0.522	0.862	0.549	0.61	0.559	0.461	0.417
0.486	0.461	0.53	0.518	0.789	0.552	0.61	0.552	0.461	0.415
0.479	0.466	0.525	0.52	0.725	0.542	0.608	0.552	0.464	0.413
0.479	0.461	0.527	0.525	0.698	0.54	0.61	0.557	0.466	0.408
0.481	0.476	0.535	0.53	0.686	0.542	0.613	0.552	0.461	0.396
0.486	0.967	0.53	0.525	0.676	0.547	0.605	0.552	0.461	0.386
0.486	1.973	0.527	0.515	0.679	0.549	0.601	0.547	0.459	0.381
0.488	2.449	0.527	0.51	0.681	0.552	0.603	0.54	0.461	0.386
0.476	2.637	0.527	0.513	0.654	0.547	0.603	0.542	0.461	0.393
0.457	2.729	0.525	0.518	0.64	0.542	0.605	0.549	0.461	0.396
0.449	2.778	0.522	0.522	0.627	0.544	0.613	0.549	0.454	0.396
0.454	2.798	0.518	0.52	0.613	0.552	0.608	0.552	0.459	0.388
0.459	2.793	0.518	0.52	0.613	0.557	0.605	0.549	0.461	0.393
0.461	2.781	0.52	0.525	0.608	0.559	0.605	0.552	0.469	0.403
0.457	2.81	0.52	0.527	0.608	0.552	0.608	0.549	0.471	0.4
0.444	2.834	0.527	0.53	0.603	0.554	0.613	0.557	0.469	0.386
0.435	2.842	0.53	0.532	0.605	0.562	0.613	0.557	0.466	0.376
0.432	2.844	0.535	0.527	0.598	0.564	0.608	0.557	0.464	0.378
0.454	2.808	0.535	0.525	0.601	0.564	0.603	0.554	0.461	0.376
0.466	2.749	0.527	0.522	0.603	0.559	0.601	0.552	0.464	0.378
0.479	2.627	0.518	0.525	0.603	0.559	0.601	0.557	0.471	0.376
0.483	2.424	0.52	0.784	0.603	0.559	0.605	0.562	0.469	0.376
0.486	2.158	0.52	1.702	0.608	0.564	0.603	0.559	0.464	0.376
0.486	1.77	0.53	2.249	0.601	0.566	0.598	0.559	0.466	0.386
0.491	1.531	0.527	2.385	0.603	0.569	0.596	0.552	0.469	0.388
0.491	1.255	0.518	2.456	0.603	0.566	0.596	0.544	0.469	0.403
0.491	1.047	0.513	2.52	0.603	0.559	0.596	0.547	0.474	0.396
0.493	0.872	0.515	2.595	0.603	0.559	0.605	0.552	0.466	0.391
0.486	0.737	0.518	2.644	0.603	0.566	0.601	0.549	0.464	0.386
0.479	0.659	0.525	2.673	0.601	0.566	0.601	0.547	0.461	0.381
0.486	0.593	0.53	2.683	0.603	0.571	0.598	0.54	0.464	0.386
0.486	0.547	0.52	2.695	0.608	0.559	0.596	0.537	0.466	0.388
0.486	0.53	0.52	2.712	0.603	0.557	0.598	0.537	0.471	0.386
0.483	0.513	0.525	2.742	0.605	0.557	0.608	0.544	0.461	0.386
0.481	0.505	0.527	2.744	0.603	0.562	0.605	0.549	0.461	0.378
0.481	0.491	0.535	2.71	0.603	0.566	0.601	0.544	0.459	0.378
0.493	0.486	0.535	2.729	0.603	0.574	0.596	0.54	0.461	0.381
0.5	0.481	0.527	2.485	0.608	0.566	0.596	0.537	0.464	0.386
1.145	0.479	0.522	2.19	0.61	0.564	0.603	0.552	0.469	0.381
2.483	0.476	0.518	1.843	0.608	0.566	0.613	0.547	0.461	0.376
2.681	0.476	0.522	1.589	0.603	0.564	0.613	0.549	0.457	0.369
2.38	0.471	0.535	1.414	0.601	0.571	0.608	0.554	0.452	0.366
2.192	0.466	0.54	1.204	0.605	0.581	0.605	0.549	0.454	0.374
2.227	0.464	0.537	1.025	0.605	0.591	0.603	0.549	0.459	0.374
2.329	0.461	0.54	0.881	0.605	0.684	0.603	0.554	0.464	0.376
2.454	0.464	0.54	0.767	0.608	0.757	0.608	0.557	0.461	0.376
2.537	0.466	0.542	0.696	0.603	0.852	0.605	0.557	0.454	0.374
2.61	0.466	0.544	0.642	0.603	0.986	0.603	0.552	0.452	0.374
2.671	0.464	0.544	0.605	0.603	1.448	0.601	0.549	0.452	0.381
2.673	0.464	0.537	0.579	0.605	2.261	0.603	0.549	0.454	0.383
2.625	0.466	0.532	0.562	0.605	2.839	0.605	0.557	0.452	0.388
2.461	0.469	0.552	0.569	0.61	3.313	0.608	0.557	0.447	0.386
2.212	0.469	1.636	0.557	0.601	3.845	0.608	0.559	0.447	0.381
1.833	0.464	3.206	0.549	0.598	4.26	0.605	0.557	0.447	0.381
1.477	0.461	3.579	0.54	0.598	4.485	0.603	0.552	0.454	0.386
1.223	0.459	3.154	0.537	0.601	4.568	0.605	0.552	0.459	0.386
1.084	0.459	2.788	0.535	0.605	4.592	0.608	0.557	0.454	0.391
1.013	0.471	2.622	0.542	0.605	4.448	0.608	0.562	0.454	0.388
0.879	0.469	2.629	0.535	0.596	4.058	0.605	0.564	0.452	0.386
0.779	0.466	2.7	0.532	0.593	3.586	0.608	0.562	0.452	0.391
0.676	0.461	2.795	0.53	0.593	3.074	0.61	0.549	0.454	0.4
0.598	0.459	2.864	0.525	0.596	2.61	0.667	0.54	0.461	0.4
0.557	0.459	2.957	0.53	0.601	2.217	0.701	0.532	0.454	0.396
0.518	0.464	3.042	0.535	0.598	1.943	0.894	0.532	0.454	0.391
0.488	0.464	3.049	0.527	0.593	1.677	1.074	0.535	0.454	0.386
0.474	0.459	3.003	0.522	0.598	1.365	1.24	0.537	0.454	0.386
0.454	0.457	2.795	0.518	0.598	1.125	1.855	0.535	0.535	0.393
0.447	0.452	2.473	0.515	0.571	0.957	3.018	0.535	1.685	0.391
0.444	0.454	2.112	0.518	0.537	0.818	4.072	0.544	1.885	0.391
0.439	0.464	1.777	0.522	0.51	0.725	4.634	0.557	1.665	0.386
0.447	0.459	1.575	0.518	0.483	0.667	4.775	0.569	1.567	0.376
0.454	0.454	1.418	0.513	0.471	0.637	4.631	0.574	1.868	0.369
0.454	0.449	1.287	0.51	0.459	0.61	4.241	0.564	2.41	0.366
0.464	0.447	1.096	0.508	0.457	0.593	3.665	0.569	3.196	0.361
0.466	0.447	0.928	0.515	0.505	0.581	3.052	0.571	3.979	0.361
0.464	0.454	0.813	0.513	0.549	0.574	2.463	0.571	4.541	0.361
0.469	0.457	0.742	0.518	0.674	0.574	1.943	0.574	4.744	0.359
0.469	0.454	0.679	0.52	0.889	0.579	1.58	0.566	4.355	0.356
0.464	0.452	0.615	0.52	1.624	0.579	1.265	0.564	3.872	0.354
0.461	0.447	0.571	0.515	1.729	0.579	1.018	0.564	3.376	0.361
0.457	0.452	0.542	0.518	1.736	0.576	0.857	0.564	2.896	0.366
0.459	0.454	0.53	0.513	1.831	0.579	0.767	0.562	2.373	0.366
0.461	0.454	0.525	0.51	2.075	0.583	0.71	0.566	1.934	0.369
0.461	0.452	0.522	0.508	2.456	0.586	0.667	0.566	1.621	0.371
0.464	0.449	0.513	0.508	2.739	0.586	0.627	0.569	1.331	0.371
0.469	0.449	0.513	0.508	3.022	0.583	0.601	0.571	1.079	0.376
0.466	0.452	0.513	0.518	3.408	0.579	0.579	0.559	0.879	0.381
0.464	0.452	0.515	0.52	3.574	0.581	0.581	0.557	0.72	0.381
0.464	0.452	0.522	0.52	3.484	0.588	0.569	0.549	0.598	0.378
0.464	0.449	0.52	0.515	3.257	0.586	0.557	0.557	0.54	0.378
0.469	0.444	0.52	0.513	2.852	0.586	0.544	0.569	0.51	0.378
0.474	0.447	0.52	0.518	2.324	0.583	0.549	0.571	0.488	0.383
0.476	0.449	0.515	0.525	1.917	0.581	0.552	0.569	0.474	0.393
0.476	0.444	0.52	0.52	1.753	0.586	0.554	0.586	0.454	0.391
0.476	0.447	0.53	0.515	1.599	0.591	0.554	0.598	0.442	0.388
0.469	0.449	0.53	0.51	1.438	0.588	0.552	0.603	0.415	0.388
0.469	0.447	0.527	0.505	1.306	0.588	0.552	0.605	0.425	0.386
0.471	0.449	0.522	0.505	1.172	0.586	0.562	0.613	0.444	0.388
0.469	0.454	0.518	0.508	1.06	0.579	0.566	0.61	0.461	0.391
0.469	0.454	0.522	0.51	0.947	0.576	0.571	0.61	0.457	0.391
0.471	0.457	0.532	0.508	0.854	0.586	0.574	0.608	0.447	0.386
0.469	0.457	0.525	0.505	0.757	0.583	0.566	0.605	0.444	0.386
0.471	0.452	0.525	0.508	0.659	0.583	0.564	0.601	0.447	0.381
0.476	0.449	0.518	0.508	0.623	0.579	0.569	0.593	0.444	0.386
0.476	0.457	0.513	0.515	0.581	0.576	0.569	0.588	0.442	0.371
0.474	0.459	0.51	0.515	0.537	0.581	0.571	0.586	0.439	0.396
0.476	0.457	0.515	0.515	0.522	0.586	0.569	0.593	0.432	0.396
0.471	0.452	0.508	0.515	0.498	0.583	0.564	0.596	0.43	0.4
0.474	0.444	0.505	0.518	0.481	0.581	0.562	0.598	0.437	0.396
0.474	0.444	0.5	0.525	0.483	0.576	0.564	0.593	0.439	0.4
0.476	0.447	0.505	0.525	0.486	0.571	0.566	0.596	0.444	0.4
0.476	0.452	0.51	0.525	0.525	0.574	0.574	0.601	0.442	0.4
0.479	0.457	0.515	0.527	0.491	0.576	0.574	0.603	0.439	0.398
0.476	0.457	0.513	0.525	0.496	0.576	0.579	0.603	0.442	0.396
0.479	0.454	0.513	0.525	0.491	0.574	0.574	0.605	0.447	0.396
0.481	0.454	0.513	0.53	0.496	0.574	0.566	0.598	0.449	0.4
0.479	0.449	0.513	0.527	0.496	0.569	0.564	0.601	0.447	0.403
0.479	0.454	0.518	0.527	0.491	0.569	0.566	0.745	0.435	0.4
0.474	0.457	0.52	0.53	0.483	0.569	0.562	1.682	0.432	0.4
0.469	0.454	0.52	0.52	0.479	0.569	0.559	2.2	0.432	0.393
0.469	0.449	0.52	0.52	0.481	0.569	0.557	2.192	0.439	0.388
0.471	0.449	0.52	0.522	0.486	0.569	0.559	2.1	0.437	0.391
0.474	0.447	0.522	0.62	0.479	0.569	0.559	2.075	0.437	0.391
0.474	0.454	0.53	0.735	0.471	0.574	0.566	2.058	0.435	0.391
0.469	0.457	0.53	1.118	0.469	0.576	0.569	2.046	0.435	0.391
0.466	0.454	0.532	1.538	0.469	0.579	0.571	2.031	0.442	0.386
0.466	0.452	0.53	2.146	0.474	0.576	0.579	2.024	0.437	0.386
0.466	0.449	0.527	3.069	0.479	0.574	0.579	2.009	0.439	0.388
0.469	0.447	0.522	4.023	0.476	0.571	0.581	2.004	0.439	0.388
0.471	0.449	0.525	4.607	0.474	0.574	0.581	2.002	0.437	0.386
0.457	0.447	0.525	4.846	0.469	0.571	0.581	1.99	0.437	0.405
0.454	0.442	0.527	4.968	0.464	0.571	0.574	1.86	0.437	0.388
0.454	0.439	0.527	4.998	0.464	0.566	0.574	1.548	0.437	0.405
0.454	0.444	0.52	4.946	0.469	0.562	0.569	1.338	0.442	0.449
0.454	0.444	0.518	4.629	0.469	0.557	0.593	1.157	0.444	0.82
0.457	0.447	0.525	4.065	0.466	0.564	0.62	1.062	0.439	2.832
0.449	0.449	0.522	3.372	0.461	0.562	1.362	1.047	0.437	2.922
0.449	0.454	0.527	2.664	0.457	0.569	2.051	0.952	0.439	2.463
0.454	0.447	0.52	2.095	0.457	0.571	1.843	0.852	0.435	2.371
0.466	0.449	0.513	1.675	0.454	0.571	1.521	0.781	0.435	2.817
0.474	0.442	0.51	1.326	0.454	0.571	1.362	0.74	0.437	3.281
0.474	0.447	0.508	1.067	0.452	0.576	1.333	0.708	0.432	3.733
0.471	0.449	0.503	0.874	0.447	0.571	1.375	0.703	0.432	4.204
0.466	0.444	0.5	0.75	0.444	0.574	1.404	0.684	0.437	4.629
0.461	0.439	0.5	0.671	0.444	0.571	1.411	0.659	0.437	4.736
0.461	0.442	0.503	0.62	0.442	0.564	1.394	0.64	0.439	4.529
0.459	0.442	0.508	0.588	0.442	0.564	1.34	0.627	0.439	4.265
0.459	0.449	0.496	0.571	0.439	0.562	1.226	0.623	0.437	4.001
0.449	0.452	0.508	0.554	0.435	0.564	1.221	0.62	0.437	3.806
0.449	0.452	0.491	0.547	0.439	0.566	1.184	0.62	0.439	3.54
0.449	0.452	0.488	0.54	0.447	0.569	1.125	0.583	0.439	3.145
0.452	0.449	0.483	0.54	0.447	0.569	1.086	0.566	0.442	2.598
0.464	0.452	0.488	0.54	0.452	0.569	1.028	0.571	0.442	2.1
0.474	0.457	0.483	0.542	0.454	0.566	0.916	0.583	0.442	1.689
0.479	0.457	0.486	0.54	0.447	0.569	0.811	0.588	0.442	1.411
0.479	0.642	0.486	0.53	0.444	0.571	0.735	0.601	0.439	1.245
0.481	0.803	0.483	0.527	0.452	0.566	0.684	0.593	0.474	1.125
0.488	1.108	0.481	0.515	0.452	0.574	0.652	0.593	0.579	0.937
0.496	2.195	0.493	0.515	0.449	0.588	0.637	0.596	2.002	0.786
0.491	2.729	0.591	0.52	0.449	0.588	0.635	0.601	2.502	0.703
0.488	2.686	0.886	0.518	0.442	0.801	0.632	0.598	1.821	0.635
0.486	2.664	1.968	0.518	0.442	0.933	0.627	0.601	1.301	0.605
0.488	2.654	2.036	0.515	0.452	1.033	0.603	0.593	0.981	0.576
0.488	2.849	1.76	0.508	0.459	1.221	0.588	0.591	0.815	0.562
0.493	3.125	1.802	0.503	0.486	1.416	0.586	0.593	0.745	0.547
0.488	3.689	2.029	0.505	0.476	1.57	0.579	0.588	0.708	0.547
0.483	4.229	2.1	0.5	0.466	1.858	0.576	0.593	0.701	0.525
0.481	4.5	2.141	0.493	0.464	2.136	0.598	0.593	0.745	0.508
0.481	4.438	2.166	0.491	0.469	2.354	0.605	0.591	0.786	0.505
0.486	4.202	2.187	0.488	0.479	2.551	0.61	0.591	0.803	0.53
0.491	3.799	2.144	0.488	0.5	2.72	0.615	0.593	0.803	0.518
0.486	3.381	1.951	0.493	0.527	2.827	0.615	0.596	0.774	0.52
0.481	3.013	1.714	0.488	0.537	2.893	0.62	0.603	0.71	0.515
0.479	2.542	1.543	0.488	0.564	2.942	0.63	0.598	0.627	0.508
0.481	2.031	1.426	0.486	0.623	2.966	0.625	0.593	0.593	0.508
0.486	1.677	1.304	0.479	0.83	2.937	0.625	0.591	0.696	0.508
0.491	1.531	1.194	0.479	1.687	2.664	0.625	0.596	0.732	0.508
0.486	1.423	1.094	0.479	1.631	2.354	0.632	0.596	0.752	0.508
0.481	1.316	0.979	0.479	1.304	2.048	0.632	0.601	0.757	0.503
0.476	1.182	0.857	0.476	1.086	1.702	0.632	0.596	0.706	0.5
0.481	0.994	0.73	0.474	1.001	1.526	0.627	0.593	0.649	0.486
0.483	0.82	0.649	0.476	0.984	1.453	0.62	0.593	0.593	0.496
0.486	0.728	0.601	0.479	0.979	1.392	0.615	0.591	0.542	0.498
0.481	0.635	0.571	0.488	0.959	1.34	0.618	0.596	0.505	0.491
0.483	0.583	0.54	0.491	0.928	1.304	0.613	0.601	0.483	0.488
0.481	0.562	0.537	0.491	0.908	1.194	0.613	0.596	0.466	0.483
0.483	0.542	0.542	0.479	0.886	1.057	0.608	0.593	0.459	0.481
0.491	0.498	0.537	0.479	0.869	0.935	0.605	0.588	0.454	0.486
0.488	0.471	0.537	0.479	0.82	0.798	0.608	0.603	0.442	0.493
0.488	0.469	0.544	0.479	0.752	0.715	0.613	0.62	0.432	0.496
0.486	0.474	0.554	0.479	0.681	0.669	0.608	0.635	0.396	0.498
0.483	0.461	0.554	0.483	0.63	0.635	0.601	0.632	0.393	0.496
0.486	0.457	0.554	0.479	0.586	0.62	0.598	0.635	0.408	0.496
0.496	0.454	0.557	0.483	0.566	0.593	0.601	0.627	0.417	0.498
0.491	0.459	0.552	0.483	0.554	0.564	0.601	0.623	0.422	0.5
0.491	0.461	0.552	0.481	0.544	0.552	0.605	0.623	0.432	0.491
0.486	0.459	0.559	0.481	0.559	0.547	0.613	0.625	0.425	0.483
0.483	0.461	0.557	0.498	0.569	0.549	0.605	0.62	0.417	0.476
0.483	0.457	0.554	0.505	0.566	0.547	0.598	0.615	0.425	0.471
0.493	0.452	0.557	0.513	0.571	0.562	0.598	0.615	0.432	0.476
0.483	0.447	0.552	0.549	0.576	0.574	0.598	0.61	0.435	0.486
0.488	0.452	0.557	0.662	0.574	0.588	0.598	0.618	0.439	0.481
0.483	0.464	0.544	0.889	0.571	0.62	0.601	0.618	0.432	0.483
0.481	0.466	0.547	1.038	0.557	0.757	0.596	0.62	0.43	0.481
0.483	0.447	0.552	1.04	0.554	0.884	0.596	0.62	0.432	0.481
0.491	0.437	0.554	0.999	0.559	0.957	0.596	0.63	0.432	0.493
0.491	0.435	0.552	0.994	0.552	1.011	0.591	0.637	0.435	0.503
0.491	0.435	0.554	0.974	0.554	1.125	0.586	0.645	0.435	0.5
0.486	0.43	0.559	0.972	0.559	1.265	0.588	0.642	0.427	0.503
0.483	0.425	0.564	0.984	0.557	1.36	0.586	0.642	0.42	0.498
0.486	0.42	0.559	1.001	0.554	1.36	0.583	0.752	0.464	0.498
0.493	0.415	0.559	1.021	0.557	1.282	0.583	0.857	0.483	0.498
0.486	0.417	0.549	1.035	0.562	1.235	0.586	1.309	0.476	0.5
0.483	0.425	0.557	1.033	0.564	1.23	0.588	1.965	0.491	0.498
0.479	0.432	0.562	0.972	0.564	1.255	0.598	1.829	0.591	0.503
0.474	0.435	0.557	0.894	0.559	1.27	0.583	1.667	0.708	0.498
0.474	0.435	0.559	1.042	0.562	1.292	0.581	1.689	0.762	0.5
0.479	0.435	0.562	1.201	0.571	1.279	0.579	2.029	0.771	0.508
0.479	0.437	0.557	1.248	0.576	1.24	0.579	2.3	0.789	0.51
0.481	0.439	0.564	1.189	0.574	1.165	0.581	2.48	0.83	0.51
0.476	0.442	0.566	1.079	0.574	1.084	0.588	2.688	0.85	0.513
0.476	0.437	0.571	0.974	0.569	1.006	0.586	2.786	0.898	0.508
0.481	0.432	0.576	0.854	0.569	0.952	0.581	2.847	1.03	0.508
0.486	0.432	0.571	0.776	0.571	0.867	0.579	2.732	1.152	0.52
0.491	0.432	0.571	0.701	0.571	0.813	0.583	2.454	1.235	0.52
0.488	0.435	0.576	0.659	0.569	0.801	0.579	2.17	1.243	0.522
0.486	0.439	0.583	0.64	0.569	0.811	0.54	1.873	1.228	0.52
0.486	0.435	0.588	0.613	0.562	0.796	0.52	1.553	1.226	0.52
0.491	0.43	0.591	0.591	0.562	0.786	0.508	1.353	1.235	0.52
0.491	0.425	0.588	0.581	0.562	0.835	0.5	1.218	1.248	0.527
0.493	0.425	0.586	0.571	0.564	0.867	0.496	1.104	1.27	0.525
0.496	0.43	0.586	0.576	0.562	0.884	0.527	0.906	1.304	0.527
0.488	0.439	0.583	0.574	0.562	0.886	0.542	0.747	1.333	0.52
0.488	0.43	0.583	0.564	0.554	0.847	0.564	0.645	1.333	0.518
0.496	0.427	0.586	0.566	0.554	0.789	0.571	0.581	1.292	0.52
0.491	0.422	0.576	0.562	0.559	0.701	0.574	0.544	1.204	0.525
0.491	0.422	0.574	0.566	0.562	0.649	0.581	0.53	1.106	0.522
0.491	0.425	0.574	0.579	0.566	0	0.591	0.518	0.937	0.522
0.486	0.43	0.574	0.586	0.564	0	0.586	0.51	0.83	0.515
0.486	0.425	0.588	0.581	0.562	0	0.579	0.498	0.767	0.513
0.493	0.422	0.61	0.576	0.559	0	0.566	0.486	0.71	0.515
0.493	0.417	1.011	0.571	0.562	0	0.562	0.479	0.686	0.52
0.496	0.415	1.426	0.571	0.559	0	0.569	0.483	0.652	0.52
0.493	0.417	1.257	0.571	0.557	0	0.581	0.483	0	0.52
0.491	0.422	1.128	0.569	0.554	0	0.576	0.483	0	0.518
0.493	0.42	1.047	0.566	0.549	0	0.579	0.483	0	0.515
0.498	0.415	1.021	0.569	0.544	0	0.574	0.481	0	0.515
0.498	0.415	1.028	0.566	0.54	0	0.571	0.476	0	0.518
0.5	0.417	1.052	0.571	0.535	0	0.574	0.481	0	0.52
0.5	0.425	1.074	0.579	0.537	0	0.579	0.479	0	0.518
0.515	0.422	1.089	0.576	0.525	0	0.569	0.481	0	0.513
0.688	0.42	1.091	0.574	0.518	0	0.581	0.479	0	0.513
1.948	0.415	1.055	0.574	0.51	0	0.583	0.476	0	0.52
2.405	0.415	0.972	0.574	0.51	0	0.591	0.474	0	0.522
2.153	0.415	1.033	0.576	0.518	0	0.596	0.476	0	0.522
1.96	0.42	1.133	0.581	0.527	0	0.596	0.476	0	0.525
1.968	0.42	1.152	0.576	0.527	0	0.591	0.479	0	0.522
2.19	0.422	1.074	0.571	0.535	0	0.586	0.476	0	0.52
2.478	0.425	0.933	0.569	0.537	0	0.576	0.474	0	0.525
3.083	0.425	0.82	0.566	0.54	0	0.576	0.469	0	0.525
3.635	0.425	0.723	0.564	0.535	0	0.581	0.474	0	0.527
3.909	0.435	0.667	0.569	0.547	0	0.583	0.471	0	0.525
3.926	0.432	0.632	0.557	0.53	0	0.583	0.474	0	0.522
3.652	0.43	0.613	0.562	0.515	0	0.579	0.469	0	0.52
3.328	0.425	0.593	0.564	0.51	0	0.574	0.461	0	0.527
2.971	0.43	0.576	0.564	0.51	0	0.574	0.459	0	0.522
2.593	0.439	0.564	0.596	0.508	0	0.576	0.459	0	0.525
2.168	0.442	0.557	0.62	0.518	0	0.554	0.464	0	0.522
1.887	0.437	0.552	0.61	0.503	0	0.566	0.469	0	0.515
1.646	0.442	0.544	0.603	0.496	0	0.569	0.469	0	0.515
1.411	0.444	0.53	0.596	0.498	0	0.569	0.464	0	0.522
1.221	0.442	0.522	0.625	0.515	0	0.574	0.461	0	0.527
1.018	0.442	0.518	0.701	0.549	0	0.583	0.459	0	0.532
0.806	0.449	0.508	0.859	0.583	0	0.583	0.461	0	0.53
0.723	0.452	0.491	0.95	0.608	0	0.588	0.471	0	0.525
0.664	0.452	0.483	0.984	0.745	0	0.581	0.5	0	0.525
0.64	0.449	0.469	0.967	0.84	0	0.576	1.709	0	0.53
0.581	0.452	0.466	0.913	0.911	0	0.579	3.479	0	0.527
0.537	0.454	0.469	0.889	0.959	0	0.574	3.088	0	0.532
0.518	0.459	0.479	0.925	0.977	0	0.552	2.739	0	0.53
0.508	0.457	0.488	0.937	1.016	0	0.532	2.681	0	0.525
0.503	0.452	0.488	0.93	1.143	0	0.513	2.9	0	0.522
0.498	0.447	0.486	0.928	1.204	0	0.483	3.125	0	0.532
0.491	0.447	0.486	0.93	1.218	0	0.5	3.281	0	0.537
0.493	0.454	0.486	0.937	1.206	0	0.532	3.342	0	0.801
0.496	0.459	0.491	0.933	1.169	0	0.554	3.35	0	1.143
0.491	0.459	0.491	0.911	1.165	0	0.566	3.24	0	1.211
0.479	0.459	0.503	0.891	1.147	0	0.566	3.088	0	1.162
0.469	0.457	0.505	0.884	1.133	0	0.571	2.876	0	1.152
0.471	0.457	0.505	0.886	1.118	0	0.571	2.583	0	1.204
0.469	0.457	0.5	0.872	1.091	0	0.574	2.288	0	1.343
0.464	0.457	0.5	0.85	1.03	0	0.576	2.007	0	1.458
0.464	0.454	0.505	0.808	0.989	0	0.581	1.746	0	1.497
0.461	0.452	0.486	0.771	0.967	0	0.581	1.489	0	1.536
0.461	0.447	0.5	0.723	0.889	0	0.581	1.272	0	1.58
0.466	0.449	0.5	0.684	0.828	0	0.583	1.03	0	1.602
0.469	0.454	0.505	0.645	0.808	0	0.583	0.874	0	1.619
0.471	0.454	0.52	0.613	0.801	0	0.586	0.786	0	1.538
0.464	0.454	0.53	0.591	0.842	0	0.586	0.706	0	1.411
0.457	0.457	0.532	0.569	0.857	0	0.586	0.637	0	1.311
0.452	0.454	0.527	0.557	0.818	0	0.586	0.564	0	1.245
0.449	0.454	0.518	0.549	0.745	0	0.593	0.522	0	1.252
0.452	0.464	0.508	0	0.698	0	0.591	0.493	0	1.243
0.454	0.466	0.503	0	0.667	0	0.593	0.479	0	1.179
0.454	0.469	0.51	0	0.642	0	0.593	0.476	0	1.077
0.444	0.454	0.503	0	0.635	0	0.588	0.461	0	0.989
0.444	0.437	0.508	0	0.625	0	0.581	0.447	0	0.891
0.449	0.439	0.51	0	0.623	0	0.586	0.444	0	0.791
0.449	0.449	0.505	0	0.623	0	0.583	0.449	0	0.71
0.452	0.452	0.505	0	0.618	0	0.579	0.459	0	0.654
0.454	0.457	0.505	0	0	0	0.581	0.469	0	0.623
0.449	0.457	0.5	0	0	0	0.579	0.476	0	0.608
0.444	0.454	0.498	0	0	0	0.574	0.479	0	0.591
0.447	0.452	0.5	0	0	0	0.579	0.476	0	0.581
0.444	0.454	0.496	0	0	0	0.579	0.464	0	0.574
0.449	0.452	0.491	0	0	0	0.583	0.459	0	0.576
0.444	0.454	0.498	0	0	0	0.583	0.457	0	0.576
0.449	0.449	0.496	0	0	0	0.583	0.454	0	0.574
0.461	0.447	0.491	0	0	0	0.586	0.454	0	0.571
0.469	0.444	0.481	0	0	0	0.591	0.452	0	0.571
0.476	0.447	0.476	0	0	0	0.591	0.454	0	0.569
0.479	0.449	0.479	0	0	0	0.596	0.459	0	0.569
0.476	0.454	0.481	0	0	0	0.596	0.457	0	0.571
0.471	0.449	0.486	0	0	0	0.593	0.459	0	0.559
0.469	0.449	0.486	0	0	0	0.591	0.442	0	0.552
0.464	0.449	0.488	0	0	0	0.588	0.432	0	0.535
0.464	0.457	0.483	0	0	0	0.593	0.435	0	0.515
0.461	0.457	0.486	0	0	0	0.596	0.454	0	0.508
0.461	0.457	0.493	0	0	0	0.596	0.474	0	0.498
0.452	0.454	0.498	0	0	0	0.593	0.479	0	0.53
0.457	0.449	0.491	0	0	0	0.593	0.486	0	0.625
0.474	0.454	0.488	0	0	0	0.593	0.483	0	0.811
0.967	0.447	0.493	0	0	0	0.596	0.486	0	0.884
1.345	0.449	0.498	0	0	0	0.598	0.491	0	0.889
1.077	0.449	0.5	0	0	0	0.601	0.493	0	0.906
0.867	0.449	0.503	0	0	0	0.598	0.493	0	0.959
0.828	0.449	0.498	0	0	0	0.596	0.493	0	1.018
0.981	0.452	0.493	0	0	0	0.588	0.486	0	1.091
1.111	0.452	0.496	0	0	0	0.593	0.488	0	1.157
1.221	0.454	0.503	0	0	0	0.598	0.469	0	1.172
1.294	0.459	0.513	0	0	0	0.601	0.469	0	1.189
1.365	0.457	0.508	0	0	0	0.601	0.476	0	1.184
1.406	0.457	0.5	0	0	0	0.603	0.459	0	1.187
1.445	0.459	0.486	0	0	0	0.598	0.469	0	1.179
1.382	0.459	0.474	0	0	0	0.598	0.554	0	1.174
1.272	0.461	0.474	0	0	0	0.603	0.664	0	1.15
1.16	0.464	0.471	0	0	0	0.605	0.774	0	1.138
1.028	0.464	0.479	0	0	0	0.603	0.864	0	1.113
0.884	0.459	0.474	0	0	0	0.605	0.894	0	1.099
0.906	0.464	0.461	0	0	0	0.603	0.906	0	1.084
0.984	0.464	0.457	0	0	0	0.603	0.969	0	1.079
1.03	0.469	0.457	0	0	0	0.605	1.028	0	1.069
1.008	0.466	0.449	0	0	0	0.605	1.06	0	1.028
0.962	0.466	0.449	0	0	0	0.603	1.074	0	0.916
0.83	0.461	0.444	0	0	0	0.603	1.064	0	0.847
0.732	0.461	0.427	0	0	0	0.601	1.03	0	0.815
0.649	0.464	0.425	0	0	0	0.601	0.984	0	0.769
0.591	0.466	0.435	0	0	0	0.603	0.957	0	0.72
0.552	0.464	0.469	0	0	0	0.601	0.937	0	0
0.532	0.464	0.481	0	0	0	0.603	0.967	0	0
0.518	0.461	0.513	0	0	0	0.596	0.969	0	0
0.515	0.459	0.61	0	0	0	0.598	0.969	0	0
0.518	0.461	0.681	0	0	0	0.596	0.964	0	0
0.505	0.461	0.74	0	0	0	0.596	0.925	0	0
0.493	0.461	0.828	0	0	0	0.596	0.872	0	0
0.491	0.461	0.894	0	0	0	0.596	0.82	0	0
0.488	0.471	0.925	0	0	0	0.586	0.789	0	0
0.481	0.498	1.03	0	0	0	0.586	0.764	0	0
0.483	1.238	1.086	0	0	0	0.583	0.757	0	0
0.474	1.917	1.196	0	0	0	0.586	0.769	0	0
0.466	2.068	1.248	0	0	0	0.588	0.791	0	0
0.459	2.09	1.292	0	0	0	0.591	0.796	0	0
0.464	2.134	1.338	0	0	0	0.593	0.752	0	0
0.466	2.2	1.36	0	0	0	0.596	0.674	0	0
0.464	2.295	1.377	0	0	0	0.625	0.605	0	0
0.471	2.412	1.37	0	0	0	0.645	0	0	0
0.479	2.559	1.379	0	0	0	0.715	0	0	0
0.481	2.612	1.357	0	0	0	0.796	0	0	0
0.481	2.715	1.289	0	0	0	0.869	0	0	0
0.481	2.908	1.199	0	0	0	0.94	0	0	0
0.483	3.022	1.096	0	0	0	0.991	0	0	0
0.474	3.101	0.986	0	0	0	0.986	0	0	0
0.471	3.169	0.918	0	0	0	0.989	0	0	0
0.471	3.225	0.874	0	0	0	0.979	0	0	0
0.479	3.203	0.833	0	0	0	0.984	0	0	0
0.479	3.105	0.847	0	0	0	1.013	0	0	0
0.481	2.869	0.842	0	0	0	1.035	0	0	0
0.522	2.471	0.806	0	0	0	1.033	0	0	0
0.547	2.029	0.789	0	0	0	1.023	0	0	0
0.542	1.724	0.737	0	0	0	1.011	0	0	0
0.542	1.467	0	0	0	0	0.989	0	0	0
0.544	1.289	0	0	0	0	0.981	0	0	0
0.64	1.184	0	0	0	0	0.984	0	0	0
0.752	1.096	0	0	0	0	0.986	0	0	0
0.85	0.977	0	0	0	0	0.977	0	0	0
0.911	0.842	0	0	0	0	0.95	0	0	0
0.989	0.701	0	0	0	0	0.933	0	0	0
1.033	0.625	0	0	0	0	0.908	0	0	0
1.101	0.574	0	0	0	0	0.876	0	0	0
1.165	0.542	0	0	0	0	0.852	0	0	0
1.262	0.518	0	0	0	0	0.815	0	0	0
1.338	0.503	0	0	0	0	0.747	0	0	0
1.392	0.491	0	0	0	0	0.688	0	0	0
1.401	0.471	0	0	0	0	0.654	0	0	0
1.379	0.457	0	0	0	0	0.637	0	0	0
1.309	0.483	0	0	0	0	0.627	0	0	0
1.233	0.5	0	0	0	0	0	0	0	0
1.165	0.522	0	0	0	0	0	0	0	0
1.106	0.51	0	0	0	0	0	0	0	0
1.064	0.496	0	0	0	0	0	0	0	0
1.011	0.603	0	0	0	0	0	0	0	0
0.957	0.789	0	0	0	0	0	0	0	0
0.918	0.876	0	0	0	0	0	0	0	0
0.903	0.994	0	0	0	0	0	0	0	0
0.886	1.067	0	0	0	0	0	0	0	0
0.867	1.094	0	0	0	0	0	0	0	0
0.83	1.199	0	0	0	0	0	0	0	0
0.786	1.45	0	0	0	0	0	0	0	0
0.742	1.724	0	0	0	0	0	0	0	0
0.686	1.995	0	0	0	0	0	0	0	0
0.623	2.17	0	0	0	0	0	0	0	0
0.581	2.332	0	0	0	0	0	0	0	0
0.552	2.429	0	0	0	0	0	0	0	0
0.535	2.434	0	0	0	0	0	0	0	0
0.52	2.283	0	0	0	0	0	0	0	0
0.513	2.048	0	0	0	0	0	0	0	0
0	1.855	0	0	0	0	0	0	0	0
0	1.672	0	0	0	0	0	0	0	0
0	1.526	0	0	0	0	0	0	0	0
0	1.365	0	0	0	0	0	0	0	0
0	1.26	0	0	0	0	0	0	0	0
0	1.172	0	0	0	0	0	0	0	0
0	1.072	0	0	0	0	0	0	0	0
0	0.952	0	0	0	0	0	0	0	0
0	0.884	0	0	0	0	0	0	0	0
0	0.835	0	0	0	0	0	0	0	0
0	0.811	0	0	0	0	0	0	0	0
0	0.762	0	0	0	0	0	0	0	0
0	0.715	0	0	0	0	0	0	0	0
0	0.654	0	0	0	0	0	0	0	0
0	0.593	0	0	0	0	0	0	0	0
0	0.542	0	0	0	0	0	0	0	0
0	0.518	0	0	0	0	0	0	0	0
