0.203	0.2	0.203	0.21	0.21	0.208	0.21	0.205	0.203	0.208
0.21	0.203	0.205	0.205	0.208	0.208	0.21	0.205	0.195	0.208
0.205	0.203	0.205	0.208	0.21	0.208	0.21	0.208	0.2	0.203
0.205	0.2	0.203	0.208	0.208	0.208	0.208	0.212	0.198	0.2
0.203	0.2	0.21	0.208	0.21	0.212	0.208	0.208	0.2	0.21
0.205	0.2	0.2	0.208	0.212	0.21	0.208	0.205	0.2	0.208
0.203	0.203	0.203	0.205	0.208	0.208	0.208	0.203	0.2	0.205
0.215	0.2	0.2	0.208	0.212	0.208	0.208	0.203	0.205	0.21
0.2	0.2	0.203	0.21	0.212	0.21	0.208	0.205	0.2	0.205
0.2	0.2	0.203	0.208	0.2	0.21	0.21	0.208	0.2	0.208
0.203	0.2	0.203	0.208	0.208	0.205	0.21	0.203	0.2	0.205
0.203	0.205	0.205	0.208	0.21	0.21	0.215	0.203	0.203	0.21
0.203	0.198	0.205	0.208	0.208	0.208	0.212	0.205	0.2	0.203
0.205	0.198	0.203	0.208	0.21	0.205	0.21	0.205	0.203	0.208
0.203	0.203	0.203	0.208	0.21	0.21	0.21	0.205	0.198	0.208
0.203	0.2	0.203	0.208	0.21	0.21	0.21	0.208	0.2	0.208
0.198	0.198	0.203	0.208	0.208	0.21	0.208	0.205	0.2	0.21
0.205	0.2	0.2	0.208	0.208	0.208	0.21	0.208	0.2	0.208
0.205	0.205	0.205	0.21	0.21	0.205	0.21	0.205	0.203	0.21
0.203	0.32	0.198	0.208	0.208	0.208	0.208	0.205	0.2	0.21
0.205	0.713	0.2	0.208	0.21	0.21	0.215	0.205	0.2	0.208
0.203	1.802	0.203	0.208	0.21	0.21	0.21	0.205	0.203	0.208
0.205	5.349	0.203	0.208	0.21	0.21	0.21	0.205	0.2	0.21
0.203	8.169	0.266	0.21	0.21	0.208	0.205	0.205	0.203	0.208
0.205	9.253	0.62	0.208	0.21	0.208	0.21	0.2	0.203	0.212
0.203	9.255	4.163	0.208	0.212	0.227	0.21	0.22	0.215	0.21
0.215	9.255	9.238	0.21	0.234	0.393	0.215	0.293	0.283	0.31
0.293	9.255	9.258	0.212	0.386	2	0.254	1.082	0.759	0.669
0.874	9.255	9.253	0.234	1.377	9.055	0.652	5.562	2.598	1.77
5.234	9.25	9.255	0.728	6.37	9.253	3.062	9.246	5.579	4.814
9.243	9.253	9.263	2.893	9.248	9.253	7.458	9.265	6.992	6.76
9.255	8.186	9.25	7.153	9.253	9.255	9.114	8.708	7.187	7.351
9.255	7.041	9.253	8.298	9.255	9.253	9.253	8.301	6.782	7.297
9.277	6.174	9.253	8.149	9.25	9.253	9.255	8.123	6.511	7.317
9.26	5.212	9.26	7.637	9.255	9.258	9.255	7.998	6.345	7.361
9.255	4.27	9.255	7.249	9.255	9.253	9.255	7.876	6.252	7.383
9.258	3.606	9.253	6.96	9.255	9.26	9.255	7.773	6.104	7.385
9.253	2.998	9.072	6.716	9.253	9.263	9.258	7.266	5.669	7.166
9.258	2.485	8.154	6.47	9.26	8.479	9.263	6.477	5.076	6.56
9.26	1.973	7.097	6.096	9.121	7.354	9.038	5.723	4.456	5.803
8.926	1.379	6.143	5.608	8.186	6.125	8.103	5.317	3.96	5.112
8.125	0.979	5.535	5.159	7.297	5.149	7.156	4.766	3.315	4.536
7.209	0.808	4.929	4.568	6.511	4.131	6.26	3.906	2.793	4.075
6.257	0.671	4.072	3.879	5.94	3.306	5.271	3.264	2.412	3.364
5.298	0.5	3.374	3.33	5.383	2.603	4.246	2.732	2.017	2.812
4.421	0.391	2.737	2.954	4.468	2.007	3.389	2.236	1.45	2.395
3.604	0.32	2.207	2.478	3.708	1.523	2.72	1.587	1.104	1.87
2.9	0.288	1.672	1.97	3.13	1.133	2.263	1.179	0.898	1.313
2.354	0.256	1.233	1.523	2.59	0.793	1.899	0.925	0.693	1.04
1.875	0.239	0.996	1.135	2.131	0.642	1.414	0.735	0.515	0.862
1.392	0.225	0.85	0.896	1.589	0.544	1.086	0.588	0.398	0.715
1.077	0.22	0.64	0.764	1.101	0.449	0.95	0.449	0.325	0.527
0.94	0.215	0.481	0.62	0.845	0.364	0.835	0.361	0.288	0.413
0.811	0.21	0.378	0.466	0.684	0.305	0.61	0.3	0.251	0.334
0.613	0.205	0.322	0.374	0.564	0.276	0.466	0.273	0.234	0.288
0.464	0.212	0.276	0.312	0.442	0.254	0.371	0.247	0.225	0.259
0.381	0.212	0.251	0.276	0.359	0.237	0.31	0.234	0.217	0.239
0.327	0.205	0.234	0.251	0.303	0.229	0.278	0.225	0.215	0.229
0.295	0.205	0.222	0.237	0.278	0.225	0.254	0.22	0.215	0.222
0.273	0.208	0.222	0.227	0.281	0.225	0.237	0.217	0.21	0.217
0.266	0.208	0.217	0.22	0.256	0.22	0.229	0.215	0.205	0.215
0.261	0.208	0.212	0.222	0.239	0.217	0.225	0.21	0.205	0.21
0.249	0.205	0.21	0.217	0.229	0.215	0.22	0.21	0.208	0.208
0.247	0.205	0.21	0.215	0.222	0.212	0.215	0.208	0.203	0.21
0.242	0.205	0.205	0.215	0.22	0.22	0.215	0.208	0.195	0.208
0.239	0.205	0.208	0.217	0.217	0.215	0.215	0.203	0.203	0.205
0.237	0.205	0.205	0.217	0.22	0.215	0.215	0.205	0.205	0.205
0.237	0.203	0.205	0.212	0.215	0.212	0.215	0.208	0.205	0.205
0.222	0.205	0.205	0.21	0.215	0.212	0.21	0.205	0.203	0.208
0.217	0.203	0.205	0.21	0.212	0.21	0.212	0.208	0.205	0.203
0.215	0.203	0.198	0.212	0.212	0.21	0.21	0.205	0.208	0.205
0.212	0.203	0.205	0.215	0.215	0.21	0.212	0.208	0.203	0.208
0.208	0.2	0.208	0.212	0.215	0.21	0.21	0.21	0.205	0.2
0.208	0.203	0.205	0.208	0.212	0.208	0.215	0.21	0.208	0.205
0.208	0.2	0.208	0.21	0.21	0.208	0.212	0.21	0.205	0.203
0.205	0.198	0.205	0.208	0.212	0.21	0.21	0.208	0.203	0.227
0.203	0.2	0.205	0.21	0.21	0.21	0.212	0.208	0.2	0.205
0.205	0.325	0.205	0.21	0.205	0.21	0.21	0.208	0.203	0.205
0.205	0.542	0.203	0.21	0.21	0.212	0.21	0.198	0.203	0.205
0.208	1.672	0.203	0.21	0.212	0.21	0.212	0.203	0.198	0.203
0.203	5.522	0.205	0.21	0.21	0.212	0.212	0.203	0.2	0.203
0.203	7.358	0.203	0.208	0.212	0.212	0.212	0.2	0.203	0.203
0.205	7.544	0.212	0.21	0.21	0.21	0.21	0.203	0.2	0.2
0.205	7.588	0.256	0.215	0.21	0.21	0.208	0.2	0.2	0.203
0.203	7.578	0.684	0.21	0.21	0.21	0.21	0.2	0.22	0.2
0.203	7.588	3.901	0.21	0.212	0.237	0.212	0.2	0.339	0.205
0.2	7.593	7.053	0.21	0.212	0.41	0.247	0.234	0.439	0.278
0.205	7.642	6.895	0.212	0.21	0.532	0.483	0.364	0.62	0.369
0.203	7.668	6.707	0.208	0.21	1.06	0.605	0.898	1.68	0.564
0.4	7.585	6.753	0.212	0.212	3.613	0.959	3.801	3.435	1.724
0.542	7.419	6.907	0.222	0.383	5.322	3.318	5.713	4.509	4.253
0.867	7.009	7.051	0.278	0.957	6.062	5.151	5.837	4.719	5.701
2.837	6.25	7.134	0.598	4.036	6.406	6.15	5.784	4.673	6.179
5.161	5.378	7.209	2.654	5.728	6.375	6.636	5.725	4.539	6.272
6.372	4.7	7.258	6.091	5.955	6.37	6.675	5.72	4.434	6.179
7.009	3.914	7.283	6.646	6.157	6.262	6.597	5.735	4.329	6.152
7.253	3.242	7.114	6.748	6.24	6.079	6.558	5.73	4.192	6.155
7.229	2.544	6.721	6.704	6.357	5.813	6.541	5.566	3.894	6.116
7.122	1.99	6.13	6.653	6.399	5.356	6.418	5.154	3.464	6.025
7.031	1.621	5.435	6.672	6.326	4.763	6.211	4.534	2.991	5.876
6.909	1.289	4.814	6.475	6.138	4.055	5.776	4.019	2.6	5.591
6.604	0.979	4.109	5.903	5.693	3.494	5.159	3.628	2.075	5.054
6.265	0.703	3.411	5.266	5.181	2.974	4.421	3.13	1.604	4.431
5.962	0.522	2.717	4.639	4.639	2.473	3.691	2.581	1.265	3.86
5.569	0.41	2.192	4.011	4.041	2.034	3.01	2.07	1.069	3.313
5.061	0.386	1.709	3.45	3.391	1.702	2.458	1.699	0.881	2.815
4.412	0.33	1.257	2.878	2.854	1.384	1.982	1.353	0.701	2.507
3.765	0.283	0.906	2.4	2.375	1.138	1.628	1.089	0.527	2.065
3.154	0.254	0.645	2.07	1.992	0.977	1.353	0.857	0.403	1.697
2.642	0.237	0.483	1.702	1.628	0.789	1.079	0.642	0.332	1.362
2.178	0.225	0.403	1.35	1.277	0.618	0.813	0.481	0.298	1.116
1.865	0.217	0.347	1.028	0.969	0.466	0.583	0.378	0.278	0.889
1.533	0.212	0.293	0.769	0.701	0.371	0.447	0.327	0.251	0.691
1.323	0.21	0.264	0.564	0.542	0.31	0.371	0.308	0.234	0.51
1.028	0.208	0.239	0.439	0.486	0.273	0.327	0.271	0.225	0.396
0.73	0.203	0.232	0.386	0.449	0.254	0.276	0.249	0.217	0.344
0.569	0.205	0.22	0.371	0.371	0.237	0.254	0.234	0.212	0.31
0.479	0.203	0.215	0.33	0.308	0.227	0.237	0.225	0.21	0.269
0.422	0.205	0.212	0.288	0.276	0.215	0.225	0.217	0.208	0.247
0.352	0.205	0.208	0.259	0.251	0.217	0.22	0.215	0.205	0.229
0.298	0.203	0.21	0.239	0.237	0.212	0.215	0.215	0.205	0.232
0.261	0.203	0.205	0.232	0.227	0.21	0.212	0.212	0.203	0.215
0.242	0.205	0.208	0.225	0.222	0.21	0.212	0.212	0.203	0.215
0.227	0.2	0.208	0.22	0.222	0.21	0.21	0.208	0.203	0.21
0.217	0.203	0.208	0.217	0.217	0.208	0.208	0.21	0.205	0.208
0.21	0.203	0.205	0.217	0.212	0.21	0.208	0.21	0.203	0.208
0.212	0.203	0.205	0.212	0.215	0.212	0.208	0.205	0.203	0.205
0.21	0.2	0.208	0.212	0.217	0.208	0.208	0.21	0.203	0.208
0.208	0.203	0.208	0.212	0.215	0.208	0.208	0.208	0.203	0.212
0.205	0.2	0.208	0.208	0.215	0.21	0.208	0.208	0.205	0.215
0.208	0.203	0.208	0.21	0.21	0.21	0.205	0.208	0.205	0.205
0.205	0.2	0.203	0.21	0.21	0.21	0.205	0.212	0.203	0.21
0.203	0.203	0.2	0.21	0.21	0.21	0.205	0.212	0.203	0.205
0.2	0.203	0.208	0.208	0.21	0.205	0.205	0.21	0.203	0.205
0.203	0.203	0.205	0.208	0.21	0.212	0.203	0.208	0.205	0.205
0.203	0.203	0.208	0.217	0.21	0.208	0.208	0.208	0.2	0.2
0.2	0.203	0.205	0.208	0.212	0.208	0.208	0.208	0.2	0.208
0.203	0.205	0.205	0.208	0.21	0.208	0.208	0.205	0.203	0.203
0.203	0.2	0.205	0.208	0.215	0.208	0.205	0.208	0.203	0.203
0.2	0.2	0.205	0.212	0.212	0.208	0.208	0.208	0.198	0.2
0.203	0.203	0.205	0.212	0.21	0.208	0.21	0.208	0.203	0.205
0.2	0.2	0.208	0.212	0.21	0.21	0.208	0.208	0.203	0.205
0.198	0.203	0.205	0.21	0.212	0.21	0.205	0.208	0.2	0.205
0.203	0.276	0.205	0.203	0.21	0.215	0.208	0.208	0.203	0.205
0.203	0.388	0.203	0.208	0.208	0.208	0.203	0.208	0.2	0.2
0.2	1.101	0.208	0.212	0.21	0.208	0.203	0.208	0.2	0.203
0.208	3.95	0.205	0.208	0.208	0.208	0.2	0.208	0.2	0.203
0.205	6.633	0.21	0.21	0.21	0.212	0.205	0.208	0.2	0.203
0.203	7.29	0.208	0.212	0.21	0.205	0.205	0.205	0.203	0.203
0.2	7.241	0.205	0.21	0.21	0.205	0.208	0.208	0.203	0.2
0.2	7.129	0.205	0.237	0.205	0.21	0.273	0.205	0.203	0.208
0.2	6.855	0.271	0.283	0.21	0.212	0.334	0.21	0.203	0.203
0.203	6.575	0.3	0.564	0.208	0.208	0.818	0.205	0.288	0.205
0.2	6.279	0.818	1.711	0.208	0.208	3.101	0.283	0.364	0.269
0.195	5.879	2.725	4.666	0.212	0.215	6.223	0.43	0.979	0.308
0.2	5.459	5.981	6.445	0.21	0.251	7.09	1.628	3.193	0.869
0.203	4.912	7.349	7.112	0.281	0.339	7.058	7.046	5.635	3.643
0.203	4.28	7.844	7.437	0.386	0.833	7.034	8.506	6.316	6.323
0.203	3.652	7.883	7.385	1.099	2.944	6.943	8.044	6.372	6.755
0.215	3.123	7.69	7.085	4.126	5.54	6.88	7.651	6.333	6.641
0.278	2.49	7.454	6.78	6.685	6.448	6.755	7.314	6.309	6.526
0.54	2.144	7.28	6.379	6.936	6.843	6.58	7.156	6.187	6.365
1.79	1.787	7.083	5.959	6.846	6.985	6.392	7.095	6.04	6.23
5.874	1.448	6.777	5.564	6.606	6.956	6.165	7.019	5.808	6.116
7.62	1.05	6.289	5.125	6.377	6.812	5.713	6.89	5.376	6.008
7.864	0.735	5.769	4.541	6.157	6.582	5.261	6.709	4.639	5.911
7.81	0.535	5.261	3.955	6.011	6.333	4.768	6.121	3.865	5.525
7.576	0.413	4.646	3.428	5.752	5.989	4.17	5.415	3.159	5.068
7.415	0.337	4.043	2.876	5.339	5.505	3.542	4.648	2.615	4.478
7.322	0.288	3.484	2.312	4.766	4.968	2.952	3.997	2.134	3.862
7.271	0.259	2.881	2	4.128	4.402	2.495	3.286	1.807	3.223
7.087	0.239	2.502	1.753	3.494	3.855	2.156	2.659	1.47	2.634
6.746	0.227	2.151	1.448	2.979	3.237	1.819	2.087	1.133	2.18
6.238	0.217	1.792	1.155	2.471	2.664	1.431	1.597	0.796	1.931
5.596	0.215	1.436	0.854	2.17	2.227	1.055	1.196	0.571	1.631
4.866	0.215	1.008	0.615	1.799	1.975	0.732	0.859	0.439	1.226
4.055	0.21	0.706	0.464	1.433	1.697	0.54	0.62	0.374	0.84
3.352	0.21	0.525	0.369	1.042	1.289	0.437	0.469	0.317	0.601
2.654	0.208	0.43	0.31	0.737	0.994	0.388	0.374	0.278	0.452
2.09	0.208	0.352	0.264	0.54	0.701	0.332	0.315	0.254	0.359
1.733	0.208	0.295	0.254	0.42	0.532	0.286	0.276	0.234	0.298
1.526	0.208	0.256	0.242	0.342	0.425	0.259	0.251	0.225	0.269
1.218	0.205	0.244	0.227	0.295	0.364	0.239	0.237	0.217	0.247
0.864	0.203	0.229	0.215	0.269	0.325	0.229	0.227	0.208	0.229
0.632	0.203	0.22	0.215	0.247	0.283	0.222	0.22	0.21	0.222
0.488	0.205	0.215	0.217	0.234	0.254	0.22	0.217	0.208	0.217
0.398	0.205	0.215	0.217	0.227	0.237	0.215	0.215	0.205	0.212
0.332	0.208	0.21	0.215	0.217	0.232	0.215	0.212	0.205	0.215
0.286	0.205	0.21	0.212	0.22	0.227	0.212	0.212	0.205	0.212
0.254	0.205	0.21	0.208	0.215	0.22	0.21	0.212	0.205	0.2
0.234	0.205	0.21	0.212	0.215	0.22	0.208	0.21	0.203	0.208
0.225	0.203	0.208	0.21	0.215	0.217	0.21	0.21	0.205	0.208
0.215	0.203	0.205	0.21	0.212	0.215	0.21	0.208	0.205	0.205
0.212	0.203	0.205	0.212	0.212	0.215	0.21	0.21	0.208	0.208
0.215	0.203	0.208	0.208	0.212	0.215	0.21	0.21	0.203	0.208
0.21	0.203	0.205	0.208	0.212	0.212	0.208	0.212	0.203	0.203
0.208	0.203	0.2	0.21	0.21	0.215	0.208	0.212	0.203	0.205
0.21	0.205	0.205	0.21	0.21	0.21	0.205	0.208	0.203	0.208
0.208	0.203	0.208	0.215	0.212	0.212	0.21	0.212	0.205	0.203
0.21	0.203	0.2	0.21	0.21	0.21	0.208	0.212	0.203	0.205
0.2	0.2	0.205	0.205	0.212	0.21	0.208	0.21	0.205	0.205
0.203	0.203	0.205	0.21	0.21	0.212	0.21	0.21	0.203	0.205
0.205	0.212	0.203	0.208	0.208	0.208	0.21	0.21	0.2	0.205
0.205	0.237	0.205	0.208	0.21	0.21	0.21	0.21	0.203	0.208
0.205	0.356	0.205	0.212	0.21	0.205	0.208	0.215	0.198	0.205
0.203	1.704	0.208	0.212	0.21	0.21	0.208	0.21	0.205	0.208
0.205	4.758	0.205	0.208	0.21	0.203	0.21	0.21	0.205	0.205
0.203	5.93	0.205	0.212	0.208	0.21	0.208	0.21	0.205	0.2
0.203	6.23	0.205	0.21	0.21	0.21	0.21	0.208	0.203	0.203
0.203	6.274	0.203	0.212	0.205	0.212	0.208	0.208	0.203	0.205
0.203	6.34	0.203	0.215	0.208	0.212	0.208	0.21	0.203	0.205
0.203	6.382	0.203	0.21	0.21	0.21	0.208	0.208	0.2	0.203
0.203	6.387	0.203	0.208	0.212	0.21	0.205	0.217	0.2	0.205
0.203	6.248	0.203	0.208	0.21	0.208	0.205	0.632	0.203	0.203
0.203	5.71	0.208	0.212	0.215	0.21	0.208	3.286	0.2	0.203
0.2	5.063	0.203	0.21	0.208	0.212	0.208	5.815	0.22	0.2
0.203	4.075	0.203	0.239	0.2	0.212	0.208	5.94	0.764	0.21
0.203	3.252	0.21	0.752	0.208	0.21	0.227	5.784	4.58	0.208
0.21	2.661	0.249	4.592	0.21	0.205	0.625	5.654	7.141	0.371
0.2	2.217	0.334	6.978	0.21	0.21	3.706	5.62	7.502	1.431
0.203	1.921	1.841	7.288	0.259	0.217	6.367	5.569	7.59	3.787
0.203	1.638	6.748	7.72	1.331	0.21	7.009	5.508	7.656	4.958
0.203	1.367	8.423	8.105	6.155	0.21	7.065	5.459	7.756	5.601
0.198	1.008	9.072	8.301	7.517	0.212	6.904	5.071	7.861	5.903
0.22	0.708	9.253	8.416	7.883	0.215	6.78	4.265	7.881	6.074
0.239	0.522	9.253	8.264	7.898	0.295	6.479	3.562	7.849	6.262
0.457	0.41	9.26	7.617	7.927	1.577	5.972	3.147	7.703	6.409
2.415	0.354	9.255	6.689	7.937	7.739	5.132	2.808	7.319	6.526
4.98	0.317	9.25	5.811	7.979	9.255	4.248	2.41	6.672	6.501
6.458	0.276	9.258	4.729	7.671	9.258	3.379	2.046	5.752	6.287
7.451	0.249	8.794	3.872	6.814	9.143	2.805	1.694	4.58	5.742
8.074	0.232	7.747	3.267	5.908	9.102	2.41	1.46	3.806	4.834
8.457	0.222	6.694	2.969	4.802	9.089	2.036	1.16	3.22	3.906
8.752	0.217	5.383	2.644	3.94	9.058	1.628	0.847	2.622	3.113
8.94	0.212	4.331	2.192	3.406	9.006	1.353	0.635	2.178	2.532
8.994	0.21	3.464	1.831	2.976	8.704	1.118	0.479	1.746	2.017
8.562	0.205	2.734	1.467	2.517	7.676	0.857	0.378	1.445	1.562
7.739	0.208	2.192	1.167	2.131	6.431	0.647	0.315	1.101	1.208
6.672	0.205	1.799	0.857	1.785	5.112	0.486	0.278	0.84	0.869
5.515	0.195	1.484	0.676	1.572	3.982	0.381	0.269	0.659	0.627
4.29	0.205	1.187	0.518	1.221	3.254	0.312	0.283	0.5	0.474
3.391	0.203	0.874	0.405	0.901	2.722	0.276	0.259	0.388	0.374
2.754	0.205	0.645	0.342	0.676	2.268	0.242	0.239	0.322	0.312
2.227	0.205	0.496	0.322	0.505	1.787	0.234	0.227	0.293	0.278
1.853	0.205	0.408	0.31	0.4	1.406	0.225	0.22	0.288	0.249
1.533	0.198	0.344	0.278	0.337	1.096	0.22	0.208	0.264	0.237
1.27	0.203	0.293	0.251	0.322	0.801	0.215	0.212	0.242	0.225
0.933	0.203	0.264	0.239	0.286	0.588	0.212	0.21	0.229	0.217
0.681	0.205	0.244	0.227	0.259	0.449	0.208	0.208	0.222	0.215
0.5	0.203	0.229	0.225	0.239	0.364	0.208	0.21	0.215	0.212
0.391	0.205	0.225	0.217	0.229	0.317	0.21	0.208	0.212	0.212
0.325	0.208	0.217	0.215	0.227	0.303	0.205	0.208	0.212	0.21
0.281	0.203	0.217	0.215	0.22	0.269	0.205	0.203	0.212	0.208
0.254	0.203	0.215	0.22	0.215	0.249	0.205	0.205	0.21	0.21
0.237	0.205	0.21	0.212	0.215	0.234	0.203	0.208	0.208	0.205
0.227	0.205	0.208	0.208	0.21	0.229	0.208	0.208	0.208	0.208
0.215	0.2	0.208	0.21	0.215	0.222	0.203	0.205	0.21	0.208
0.212	0.208	0.208	0.212	0.212	0.22	0.203	0.205	0.21	0.208
0.21	0.203	0.208	0.21	0.212	0.217	0.205	0.205	0.21	0.203
0.21	0.205	0.205	0.208	0.215	0.215	0.208	0.21	0.212	0.205
0.21	0.203	0.205	0.212	0.212	0.217	0.21	0.205	0.208	0.208
0.21	0.2	0.21	0.205	0.212	0.212	0.205	0.208	0.208	0.205
0.208	0.203	0.2	0.208	0.215	0.215	0.208	0.205	0.21	0.208
0.205	0.205	0.205	0.21	0.21	0.212	0.205	0.205	0.205	0.205
0.208	0.203	0.205	0.21	0.21	0.215	0.208	0.205	0.208	0.208
0.205	0.203	0.208	0.212	0.215	0.212	0.21	0.203	0.205	0.208
0.215	0.203	0.205	0.205	0.212	0.212	0.21	0.205	0.208	0.205
0.205	0.203	0.203	0.21	0.205	0.212	0.208	0.2	0.205	0.208
0.203	0.2	0.21	0.208	0.21	0.21	0.205	0.208	0.205	0.205
0.203	0.2	0.208	0.21	0.21	0.215	0.205	0.205	0.205	0.208
0.203	0.2	0.205	0.21	0.21	0.215	0.208	0.203	0.208	0.205
0.205	0.203	0.203	0.21	0.21	0.212	0.205	0.205	0.205	0.205
0.2	0.2	0.208	0.21	0.21	0.21	0.21	0.205	0.208	0.205
0.205	0.203	0.203	0.21	0.21	0.212	0.208	0.208	0.203	0.198
0.203	0.203	0.205	0.208	0.215	0.21	0.208	0.205	0.2	0.203
0.203	0.205	0.205	0.212	0.208	0.21	0.205	0.203	0.203	0.203
0.205	0.203	0.212	0.21	0.21	0.21	0.2	0.203	0.203	0.203
0.203	0.205	0.21	0.21	0.21	0.205	0.205	0.203	0.205	0.203
0.2	0.203	0.205	0.21	0.208	0.21	0.205	0.205	0.203	0.205
0.203	0.205	0.205	0.212	0.208	0.21	0.205	0.205	0.2	0.198
0.203	0.203	0.203	0.21	0.21	0.212	0.205	0.205	0.205	0.2
0.205	0.198	0.203	0.208	0.208	0.21	0.208	0.203	0.205	0.205
0.205	0.203	0.208	0.208	0.21	0.21	0.21	0.205	0.205	0.2
0.203	0.2	0.205	0.21	0.215	0.203	0.205	0.205	0.208	0.205
0.208	0.327	0.203	0.21	0.205	0.21	0.208	0.205	0.205	0.205
0.203	0.667	0.205	0.208	0.208	0.212	0.205	0.205	0.21	0.203
0.198	1.904	0.203	0.21	0.212	0.21	0.208	0.203	0.21	0.203
0.205	5.818	0.203	0.215	0.212	0.212	0.208	0.205	0.208	0.205
0.2	8.762	0.205	0.21	0.208	0.212	0.205	0.205	0.208	0.205
0.2	9.253	0.215	0.21	0.21	0.212	0.208	0.208	0.208	0.2
0.193	9.255	0.203	0.208	0.21	0.21	0.21	0.203	0.208	0.2
0.203	9.253	0.205	0.217	0.212	0.208	0.205	0.2	0.205	0.205
0.2	9.253	0.205	0.208	0.21	0.212	0.208	0.251	0.208	0.198
0.2	9.25	0.205	0.208	0.21	0.21	0.208	0.457	0.205	0.203
0.2	9.255	0.205	0.212	0.21	0.208	0.3	1.675	0.205	0.203
0.2	9.253	0.2	0.212	0.212	0.21	0.686	6.533	0.205	0.2
0.2	9.255	0.205	0.21	0.208	0.208	2.654	9.248	0.208	0.203
0.2	9.255	0.203	0.212	0.21	0.21	7.905	9.253	0.205	0.203
0.2	9.255	0.203	0.334	0.208	0.208	9.246	9.25	0.198	0.203
0.205	9.255	0.205	0.725	0.212	0.21	9.253	9.253	0.205	0.205
0.2	9.082	0.281	3.369	0.21	0.215	9.246	9.246	0.212	0.415
0.2	8.123	0.837	9.041	0.203	0.21	9.25	9.253	0.347	1.113
0.2	7.078	5.01	9.246	0.21	0.21	9.255	9.25	0.918	3.379
0.198	6.296	9.236	9.253	0.22	0.21	9.25	9.25	4.36	7.651
0.2	5.618	9.248	9.248	0.334	0.205	9.255	9.255	8.066	9.253
0.227	4.749	9.25	9.248	1.069	0.222	9.263	9.258	9.248	9.255
0.356	3.867	9.25	9.25	5.144	0.393	9.128	9.258	9.25	9.253
1.433	3.245	9.25	9.25	9.236	0.972	7.817	8.511	9.255	9.253
9.219	2.737	9.25	9.25	9.248	7.007	6.729	7.593	9.253	9.253
9.246	2.244	9.248	9.25	9.248	9.241	5.767	6.641	9.253	9.26
9.253	1.636	9.25	9.253	9.25	9.243	4.785	5.632	9.25	9.255
9.246	1.218	9.253	9.258	9.253	9.248	3.762	4.443	9.253	9.258
9.248	0.969	9.26	9.258	9.25	9.246	3.145	3.457	9.253	8.953
9.246	0.779	9.26	9.26	9.255	9.246	2.617	2.803	9.258	7.878
9.243	0.571	8.777	8.228	9.253	9.248	2.019	2.124	9.26	6.765
9.25	0.439	7.454	7.051	9.255	9.248	1.404	1.506	9.263	5.759
9.248	0.352	6.411	6.194	9.25	9.246	1.064	1.152	8.262	4.958
9.255	0.298	5.547	5.012	9.258	9.253	0.845	0.923	7.212	4.131
9.255	0.269	4.458	4.124	9.258	9.25	0.613	0.713	6.26	3.376
9.263	0.247	3.625	3.342	8.293	9.248	0.464	0.525	5.171	2.817
9.009	0.232	2.993	2.725	7.258	9.263	0.369	0.408	4.114	2.38
8.076	0.227	2.449	2.051	6.335	8.911	0.31	0.334	3.25	1.853
7.056	0.22	1.887	1.47	5.505	7.717	0.276	0.291	2.664	1.318
6.499	0.217	1.411	1.116	4.487	6.572	0.251	0.261	2.156	0.999
6.06	0.215	1.101	0.864	3.594	5.679	0.234	0.242	1.555	0.781
5.146	0.208	0.881	0.635	3.044	4.626	0.227	0.229	1.069	0.576
4.214	0.21	0.637	0.476	2.441	3.85	0.222	0.222	0.835	0.444
3.442	0.21	0.479	0.383	1.736	3.11	0.215	0.217	0.681	0.356
2.764	0.208	0.381	0.325	1.328	2.529	0.21	0.212	0.508	0.298
2.112	0.212	0.315	0.283	1.03	1.885	0.208	0.212	0.4	0.266
1.584	0.208	0.281	0.256	0.732	1.379	0.212	0.212	0.332	0.247
1.255	0.205	0.256	0.244	0.537	1.064	0.212	0.21	0.288	0.234
1.082	0.203	0.239	0.234	0.422	0.823	0.208	0.208	0.259	0.22
0.835	0.205	0.229	0.229	0.344	0.618	0.21	0.21	0.244	0.22
0.603	0.2	0.229	0.225	0.291	0.469	0.208	0.21	0.232	0.215
0.449	0.208	0.22	0.222	0.269	0.376	0.208	0.208	0.225	0.21
0.361	0.208	0.217	0.22	0.249	0.315	0.205	0.212	0.217	0.212
0.303	0.203	0.217	0.217	0.237	0.278	0.21	0.208	0.212	0.205
0.271	0.205	0.212	0.222	0.232	0.256	0.212	0.205	0.215	0.21
0.249	0.205	0.215	0.215	0.22	0.244	0.205	0.212	0.21	0.212
0.234	0.203	0.212	0.212	0.217	0.227	0.203	0.208	0.21	0.21
0.217	0.205	0.212	0.215	0.22	0.227	0.208	0.208	0.21	0.208
0.22	0.205	0.21	0.215	0.217	0.225	0.208	0.205	0.21	0.208
0.208	0.208	0.212	0.212	0.212	0.22	0.208	0.205	0.208	0.208
0.212	0.205	0.215	0.212	0.212	0.222	0.205	0.21	0.208	0.21
0.21	0.203	0.212	0.215	0.217	0.215	0.205	0.208	0.205	0.205
0.208	0.205	0.212	0.21	0.212	0.215	0.203	0.208	0.205	0.205
0.208	0.203	0.21	0.212	0.21	0.212	0.203	0.208	0.208	0.205
0.21	0.322	0.212	0.21	0.21	0.212	0.205	0.212	0.208	0.212
0.208	0.437	0.21	0.212	0.212	0.212	0.205	0.205	0.205	0.21
0.205	0.754	0.208	0.215	0.215	0.22	0.21	0.205	0.205	0.205
0.205	1.868	0.21	0.22	0.212	0.215	0.205	0.203	0.208	0.203
0.2	3.608	0.21	0.21	0.212	0.217	0.205	0.205	0.208	0.205
0.203	4.309	0.203	0.205	0.212	0.21	0.205	0.205	0.205	0.205
0.208	4.443	0.208	0.212	0.21	0.212	0.203	0.31	0.205	0.2
0.203	4.512	0.21	0.212	0.212	0.212	0.203	0.386	0.205	0.203
0.2	4.495	0.208	0.21	0.21	0.208	0.2	0.642	0.205	0.203
0.208	4.507	0.21	0.212	0.21	0.212	0.205	1.843	0.205	0.205
0.2	4.539	0.208	0.212	0.21	0.212	0.205	4.004	0.21	0.205
0.203	4.59	0.21	0.212	0.215	0.212	0.308	5.037	0.205	0.203
0.2	4.617	0.208	0.215	0.21	0.212	0.43	5.535	0.203	0.205
0.2	4.614	0.21	0.215	0.21	0.212	0.669	5.715	0.208	0.205
0.203	4.6	0.205	0.249	0.21	0.212	1.804	5.747	0.208	0.205
0.203	4.558	0.227	0.461	0.212	0.208	3.306	5.774	0.205	0.208
0.2	4.463	0.374	1.13	0.212	0.215	4.307	5.769	0.205	0.203
0.205	4.207	0.513	3.926	0.208	0.217	4.932	5.75	0.232	0.208
0.2	3.789	0.872	5.906	0.208	0.212	5.271	5.671	0.291	0.2
0.2	3.259	2.371	6.414	0.212	0.342	5.454	5.361	0.449	0.217
0.288	2.81	4.321	6.523	0.21	0.444	5.52	4.878	0.862	0.535
0.479	2.361	5.127	6.443	0.222	0.632	5.471	4.307	2.744	2.07
0.63	1.882	5.342	6.377	0.259	1.748	5.137	3.713	4.687	5.039
1.26	1.582	5.391	6.233	0.508	4.402	4.475	3.11	5.283	6.345
3.687	1.379	5.422	6.035	0.972	5.547	3.799	2.666	5.422	6.748
5.435	1.15	5.405	5.635	2.554	5.903	3.113	2.134	5.366	6.895
6.194	0.95	5.3	5.046	4.17	6.055	2.632	1.685	5.337	7.017
6.604	0.725	4.919	4.424	5.112	6.106	2.119	1.326	5.359	7.148
6.819	0.549	4.517	3.896	5.518	6.172	1.672	0.999	5.369	7.224
6.873	0.457	4.067	3.301	5.688	6.213	1.333	0.774	5.339	7.229
6.816	0.425	3.53	2.852	5.847	6.221	1.096	0.559	5.3	7.134
6.499	0.374	3.015	2.4	5.999	6.218	0.886	0.427	5.264	6.99
6.016	0.312	2.62	2.034	6.116	6.14	0.708	0.352	4.91	6.643
5.283	0.273	2.161	1.653	6.196	5.786	0.527	0.308	4.353	5.972
4.622	0.247	1.738	1.357	6.108	5.127	0.408	0.271	3.816	5.078
3.967	0.232	1.504	1.086	5.645	4.517	0.334	0.247	3.445	4.202
3.286	0.217	1.279	0.859	5.066	4.041	0.31	0.232	2.988	3.403
2.646	0.212	1.123	0.642	4.512	3.477	0.281	0.222	2.571	2.844
2.102	0.21	0.913	0.481	4.031	2.976	0.254	0.217	2.08	2.446
1.726	0.215	0.708	0.388	3.586	2.415	0.234	0.217	1.655	2.034
1.467	0.21	0.52	0.374	3.081	1.887	0.227	0.212	1.282	1.65
1.16	0.205	0.405	0.349	2.59	1.528	0.22	0.212	1.025	1.26
0.84	0.205	0.356	0.303	2.087	1.211	0.215	0.208	0.806	0.925
0.603	0.203	0.327	0.266	1.709	1.038	0.215	0.21	0.593	0.669
0.469	0.208	0.298	0.251	1.394	0.796	0.212	0.21	0.449	0.491
0.396	0.205	0.266	0.234	1.165	0.581	0.205	0.208	0.359	0.417
0.332	0.205	0.244	0.227	0.913	0.474	0.208	0.208	0.303	0.381
0.286	0.205	0.232	0.22	0.706	0.422	0.208	0.203	0.266	0.344
0.256	0.203	0.225	0.22	0.527	0.388	0.208	0.2	0.247	0.288
0.232	0.208	0.217	0.217	0.405	0.327	0.2	0.208	0.232	0.261
0.229	0.2	0.212	0.215	0.342	0.295	0.203	0.205	0.225	0.244
0.217	0.205	0.212	0.212	0.327	0.256	0.2	0.203	0.217	0.229
0.212	0.203	0.217	0.212	0.298	0.244	0.205	0.205	0.215	0.222
0.21	0.208	0.212	0.212	0.264	0.227	0.203	0.208	0.21	0.215
0.21	0.203	0.208	0.208	0.249	0.222	0.208	0.208	0.21	0.21
0.205	0.205	0.21	0.21	0.232	0.22	0.205	0.203	0.208	0.21
0.21	0.205	0.21	0.21	0.222	0.217	0.203	0.203	0.208	0.217
0.205	0.208	0.21	0.21	0.22	0.215	0.205	0.205	0.208	0.21
0.203	0.205	0.208	0.212	0.212	0.215	0.205	0.205	0.205	0.208
0.203	0.215	0.21	0.21	0.215	0.217	0.205	0.208	0.208	0.208
0.205	0.205	0.21	0.21	0.212	0.215	0.208	0.203	0.208	0.205
0.203	0.212	0.217	0.21	0.215	0.21	0.205	0.205	0.205	0.205
0.205	0.286	0.21	0.21	0.212	0.215	0.205	0.208	0.208	0.208
0.203	0.334	0.21	0.215	0.212	0.212	0.205	0.205	0.205	0.208
0.203	0.767	0.208	0.212	0.212	0.21	0.205	0.203	0.208	0.203
0.2	1.909	0.21	0.21	0.212	0.21	0.205	0.205	0.205	0.205
0.2	4.204	0.21	0.21	0.21	0.212	0.208	0.203	0.208	0.203
0.205	5.569	0.203	0.21	0.21	0.212	0.203	0.203	0.208	0.212
0.205	6.033	0.208	0.21	0.212	0.212	0.205	0.2	0.205	0.203
0.203	6.108	0.208	0.21	0.21	0.212	0.205	0.203	0.205	0.208
0.203	6.057	0.208	0.212	0.21	0.212	0.208	0.2	0.2	0.205
0.2	5.913	0.208	0.208	0.208	0.212	0.203	0.203	0.203	0.203
0.205	5.803	0.208	0.21	0.212	0.212	0.205	0.203	0.203	0.203
0.203	5.74	0.212	0.21	0.212	0.21	0.203	0.229	0.208	0.203
0.2	5.674	0.208	0.21	0.208	0.208	0.205	0.293	0.203	0.208
0.203	5.464	0.21	0.222	0.21	0.208	0.225	0.522	0.205	0.203
0.203	5.024	0.205	0.212	0.212	0.212	0.232	1.57	0.203	0.203
0.198	4.485	0.205	0.283	0.21	0.208	0.615	5.215	0.205	0.205
0.205	3.87	0.208	0.352	0.212	0.21	2.053	7.227	0.208	0.2
0.2	3.425	0.21	0.957	0.21	0.212	5.12	7.668	0.208	0.203
0.198	2.876	0.208	2.937	0.212	0.21	6.199	7.686	0.205	0.203
0.198	2.292	0.21	5.791	0.212	0.212	6.416	7.546	0.205	0.203
0.2	1.938	0.21	6.592	0.21	0.208	6.379	7.349	0.217	0.203
0.2	1.66	0.215	6.926	0.21	0.212	6.431	7.17	0.281	0.208
0.203	1.35	0.259	6.995	0.212	0.251	6.44	7.087	0.527	0.239
0.205	0.964	0.466	6.868	0.208	0.359	6.431	7.051	1.621	0.288
0.2	0.681	1.433	6.738	0.21	1.125	6.379	6.919	5.2	0.642
0.269	0.5	4.824	6.604	0.212	5.449	6.218	6.616	6.704	2.41
0.317	0.393	7.341	6.482	0.215	7.732	5.918	6.089	6.636	5.701
0.82	0.327	8.459	6.304	0.247	7.903	5.444	5.464	6.455	6.414
3.196	0.286	8.906	6.038	0.515	7.795	4.885	4.727	6.289	6.245
6.328	0.259	9.229	5.63	1.865	7.781	4.214	4.053	6.191	6.069
7.117	0.232	9.255	5.132	6.709	7.808	3.586	3.306	6.082	6.082
7.373	0.222	9.253	4.531	8.77	7.917	2.942	2.617	6.011	6.047
7.512	0.22	9.253	3.87	9.231	8.022	2.4	2.195	5.881	5.991
7.546	0.212	9.253	3.257	9.255	8.147	1.978	1.743	5.764	5.891
7.51	0.21	9.219	2.776	9.25	8.103	1.707	1.343	5.579	5.708
7.39	0.208	8.804	2.209	9.143	8.057	1.304	0.933	5.266	5.408
7.246	0.212	8.306	1.917	9.087	7.891	0.972	0.662	4.968	5.061
7.056	0.208	7.71	1.584	9.146	7.488	0.693	0.496	4.521	4.673
6.853	0.205	7.053	1.279	9.097	6.978	0.53	0.386	3.972	4.031
6.594	0.203	6.301	0.964	8.862	6.46	0.43	0.322	3.394	3.513
6.304	0.205	5.52	0.698	8.437	5.757	0.361	0.273	2.886	3.04
5.747	0.203	4.88	0.515	7.92	4.944	0.308	0.251	2.39	2.573
5.164	0.2	4.197	0.417	7.444	4.104	0.271	0.237	2.009	2.185
4.468	0.203	3.464	0.359	6.855	3.201	0.247	0.225	1.565	1.843
3.857	0.203	2.903	0.308	6.196	2.549	0.237	0.217	1.125	1.416
3.291	0.205	2.249	0.273	5.437	2.117	0.225	0.217	0.781	1.003
2.925	0.205	1.875	0.254	4.68	1.665	0.222	0.212	0.566	0.701
2.456	0.203	1.587	0.239	3.958	1.313	0.215	0.212	0.432	0.518
2.012	0.21	1.25	0.229	3.147	0.911	0.21	0.21	0.349	0.405
1.833	0.205	0.913	0.222	2.578	0.649	0.215	0.21	0.295	0.327
1.555	0.203	0.686	0.217	2.148	0.486	0.215	0.208	0.261	0.286
1.301	0.205	0.566	0.215	1.814	0.383	0.21	0.208	0.244	0.259
1.003	0.208	0.439	0.215	1.44	0.322	0.215	0.21	0.229	0.237
0.745	0.203	0.354	0.212	1.042	0.283	0.212	0.208	0.222	0.227
0.596	0.205	0.303	0.212	0.73	0.256	0.22	0.205	0.215	0.222
0.503	0.205	0.269	0.212	0.54	0.242	0.21	0.21	0.217	0.212
0.422	0.208	0.247	0.212	0.417	0.229	0.21	0.208	0.212	0.212
0.344	0.208	0.234	0.217	0.344	0.222	0.208	0.203	0.21	0.208
0.291	0.208	0.225	0.212	0.298	0.22	0.208	0.205	0.208	0.208
0.264	0.208	0.22	0.21	0.266	0.22	0.205	0.205	0.208	0.21
0.234	0.203	0.22	0.212	0.249	0.208	0.208	0.205	0.208	0.208
0.225	0.205	0.215	0.215	0.237	0.212	0.203	0.208	0.203	0.208
0.222	0.205	0.217	0.212	0.229	0.21	0.208	0.205	0.21	0.205
0.215	0.205	0.215	0.208	0.225	0.217	0.203	0.203	0.205	0.208
0.212	0.212	0.21	0.21	0.217	0.212	0.208	0.203	0.208	0.203
0.21	0.249	0.215	0.21	0.217	0.212	0.208	0.205	0.205	0.203
0.205	0.593	0.215	0.21	0.217	0.22	0.205	0.203	0.205	0.21
0.208	5.098	0.212	0.208	0.217	0.212	0.2	0.205	0.205	0.21
0.21	8.721	0.208	0.212	0.215	0.212	0.205	0.203	0.203	0.205
0.208	9.255	0.212	0.212	0.215	0.208	0.208	0.198	0.208	0.208
0.208	9.253	0.215	0.208	0.212	0.208	0.205	0.2	0.205	0.203
0.203	9.253	0.212	0.21	0.212	0.21	0.205	0.203	0.2	0.205
0.205	9.255	0.21	0.212	0.212	0.215	0.205	0.203	0.205	0.203
0.205	9.25	0.21	0.21	0.21	0.212	0.205	0.208	0.186	0.208
0.208	9.255	0.203	0.21	0.208	0.21	0.205	0.212	0.203	0.205
0.203	9.26	0.208	0.21	0.215	0.21	0.208	0.212	0.203	0.208
0.203	8.916	0.208	0.215	0.215	0.21	0.208	0.303	0.203	0.208
0.205	7.8	0.208	0.208	0.215	0.215	0.322	0.75	0.203	0.203
0.205	6.628	0.21	0.208	0.212	0.212	2.046	3.284	0.203	0.205
0.2	5.271	0.21	0.21	0.212	0.208	6.904	5.42	0.2	0.203
0.203	4.204	0.21	0.208	0.215	0.21	8.108	6.433	0.205	0.203
0.215	3.398	0.212	0.21	0.21	0.208	8.005	6.912	0.203	0.205
0.203	2.717	0.21	0.21	0.212	0.21	7.749	7.209	0.203	0.205
0.208	2.151	0.21	0.21	0.212	0.212	7.59	7.39	0.203	0.205
0.208	1.76	0.212	0.208	0.212	0.21	7.522	7.5	0.203	0.205
0.203	1.418	0.212	0.225	0.21	0.208	7.488	7.578	0.203	0.198
0.203	1.101	0.21	0.615	0.208	0.21	7.417	7.419	0.21	0.205
0.208	0.803	0.21	5.168	0.21	0.212	7.136	6.638	0.256	0.205
0.203	0.586	0.21	7.788	0.21	0.247	6.582	5.596	1.353	0.203
0.205	0.464	0.21	7.642	0.21	0.923	5.627	4.543	5.103	0.21
0.203	0.42	0.212	7.568	0.208	7.883	4.619	3.684	6.921	0.205
0.205	0.376	0.22	7.59	0.21	9.25	3.743	2.957	7.327	0.205
0.2	0.342	0.239	7.778	0.21	9.253	3.071	2.515	7.375	0.217
0.21	0.322	0.459	7.891	0.21	9.258	2.427	2.139	7.495	0.281
0.203	0.281	3.32	7.93	0.229	9.253	1.868	1.777	7.498	2.151
0.198	0.254	6.362	7.849	0.544	9.25	1.433	1.443	7.529	8.677
0.203	0.232	6.848	7.224	5.435	9.25	1.077	1.079	7.473	8.408
0.249	0	6.619	6.284	9.253	9.253	0.771	0.784	6.914	7.549
0.278	0	6.455	5.076	9.25	9.253	0.557	0.571	5.798	7.129
0.476	0	6.409	4.043	9.255	9.248	0.425	0.432	4.578	7.043
3.882	0	6.377	3.398	9.255	9.26	0.349	0.349	3.716	7.063
7.358	0	6.338	2.939	9.25	9.092	0.295	0.3	3.088	7.085
8.645	0	6.243	2.415	9.255	7.832	0.261	0.269	2.52	7.104
9.233	0	5.913	1.985	9.255	6.306	0.251	0.247	2.058	6.897
9.253	0	5.43	1.626	9.255	4.888	0.237	0.232	1.702	6.135
9.258	0	4.517	1.216	9.255	3.772	0.225	0.225	1.357	5.056
9.255	0	3.738	0.867	8.464	3.003	0.222	0.217	1.018	4.182
9.26	0	3.076	0.627	7.305	2.441	0.217	0.215	0.74	3.379
9.116	0	2.48	0.474	5.886	1.943	0.215	0.21	0.54	2.749
8.108	0	2.036	0.376	4.705	1.494	0	0	0.415	2.236
6.956	0	1.699	0.33	3.721	1.138	0	0	0.339	1.736
5.815	0	1.465	0.303	3.04	0.815	0	0	0.288	1.362
4.678	0	1.145	0.271	2.554	0.591	0	0	0.261	0.979
3.748	0	0.825	0.251	2.124	0.452	0	0	0.242	0.708
3.03	0	0.596	0.237	1.682	0.361	0	0	0.229	0.532
2.439	0	0.454	0	1.35	0.31	0	0	0.22	0.413
2.007	0	0.364	0	1.013	0.295	0	0	0.217	0.347
1.648	0	0.303	0	0.742	0.269	0	0	0.215	0.295
1.323	0	0.273	0	0.547	0	0	0	0.21	0.264
0.979	0	0.249	0	0.425	0	0	0	0.21	0.244
0.72	0	0.234	0	0.349	0	0	0	0.208	0.227
0.547	0	0.227	0	0.317	0	0	0	0.208	0.225
0.425	0	0	0	0.291	0	0	0	0	0.215
0.339	0	0	0	0	0	0	0	0	0.215
0.293	0	0	0	0	0	0	0	0	0.212
0.261	0	0	0	0	0	0	0	0	0.21
0.244	0	0	0	0	0	0	0	0	0.21
0.229	0	0	0	0	0	0	0	0	0.208
0.22	0	0	0	0	0	0	0	0	0.205
0.217	0	0	0	0	0	0	0	0	0.208
0.212	0	0	0	0	0	0	0	0	0.208
